53 166
28 38
51 41
46 41
12 52
15 7
25 7
30 37
52 1
44 4
9 3
43 53
19 20
4 5
27 40
25 13
3 31
6 47
45 18
22 9
29 35
40 35
17 32
49 30
45 4
51 13
21 32
32 18
10 51
43 15
1 45
32 16
39 20
25 48
13 2
13 15
14 21
14 47
8 33
13 31
10 44
4 29
2 14
49 53
39 47
26 33
27 32
52 21
35 26
30 48
33 29
42 1
48 19
4 41
21 11
13 47
7 11
6 32
29 50
47 45
13 49
47 19
19 29
44 2
27 16
33 17
49 3
40 50
14 20
13 3
41 7
9 28
20 1
12 8
47 14
45 33
19 32
22 11
8 16
18 32
9 15
34 18
48 26
32 2
3 52
48 18
30 39
7 22
49 17
31 7
35 44
51 2
1 44
53 46
47 44
47 30
2 1
20 41
26 36
14 51
30 12
35 21
42 11
21 45
24 42
45 44
2 21
48 28
36 3
17 48
29 9
34 13
43 51
36 52
32 49
25 24
31 12
10 1
53 6
46 2
22 21
44 22
50 29
53 16
10 11
18 43
3 6
6 30
2 30
39 18
10 43
38 48
2 46
48 16
15 38
22 2
42 8
37 12
31 4
32 29
6 53
20 17
4 31
8 25
52 36
42 22
49 12
29 16
14 1
51 18
3 41
28 41
23 33
35 19
27 19
52 20
5 7
11 20
24 2
10 42
53 13
20 10
6 37
21 12
41 43
26 6
44 34
24
40 1 20 26 4 16 21 15 29 10 47 49 19 39 35 34 2 42 38 24 48 8 52 5 
13
44 3 22 31 36 32 23 53 51 28 11 33 18 
