55910
46970
-1
-1
-1
88535
-1
-1
41287
9796
42306
89088
-1
34826
72724
21234
-1
-1
58585
36261
85354
91152
-1
85146
-1
28239
67532
73863
-1
-1
4710
-1
71601
-1
-1
6435
-1
62871
-1
15918
-1
-1
-1
96633
-1
19013
-1
57142
-1
48441
-1
-1
-1
-1
18814
-1
-1
83150
28789
20196
29937
28648
21911
-1
-1
41164
70287
-1
-1
82894
31102
83077
-1
55936
57065
51607
-1
45122
-1
18501
2003
26195
81186
-1
-1
65446
16146
16498
-1
-1
-1
70103
-1
-1
-1
7075
63889
32459
37029
-1
61806
70758
29031
-1
-1
-1
-1
-1
14189
68864
-1
-1
-1
1871
41392
-1
-1
28029
7583
92993
-1
91386
34482
-1
-1
-1
17849
29552
-1
27528
29732
30539
32648
-1
43004
-1
85354
-1
58115
26881
-1
77409
-1
-1
97719
68003
22530
62374
-1
67751
93400
24393
-1
99682
-1
79653
23183
45754
40567
12678
6359
92173
-1
-1
-1
-1
84075
66204
-1
11964
18798
27102
-1
18372
11471
11973
-1
183
-1
-1
10333
-1
21808
-1
37306
80260
-1
-1
53053
39641
-1
-1
36380
83231
-1
64395
71481
25010
51905
-1
-1
-1
77413
40027
43333
-1
36181
-1
50536
-1
39958
73833
-1
57687
18847
85079
-1
-1
14207
5716
44731
-1
45863
71544
-1
-1
70048
28675
-1
11828
-1
53480
66317
42766
59579
-1
40473
14667
-1
-1
-1
21185
21203
74122
39057
-1
22179
43907
27259
-1
44865
-1
12621
79964
48988
-1
-1
-1
42356
18770
-1
93617
-1
-1
-1
-1
11732
29860
5082
87575
27786
-1
20711
-1
45007
-1
53477
97347
-1
83441
83987
-1
-1
29977
25839
-1
18404
70508
44745
-1
-1
-1
-1
78765
95034
-1
-1
-1
-1
91357
64565
38777
27718
43723
38582
34496
17882
19356
13683
88961
11251
59499
-1
-1
-1
23268
-1
19809
17246
-1
16455
13509
6415
17615
46180
-1
37884
-1
-1
13969
75927
98309
52035
33673
-1
32736
81756
-1
-1
11758
38372
5767
47324
-1
70021
3508
61795
56748
86911
79686
-1
24875
55970
26404
45121
75499
76826
9740
-1
-1
-1
47446
55533
43069
-1
35485
42308
-1
4304
23214
-1
72320
-1
-1
65589
-1
-1
42452
31610
14639
5272
27240
-1
11056
-1
-1
-1
77148
-1
-1
-1
-1
83390
-1
74470
-1
7975
40691
35121
-1
-1
55189
-1
78748
26691
91447
-1
37416
52500
25063
3468
4982
-1
-1
19945
-1
51370
50106
8305
50264
9735
24087
37309
51288
33107
45858
-1
-1
44720
27480
58584
-1
30998
-1
-1
38541
88144
22547
59340
-1
2394
-1
85755
-1
89270
75893
-1
85696
31632
26533
-1
76092
-1
-1
82485
42753
366
-1
-1
-1
9006
-1
49730
-1
-1
-1
20567
13130
-1
24619
51256
12812
67955
25545
35475
86828
9540
-1
73053
65545
-1
49076
-1
1061
71266
-1
-1
-1
-1
-1
78408
-1
35532
72998
13759
55286
-1
40871
-1
50583
37144
17524
48017
68523
9474
-1
94974
18644
28693
26240
56604
-1
74719
8168
48805
31548
55315
-1
43143
-1
-1
42092
96258
54409
-1
-1
-1
8451
-1
6340
28881
-1
14121
46251
-1
27857
28250
54441
55042
-1
-1
-1
15974
35173
93961
-1
-1
63061
-1
-1
42944
-1
38713
88040
76937
-1
-1
-1
26244
740
6936
-1
20957
22840
32900
40658
-1
50639
24639
43771
17523
19973
-1
98673
95846
88553
30649
18312
-1
-1
-1
35601
24785
-1
13056
38901
36357
89930
59479
-1
-1
67317
21999
8825
-1
24804
67048
20649
-1
22320
40721
-1
7944
59402
-1
17617
41848
47186
-1
-1
1052
-1
72328
95094
46076
86540
-1
6404
50225
97428
21357
-1
83006
31163
13537
23289
7256
-1
-1
37269
88531
-1
11527
-1
67798
65431
-1
96600
18680
18851
57266
27470
1830
53143
7664
-1
-1
14406
-1
21197
-1
57341
11123
-1
18678
-1
49776
-1
-1
46874
57916
-1
-1
67856
42394
30583
10582
-1
583
5446
90385
-1
-1
-1
78778
13147
-1
35734
10608
55363
7341
12154
26404
-1
92492
-1
1455
-1
-1
-1
4004
7138
-1
39832
52033
-1
-1
72896
14382
97023
23624
20042
-1
50384
-1
42064
-1
-1
15864
27092
-1
71594
8309
-1
63084
21292
33002
19600
-1
30826
40740
-1
-1
28879
56838
82509
17213
31911
-1
-1
-1
82718
13145
28717
7165
-1
-1
-1
-1
-1
29795
13150
78462
29428
54802
-1
12073
4419
77677
-1
22712
-1
-1
-1
-1
21838
34915
-1
-1
65176
-1
-1
8522
-1
23811
-1
59073
64565
-1
45028
-1
-1
-1
37469
-1
57102
25312
-1
-1
48399
-1
89199
25455
-1
-1
-1
93271
82481
91046
-1
78265
81833
40186
91666
-1
-1
-1
12560
65452
-1
-1
71788
49414
26757
91771
86241
18432
98259
-1
56366
52
4172
-1
-1
-1
56376
-1
27482
4679
75250
-1
-1
703
26703
-1
24313
48221
35866
-1
62856
-1
-1
57795
-1
-1
-1
4926
81020
18918
-1
-1
-1
20015
-1
13972
-1
-1
45642
49261
-1
-1
-1
-1
-1
5556
14899
70406
86661
-1
-1
-1
85743
79329
-1
33189
-1
8264
70690
-1
-1
35
-1
-1
-1
46178
30652
13602
35105
35170
20588
-1
-1
59564
15765
-1
-1
42798
-1
9567
16190
35715
-1
34340
-1
66906
98532
-1
12526
8337
-1
40077
-1
19010
-1
-1
-1
-1
67791
32890
-1
61163
35607
-1
-1
4455
-1
94381
72783
32611
-1
68687
23185
-1
76917
54391
-1
-1
98525
60913
-1
90255
48694
-1
-1
81236
-1
82434
-1
-1
34459
-1
2735
65863
43937
-1
69811
-1
47727
-1
-1
86263
-1
-1
-1
-1
18919
-1
89683
79763
-1
1726
4982
12452
6330
-1
-1
19275
18083
-1
36526
55780
41475
34275
64357
4989
-1
-1
83025
-1
37065
21148
11650
76637
60766
39322
-1
14046
93606
15627
57673
37982
56620
71119
30626
-1
-1
61520
-1
68778
27385
-1
-1
-1
-1
18662
-1
38534
94761
-1
55748
87114
79435
46859
-1
-1
26801
-1
18558
46406
-1
36166
33493
-1
54647
60838
63814
15578
91426
41814
-1
53135
-1
-1
-1
13089
12964
80016
20773
59394
8215
-1
87202
76257
30438
22328
-1
70574
60664
-1
48853
33269
-1
88731
57524
9041
80524
14939
-1
56606
5876
1766
-1
82528
10031
-1
20658
-1
8475
27117
26276
-1
62415
-1
-1
35813
22913
-1
-1
673
39633
-1
40833
-1
91194
-1
72381
31696
-1
97949
71731
90079
1073
-1
-1
57926
99434
-1
30156
23839
1182
58044
66675
43246
32209
21300
58104
22036
-1
44380
-1
53508
87779
60347
82605
-1
-1
-1
-1
-1
33269
-1
-1
65114
-1
-1
12206
35342
33199
-1
-1
-1
7583
-1
-1
80293
25491
97335
83805
16306
42989
-1
2113
79486
-1
19776
73341
40143
-1
6297
-1
31927
39805
97355
76236
36940
77944
64298
-1
17810
-1
78927
19180
-1
29892
-1
20192
12166
-1
12677
88938
-1
-1
43523
-1
8230
29993
63242
89609
14740
54241
-1
71303
1667
40437
37058
68466
-1
-1
74308
6677
23443
11713
10402
-1
-1
4370
-1
64244
24512
95528
-1
15556
41733
-1
71913
51516
86419
22875
-1
22983
27728
83921
-1
14340
85894
35094
-1
-1
63837
-1
72604
50149
98317
38795
-1
48307
-1
-1
-1
-1
-1
-1
37119
39106
3039
-1
-1
13185
86739
29725
-1
54160
-1
-1
12094
693
-1
33568
44532
-1
-1
-1
81465
19932
17695
33809
-1
-1
66292
18874
85857
-1
30149
50689
-1
-1
84683
62238
91901
-1
72625
15667
-1
18678
79016
15830
48390
-1
-1
80284
-1
10532
4702
70255
-1
36095
-1
-1
-1
-1
84344
69388
79987
-1
6202
-1
3495
51573
17125
64323
-1
36224
19433
53971
-1
-1
1174
-1
2087
-1
13296
18491
595
220
57025
19574
33549
90308
-1
42428
13121
-1
40527
86754
-1
28084
45917
-1
26794
33508
-1
-1
69297
92632
41663
-1
26440
-1
-1
83737
-1
-1
-1
30798
-1
89804
61237
48476
86670
-1
-1
-1
30809
13590
-1
92282
75859
-1
78552
-1
48546
-1
56499
-1
16396
14059
24619
40122
84155
3785
73550
37787
48984
-1
30154
24258
82486
3624
80155
-1
-1
13951
-1
10167
82846
98506
-1
9200
43401
-1
13916
10027
-1
29690
82173
69117
50859
32666
-1
-1
-1
88140
81898
9879
49434
88234
-1
64152
66929
-1
45945
-1
93378
-1
-1
27980
24179
26797
69677
50078
80833
-1
-1
46640
56993
7182
194
64218
44351
-1
-1
-1
-1
-1
-1
85344
71484
65988
68293
22773
-1
-1
39263
22954
-1
-1
-1
20747
38344
39805
-1
78353
15268
-1
-1
14933
-1
-1
-1
-1
41253
36700
-1
63261
22694
-1
-1
76379
46300
14460
-1
-1
-1
59104
-1
-1
76498
40560
-1
52899
90326
42114
-1
-1
-1
58420
-1
-1
26207
42234
-1
7670
33641
-1
8317
94308
43849
-1
16996
-1
50060
88243
-1
98076
47098
-1
-1
-1
89991
71688
77032
38443
95732
88247
-1
63988
-1
40330
23998
98165
-1
-1
26192
-1
41733
32878
-1
16008
10521
4303
23382
-1
3968
21300
15559
91474
-1
-1
1718
86969
35173
-1
-1
39573
66314
6286
36974
-1
43245
-1
60548
87247
75501
96208
65509
53906
-1
44705
45193
49505
-1
44320
58202
1111
-1
-1
69263
99716
-1
3040
70284
-1
63693
-1
13150
24576
92125
-1
79122
15541
10598
29510
-1
14985
45554
72612
90417
51763
-1
-1
53498
-1
-1
-1
-1
55742
-1
11351
-1
-1
2754
10139
-1
32726
62442
-1
19012
88318
47347
3457
79152
59235
-1
9996
51072
2207
19219
30297
1107
-1
15021
-1
42801
53528
22919
50551
19450
-1
-1
12531
55480
43807
-1
-1
39794
30918
20600
40794
-1
-1
-1
89257
1684
-1
-1
-1
40196
-1
23714
15663
51785
4577
-1
23651
-1
-1
52010
5630
-1
11391
-1
-1
65914
52351
-1
51912
40918
-1
-1
62759
43016
17801
-1
67680
86712
-1
-1
-1
40931
-1
56338
53010
24310
35718
36699
26373
3641
9039
-1
-1
-1
31826
67114
-1
-1
1424
59793
-1
-1
32151
88800
74339
52880
59405
-1
39061
54659
-1
32007
-1
11043
75401
-1
-1
25706
4313
32908
8572
-1
68935
14134
82782
75301
-1
13803
-1
62322
-1
-1
-1
58056
-1
50386
7028
62203
95199
55763
-1
27239
64841
5006
49799
6188
37746
-1
-1
66247
-1
88695
74353
99291
24533
-1
51896
27242
-1
-1
-1
40690
66957
-1
32908
68712
87705
52620
-1
66135
-1
74343
-1
48041
-1
5586
86212
-1
28314
57949
21984
-1
43201
19897
-1
-1
-1
13659
86270
29061
24710
-1
17257
61503
-1
13139
94171
15473
2304
-1
23279
-1
77850
-1
-1
-1
49717
82228
12194
-1
-1
-1
-1
82050
31204
11583
21902
821
-1
4120
-1
43623
-1
2058
-1
2677
6408
66201
34602
59118
22017
-1
387
-1
58772
77978
-1
25915
26881
-1
-1
60309
54435
67916
-1
-1
-1
6312
-1
92724
89961
68078
82218
-1
42803
-1
45152
49819
37459
92966
-1
-1
13425
15000
17211
819
46984
39727
26204
97353
-1
40952
-1
10345
-1
24382
48941
70372
70449
22960
23670
22375
7242
88844
24564
78159
83341
55925
-1
-1
-1
88711
-1
25929
-1
3101
-1
49263
36571
-1
48841
-1
-1
12145
52478
88918
-1
-1
-1
97807
624
82668
35256
40546
63498
41358
-1
64573
-1
-1
14320
-1
40900
88016
77420
23166
68022
8577
32383
-1
-1
-1
17510
2150
-1
57780
-1
-1
35822
71179
-1
50618
9807
67672
-1
41056
58921
-1
-1
-1
96721
87857
78520
-1
89313
-1
-1
48402
42844
-1
73776
-1
89987
60543
56400
35105
27877
-1
16866
-1
-1
-1
41235
-1
22072
-1
6236
-1
-1
78281
-1
6518
1771
-1
-1
-1
-1
92432
30012
-1
18860
-1
98590
58971
76914
-1
-1
-1
-1
11326
16955
-1
88308
12985
-1
-1
81475
-1
-1
68049
15636
-1
10519
48872
-1
4411
-1
-1
-1
-1
-1
16828
3800
-1
45922
47540
54683
-1
-1
38760
45990
6825
96716
19721
56486
40385
14198
57600
53354
8083
47547
-1
-1
8833
64772
31629
-1
-1
42499
36282
66061
-1
-1
19371
23909
81150
-1
30496
10848
24800
28399
-1
81320
-1
40191
77367
-1
57598
-1
-1
19482
16435
44677
25016
32976
90171
43539
2063
-1
-1
22302
92795
26206
2983
-1
82337
143
-1
16684
-1
64995
42448
21408
-1
11448
-1
-1
-1
-1
3641
-1
-1
43161
-1
15468
42692
-1
80524
34267
8007
92245
13572
65202
44157
-1
27467
-1
-1
15665
-1
-1
-1
-1
90511
24849
84167
1846
7975
78336
-1
-1
-1
-1
35511
-1
85301
-1
-1
-1
11719
-1
26302
3713
-1
-1
89387
44464
29726
16044
-1
-1
-1
-1
-1
-1
76511
-1
22713
41661
19517
-1
31773
-1
62174
47486
92607
-1
89460
17138
-1
-1
-1
-1
80577
-1
60309
93213
66827
25656
4018
16867
95370
-1
-1
-1
5930
-1
-1
-1
5651
98923
-1
41323
43143
-1
29275
58047
-1
20856
62463
-1
70847
18316
20677
76938
-1
-1
42109
-1
-1
8295
61971
40385
-1
-1
-1
31720
41167
33846
71170
9996
65681
-1
99996
15669
92048
4965
63453
-1
57931
-1
89232
-1
-1
10654
54925
-1
-1
-1
16368
8876
29850
-1
656
-1
44228
-1
51624
63819
18928
25689
29911
37841
49697
3935
84005
5804
4169
-1
1036
-1
14181
-1
12166
52321
14619
-1
73429
-1
-1
34429
-1
-1
21759
-1
53808
47628
-1
-1
79577
73159
15963
32522
-1
84342
-1
17298
86288
5627
-1
-1
62118
20295
-1
-1
16447
-1
-1
47789
-1
-1
-1
-1
65416
47280
-1
25554
-1
-1
72028
-1
-1
61744
21320
16394
75120
67081
38736
48962
16476
78059
-1
40726
-1
20260
-1
12864
29601
35983
32581
-1
29669
39043
3454
8374
-1
87895
-1
-1
-1
4397
29355
40528
-1
-1
91982
36394
40754
76538
56573
-1
30157
5788
3087
22105
14881
11545
-1
70410
-1
88827
-1
26540
88572
60500
58511
27147
8489
93560
92022
-1
-1
78076
55849
10658
49413
-1
72348
46433
-1
18776
-1
16014
72663
56819
-1
88379
17900
-1
31584
7494
6781
69487
-1
78682
25958
21903
-1
32891
-1
81710
42838
-1
19261
4563
45100
52196
-1
54200
-1
87571
-1
44272
14132
50328
-1
-1
-1
23235
5964
82997
52332
-1
79241
-1
701
95892
-1
3072
-1
-1
76702
59296
32847
-1
28355
-1
89320
49578
-1
62390
37369
5580
9594
16981
-1
-1
77576
-1
60355
51076
-1
88154
46052
61345
51946
-1
99503
7784
16272
-1
-1
-1
84241
44951
7038
-1
44188
31241
46076
-1
8984
-1
-1
-1
63293
80508
3428
-1
-1
41526
44841
68101
-1
-1
22020
-1
37956
19243
-1
21720
-1
2609
-1
13263
-1
4296
9133
-1
-1
-1
-1
4292
14173
-1
24121
-1
45638
18437
8824
57296
93787
34253
8210
-1
-1
-1
57143
72612
-1
-1
31336
57235
8496
22056
-1
87516
52591
18562
5364
16009
384
-1
31510
-1
86536
-1
94
41509
83570
74159
42891
-1
-1
37119
4834
33199
-1
12691
16547
88123
77584
-1
-1
13553
-1
-1
-1
69182
22888
52172
57494
-1
80452
8694
-1
49778
24983
34738
47120
67287
9338
90523
29616
-1
-1
17286
-1
58692
-1
19071
-1
90530
-1
76642
24908
87175
-1
-1
-1
55976
26175
19020
17100
-1
68241
54777
-1
21001
82511
36512
-1
-1
-1
-1
62824
74390
-1
5223
72694
-1
60051
-1
40334
-1
-1
-1
-1
-1
-1
56202
-1
-1
-1
56574
-1
-1
92391
-1
35884
-1
64207
36296
16281
-1
2064
-1
30656
41642
-1
-1
-1
25699
-1
-1
-1
30547
8982
7322
32440
58477
-1
66028
-1
9472
45518
-1
24794
73077
-1
43067
44598
-1
-1
46290
-1
42023
-1
96330
-1
-1
-1
20399
4792
8780
37818
38955
-1
1084
55976
95338
-1
-1
19237
2735
62714
65608
41788
-1
-1
2542
95579
-1
-1
-1
-1
7244
-1
52960
40166
45436
36065
79437
45601
45495
63167
26884
-1
-1
95537
45217
17374
98709
2902
-1
46603
55497
21619
-1
34940
-1
-1
67614
-1
3496
30242
24182
91999
6783
-1
-1
20161
80575
-1
-1
71081
-1
80190
81542
79180
-1
31000
-1
31954
30059
-1
-1
556
-1
-1
-1
40691
90007
19140
74414
-1
-1
14747
95926
52383
-1
61630
-1
15497
-1
33703
67575
9090
-1
75873
46808
-1
70459
15208
11795
84685
13849
7781
56875
4958
91744
63773
35333
34982
-1
61
7408
43942
37354
83644
18627
59843
20016
-1
18958
19689
-1
-1
-1
89570
41054
-1
-1
63182
15001
-1
-1
31976
7922
97620
44480
27467
87811
4194
11759
21792
87175
77727
-1
40067
606
-1
-1
49798
24110
-1
15364
623
-1
-1
33927
-1
32071
5289
-1
64416
55328
-1
-1
69727
73185
81483
11739
2518
65435
-1
44623
54914
1127
3762
50033
-1
-1
84244
-1
20916
53885
-1
1997
28416
37425
-1
19714
15070
-1
-1
445
38587
35717
36497
62173
32509
20773
-1
-1
-1
51715
83753
-1
20196
45509
11893
43695
10510
53355
7356
-1
-1
66833
44581
15541
30626
-1
-1
23606
783
11668
74248
-1
-1
-1
-1
81412
81899
24928
4783
21171
-1
29074
384
39178
-1
21291
-1
24589
13199
1878
1510
47226
-1
-1
-1
-1
49218
-1
65577
-1
88653
81543
57350
18435
-1
-1
-1
30448
-1
13824
-1
53826
1184
93218
45525
-1
23695
-1
34991
-1
18434
4370
-1
-1
35541
15006
-1
33093
-1
20701
-1
8087
26842
-1
57093
-1
47298
23003
-1
73098
74447
-1
-1
65793
-1
-1
9650
24762
24538
10609
42579
-1
-1
-1
57238
8270
96142
-1
-1
37738
537
80132
-1
46142
-1
-1
28029
-1
-1
33684
65473
70741
15390
48453
50997
95803
29325
56306
71955
-1
1540
1
-1
-1
-1
-1
53246
11529
39277
-1
43514
17850
67060
70596
29254
-1
-1
1332
-1
-1
-1
80163
66969
3428
12886
-1
-1
61280
-1
5257
-1
-1
38366
-1
-1
19145
86340
68858
-1
15524
74986
-1
42205
-1
21273
55066
-1
7239
997
91106
33597
-1
36336
3748
52501
60205
97960
-1
29968
-1
10506
32250
19673
-1
93960
5570
7698
70253
69816
56452
-1
30338
76421
-1
11023
28997
-1
4082
3253
-1
-1
57017
24785
-1
-1
81470
-1
42397
56216
75456
-1
38846
48441
-1
52636
67856
1738
89012
15731
18614
98758
-1
71429
70487
19268
52092
6375
-1
-1
86733
81101
92761
-1
-1
-1
61293
84476
-1
13104
17415
-1
-1
74646
23650
-1
68593
-1
-1
12891
777
-1
24728
25508
58174
61516
-1
-1
70996
38615
4239
-1
-1
712
-1
-1
55155
81918
872
-1
69504
18516
12672
3884
60801
49369
-1
89466
-1
-1
88695
44290
10614
-1
49647
-1
71322
-1
-1
23117
87868
68539
66571
-1
-1
-1
-1
82248
-1
37336
-1
8706
60396
33870
-1
13835
27324
-1
-1
24118
51889
67417
30423
47098
23050
36559
-1
15493
35389
56312
89090
-1
69379
32023
95299
44684
84231
25586
51473
92855
20489
57554
11402
75
-1
27280
-1
-1
-1
93003
24165
32336
6432
-1
-1
-1
41777
67562
82101
-1
-1
31538
10782
20495
13242
53041
35379
-1
69350
-1
43559
85546
-1
13638
-1
-1
39676
16229
59949
-1
77077
8141
-1
15703
-1
-1
3592
20624
-1
-1
-1
60049
4138
14141
-1
15960
-1
43649
-1
89341
47883
-1
49602
-1
-1
86013
23512
-1
458
20641
15016
-1
-1
20542
58574
-1
9474
60831
30906
-1
43126
-1
-1
35419
-1
75487
-1
53112
51017
54016
-1
15870
17326
75041
-1
-1
-1
14812
-1
63901
79629
-1
30118
-1
11686
45417
4109
26692
-1
13814
97019
30563
77971
58941
-1
56735
-1
-1
-1
41651
3858
79159
-1
-1
2805
19094
-1
84938
10397
21923
-1
19677
33245
-1
37837
17538
69391
-1
26831
-1
-1
219
-1
34858
12550
-1
-1
52161
534
87599
-1
-1
49550
84179
31059
-1
16095
-1
53528
-1
37737
64068
19778
-1
93407
95190
-1
44054
-1
2740
256
2570
-1
87936
-1
74309
-1
-1
17462
-1
-1
26561
-1
-1
-1
-1
12094
-1
38905
6361
-1
28123
-1
-1
-1
58634
76095
8512
43150
21202
45562
-1
157
-1
21277
87641
-1
-1
92749
51615
56155
13490
19060
24025
2765
56
7324
57553
2259
85496
23949
91927
43890
82114
91219
24591
-1
42084
15692
-1
27800
-1
7832
-1
1814
-1
64294
73004
13883
-1
27468
80795
-1
37140
-1
68376
-1
25216
30833
-1
70534
-1
-1
32784
89265
-1
74513
4817
16082
32491
86174
153
15975
85535
28720
-1
73150
8787
87927
23902
-1
-1
15815
-1
-1
72922
41412
99586
64708
-1
-1
-1
44437
-1
-1
7977
-1
45230
-1
37314
97540
-1
-1
-1
-1
-1
-1
8098
51396
21753
74960
-1
51047
-1
48342
-1
86391
9040
3632
-1
31751
13730
56113
-1
-1
-1
13139
-1
-1
5396
-1
8879
5480
26961
44089
-1
19277
38943
54878
48299
77422
65747
-1
118
-1
27446
-1
13788
16297
4246
-1
4322
25255
47623
-1
-1
65413
28308
-1
-1
16607
-1
-1
22578
11443
24879
22825
76839
-1
-1
-1
-1
-1
34595
47538
-1
10388
-1
-1
-1
1038
-1
-1
42731
72749
-1
29743
5940
-1
-1
81955
-1
-1
-1
98762
24030
-1
-1
85535
14593
26175
-1
8888
12296
42321
-1
7453
-1
28859
57546
-1
15472
70618
686
66535
30084
10598
-1
-1
-1
15
-1
29710
-1
-1
-1
-1
41980
-1
4892
-1
30200
-1
71540
54481
5483
39287
4885
-1
-1
15950
79389
-1
62301
4855
-1
-1
20477
39695
-1
44757
26855
-1
-1
-1
11251
-1
42998
712
18123
-1
32964
54388
92495
54565
-1
44003
-1
23607
29664
-1
-1
-1
-1
65646
24626
-1
-1
50805
-1
-1
78124
60154
87003
-1
45961
-1
16773
35937
-1
78559
20742
34586
-1
55351
-1
-1
37468
47609
4019
3574
-1
4686
56725
-1
36025
-1
19362
34293
-1
-1
-1
5172
-1
-1
-1
79916
10448
96556
3226
7307
79483
24348
48351
42096
-1
92914
-1
-1
-1
74145
24960
-1
-1
23274
4279
-1
-1
40171
20963
82958
33030
-1
59870
-1
27021
48110
-1
-1
43512
-1
72413
8037
7917
39627
-1
12156
-1
4813
98196
31296
68459
-1
90514
19876
35300
92584
39661
-1
-1
-1
-1
-1
-1
68073
37079
893
-1
-1
37896
-1
37181
-1
-1
-1
976
11870
50905
9049
61191
79435
-1
26475
9111
-1
43399
87465
57692
31999
96432
48725
49600
63198
-1
79644
74748
-1
3165
-1
-1
-1
-1
-1
18661
9299
-1
-1
49063
-1
15147
30934
69731
-1
-1
23383
39200
69291
47984
55655
-1
77864
39343
33293
69765
69722
-1
384
15969
23196
32303
33555
-1
-1
-1
40242
60714
-1
-1
77818
33304
-1
-1
-1
-1
4463
60562
8814
-1
39868
-1
52102
57875
80705
73942
7978
92221
-1
-1
-1
32934
3720
80668
-1
77542
51043
-1
-1
-1
-1
-1
-1
21172
10095
6982
91964
-1
-1
-1
35663
97248
-1
-1
-1
51312
6518
39715
46251
-1
-1
-1
-1
22579
30086
44367
17681
45109
3257
99657
-1
6866
-1
44746
52136
50369
-1
22831
52334
-1
-1
62511
14494
32588
-1
-1
32660
-1
-1
19754
-1
-1
-1
-1
-1
99202
5813
-1
-1
-1
95920
-1
-1
56269
83534
-1
82430
4661
8797
82692
-1
84074
72121
76310
35658
52034
21483
-1
12415
59235
52501
-1
73366
44113
-1
62619
90103
79138
-1
24461
-1
57580
-1
91213
72942
4333
27219
-1
-1
-1
-1
22244
32198
-1
40656
-1
3660
55447
-1
-1
-1
-1
63748
70002
1492
16192
23768
-1
-1
-1
28013
42371
44835
-1
-1
-1
30132
4299
7792
45573
10166
39709
76468
-1
90924
54714
3679
-1
-1
-1
50386
6897
33577
17309
17915
8141
-1
79719
26385
-1
-1
-1
37233
55556
74852
12424
96718
-1
47156
-1
-1
-1
-1
41367
5151
-1
-1
-1
-1
14848
76041
64485
89853
-1
-1
3209
-1
82520
9165
42829
38205
-1
36478
42108
15815
-1
-1
-1
72280
-1
51542
22101
75081
33235
41113
-1
-1
-1
-1
-1
-1
23581
-1
-1
-1
-1
-1
22911
71886
-1
-1
58166
30392
9106
34586
76044
-1
-1
15294
-1
-1
-1
70789
40681
-1
-1
21114
1271
32791
-1
51456
84352
-1
-1
36098
-1
-1
35525
65120
39926
52650
4906
4682
-1
17188
-1
-1
33357
-1
86969
-1
12946
7153
19124
19140
86218
7337
43974
91673
72506
62249
74728
-1
97190
10327
-1
21256
-1
-1
-1
-1
50548
42384
-1
-1
-1
63279
384
-1
-1
90925
31996
-1
11099
86554
-1
-1
-1
-1
31716
20078
-1
-1
57568
-1
65130
70886
34172
18554
18391
-1
41859
-1
41034
25303
44733
-1
-1
-1
-1
-1
77449
-1
-1
-1
99927
32136
9886
-1
68279
60562
14137
3100
26230
36069
-1
36742
-1
29837
-1
-1
98552
-1
21925
-1
27372
-1
3119
45617
55010
-1
75153
43674
-1
3393
61088
-1
25853
4023
553
14305
92705
28998
-1
43217
-1
-1
75499
-1
11305
-1
-1
-1
17632
20365
-1
-1
-1
75836
61989
-1
-1
-1
26817
19882
58723
-1
82765
-1
63167
8629
-1
34566
46107
11390
6400
-1
92628
-1
14039
36938
90919
13121
13386
95926
-1
7507
-1
-1
59173
12433
31767
53413
-1
-1
-1
90412
8660
-1
-1
-1
-1
88258
-1
-1
7557
-1
6452
62929
79455
45128
29640
10013
-1
-1
82487
7497
5283
72893
-1
34306
60696
33126
24715
85511
7840
55097
13232
62731
23753
-1
67081
8634
-1
-1
-1
98519
75552
72321
-1
62953
64320
31611
-1
61076
-1
-1
-1
-1
21703
-1
-1
7087
63125
1476
13449
-1
-1
-1
14581
-1
4906
86099
-1
77346
51668
-1
-1
-1
45932
-1
47012
33898
67981
-1
86670
14390
49609
32782
70066
-1
29533
5706
-1
15364
50399
55545
-1
-1
-1
-1
21406
-1
-1
-1
-1
22208
67317
7782
-1
43636
-1
65684
88484
-1
40362
99363
80268
57802
38878
21985
-1
30767
34556
24328
-1
13980
62817
-1
-1
7323
-1
37835
98916
-1
-1
-1
39588
36625
25651
-1
-1
62537
72028
65382
22591
41265
83384
-1
-1
39226
23203
56499
43633
40933
22087
19401
9397
-1
-1
67419
-1
51044
-1
45397
7497
21717
88273
78679
-1
-1
-1
3123
-1
74683
31426
-1
-1
39618
10399
-1
-1
-1
21147
-1
-1
-1
28218
70213
60972
70946
18316
49251
-1
25353
-1
77435
37506
43091
1788
-1
25506
41691
50841
51450
608
43020
-1
26295
63436
31839
4105
-1
24234
-1
-1
89075
34117
12746
82106
23646
9534
61708
41336
-1
49294
-1
-1
86530
-1
-1
1424
-1
56109
18918
90549
34140
78748
98041
81251
94418
21323
35442
3683
29073
-1
-1
12013
29640
74235
-1
99412
-1
88064
75483
-1
-1
46647
-1
58984
-1
-1
2385
-1
68370
62841
21626
76422
-1
47643
-1
-1
-1
-1
63668
8155
89373
-1
33965
-1
7710
-1
15782
-1
27171
81042
-1
-1
7709
-1
-1
-1
-1
-1
-1
49458
70944
45606
23778
-1
95459
26115
-1
10262
-1
19188
-1
80894
77195
32818
-1
-1
-1
-1
2042
-1
-1
89053
-1
-1
-1
76052
71262
65765
-1
-1
53996
48285
72047
5881
-1
-1
-1
46312
26179
-1
175
80680
76631
37771
-1
-1
35195
-1
35086
13903
14870
333
-1
5324
-1
-1
30518
54579
2338
-1
-1
18331
-1
56037
82095
4389
72139
91795
33087
-1
-1
-1
35940
71522
70076
1556
9722
50076
54628
75684
63206
61145
25873
-1
-1
75724
-1
-1
-1
-1
5721
21306
41984
22055
62259
28080
-1
-1
46328
16263
32557
71540
-1
20379
16011
40872
58115
56505
13370
106
18321
-1
70509
10653
47565
3450
1641
18112
17160
-1
65237
10439
65513
94110
79519
93078
53313
40492
45361
-1
12125
-1
87927
7986
69039
32549
36661
35848
55265
18223
94945
4674
-1
14822
-1
682
-1
24600
17506
36455
20425
-1
1018
68082
-1
-1
-1
-1
-1
-1
96454
-1
-1
-1
30681
21942
-1
87274
87257
3132
28326
72310
8682
94656
17249
-1
-1
7278
-1
39353
-1
-1
21925
49060
-1
365
-1
85621
4217
-1
-1
-1
84147
-1
74903
-1
69445
35111
-1
16382
81942
58960
56989
12269
8141
-1
44542
6733
82287
81948
-1
20193
14112
-1
5319
74988
-1
39296
-1
-1
-1
-1
-1
-1
66343
3357
47588
-1
-1
-1
2742
-1
24921
7993
-1
6300
-1
9059
25775
-1
95294
-1
-1
-1
69214
14227
-1
71233
40072
-1
58177
18813
39718
-1
38753
-1
5563
-1
-1
-1
19376
-1
-1
-1
24611
34784
41987
64152
39952
86887
-1
-1
79371
58511
-1
-1
1719
4461
-1
-1
97028
29442
17986
1395
55300
96082
70807
-1
-1
-1
-1
-1
24425
86100
38326
57035
5516
44437
-1
-1
-1
41741
74598
57125
26457
31584
99609
54456
31113
9279
12997
-1
60746
15541
-1
-1
1021
51996
-1
39557
44238
38965
75328
-1
23825
44655
9150
21925
-1
-1
-1
39960
43142
-1
-1
15013
80412
82872
98703
21047
-1
-1
6668
-1
13055
52285
65178
7608
-1
91386
12410
-1
-1
86162
-1
79308
94402
20036
18933
41142
70114
57282
15546
-1
1815
-1
22450
98492
25192
34752
49694
64749
-1
14572
-1
19580
-1
15786
91668
-1
94049
95202
50732
4442
58755
-1
-1
27284
-1
51699
11366
5477
98006
31705
13336
-1
19588
77609
-1
12665
-1
-1
31531
-1
91742
43716
-1
-1
17327
97209
90161
-1
29877
3539
42456
82475
23714
-1
90418
40696
969
-1
54016
-1
9300
-1
-1
-1
31429
-1
2363
-1
-1
-1
-1
-1
-1
-1
39080
61837
33774
43039
59655
66339
25418
-1
57207
85524
40657
-1
-1
-1
-1
69990
90696
80512
14952
19402
74726
96005
45876
595
51734
-1
59785
53055
19715
-1
-1
13162
-1
88399
72512
75358
30467
-1
66653
29775
15776
35937
34485
-1
-1
-1
13730
-1
69339
-1
-1
41790
-1
33509
46527
-1
-1
-1
11984
-1
24656
-1
-1
78901
76995
11562
-1
12300
26336
41422
98181
65064
39260
16081
87448
3645
-1
35070
10091
14858
71067
47724
-1
-1
21925
22994
31814
20248
85103
91513
95592
42815
-1
13336
19453
79323
-1
35086
8202
-1
-1
85589
91748
33633
20816
23350
12500
-1
-1
98856
53878
-1
15127
-1
-1
-1
1779
-1
9055
2018
-1
79860
70076
-1
86245
-1
-1
23451
-1
28375
78495
86188
35590
-1
-1
-1
-1
24239
-1
95372
-1
48347
22707
-1
68144
44043
52292
20661
-1
59958
30952
-1
22178
17629
72013
51416
78232
-1
-1
-1
83710
-1
13209
47173
17862
66768
8760
-1
-1
55780
28701
25554
82523
37181
-1
20261
-1
44334
88131
1634
61195
-1
-1
42604
47788
62773
93439
-1
16837
68735
-1
-1
-1
-1
442
8945
60322
-1
18931
29566
3653
54929
78801
-1
44522
96232
42509
43067
62849
-1
6722
84921
-1
82145
2534
-1
7419
58064
-1
20331
-1
4541
-1
76598
44477
-1
-1
-1
69366
29661
84408
-1
19932
-1
-1
22976
-1
20758
74871
-1
7412
91583
47566
63380
57603
-1
78120
84843
63537
-1
63869
32563
9200
33835
82254
-1
28881
-1
50936
-1
-1
41065
40270
77578
9403
-1
50798
96196
-1
88912
24032
60100
39496
16164
8273
-1
73943
-1
8635
49074
4800
-1
36326
45777
-1
-1
10795
-1
41062
-1
67936
95459
13202
38012
17143
90663
-1
19327
33678
-1
80132
13230
46598
-1
-1
97897
72402
-1
44859
2100
74979
-1
39317
64060
-1
71047
-1
97103
40591
73292
-1
19
18088
-1
-1
39354
-1
-1
-1
89907
85721
-1
43737
68414
-1
89912
64841
-1
57259
36912
-1
69148
-1
94821
-1
40246
29318
-1
43333
24958
25945
89390
40376
-1
-1
46650
-1
71614
85488
97269
35734
28329
-1
64173
2304
11139
-1
57342
-1
44641
59891
38599
-1
5461
-1
28495
-1
-1
49675
-1
10456
-1
31687
79232
-1
48146
29882
-1
47481
2234
83554
-1
-1
-1
-1
78149
22983
32964
-1
5850
-1
7944
-1
-1
69420
5090
26475
-1
17792
-1
90688
36014
-1
616
-1
24788
-1
96447
-1
38782
-1
25926
69699
20856
66955
86910
-1
4168
48435
32693
40107
5484
1522
84421
-1
49150
40397
9596
89488
26538
-1
-1
20438
11452
14767
-1
-1
63123
68622
25590
16740
76229
-1
29681
-1
26258
75647
74665
71356
83534
18664
-1
17326
22380
-1
24769
-1
17273
-1
55788
85444
93068
-1
-1
56038
29281
-1
28241
-1
-1
96705
-1
-1
29273
57628
2344
-1
26505
35971
-1
60298
59627
-1
50639
40988
32580
90684
83631
55215
-1
19933
36050
99264
77373
66773
26901
28602
4546
27467
6558
-1
-1
-1
41963
-1
-1
68875
46812
44190
-1
-1
-1
-1
18407
-1
95349
70345
79409
-1
86752
71535
88146
-1
-1
-1
-1
629
33710
-1
-1
5612
-1
-1
83255
32627
55927
23552
-1
6193
74063
72239
-1
38930
49272
68522
-1
-1
38627
-1
23074
-1
-1
-1
-1
-1
34508
48683
5751
56443
-1
-1
32859
8832
49382
50076
49640
-1
7664
27216
30733
11727
84453
-1
75609
27023
22637
-1
-1
-1
86543
-1
45618
-1
70712
23555
95562
13838
-1
-1
-1
1352
49867
67289
88749
82755
-1
-1
25322
96258
67228
9582
477
11599
-1
69695
1272
-1
63985
24538
-1
-1
449
29267
46176
85844
64096
62244
-1
25986
-1
18833
-1
41631
12850
10070
-1
-1
-1
5018
87034
77031
36881
66722
-1
-1
-1
36275
-1
-1
97910
22397
23887
2730
-1
11425
43148
25915
-1
99443
15911
-1
-1
19311
-1
-1
43039
-1
32941
41846
13495
97008
48531
-1
3900
72253
61056
631
-1
53405
27999
-1
23399
83417
63842
78803
4932
71244
65289
49713
21942
68389
-1
11153
57063
-1
46512
62467
-1
59007
-1
-1
12237
33847
27811
28817
-1
84212
-1
46402
22754
21738
-1
-1
-1
5475
53011
24254
-1
-1
63580
93322
-1
70005
-1
3106
15747
-1
16498
-1
-1
45708
-1
30475
79500
13762
43169
-1
-1
-1
79454
-1
-1
12256
42728
75207
-1
53200
64347
47277
11853
-1
99983
1532
39487
-1
62902
-1
8910
24581
66191
-1
-1
-1
44899
-1
-1
-1
-1
26223
48860
72087
-1
-1
59014
82075
17964
-1
45985
8182
4375
-1
13018
4722
53679
-1
-1
1718
55249
42715
15738
22334
-1
-1
-1
-1
-1
-1
-1
-1
69373
12815
96956
59228
-1
6852
96975
25083
-1
-1
9384
-1
-1
61950
22826
-1
7689
-1
87587
-1
79296
-1
57911
-1
33923
-1
21627
-1
13937
12572
-1
-1
18603
67194
42204
25733
27027
36544
-1
78
35437
-1
-1
17824
-1
30335
8477
-1
15014
66866
-1
30101
45428
20457
-1
45072
39036
-1
6835
30728
-1
57342
80201
-1
-1
-1
17964
-1
81065
88576
-1
56051
75128
9941
-1
81410
-1
35386
-1
92764
10281
46264
-1
-1
84739
43790
-1
-1
25824
-1
-1
46303
74074
79808
52630
78225
34596
78184
-1
-1
-1
-1
-1
55166
-1
-1
19004
29057
4243
-1
18528
90123
-1
11684
21958
95195
75603
53768
15021
-1
-1
-1
-1
38279
11313
27176
73652
88600
62538
9474
-1
64518
7760
-1
-1
68689
-1
-1
91352
11654
-1
-1
42673
29436
27085
11482
15726
17142
-1
47865
-1
-1
36875
13934
18320
56392
-1
90254
-1
-1
-1
-1
6688
-1
68404
60244
-1
-1
-1
65715
-1
1573
-1
47010
12931
2414
17397
93703
95803
-1
-1
36058
33220
5968
57882
-1
15006
-1
56662
-1
77653
67128
30995
-1
94455
51068
82144
69944
38786
-1
-1
-1
13751
-1
-1
-1
52179
82887
-1
11991
14444
-1
64
5597
36258
40664
78567
84647
99503
22608
-1
-1
76607
-1
-1
38587
51870
90443
69176
32754
63290
10968
33374
-1
-1
44671
3133
-1
-1
-1
27915
26740
44931
72941
54496
-1
63780
31504
27592
-1
74446
-1
55574
4108
21970
-1
36722
73613
15275
-1
-1
-1
30850
37456
1461
25668
55035
-1
37000
-1
22254
62599
62957
-1
15690
2031
75424
-1
-1
-1
36018
10423
6935
59446
35529
-1
40474
-1
53772
-1
-1
-1
68539
-1
81603
93701
3200
80967
39789
82682
37187
29480
-1
19543
71692
37028
-1
-1
37018
33549
-1
35780
77094
-1
10402
28579
-1
53055
89257
44421
40397
60787
73654
-1
7106
-1
90263
-1
-1
54570
30323
-1
-1
78093
25719
55701
8032
48486
-1
-1
54151
12587
85471
-1
84514
84972
-1
35604
15766
-1
-1
18997
11472
48367
8748
-1
60858
39641
80740
-1
64796
11428
43072
33400
14071
-1
91745
9853
-1
27978
3009
28163
-1
-1
-1
11595
-1
97553
73140
-1
13380
-1
-1
-1
61855
-1
96882
1508
-1
-1
20851
28813
6179
-1
42397
-1
-1
32938
2588
30356
-1
-1
49735
-1
-1
-1
52970
5060
59518
16247
13553
27221
36292
6285
6269
-1
75638
22020
86771
-1
49483
-1
49233
-1
15718
-1
-1
-1
45908
75733
43432
8880
-1
-1
-1
14058
-1
11893
49087
12640
-1
1663
40441
-1
46889
40722
-1
-1
-1
38276
-1
16513
89140
-1
75363
-1
4974
-1
51107
99393
-1
48172
51468
39070
31505
-1
79318
29952
65698
49114
2922
91860
40565
85546
4454
-1
72453
-1
44440
-1
-1
34368
-1
-1
-1
-1
-1
-1
4116
1199
71451
88837
40407
20016
47140
24790
-1
-1
-1
23569
-1
-1
-1
10295
-1
-1
-1
10533
86972
68152
-1
-1
40172
20496
4820
94218
55359
-1
39772
75175
32210
17941
10108
13448
-1
8223
-1
28553
55811
-1
1796
9869
72999
6581
52966
-1
2052
46442
44352
64096
96447
-1
87109
30832
-1
-1
56064
-1
55461
9273
39662
59690
54802
2176
-1
75161
85710
-1
-1
-1
34772
30964
-1
91591
38806
-1
26170
71093
8113
63811
44904
-1
13298
86031
-1
60309
27728
68429
-1
-1
30084
36976
-1
90170
38932
-1
-1
32956
-1
98540
40327
563
85599
-1
-1
-1
-1
-1
29996
29747
18197
61382
-1
69246
71789
-1
82629
23277
-1
45231
13811
4210
-1
-1
-1
29765
-1
63000
53609
60839
39607
57933
10574
37926
11328
-1
-1
42666
29074
-1
56225
47129
-1
98755
-1
13887
8410
-1
-1
-1
86578
38046
24364
75121
-1
32870
68586
-1
43824
3707
72368
-1
61486
-1
6826
46114
33189
40639
-1
6188
79507
30448
-1
-1
-1
81386
6947
59865
-1
-1
93399
38988
28093
-1
-1
2941
91642
40202
96293
27153
34105
81119
21196
74198
-1
22568
-1
83494
16361
39482
59075
-1
62427
36340
54623
-1
-1
90448
-1
69420
43039
2633
58037
97798
27102
93394
19760
-1
-1
35746
99891
67667
-1
37282
-1
-1
-1
71319
-1
58678
36881
-1
31875
-1
8177
-1
-1
56792
34201
74886
-1
-1
-1
-1
-1
49955
54
53950
9014
-1
32182
80467
77016
-1
-1
-1
28322
-1
45922
-1
43517
-1
828
-1
24195
-1
-1
45956
27727
88128
-1
86291
35548
79154
-1
92799
32144
5057
2403
96963
36283
-1
43642
76696
-1
28237
32841
89669
-1
-1
7019
80634
-1
-1
-1
61064
-1
22846
-1
55606
34688
-1
38503
-1
-1
27394
-1
82782
21382
5852
31994
94306
14294
-1
40184
50089
21816
-1
-1
70980
95176
62267
-1
40567
85232
-1
42103
-1
25237
-1
45015
26909
-1
-1
44557
-1
62453
62261
89765
38107
-1
-1
-1
-1
-1
13218
26986
15771
47870
9753
40378
19321
29509
19617
45315
13931
94940
47865
-1
79916
66429
6867
7342
70934
9985
-1
82795
16018
-1
-1
-1
6794
6467
-1
-1
-1
58271
13150
50714
80228
6558
-1
15551
23927
67965
89947
63103
56893
-1
-1
97327
6763
-1
63730
-1
23438
12572
93284
15149
-1
49085
22187
23189
-1
55485
-1
-1
-1
85118
82322
-1
60051
-1
23056
-1
33679
89883
90471
-1
-1
-1
21411
94914
-1
92508
-1
-1
16034
96109
-1
-1
-1
31519
-1
-1
-1
-1
33149
-1
6835
-1
19127
-1
-1
-1
35030
-1
40855
-1
21337
99723
16984
90478
44176
-1
36894
-1
-1
75356
-1
23685
-1
79138
32753
-1
-1
7730
53769
6550
88406
6130
353
7691
-1
-1
73635
18468
57223
17734
1951
87406
10932
-1
-1
30154
2368
-1
6051
83725
60644
-1
1254
99469
-1
32263
-1
-1
-1
-1
-1
-1
30647
50325
13713
15982
60454
4993
8693
-1
12798
-1
57931
-1
17819
-1
46252
75742
20712
181
-1
-1
-1
-1
43694
14543
-1
-1
-1
700
-1
44466
2168
11756
75418
-1
96039
9338
-1
28698
47478
-1
29208
39488
-1
-1
16007
-1
-1
-1
43917
17397
-1
-1
3641
-1
-1
55147
-1
-1
-1
-1
26247
16557
51499
19129
38059
6737
90056
3380
-1
33860
49178
50789
33529
52673
54668
88312
51705
21235
78380
-1
26217
68397
-1
-1
86520
-1
64591
99237
10431
60409
36752
39823
9472
3459
84496
1684
-1
-1
96744
-1
97533
-1
-1
-1
-1
48414
-1
-1
85593
39005
96564
39113
-1
71600
85469
35937
-1
26870
69448
75120
-1
-1
-1
-1
-1
-1
79283
-1
-1
35881
72507
40812
-1
896
25057
15159
-1
64742
29947
-1
26511
13317
26180
61350
-1
57022
2195
52173
14572
99909
-1
1907
30452
-1
48120
43636
42900
-1
-1
-1
91174
-1
-1
63146
-1
6528
36863
16920
5752
15999
-1
42861
73002
-1
11557
83715
22484
-1
37265
-1
79377
7052
-1
-1
-1
3774
20556
-1
22264
-1
13646
-1
28170
48742
47242
85721
48491
-1
95719
57741
36983
41060
-1
-1
29725
-1
-1
3204
-1
34823
-1
68187
45613
-1
63312
-1
76679
-1
57204
-1
74571
37734
-1
45255
14788
23856
31096
-1
68599
-1
8475
-1
80393
-1
87936
-1
-1
-1
15061
-1
14899
-1
34204
-1
-1
93240
10869
-1
50803
95624
76727
21413
32993
-1
27556
-1
80840
-1
67789
25983
715
-1
-1
-1
-1
4760
27570
94306
-1
1520
-1
-1
15913
67582
5956
-1
29325
-1
-1
19969
93338
9205
12956
24076
-1
-1
45816
30074
48706
15606
37358
40854
56859
7911
49356
16518
45922
90962
-1
88583
38630
16737
84342
14259
-1
-1
13425
34517
-1
50778
42715
-1
-1
38334
-1
23930
-1
21196
-1
21262
78664
-1
-1
71656
25243
56376
72664
-1
78241
-1
-1
-1
-1
11788
-1
72711
-1
-1
42120
36931
48341
-1
-1
-1
13698
23844
39262
49538
41184
55127
-1
-1
1485
41158
-1
95195
-1
40192
18360
95173
-1
80685
-1
66465
47944
-1
51813
-1
-1
-1
71344
93270
-1
-1
48926
47022
-1
-1
-1
-1
39487
12678
37790
21999
-1
-1
-1
17902
33237
65614
35116
1247
25949
56427
12767
-1
11482
18393
16895
36400
-1
70781
64392
22254
15399
7043
94468
70730
91599
49637
53919
38878
49541
96973
56916
-1
55128
5716
8539
-1
23311
29569
-1
32819
-1
-1
-1
80989
2671
-1
-1
17560
86155
74783
-1
53584
95182
-1
-1
12659
37079
-1
23584
-1
55770
21733
-1
67047
87788
-1
-1
37029
-1
99517
29434
-1
17626
-1
205
53021
-1
-1
99072
-1
87749
2092
80357
21985
59882
64717
23574
5285
51815
90430
-1
70046
-1
-1
33219
94196
11262
72899
-1
27102
8052
-1
28396
69386
16902
11785
52804
-1
-1
49575
95390
31124
32422
-1
27151
1877
76699
80147
93957
-1
-1
68221
63810
37750
71655
16907
49218
60572
5347
73454
39464
29091
-1
-1
25930
-1
-1
42753
40481
11594
2020
-1
33941
54723
34964
87564
13612
-1
82974
25997
2918
82501
-1
74778
-1
-1
36733
72310
95256
-1
74646
37708
1897
-1
5667
58427
47517
64962
-1
23872
36913
17974
22547
-1
55970
45361
17628
30317
10937
41556
-1
90102
-1
36704
51896
21889
11084
35919
26810
-1
-1
-1
19713
-1
-1
24480
47909
-1
-1
46661
-1
-1
49057
24396
72009
-1
34013
-1
-1
-1
-1
59917
-1
14541
5281
27547
5972
29978
74492
37525
-1
-1
-1
72988
-1
-1
-1
35601
47851
39147
82766
-1
22601
14563
-1
39781
21348
-1
59933
28290
-1
52560
-1
36264
10287
71617
19613
41325
37493
-1
-1
24254
54004
-1
-1
-1
-1
-1
42892
-1
-1
-1
61145
80402
-1
20448
40984
53989
68207
24456
50121
-1
95839
-1
-1
34157
-1
-1
22463
-1
42715
-1
76543
-1
-1
33406
-1
43293
4557
46672
7645
-1
82920
97282
19907
17731
-1
52570
38913
-1
-1
-1
-1
66421
65503
-1
30574
47798
-1
-1
7564
10745
31486
8472
60265
-1
-1
70932
50071
35921
4023
41242
-1
1939
96611
66032
99025
-1
-1
83674
28312
30751
-1
-1
95785
42728
60446
85907
-1
-1
38590
-1
4030
-1
-1
67136
-1
54776
-1
-1
68466
65142
42021
-1
5719
-1
75871
14934
85883
51423
-1
82078
82117
-1
14801
39888
-1
11329
-1
81457
19588
-1
19367
-1
39395
-1
15457
-1
-1
-1
34337
81965
26029
-1
-1
47741
-1
-1
68369
57813
92376
72200
-1
60682
29877
-1
-1
-1
52052
-1
-1
1640
3487
13036
1337
81802
-1
12457
98218
-1
60471
31567
-1
89130
-1
9200
96887
93497
-1
21925
-1
2798
1172
-1
92795
-1
-1
-1
51589
53733
31228
72350
21528
36925
-1
-1
28329
82281
35940
36494
-1
71496
27818
-1
25343
54043
-1
78836
40493
43873
-1
57795
-1
13698
13503
59963
83341
69251
2254
51943
133
67206
74026
-1
-1
-1
-1
-1
-1
-1
15457
-1
16545
-1
34800
97368
56525
243
-1
-1
-1
-1
92983
31139
41158
-1
-1
65072
18246
-1
31329
-1
96551
-1
-1
16007
-1
36851
32627
42559
82944
-1
79073
25815
43299
2276
70341
9014
-1
31839
41203
-1
1456
50458
-1
-1
8755
-1
2027
72577
-1
-1
43818
-1
76771
8040
99349
14995
-1
-1
-1
75764
36147
4147
-1
26677
25202
-1
-1
-1
-1
17329
2648
41980
38884
-1
-1
-1
8252
7891
13231
-1
89689
-1
17286
-1
19698
8584
32996
63576
-1
47923
12094
3561
-1
12374
60644
-1
19216
76278
-1
53571
24995
-1
61340
91440
-1
36957
20556
84317
-1
-1
35772
-1
-1
17998
-1
-1
8567
4300
-1
43839
21470
56466
87524
5159
32047
98476
7379
76799
57241
-1
-1
34595
76177
-1
-1
74892
13054
-1
-1
30273
60236
66320
25596
61767
-1
89967
87175
-1
-1
41672
67262
50900
-1
56455
3080
-1
-1
-1
68028
-1
-1
63537
13251
-1
22282
-1
45341
89252
3753
43657
4304
61745
15462
14450
4308
-1
55392
34111
3214
71329
-1
52664
3007
-1
85951
15550
34105
37180
17462
-1
92984
44782
49260
14144
-1
-1
-1
43147
-1
11541
-1
-1
-1
37003
64503
-1
-1
19335
6021
-1
27178
-1
-1
27470
-1
41980
7567
-1
6152
51687
10990
19889
-1
-1
-1
30552
-1
4374
-1
38866
-1
-1
37927
72340
-1
8367
771
51258
-1
-1
35175
27814
-1
58948
54869
12906
13117
-1
56849
46541
-1
-1
13181
23320
-1
24904
-1
-1
39962
10679
14124
-1
51484
-1
-1
-1
-1
72268
-1
-1
-1
51560
-1
91937
-1
-1
-1
84223
-1
43770
-1
84600
-1
-1
16111
61604
52207
-1
75927
11757
38622
-1
18693
-1
-1
29997
-1
33804
1900
22793
74091
52844
-1
54004
96319
60700
-1
-1
35457
-1
1785
-1
-1
-1
-1
3730
-1
8434
7627
68368
13090
-1
-1
10743
-1
78650
-1
86444
-1
50832
-1
57035
93819
-1
66164
92854
73592
93594
22426
-1
98737
-1
-1
-1
-1
-1
-1
933
-1
33341
85591
2969
10318
-1
-1
44675
794
91868
-1
54161
4082
45991
42597
-1
4169
45562
-1
69255
-1
60975
67789
1232
75884
-1
39431
43091
57206
-1
-1
-1
-1
17071
-1
-1
-1
58480
20393
62371
77502
31384
-1
63030
16193
41981
70905
48742
8433
67532
57170
-1
-1
-1
-1
-1
9258
-1
30701
76852
-1
71830
34590
-1
-1
-1
-1
89826
79096
28302
62380
-1
60092
5322
577
-1
2261
39695
73565
-1
63864
632
73002
-1
-1
2832
-1
-1
59605
46144
13056
5706
21402
-1
-1
68689
-1
-1
-1
89302
34526
55231
58365
52259
-1
6105
31502
82821
67567
-1
51409
97864
-1
55354
68996
-1
-1
41930
60771
151
-1
5900
48898
-1
77698
46742
86622
-1
75825
-1
41817
-1
95815
-1
35688
85443
-1
70132
48960
-1
-1
-1
49799
-1
95245
14226
-1
61699
13338
33
53462
-1
-1
66153
-1
47995
-1
-1
21135
53933
-1
49749
25901
52712
682
13123
38242
97725
21985
31246
22553
-1
-1
71199
-1
78809
-1
28720
69063
92071
-1
42049
28925
-1
93073
72984
-1
-1
-1
8976
-1
94850
6890
23014
-1
27803
-1
60310
58896
-1
9043
33497
90440
-1
-1
29088
48486
58171
-1
10767
35407
53131
-1
22832
1710
11896
82377
49386
45516
57509
87103
-1
15968
71107
44904
46107
8121
-1
6248
-1
-1
45926
91235
81446
13713
68481
-1
96231
-1
-1
29468
15381
13831
-1
-1
-1
42281
59954
40876
18042
-1
15754
73433
54134
17109
80063
3632
31040
-1
39004
-1
-1
23984
-1
-1
56568
84930
56900
-1
21537
-1
52478
-1
53936
44100
-1
20596
-1
-1
93460
12819
46636
70583
-1
-1
-1
-1
38126
1694
-1
14937
5627
929
-1
95787
31126
77368
9673
50282
11097
-1
38639
23667
59567
-1
-1
33909
-1
21605
44791
-1
47437
26468
91136
-1
5667
2276
2859
2044
24115
-1
-1
-1
25074
16180
-1
1248
31484
25708
-1
58497
-1
-1
47173
13230
24918
26621
-1
93108
-1
51037
-1
26468
86720
57561
1801
27725
-1
-1
36631
-1
17093
73726
67883
52161
19336
89225
40841
-1
21572
74241
-1
-1
56423
59666
-1
23809
84145
55543
71129
-1
21816
93897
-1
-1
23742
-1
-1
-1
-1
44334
9212
3850
56975
-1
-1
41479
26232
56247
14707
-1
-1
-1
78748
227
83544
34982
4781
32187
-1
-1
57972
18351
-1
7511
-1
-1
35760
46270
50598
72342
-1
52713
29556
-1
52066
-1
43583
22056
-1
97238
47904
-1
20929
-1
-1
-1
23966
38694
-1
2611
-1
60391
25805
-1
-1
34965
16234
57673
65722
95053
-1
21323
-1
-1
92512
-1
50430
-1
-1
-1
85465
2789
52062
40479
-1
84126
-1
-1
55536
89891
91894
75573
20957
71062
82847
67460
-1
37790
76668
21900
-1
22662
-1
62822
-1
-1
79730
37466
-1
91002
86795
65134
-1
64813
60847
-1
-1
38467
-1
29267
79009
-1
27170
-1
25869
65762
86574
-1
51604
-1
93062
-1
-1
-1
85444
50153
67597
3599
12428
-1
30487
-1
72280
5034
-1
75280
43570
-1
4673
-1
47214
76678
-1
29521
33488
63348
61772
85416
-1
91145
55614
-1
79512
78775
-1
80743
24345
50085
-1
-1
13309
-1
55514
15551
-1
39917
-1
34362
-1
73887
-1
27400
-1
-1
98511
63533
15339
39128
-1
58921
68622
18227
168
17804
46525
92694
65372
-1
-1
-1
-1
13150
65303
21793
-1
-1
58044
-1
39543
82707
36007
59963
68258
90311
-1
23910
80678
50509
59872
-1
13152
-1
-1
25270
37318
93295
72307
33535
-1
80789
75283
24646
74165
-1
28795
59856
-1
-1
-1
19773
70849
71934
40060
21140
8574
-1
-1
71313
95032
-1
81443
-1
-1
316
42529
18680
-1
-1
33029
24308
-1
-1
27025
46569
8495
-1
22059
16847
-1
-1
85648
76344
82964
-1
6645
50728
40854
-1
1520
-1
35806
65889
35248
-1
-1
-1
-1
-1
75267
-1
13092
-1
5912
-1
3005
-1
-1
53170
-1
-1
98914
63958
11893
-1
-1
23664
-1
49432
15708
-1
-1
46172
50689
27188
69717
-1
70873
-1
29059
3205
28004
32440
43814
-1
48475
55124
-1
-1
17695
40651
82303
-1
54441
68101
7351
11093
-1
-1
27271
9666
3436
6813
2665
-1
98285
-1
-1
61548
24866
61790
13241
25688
-1
22923
-1
94448
5009
35947
-1
-1
215
-1
52503
-1
-1
-1
81075
62166
15208
53402
61491
60585
23529
56667
42119
-1
7439
34546
22125
-1
55702
-1
64068
20856
78922
25484
91361
-1
-1
53556
-1
-1
-1
13130
12093
-1
-1
41427
64007
-1
-1
68649
93662
-1
78012
52777
-1
-1
20606
9813
37663
96068
47987
70707
-1
13931
-1
-1
64773
10309
-1
-1
13722
69886
-1
-1
1316
65762
66231
-1
-1
12504
-1
56084
88333
290
-1
50175
-1
3728
-1
78968
50711
-1
-1
-1
-1
-1
45039
-1
9876
-1
16755
-1
83166
-1
40083
51316
-1
81693
85970
30871
-1
39585
7706
-1
4320
-1
67672
-1
61408
32405
55444
86783
27
26225
64776
13686
63792
67983
13553
-1
-1
11755
51789
-1
-1
10345
35760
-1
33234
7440
28874
-1
17489
-1
8241
64912
22828
-1
-1
33814
-1
-1
27636
-1
46052
65984
29575
15650
85484
65371
69747
51033
23268
40521
-1
19819
7074
-1
11002
-1
74968
35409
-1
38410
88469
-1
33960
-1
-1
72535
40727
-1
-1
-1
13045
78574
-1
12766
-1
-1
-1
-1
-1
50254
-1
69486
-1
-1
16419
-1
16588
-1
45106
2685
59073
-1
13116
20710
-1
71308
26847
79711
39175
87267
69026
-1
-1
-1
-1
-1
-1
845
-1
-1
-1
25972
9072
7551
-1
-1
-1
-1
-1
-1
14117
-1
-1
52410
93768
28033
73551
311
59128
54567
30615
86227
39276
-1
-1
14456
26218
12206
-1
-1
21324
80576
20850
88056
63059
2800
-1
-1
37216
61003
-1
6866
-1
-1
-1
93200
33729
6224
10247
10070
34437
12500
-1
-1
5565
24790
21865
23141
48094
20245
-1
40060
-1
73448
41251
-1
-1
-1
-1
-1
28391
-1
4994
39118
96342
-1
-1
19171
-1
12027
10723
54244
41277
16346
6380
22396
78166
40990
-1
-1
-1
-1
-1
-1
27170
50806
89199
89179
-1
-1
-1
99488
-1
88532
64740
91091
19473
6255
63097
78956
17374
89277
33221
26637
90198
47337
62023
-1
3025
22382
20658
-1
81044
25981
65158
-1
-1
72924
94320
51668
31363
31922
78849
-1
-1
77316
-1
1846
22875
69384
34858
56893
17035
49972
91083
-1
9366
32081
46647
42765
-1
-1
11604
91999
91234
-1
73221
27749
-1
-1
27281
-1
16393
5877
-1
-1
34117
9384
66238
-1
73802
-1
-1
-1
-1
32019
48053
-1
54780
12288
19749
48382
6961
-1
-1
-1
87182
-1
-1
-1
-1
-1
-1
93083
-1
-1
67888
-1
-1
4692
63576
-1
45894
27300
1679
-1
21925
31296
38789
-1
82050
-1
-1
89741
3269
-1
-1
-1
-1
23493
46677
44346
-1
-1
45398
6826
-1
79811
-1
-1
50287
-1
21235
27547
-1
-1
61313
21158
16201
21592
56878
84275
-1
31205
-1
63364
-1
71300
-1
-1
-1
-1
-1
-1
5334
-1
55719
25838
22840
63380
42113
-1
17215
46428
11926
61630
98211
-1
50785
-1
-1
93731
-1
29596
3361
-1
-1
22345
-1
-1
27999
-1
35112
95305
-1
-1
-1
-1
37358
-1
40008
1272
-1
17920
36730
52153
-1
26139
74613
20280
-1
-1
57225
90130
-1
40303
72911
66868
10
87696
-1
23843
33775
-1
58098
75802
3339
-1
-1
92230
2279
-1
90183
-1
25585
94487
68932
-1
40639
577
59465
-1
7304
6880
13578
39675
92722
28056
67934
48124
62269
-1
9117
97657
-1
4842
20396
98374
-1
5512
74281
24377
2840
-1
-1
16664
11028
7363
-1
-1
12247
28416
37029
25760
68642
-1
75453
41573
19727
85536
64082
24480
64708
-1
83742
20226
-1
-1
87741
-1
32710
49373
-1
53235
10697
81288
-1
-1
-1
32388
-1
97801
-1
10662
-1
9607
27999
83271
-1
-1
-1
98093
55760
51768
-1
81959
-1
-1
-1
48627
83787
-1
47864
-1
4763
-1
-1
-1
-1
91660
-1
-1
2053
24910
80619
37343
38437
21519
46457
14601
52081
-1
595
-1
-1
-1
43166
50726
39671
25460
39524
36145
-1
25577
-1
-1
6973
20497
-1
56539
-1
64550
40252
-1
31420
81812
8544
-1
19097
10809
95321
4338
22256
63162
-1
12373
3491
83193
30681
-1
49667
72557
18928
82267
79643
50191
73362
48387
60839
-1
-1
39458
1344
26725
64068
10620
41533
68074
91675
1263
40785
28599
-1
-1
2218
39281
-1
-1
-1
20536
85559
694
-1
-1
4560
68735
42023
15776
-1
-1
71388
76463
25999
3963
69524
-1
-1
39286
-1
48135
86827
21985
16262
87931
36282
7555
11157
69117
-1
12752
-1
10051
13511
52472
-1
7664
-1
61796
47437
3430
-1
8880
54440
16926
64
27739
-1
-1
57642
72804
34104
84147
97922
13338
-1
29921
-1
11748
-1
-1
-1
-1
22754
34391
39795
88147
-1
73344
-1
-1
63454
-1
46853
-1
11484
72655
-1
-1
69131
-1
15700
23307
-1
44583
29524
71668
52822
92152
82686
13762
56123
79626
7172
-1
-1
-1
-1
71426
23509
74042
-1
12578
73498
-1
19351
-1
16928
97309
20407
-1
55363
47825
-1
-1
-1
21074
-1
67382
-1
20980
45673
22599
-1
-1
7940
75831
61325
-1
-1
22091
-1
23704
15056
-1
-1
95737
36224
16229
3867
33191
68032
49929
-1
60621
59216
54021
34683
-1
51033
29219
63374
14474
-1
-1
-1
-1
22784
-1
-1
-1
14156
-1
-1
75713
-1
66498
49183
-1
-1
96645
-1
90899
61429
-1
51785
39254
-1
-1
77695
16415
14797
-1
14106
60361
12021
14558
45138
-1
78128
-1
-1
-1
-1
16952
-1
12757
-1
83838
14148
52404
37525
-1
-1
20161
-1
-1
-1
-1
2830
-1
41222
72004
62852
51758
47689
7818
-1
10152
-1
89131
54233
609
-1
-1
-1
20031
-1
-1
95218
52473
36324
21632
60797
68824
30900
1108
-1
63205
-1
-1
93470
-1
-1
-1
3127
78176
-1
-1
18927
65840
66542
-1
17766
-1
57677
42156
-1
14563
60289
70440
78327
2615
72970
-1
27681
64165
-1
-1
40625
18552
855
56840
-1
-1
22854
12919
35201
9130
-1
57381
25709
-1
32450
13945
84325
-1
60630
-1
97964
-1
96496
62692
57931
-1
-1
-1
90869
26633
79550
22125
40348
27069
-1
69302
51114
22701
6445
33685
-1
45163
3306
80860
20081
-1
36421
-1
-1
19887
-1
-1
-1
43201
75317
28681
64466
14247
8697
-1
-1
49400
25608
50421
-1
-1
71065
20989
92961
21185
-1
-1
-1
73359
-1
62603
-1
-1
32743
-1
-1
-1
-1
-1
37501
21320
9397
95765
12292
-1
-1
17935
46440
28271
37298
4532
14871
55439
1602
-1
54368
6255
68873
-1
99345
-1
51047
-1
99177
89634
-1
-1
-1
6798
27955
11728
6953
14164
1908
27110
81162
15230
-1
48332
-1
-1
-1
3873
6867
26232
-1
-1
-1
58925
21385
-1
83294
37187
-1
40901
19308
11902
13459
-1
-1
86031
64391
16734
97269
-1
23675
19750
68496
-1
-1
-1
57048
93
79712
-1
55398
76513
67392
-1
24514
79332
20665
31611
82506
-1
32679
-1
12659
-1
65681
59518
16222
41684
-1
-1
-1
18852
-1
48041
-1
-1
10448
991
-1
55908
66833
-1
-1
47587
-1
5027
49041
43837
-1
-1
-1
-1
53268
90700
39917
21203
-1
-1
48905
-1
21641
-1
94518
-1
-1
45467
18976
-1
9935
71892
89932
-1
60501
43732
82796
7522
-1
89130
-1
94804
34264
-1
1079
-1
12091
47003
39641
85616
-1
46083
-1
39727
-1
45497
-1
44750
-1
-1
85695
19517
36583
27476
87298
39713
-1
80716
-1
-1
50668
-1
68088
-1
-1
-1
84218
25901
67502
91120
-1
81800
-1
-1
60662
-1
61732
-1
22832
18462
32495
80097
-1
-1
77822
50979
-1
-1
-1
-1
-1
49006
54966
86702
-1
35841
34814
-1
28404
30456
61444
15324
18808
-1
52897
-1
3082
51258
64722
-1
21883
21964
-1
-1
57910
-1
5483
-1
-1
67161
71656
-1
10543
-1
-1
-1
-1
25177
-1
82504
-1
-1
-1
97266
-1
-1
20278
-1
80688
7218
19646
19570
-1
-1
-1
-1
-1
40498
-1
44644
55197
-1
25065
14756
-1
17705
-1
66085
60326
71323
80904
63100
9413
20041
48137
41054
9132
54019
15009
-1
-1
32057
17278
21728
97757
-1
17850
16507
63366
43546
21567
-1
-1
-1
-1
81991
-1
59906
-1
57484
47369
79638
16481
7433
-1
-1
15626
15364
-1
-1
97622
14387
-1
-1
13490
-1
-1
-1
38353
10438
-1
-1
-1
37427
70785
-1
-1
18526
84960
-1
31566
-1
-1
16614
13434
54120
-1
61330
51964
16356
96277
-1
9168
-1
17572
-1
56951
15926
91457
-1
63606
24495
78237
-1
40754
27595
76537
-1
83374
-1
36479
11480
-1
-1
-1
-1
-1
88519
30162
80512
1059
-1
9401
-1
85971
31574
-1
56321
3165
-1
-1
-1
98912
-1
-1
-1
36892
-1
-1
84135
99045
12538
23217
96691
75128
-1
54162
3237
21203
46756
-1
73927
64450
3270
-1
96258
13698
-1
-1
-1
-1
-1
-1
-1
-1
16222
65846
47975
-1
78515
-1
-1
-1
24801
-1
75270
44967
31296
-1
62248
-1
76929
-1
-1
31327
-1
-1
71872
41516
65846
30884
68398
39278
14211
84302
-1
32134
55444
67330
46021
31196
-1
-1
-1
-1
28927
88065
35745
8916
21050
22510
58632
-1
10561
-1
-1
-1
-1
55223
51411
-1
-1
9445
31641
37398
301
54576
-1
97262
30128
75174
10488
-1
28847
91927
-1
2020
91545
-1
50791
66066
71660
771
81655
44355
83166
45779
-1
51270
41079
82176
-1
45111
67817
56834
19776
73968
70011
25001
82046
44654
93271
29726
19859
-1
16191
90491
-1
-1
30186
-1
-1
60973
85195
59535
25594
-1
65353
64193
-1
-1
41580
-1
-1
92802
30985
69520
-1
5158
40997
3436
-1
33755
-1
45945
27982
57299
-1
44207
-1
-1
10793
-1
9474
-1
82620
82486
1853
64587
-1
56936
39772
16478
67060
-1
36886
-1
-1
98524
28145
67575
26048
22278
63537
86179
57893
-1
33068
8384
-1
1182
-1
14524
-1
48422
44187
25102
-1
80209
6773
38265
-1
-1
-1
-1
3689
28813
-1
29841
15252
-1
91857
-1
43919
-1
-1
-1
13229
65492
41397
86790
24285
-1
-1
87161
15514
-1
90275
37498
65123
2873
776
19624
78462
1437
-1
5563
59451
81414
20141
-1
-1
88428
46577
22588
-1
69441
78076
-1
47488
41109
-1
29139
12077
-1
77865
-1
36589
-1
91745
55383
-1
20196
-1
-1
-1
63282
-1
-1
89652
33935
-1
72159
-1
-1
-1
98511
72386
84303
90567
8706
-1
70078
-1
22065
12106
-1
-1
-1
4794
52984
-1
-1
1151
-1
67626
77417
33181
-1
20393
-1
28763
33955
39864
49414
91586
10662
42658
-1
82841
-1
-1
-1
10633
-1
-1
14543
-1
-1
-1
-1
6794
-1
53387
54193
29423
-1
69215
52423
6138
50806
-1
-1
-1
-1
20143
54790
-1
71892
56897
-1
-1
48319
27991
-1
11677
-1
-1
4535
14233
93468
2693
23812
-1
60157
-1
4842
-1
51330
-1
-1
-1
12467
45340
71308
40974
-1
12258
-1
70893
66773
8128
-1
-1
7830
12448
69555
68216
-1
-1
-1
-1
-1
5441
-1
56959
-1
55550
-1
27525
22100
13569
77563
-1
-1
-1
-1
15021
34752
47914
81224
19210
16463
-1
19442
-1
45400
31967
-1
-1
80023
63780
79500
99583
-1
70068
35030
23841
22302
34858
-1
13833
24531
63641
28689
48577
17714
94750
95575
10771
-1
637
-1
-1
28093
52604
-1
4496
14167
-1
-1
-1
7228
4118
-1
13637
-1
-1
-1
-1
2441
4981
-1
37670
-1
-1
56156
36702
10388
99278
-1
4563
-1
36869
9286
-1
11939
-1
-1
73737
43573
67072
40001
88530
80466
50689
-1
74968
42531
-1
38434
49705
26328
28416
48318
-1
-1
-1
65498
82637
10730
25730
20761
-1
59000
82528
3936
-1
99945
-1
34953
-1
57361
-1
-1
37845
-1
2763
-1
22547
8309
46482
-1
18358
27026
7513
-1
6349
52499
91524
19195
-1
7647
-1
96797
95542
71864
95528
61197
44667
-1
3055
-1
45567
93209
-1
17329
-1
-1
66027
92302
8431
-1
-1
72321
92405
-1
82445
81379
66719
-1
16171
85199
32811
-1
60105
24537
-1
25585
-1
-1
20761
-1
62718
-1
71179
29273
-1
55656
68020
-1
8686
33895
-1
18927
26019
-1
1590
-1
26013
-1
19588
-1
27434
53534
-1
-1
15541
-1
60352
80862
79205
-1
21591
22202
23630
1260
7068
5047
76702
-1
31496
-1
68088
2446
-1
27869
95693
-1
-1
6007
25918
25868
-1
40512
39059
84848
59781
80919
45062
-1
-1
-1
-1
-1
13890
-1
-1
49021
19242
38461
-1
-1
4801
62038
-1
31716
-1
6089
-1
-1
1601
-1
-1
88195
37597
77346
63014
35485
92510
-1
22240
54071
45062
-1
15519
-1
28785
-1
-1
-1
-1
45863
2830
-1
27530
-1
-1
-1
87922
41932
12844
41689
99682
41390
-1
86470
13181
12629
-1
25474
-1
11419
3890
-1
67021
-1
-1
-1
-1
25193
-1
32938
43870
16530
63153
18255
77306
36693
-1
12714
-1
91084
-1
3649
20617
96601
-1
-1
-1
49586
-1
-1
24657
-1
13395
44601
-1
84099
77860
19588
19267
-1
-1
76608
28404
-1
29740
-1
8569
-1
46232
83660
12612
7155
98397
-1
16247
48231
78679
-1
-1
52478
8745
2195
65462
22948
43523
-1
7990
-1
81701
32674
21278
80298
10894
84714
-1
12535
-1
54567
37746
51819
39740
-1
78126
68581
-1
-1
-1
-1
30327
44438
57479
-1
97511
-1
60507
81020
-1
49243
49035
-1
-1
88273
37774
-1
65932
-1
53863
62226
10206
-1
-1
-1
57260
18253
-1
-1
66639
71622
61365
20748
56456
44437
1183
-1
44622
35409
81447
41067
33678
37192
-1
15395
27218
-1
2304
31521
41392
33192
59346
-1
-1
58966
58171
68911
98337
37155
10062
91210
16794
-1
-1
-1
67386
99498
-1
14616
33027
-1
43911
-1
81483
-1
65834
94119
-1
48216
-1
11527
20181
-1
-1
28410
57203
16557
24560
36592
15007
79569
-1
-1
16350
-1
12488
-1
-1
26263
-1
-1
-1
-1
-1
13092
32701
34868
72816
37243
17035
28436
39381
-1
7889
62121
-1
98905
34363
59891
-1
-1
-1
80029
10186
12915
93129
-1
40196
-1
-1
-1
-1
99153
89871
-1
77225
156
-1
27981
39931
17030
-1
5896
-1
-1
-1
-1
-1
5203
53213
43060
-1
-1
10713
40328
10706
-1
-1
84251
-1
38676
33146
-1
-1
679
-1
70534
18215
-1
-1
-1
29457
51513
78619
-1
96632
32891
94181
-1
28545
-1
72682
-1
-1
26341
53922
-1
-1
32623
6197
51494
55355
93003
83555
-1
-1
28329
17932
63133
11756
-1
89942
22375
81174
71522
-1
-1
-1
76547
39187
32235
-1
-1
-1
61921
34728
1877
23866
-1
33883
14510
53068
4154
5760
9910
-1
-1
-1
-1
42931
17341
9575
68517
5508
48153
-1
-1
-1
67743
-1
31976
39398
8230
55588
-1
-1
82712
13917
57498
7186
-1
-1
3427
-1
-1
65398
-1
-1
-1
72734
-1
-1
-1
-1
-1
23072
29991
-1
-1
70263
-1
56063
77578
-1
-1
19627
94952
-1
33776
22147
14069
18482
-1
81561
-1
-1
-1
62442
12191
-1
59590
55684
22515
-1
-1
66466
2317
30441
27670
98491
93819
-1
37306
-1
50636
-1
13127
19050
19019
31719
-1
-1
61425
40060
84682
90420
-1
56128
71196
-1
32488
75458
26562
11545
45662
-1
-1
34082
-1
-1
-1
18555
51601
96538
