50 131
44 25
4 34
39 36
15 23
38 29
8 14
35 13
33 28
39 43
34 13
27 7
14 12
1 37
32 25
44 9
18 29
35 25
14 27
45 4
42 16
7 39
42 11
13 41
14 22
27 12
38 37
29 18
49 35
1 25
37 4
21 36
28 37
33 14
36 14
42 1
7 9
37 40
23 22
36 32
39 11
29 21
44 17
29 44
41 29
47 6
45 21
30 22
48 18
32 38
30 2
30 35
41 9
39 40
12 32
40 14
32 49
22 27
33 45
26 46
20 7
20 8
25 32
28 7
12 42
26 50
44 43
31 49
5 14
48 50
7 1
10 30
43 34
33 50
20 38
28 47
16 46
41 15
24 13
49 2
17 1
34 18
13 48
21 8
22 39
42 25
1 14
12 25
23 35
39 6
9 20
20 11
4 46
16 26
49 16
4 30
1 43
17 27
14 3
41 40
4 24
38 20
39 44
32 9
23 21
19 47
21 12
4 2
15 19
19 45
34 6
49 31
50 7
5 15
25 27
35 42
23 15
43 31
26 6
2 39
26 24
10 34
33 26
25 33
21 29
42 45
8 18
19 6
4 32
37 35
22 38
4 45
8
30 20 25 24 15 43 29 11
30
27 1 44 42 31 47 22 12 26 13 49 46 3 28 19 5 48 35 39 34 50 7 41 36 14 40 38 9 2 37
