69 201
26 14
27 9
11 50
55 36
30 8
42 41
48 23
10 3
20 11
3 31
24 11
3 30
21 27
67 9
5 14
35 2
32 44
50 33
53 38
45 61
54 14
11 41
59 3
20 28
22 38
25 43
15 1
49 52
10 46
69 11
41 16
5 33
67 23
22 55
22 60
44 5
23 36
26 17
13 65
7 56
9 16
34 19
53 12
65 63
66 8
21 25
35 56
68 18
12 3
7 51
35 30
69 27
7 58
58 23
62 59
28 5
18 8
1 50
26 3
67 22
12 11
20 38
33 44
14 37
47 63
60 29
18 19
60 43
38 64
22 13
56 59
4 20
22 16
21 51
2 24
52 39
45 59
19 9
50 59
35 24
36 47
4 30
24 47
3 65
8 59
24 6
31 5
3 48
27 52
68 38
22 58
25 64
63 36
69 43
25 40
45 47
38 66
43 9
10 9
23 26
34 21
33 54
59 58
38 22
30 52
62 53
67 21
20 63
66 59
46 28
69 24
6 41
4 54
14 48
69 31
50 44
42 40
62 8
12 27
6 58
47 41
65 5
56 9
57 40
54 23
19 50
21 59
26 47
18 52
42 64
56 13
6 65
21 42
9 31
50 51
4 59
5 53
2 36
15 47
66 24
4 69
58 18
7 40
53 60
7 63
8 54
23 66
30 53
58 1
53 40
51 21
14 6
5 28
33 14
65 38
38 14
45 3
11 29
57 10
44 15
50 35
63 62
50 3
60 59
66 30
47 26
24 43
6 5
53 31
23 30
46 59
43 31
33 66
53 29
47 67
60 46
54 31
48 56
39 35
63 20
39 50
7 34
48 31
2 31
61 7
63 32
5 27
19 12
36 65
44 32
26 63
58 9
31 41
33 67
63 56
37 33
45 60
11 26
42 38
67 20
66 23
14
17 64 62 33 60 15 7 54 14 16 55 30 66 45
49
34 1 47 49 48 44 59 13 52 46 53 23 65 24 39 6 61 19 22 43 35 31 41 2 27 56 28 11 5 57 29 4 67 18 32 51 38 21 63 58 8 37 40 26 42 20 68 3 12
