59 140
29 1
59 9
30 4
39 7
3 16
18 52
59 18
52 29
44 3
59 25
51 28
12 9
34 8
50 58
20 8
12 42
11 30
16 58
20 26
51 30
46 21
31 17
19 29
18 38
17 18
38 14
3 18
14 27
15 30
19 30
48 16
8 46
53 44
9 13
50 27
31 2
44 26
49 41
58 11
28 7
24 28
17 11
50 34
2 26
8 47
47 21
34 32
59 6
28 42
51 2
17 5
11 13
46 50
9 47
30 49
13 53
22 35
16 56
9 35
9 3
45 35
53 41
26 25
49 26
53 59
31 48
48 10
15 10
46 57
53 12
56 40
37 45
43 39
5 38
53 49
58 44
36 43
52 42
33 27
8 14
19 9
53 5
14 11
20 56
42 36
46 5
20 53
53 42
10 11
47 4
49 35
21 28
59 34
35 43
13 8
55 23
33 19
9 10
39 10
7 51
46 59
17 10
58 37
53 2
36 39
57 31
18 41
1 2
59 3
33 14
53 40
29 11
51 3
24 31
20 6
53 17
19 2
12 32
38 55
56 12
38 32
2 32
51 39
34 4
22 32
1 37
9 25
58 20
27 46
14 47
23 47
24 43
20 14
55 5
28 46
12 27
15 35
57 44
47 51
26 45
24
24 8 2 20 19 7 46 23 30 11 56 38 58 4 50 33 15 37 53 9 5 59 55 47
19
43 41 13 17 14 26 21 57 12 27 6 51 52 1 54 16 48 3 32
