97 269
95 70
92 67
40 54
42 78
86 65
43 17
67 66
60 3
79 50
91 46
6 10
70 39
6 20
14 23
9 3
87 68
60 72
90 34
93 58
76 59
70 4
88 83
46 2
43 34
72 28
29 42
22 75
35 71
86 30
82 75
59 19
69 57
54 42
85 25
55 36
14 46
60 91
87 72
26 27
12 29
3 75
36 57
84 3
62 42
6 87
12 94
46 22
35 10
92 45
56 67
94 42
48 25
45 52
70 52
42 90
27 62
44 61
9 49
28 17
15 43
3 18
64 43
50 18
57 96
12 60
21 28
8 2
31 36
94 29
92 19
12 58
66 18
25 48
2 34
37 14
31 75
43 47
3 71
95 33
93 36
19 43
97 95
61 65
40 47
34 59
73 75
56 87
59 40
23 4
66 23
88 58
83 69
14 81
88 57
52 53
64 50
3 54
97 76
94 74
5 56
65 9
84 81
71 44
96 12
63 38
45 3
74 17
43 77
77 64
78 35
12 36
15 19
96 18
42 88
67 81
8 96
80 11
39 56
57 92
21 42
14 43
10 89
78 76
91 57
67 59
93 97
62 43
68 47
39 20
57 59
53 52
32 53
73 52
79 80
50 69
89 80
25 72
14 51
53 7
12 45
39 71
67 3
87 85
32 17
68 53
10 7
54 34
89 32
2 96
96 23
69 30
28 82
52 36
86 1
19 7
69 44
68 42
4 97
23 73
28 25
37 10
78 65
20 1
73 25
53 88
29 28
75 25
57 38
71 1
77 12
14 85
41 90
77 83
59 12
33 93
78 75
24 52
11 82
96 69
3 78
48 49
67 61
29 32
37 6
40 92
9 11
44 48
75 51
2 90
64 5
84 48
15 91
13 69
41 30
35 22
16 40
2 36
79 85
86 76
2 71
3 39
47 56
19 6
40 20
11 95
24 7
21 83
1 6
19 50
58 61
67 93
54 3
77 34
67 25
22 87
48 43
34 68
4 92
6 47
57 25
88 9
48 39
73 84
8 22
71 83
75 47
68 59
18 23
25 13
62 17
13 10
51 95
15 22
65 5
36 86
88 97
48 21
2 10
23 12
44 20
84 36
82 96
92 72
39 41
36 7
6 51
77 73
17 50
9 91
40 1
34 20
67 89
63 75
11 13
58 81
80 89
5 33
2 37
67 22
78 64
49 8
29 65
88 53
84 87
60 8
54 46
38 11
61 72
40 53
8
90 63 15 23 48 7 55 53
76
30 80 47 46 20 2 52 35 74 57 92 64 72 84 25 96 50 87 81 68 60 43 83 38 32 44 97 19 70 76 14 51 31 86 8 61 45 75 62 58 37 1 29 71 78 24 12 13 22 3 39 88 77 93 21 40 10 16 79 91 36 41 9 85 11 49 42 73 59 26 28 56 94 89 66 54
