25 95
5 25
24 14
7 25
25 20
9 4
13 10
9 20
6 10
16 13
1 24
22 8
7 10
11 19
3 24
16 14
4 20
13 15
8 20
13 22
9 11
10 17
12 8
17 22
1 13
14 18
3 6
6 22
14 3
5 2
14 19
15 6
13 12
21 8
8 17
1 18
23 15
16 22
19 15
23 7
24 9
3 4
12 3
3 2
19 25
15 22
13 18
6 20
8 6
8 13
12 17
8 25
3 23
15 24
25 9
8 18
19 2
13 11
2 21
17 25
4 1
13 6
5 4
19 20
10 11
17 2
23 6
10 16
22 3
3 18
18 17
3 21
12 25
25 1
1 11
10 22
20 19
10 21
3 10
14 13
16 12
20 4
5 17
14 10
17 13
25 6
20 22
18 7
16 4
14 1
7 19
4 5
21 16
14 7
22 11
9 22
5
21 9 15 13 19 
12
5 17 1 11 12 16 24 23 22 6 8 18 
