37 97
26 16
4 7
31 8
22 23
33 37
24 10
25 18
31 17
8 16
32 12
12 4
4 6
27 25
12 7
31 24
9 18
7 8
22 35
27 2
20 15
14 9
37 4
30 9
11 23
13 9
6 35
11 29
1 21
14 18
37 25
36 14
17 24
13 22
32 18
4 33
5 7
10 12
15 14
1 36
27 37
6 3
10 7
20 24
10 27
17 28
23 36
2 19
33 34
26 9
15 19
20 12
24 15
7 27
35 6
27 4
21 7
3 4
25 36
36 9
34 5
5 11
32 1
2 31
23 6
5 20
34 26
31 25
13 21
5 30
37 10
3 6
37 8
13 16
8 21
2 20
7 23
16 13
15 27
29 23
22 30
28 19
11 5
22 7
4 35
18 29
32 20
27 21
18 36
25 11
23 35
8 2
23 14
34 24
28 35
7 30
9 23
22 13
3
2 28 1 
26
23 31 5 27 29 12 21 10 8 25 37 24 35 17 15 30 32 33 34 14 7 19 3 26 36 6 
