21116
47723
-1
57567
-1
16640
-1
53679
-1
81831
-1
88652
80639
-1
-1
-1
78609
30969
-1
-1
63143
98007
27066
86943
27195
30680
21877
50720
-1
63568
65590
15798
43087
-1
92637
56537
-1
8148
10197
75612
36850
70006
-1
-1
-1
-1
-1
43003
33112
-1
65850
-1
74049
-1
-1
-1
-1
-1
-1
-1
93003
-1
-1
24308
-1
84853
12505
44716
11820
79407
-1
-1
-1
24602
68007
3039
-1
92987
-1
16670
53259
12427
13084
8147
-1
-1
-1
-1
-1
64425
-1
-1
59063
54660
70835
-1
-1
4410
65115
-1
58992
7400
-1
14155
8659
4804
-1
83428
1245
50415
27624
67597
42117
16240
80208
-1
-1
-1
-1
86506
38935
11239
-1
30940
93953
-1
49869
95358
-1
49228
48359
54507
2699
-1
-1
17192
64917
60785
55973
-1
-1
-1
19047
90614
20345
38820
48356
-1
31595
-1
-1
-1
-1
-1
89793
3274
-1
-1
38972
66802
-1
-1
68233
96544
1375
-1
6413
-1
-1
2019
-1
13300
72895
59567
66816
-1
30567
74577
6487
-1
56947
-1
-1
1005
45626
53781
-1
1347
40295
-1
16957
-1
21625
-1
-1
-1
5231
49658
-1
73440
-1
-1
-1
20734
2566
12694
72399
-1
-1
50537
75144
33464
-1
95583
-1
-1
64437
25722
48416
-1
72732
-1
54357
936
-1
15296
68590
22563
-1
27337
69716
-1
57299
65567
87130
54720
-1
64197
59846
-1
50769
-1
67888
19785
97714
12938
74504
23523
41434
46017
-1
71480
75224
-1
32241
-1
10205
-1
60524
-1
-1
3654
6404
85862
19365
-1
-1
23966
-1
-1
34970
-1
92470
82631
-1
-1
33720
-1
43408
26712
48205
10098
-1
3812
48824
-1
-1
28476
-1
45117
-1
-1
11484
31608
8176
25486
66188
-1
10634
-1
-1
33945
32329
-1
38492
-1
78397
-1
34240
59122
3654
76227
69383
-1
18054
23738
33945
-1
-1
-1
41378
-1
93754
91800
79485
62867
52920
70808
53031
-1
1828
12235
-1
-1
-1
11278
3511
-1
-1
-1
51063
37048
-1
-1
3805
-1
-1
-1
82915
25295
-1
-1
78494
66537
-1
-1
31532
57122
82312
45617
-1
18687
-1
17826
-1
71971
24231
-1
80218
91876
-1
-1
5060
29834
11915
42962
-1
-1
50076
9875
38760
16941
-1
33402
-1
52104
27118
18293
-1
-1
-1
15468
44886
83794
-1
-1
-1
76556
-1
55267
35934
-1
-1
-1
-1
51051
50873
-1
26998
-1
34997
-1
61615
25597
44483
10489
7873
32081
72195
6526
1111
-1
-1
65092
3023
-1
-1
18997
-1
-1
34650
5574
11007
41376
-1
-1
-1
38584
-1
58938
99855
54532
-1
-1
-1
60862
53343
12657
94650
63287
66019
95269
43311
551
50809
-1
95215
-1
15983
61642
68904
69187
-1
72760
-1
-1
43255
18341
26650
-1
87745
-1
71239
75724
-1
-1
7346
-1
-1
-1
6828
-1
-1
-1
1174
99199
74456
-1
-1
3491
21870
20043
30381
6161
29995
30372
-1
20845
-1
34286
-1
-1
-1
-1
42266
31347
-1
61783
-1
-1
12598
-1
15073
-1
-1
33113
-1
54019
2078
72399
8255
-1
6396
67736
30015
17610
207
-1
24513
77476
73110
-1
48877
52416
-1
-1
1722
80970
30304
-1
-1
-1
45749
-1
65477
-1
-1
35066
-1
46221
35598
34991
-1
-1
-1
-1
-1
28451
55627
-1
-1
-1
2361
-1
-1
48888
41133
95309
41793
85025
-1
86649
-1
14658
96892
38255
21589
51545
81525
12286
58196
-1
36111
-1
44159
948
-1
-1
1111
-1
320
30629
-1
24576
-1
-1
42666
-1
89793
21429
-1
93328
91039
75227
49687
12854
36079
-1
-1
66188
-1
-1
23013
1603
-1
-1
22289
-1
1371
-1
-1
17394
-1
18407
-1
97164
75878
-1
-1
33612
28394
-1
-1
74938
-1
36744
5878
15487
52162
7948
-1
-1
-1
30019
82836
59109
14114
-1
78838
-1
-1
52010
-1
32037
27183
33386
37381
49745
76553
-1
98050
50568
2386
37375
15182
-1
-1
4951
74250
13387
29952
18319
38014
9867
43295
89761
3992
398
46371
50521
-1
-1
92207
80721
19172
-1
40155
-1
80639
-1
-1
39087
22407
-1
4520
-1
87604
-1
-1
-1
19056
77950
32559
-1
42101
54233
64150
-1
24453
-1
-1
72885
65498
12152
61889
2247
38413
-1
85935
1016
-1
56897
97080
-1
6448
-1
-1
21084
-1
-1
-1
67291
-1
-1
90463
42793
1210
-1
-1
21754
20829
69179
85362
-1
34093
56536
24436
-1
-1
87760
-1
-1
58507
-1
-1
-1
-1
9833
-1
-1
1241
-1
-1
40638
563
43288
33763
55587
-1
6365
-1
72595
61401
63434
20008
4020
26232
71164
-1
42965
13860
67955
38981
61452
21644
66847
-1
64437
97348
24835
40860
85966
15521
22039
11959
-1
47945
5985
31661
7866
34764
49387
86536
-1
48150
93418
92301
-1
2084
-1
92799
3819
18361
-1
-1
31166
-1
-1
-1
81249
-1
10950
52342
-1
-1
-1
4847
25116
26313
-1
51712
22055
59797
65071
-1
-1
20135
71799
6138
-1
-1
-1
-1
-1
-1
26534
78252
85686
-1
45994
2645
-1
-1
-1
21659
27240
34303
60892
-1
82269
58429
61989
10589
92577
17693
29264
15505
-1
14442
27266
48507
97436
-1
5308
-1
60180
-1
-1
-1
-1
61267
-1
1234
-1
27423
69653
-1
23379
3972
62838
24748
1101
-1
82207
55640
9304
32219
-1
616
15018
-1
58075
-1
-1
70452
12999
59335
-1
-1
51449
73724
13082
-1
38178
-1
58760
82088
-1
-1
-1
2306
14490
-1
37957
-1
61735
-1
-1
98291
39841
-1
28649
17100
1589
10591
7085
-1
22231
-1
58049
-1
38646
53487
-1
77299
80603
14391
23541
20426
85224
96433
42499
-1
2992
-1
27422
61886
99407
47979
35837
29640
-1
3168
31425
-1
60678
-1
13655
97632
3378
-1
30635
45153
-1
-1
28084
12151
99459
3711
-1
-1
12171
71731
86057
36002
29086
16517
4208
35600
12582
-1
12765
-1
32373
1499
43408
92609
49553
-1
23563
46877
-1
-1
98675
69383
-1
13776
-1
-1
81995
31692
-1
87314
4360
9077
-1
28028
-1
-1
-1
-1
1160
-1
443
30137
8839
-1
21491
-1
-1
20952
73257
-1
74738
-1
-1
42807
85601
33887
-1
3051
1276
13698
-1
-1
-1
63023
28259
-1
61971
-1
33135
36499
56565
30880
-1
-1
88477
57227
97625
-1
47076
4937
77238
32194
-1
71489
85826
42979
78481
17230
-1
70929
57864
92966
9998
11113
72815
-1
-1
66513
-1
-1
27269
38226
17007
-1
-1
55007
-1
-1
31612
75416
99776
-1
57655
-1
21127
-1
-1
-1
60804
-1
34074
79891
43248
-1
17403
-1
87264
-1
-1
-1
-1
-1
-1
15567
-1
-1
-1
48451
-1
-1
34598
-1
95631
-1
-1
-1
-1
19980
37640
46952
7107
-1
-1
-1
-1
53377
-1
31618
80021
72087
35091
-1
-1
-1
-1
-1
91618
-1
-1
30396
33942
34941
5955
81922
-1
-1
46201
-1
-1
8373
-1
77351
-1
29828
-1
88133
56626
-1
-1
23348
-1
-1
70791
74218
24414
-1
26827
-1
-1
35673
-1
-1
5462
-1
-1
5077
55723
41074
65827
24158
-1
18657
-1
53248
79345
28518
73617
-1
45856
77751
8038
-1
-1
-1
-1
60913
-1
55325
-1
-1
-1
34542
90015
18113
12647
81741
88690
65689
59846
88153
68874
5351
67119
19120
-1
-1
93338
-1
408
21745
-1
63630
-1
2704
-1
-1
-1
43248
7044
42737
285
35308
32693
37831
-1
8197
-1
35849
29667
-1
1169
59856
34952
-1
-1
76357
-1
-1
46591
49964
94530
17541
-1
-1
15402
25624
1711
28666
64568
1464
94903
-1
46050
79019
30228
-1
-1
26525
37308
8165
32259
49592
-1
4963
-1
5740
51838
90668
-1
5591
20235
-1
-1
-1
40998
74928
40262
65856
7916
91731
62204
-1
-1
38158
38811
35337
891
-1
-1
5672
-1
-1
-1
83438
-1
-1
-1
28852
-1
34651
-1
-1
-1
70280
6094
-1
-1
67819
381
91952
-1
-1
-1
-1
-1
13178
31448
-1
36747
48833
61148
-1
48356
-1
12427
-1
12507
12169
-1
99918
57759
86303
37929
-1
18893
-1
14151
21970
77827
52913
24706
-1
-1
-1
62934
31565
56342
25462
-1
56512
21042
83988
-1
27039
4413
68550
-1
-1
80756
884
-1
-1
19041
1083
47997
25142
67837
-1
-1
-1
14151
-1
-1
-1
19161
-1
39
60895
-1
29817
-1
-1
68874
-1
20442
-1
-1
24632
-1
31979
27489
36790
-1
48213
-1
-1
42031
-1
46113
10972
97572
-1
64450
-1
33473
-1
21373
-1
-1
66000
-1
58053
94610
33112
-1
-1
59716
40857
13362
24517
25924
-1
12987
39321
43291
86835
58194
-1
5405
-1
12297
-1
-1
-1
4020
43295
-1
-1
99676
98565
-1
-1
-1
62681
-1
50196
-1
-1
-1
-1
46641
42099
13433
91563
80190
76891
57457
-1
88174
3461
-1
-1
-1
41625
5124
10041
50939
84798
28973
95007
98761
93268
93402
-1
96023
10669
-1
35652
30883
58345
2995
10270
-1
19628
51919
489
-1
23882
1471
-1
2733
-1
5408
-1
8184
-1
-1
8471
6105
52918
-1
-1
83152
-1
4717
60221
34211
85541
58854
-1
-1
-1
74026
-1
98700
55748
-1
76011
-1
56999
40615
46659
52066
-1
53285
-1
-1
-1
40172
-1
-1
20181
33861
81124
-1
-1
-1
-1
83830
37058
94948
53238
-1
63434
33682
-1
-1
-1
-1
-1
-1
83156
1623
-1
-1
39234
71137
-1
43755
-1
-1
10391
16494
8636
-1
-1
64236
90174
6893
-1
78088
-1
4757
9204
-1
-1
23099
12068
-1
70445
14254
10764
-1
99232
86884
32203
-1
-1
32327
22505
-1
-1
60917
-1
-1
4784
11321
74670
40731
18688
-1
-1
35982
24583
-1
91577
49318
63740
90709
-1
-1
55313
26371
-1
-1
-1
25324
20926
35855
-1
-1
-1
-1
-1
92734
96522
91681
71707
7030
-1
-1
-1
-1
-1
31345
-1
-1
-1
68952
84790
-1
56741
-1
-1
-1
15466
-1
-1
-1
-1
28605
40775
-1
-1
33255
8461
36738
-1
8810
17511
-1
-1
-1
39155
63554
88757
-1
-1
-1
11667
93025
-1
-1
50197
72892
14837
-1
-1
97548
80517
1219
-1
-1
-1
44004
37087
36538
-1
29165
-1
31278
-1
-1
95530
-1
13206
13598
76633
81461
2608
76349
66442
13247
-1
91317
8461
48608
86138
-1
-1
71334
-1
-1
43299
82470
36345
44720
11325
-1
67917
25896
-1
30738
29512
77439
27905
60892
76129
-1
-1
-1
-1
15137
36147
41102
43749
21679
-1
7032
9465
36148
-1
-1
84703
-1
-1
7869
71602
-1
55442
13363
58430
-1
71135
62438
-1
82684
-1
10251
46162
17067
65932
34543
39954
41
21277
-1
4486
32691
47691
79345
-1
70834
19675
23890
-1
-1
81107
-1
28426
77713
-1
43007
13557
10977
-1
-1
14223
-1
56540
92719
-1
42130
56641
-1
64539
53521
50244
99592
-1
48991
-1
59524
48967
15990
58435
11805
94029
58069
3441
9822
61334
5586
88289
-1
-1
234
-1
-1
-1
2103
4915
-1
94735
91216
-1
71857
3366
110
-1
85934
28300
-1
59857
-1
-1
89385
64316
47519
1726
-1
-1
-1
-1
22874
32590
-1
50315
67242
-1
97379
37370
1501
-1
63934
82764
64320
51724
-1
24937
30823
39288
8277
73297
33838
27275
-1
-1
5214
86409
71623
15137
50639
1780
93754
-1
30883
93539
9958
58915
-1
62948
80572
-1
60135
6327
88566
79298
-1
32438
-1
90405
82088
-1
46196
6627
33071
-1
-1
-1
94974
-1
4607
77865
-1
46838
55290
-1
13662
-1
-1
36774
30748
-1
40226
-1
-1
42381
21806
12286
-1
9311
26398
23837
11629
80714
-1
-1
-1
-1
20548
8852
-1
19536
74851
-1
64177
87251
3303
20811
-1
-1
13582
-1
77093
-1
50909
24818
54358
-1
5358
32050
-1
-1
28449
86310
74730
82580
35652
5629
-1
30522
12701
80414
92562
-1
-1
49557
-1
-1
-1
43194
-1
49963
-1
33399
-1
3875
-1
96984
-1
73108
13781
-1
-1
60682
-1
-1
52697
66259
1103
17111
54987
-1
94514
95841
12578
9619
59233
-1
19360
50740
-1
85475
7484
43856
-1
14643
30987
-1
-1
-1
74577
9667
-1
38439
19023
71819
-1
49262
54281
-1
27872
-1
-1
-1
36556
25703
-1
-1
-1
-1
-1
81263
12799
3670
-1
-1
37358
80021
30257
18126
-1
-1
-1
17719
80569
1816
2473
34818
-1
38097
96
69716
6715
17644
1846
-1
2654
8983
19279
36559
28256
12320
-1
-1
-1
-1
20668
60419
-1
-1
-1
-1
33481
-1
-1
-1
17353
77902
12411
-1
51255
72745
10224
-1
-1
63797
67209
-1
54224
12929
-1
57654
4856
30860
20160
19807
56015
-1
-1
20524
76654
-1
20414
-1
18926
27623
14168
73564
10089
20827
-1
-1
-1
81796
3172
-1
9942
-1
48779
-1
34479
40550
27423
-1
-1
18194
-1
92709
43774
-1
88881
15084
-1
-1
89068
-1
97472
33137
33091
-1
-1
20870
48395
6026
46995
61523
-1
50690
3706
-1
-1
1174
31573
-1
78041
5193
54241
42481
52197
82359
53678
98604
58907
-1
-1
-1
-1
-1
8557
75087
68571
-1
-1
29037
-1
-1
-1
49387
-1
-1
-1
-1
10217
4921
4618
81465
-1
4441
71602
-1
17329
8880
18481
86499
46363
-1
1846
48866
64964
-1
41585
-1
-1
-1
6998
-1
-1
-1
9407
24156
65020
44996
-1
11478
37324
93312
18964
14156
6817
-1
-1
55036
59693
48784
42212
-1
-1
9434
-1
81409
24979
87351
25688
-1
22033
65697
-1
-1
29783
32917
-1
59448
53393
90748
37617
32820
64885
-1
934
24108
19584
-1
-1
37049
-1
72347
39778
-1
39430
-1
87893
93280
53568
96561
34127
59123
-1
-1
4599
53729
39915
32819
-1
24449
39561
29336
59250
-1
-1
-1
1670
77163
1450
11258
-1
-1
62719
34153
-1
81742
-1
49711
52361
86430
91183
24686
76327
-1
28543
-1
-1
-1
56348
-1
-1
43103
40823
65766
13128
36368
-1
64306
-1
-1
36159
16862
-1
18236
44960
-1
70984
83555
-1
-1
-1
33269
-1
35171
3468
-1
-1
-1
90142
-1
5937
-1
33448
36368
58508
25799
89002
30743
-1
57234
54427
18332
44546
-1
92630
-1
31322
-1
-1
17437
-1
-1
75677
80172
12588
34926
51488
10818
38108
-1
74504
-1
75358
64002
-1
16379
36550
50931
-1
36359
52752
88968
-1
-1
-1
-1
7454
20381
34235
-1
81722
-1
-1
-1
23119
-1
61418
23804
-1
35802
69033
-1
-1
-1
68805
80555
-1
44967
86979
-1
80958
57586
2408
-1
-1
53206
-1
98808
28567
4682
-1
-1
-1
-1
-1
37863
50095
84013
50505
-1
83405
7978
64511
74321
71835
39273
4479
-1
-1
25015
76817
69805
45485
-1
29828
-1
-1
-1
-1
68457
66388
55940
49503
-1
19355
49534
37446
2536
-1
-1
-1
-1
-1
-1
-1
73402
45946
52618
-1
7503
13257
58024
23400
-1
27506
21634
95621
-1
39440
-1
-1
-1
13161
93447
88464
71491
7030
-1
-1
-1
-1
80959
-1
70009
-1
-1
43213
92140
20298
41408
-1
-1
-1
90451
-1
29791
66407
-1
98761
87804
24548
87597
73449
-1
93753
-1
-1
64706
50181
-1
62062
-1
43174
439
20228
37693
-1
26066
-1
79617
-1
-1
92990
40892
-1
-1
70908
28495
43065
-1
-1
79040
27563
75148
-1
6528
26421
97243
17498
45692
15769
33676
85177
-1
-1
68303
25343
6105
-1
-1
39787
46763
9408
58066
-1
-1
33107
47352
-1
68935
-1
-1
80147
-1
-1
20559
-1
-1
-1
46044
34371
33004
-1
-1
33506
-1
57837
47177
4586
43764
-1
-1
33071
-1
71238
72210
79303
8556
-1
-1
48676
10896
1548
68689
-1
10287
-1
47997
23898
-1
6109
-1
-1
73785
54219
74606
82863
-1
53585
23896
-1
-1
12452
19831
-1
94248
82947
41912
-1
50861
-1
77014
-1
-1
14777
5603
-1
67381
8125
27421
36641
-1
14383
-1
41086
49425
69561
53846
26206
59282
1559
-1
51732
88478
29277
-1
-1
37298
-1
-1
78468
9384
12352
-1
-1
-1
10384
-1
2301
57957
-1
5391
14832
-1
-1
53259
-1
-1
-1
-1
80103
-1
-1
-1
220
30609
27494
-1
-1
53010
49455
-1
54172
88454
36310
89464
-1
-1
49171
-1
-1
79816
64398
76294
40068
-1
42614
-1
11622
99628
-1
38445
-1
12276
-1
61795
45050
-1
95728
44900
-1
90718
-1
-1
-1
33236
-1
-1
-1
17007
2956
-1
23379
-1
20562
-1
-1
51796
40538
2302
4899
-1
37032
70899
-1
91641
56379
6239
10943
16181
-1
-1
-1
98712
1135
-1
-1
-1
2252
26555
10333
-1
-1
-1
13449
86991
59285
-1
93168
58732
-1
62000
-1
97756
54333
-1
-1
-1
-1
5741
63970
-1
36282
1250
27266
-1
-1
-1
12286
89508
-1
1093
75037
-1
2574
-1
40587
-1
-1
41843
42617
-1
-1
23890
-1
12618
22232
24798
44772
-1
27441
-1
-1
40052
62646
-1
-1
2387
64630
17349
11753
-1
1464
35452
86811
50434
36227
-1
-1
-1
40731
32907
-1
-1
-1
35707
-1
7205
-1
16960
35098
98370
62265
5816
19149
57863
11477
40934
82531
14002
-1
-1
40892
3680
-1
14154
-1
6810
58237
8464
89798
-1
-1
26264
5526
-1
41823
-1
30540
389
-1
75888
79039
-1
17454
-1
91155
-1
96735
5102
86755
74567
1325
9857
18589
-1
-1
81927
-1
-1
-1
65471
-1
80922
58665
74224
95427
-1
46662
24229
65376
3079
43807
3418
82520
17044
64491
58750
20461
-1
78436
-1
-1
13144
-1
37576
-1
65031
60711
-1
-1
-1
67098
-1
9523
40562
84920
-1
23507
8135
-1
51583
89087
7259
-1
-1
-1
-1
9668
-1
9404
35009
7945
-1
14243
63165
52265
-1
52361
-1
11291
86665
-1
13854
-1
-1
35249
31551
-1
-1
14399
-1
79014
-1
-1
84811
71239
64683
8918
-1
-1
66678
6465
75614
-1
3463
7341
-1
27952
-1
30427
97572
95744
-1
11422
-1
60914
-1
-1
27774
42982
3408
26146
81907
49842
-1
-1
-1
86626
40899
-1
67206
37569
55303
-1
-1
65848
20926
47679
-1
-1
-1
21883
-1
-1
51881
-1
76370
27740
81501
15212
-1
-1
48543
-1
-1
-1
95494
77635
-1
-1
93933
-1
3221
-1
31422
25016
22030
22177
81754
-1
-1
16305
72523
-1
-1
22452
2785
-1
-1
-1
71991
-1
91222
35373
-1
25477
23800
25246
-1
51818
27179
75403
8350
-1
98855
-1
2405
-1
3235
55144
-1
17047
-1
11976
-1
49621
-1
83647
64688
-1
68564
-1
72304
-1
89227
97827
30670
59333
-1
-1
-1
-1
-1
-1
31180
10247
12216
65393
64389
59403
54354
64106
-1
5
7289
-1
-1
53411
59700
-1
99695
133
84811
-1
72235
18911
-1
-1
3238
86664
-1
31858
-1
-1
1083
30263
39552
24008
-1
-1
-1
-1
36426
63998
55192
62951
62705
-1
30094
94637
-1
59565
-1
-1
61637
-1
-1
37077
-1
-1
82945
36821
-1
23255
-1
-1
-1
8058
-1
-1
-1
18229
26512
8642
40042
-1
-1
76902
25032
74791
91881
63657
64646
-1
93557
-1
35525
72961
27463
44664
43710
48714
-1
-1
3226
41266
32366
-1
46995
-1
-1
11717
-1
31417
12382
-1
45491
60738
78498
76436
23025
-1
-1
-1
57007
5584
20702
30061
-1
-1
88065
-1
21294
44275
80849
82858
-1
67052
6814
-1
-1
-1
-1
55059
-1
-1
-1
1473
97709
-1
36671
18332
-1
-1
-1
74026
90943
42294
-1
14586
-1
69639
7330
64430
-1
-1
20017
-1
78312
68603
-1
46044
10123
50113
-1
-1
-1
-1
-1
99888
-1
18095
101
85529
31501
-1
-1
-1
34304
12661
-1
18509
15325
18379
-1
9596
-1
40465
23593
-1
-1
41108
-1
82693
60206
-1
12576
8513
-1
92585
-1
71398
90964
84865
67550
-1
1100
93031
5963
26363
-1
-1
-1
-1
7235
-1
28887
-1
7974
4408
-1
8246
77103
-1
73055
-1
77956
11358
34374
4774
-1
20953
3188
-1
91588
-1
98488
63529
98767
7592
-1
30229
7122
-1
-1
25395
-1
-1
25446
7928
30739
62518
24087
85435
49435
13132
69810
-1
49932
-1
26937
-1
35060
65900
56015
-1
28744
99628
2519
13
-1
44287
22563
31654
68310
-1
90150
19792
50351
-1
-1
-1
-1
15
48990
-1
-1
-1
39341
-1
-1
43569
36178
-1
-1
-1
76817
385
38712
32240
89750
91965
2373
-1
-1
-1
82214
52555
-1
41883
5147
-1
6900
-1
12478
73011
-1
95404
61213
11726
-1
-1
43297
-1
-1
63800
42074
-1
-1
99581
65656
27609
-1
2848
35258
-1
33106
-1
-1
-1
89009
42125
49255
84471
34363
301
86626
-1
-1
49154
74582
-1
37832
40198
-1
-1
-1
-1
50150
-1
66531
13675
8577
45939
-1
4944
91673
-1
26455
34092
-1
-1
87994
-1
-1
24663
-1
49245
22647
-1
16179
-1
-1
44509
8124
3694
-1
-1
-1
50235
-1
56180
65793
-1
33304
50300
65159
13740
-1
34705
28793
28508
-1
35016
-1
89101
-1
-1
8026
3630
3204
37957
43150
-1
18010
6348
-1
12594
41060
86847
62447
-1
-1
16376
20762
38053
-1
-1
-1
28181
27332
83189
-1
-1
80454
33319
66733
53838
29065
11370
-1
65058
65871
43778
-1
8201
20120
-1
-1
-1
18361
-1
-1
15733
70964
-1
91373
19462
57760
7358
23720
35348
28494
-1
61230
84144
-1
19174
-1
-1
36540
86941
62258
5906
-1
-1
59342
32671
-1
-1
41739
-1
92015
65978
27883
32456
11733
33554
496
35135
90541
59890
-1
-1
-1
16343
29889
48914
-1
53838
-1
37949
90521
-1
51593
25425
959
64612
-1
-1
-1
26346
45457
-1
-1
-1
98907
59123
72328
26407
41671
-1
97202
61113
10264
-1
53958
48523
9465
-1
-1
16260
-1
-1
7315
8109
-1
-1
-1
10323
353
80906
26597
67806
13856
37614
-1
645
-1
-1
39278
30180
-1
-1
99481
-1
93302
-1
58186
-1
95157
-1
91598
-1
-1
22068
-1
-1
42696
19666
51563
42649
-1
2448
-1
-1
17878
-1
7626
91326
50505
5530
8976
32339
-1
-1
15885
57758
-1
-1
32624
-1
97003
66885
582
13633
-1
76554
86656
-1
59482
7441
61247
63394
-1
45793
63602
9591
-1
-1
5014
63497
-1
-1
27282
42679
20978
43348
-1
-1
58199
-1
10054
-1
-1
54827
10591
12801
37865
54491
54507
5747
97982
-1
17687
47891
74522
94928
1129
-1
-1
55037
14208
-1
-1
67859
-1
57062
-1
-1
-1
86699
9694
44205
79319
-1
3747
32008
-1
4346
-1
-1
3568
72397
-1
-1
75108
99088
-1
-1
-1
-1
-1
18031
93702
43786
41247
58550
-1
27639
37447
-1
-1
-1
-1
27955
36439
-1
-1
63176
52533
46204
55212
47322
-1
16389
-1
-1
-1
80171
-1
-1
-1
53142
53563
96658
-1
-1
-1
97781
2411
-1
65459
-1
-1
70068
-1
99427
49976
81809
-1
-1
10333
10098
1418
-1
-1
-1
-1
74864
99571
33489
-1
32869
75513
12179
-1
294
32139
55658
-1
-1
27295
2610
51954
80464
12874
38883
49858
53621
36053
-1
-1
11916
93508
16253
7523
42080
-1
17214
-1
-1
53602
49929
-1
95551
98910
76119
73348
75037
60639
24507
-1
38187
53151
-1
8136
-1
-1
25218
75597
26534
76771
28561
82892
-1
-1
-1
36349
-1
30629
-1
-1
41245
82936
-1
77220
72868
63059
16594
-1
-1
75037
46456
-1
7057
45092
48762
23024
81198
82583
-1
39925
16617
16086
-1
-1
23374
49288
-1
-1
17459
56736
34839
-1
92076
32984
-1
32949
7406
48426
-1
-1
9607
-1
-1
32499
-1
66131
-1
65759
-1
53639
77185
66636
13193
-1
4941
-1
89175
-1
18492
71779
49032
-1
14621
3711
-1
-1
86027
-1
26831
19781
-1
5330
-1
98069
82862
40493
37046
-1
-1
26810
1337
99607
-1
45028
70404
24395
51645
70116
-1
83668
36867
91065
5174
87407
-1
-1
8032
18862
30472
-1
-1
-1
-1
65236
43779
-1
11559
47439
92270
94004
41877
-1
-1
-1
-1
5315
5961
-1
-1
23549
-1
-1
-1
35062
-1
92968
65138
-1
18038
-1
-1
19173
64243
-1
-1
-1
-1
-1
-1
92957
-1
-1
-1
-1
-1
67068
41727
50684
-1
44101
39705
-1
63223
2785
-1
-1
-1
9685
-1
82562
32322
-1
-1
53894
17208
87223
-1
17330
3280
85003
-1
51484
-1
-1
-1
83596
-1
-1
-1
25621
35137
-1
88798
6933
-1
-1
-1
81907
702
-1
-1
43792
42901
-1
8551
53521
47029
-1
-1
55372
-1
63096
24466
32399
79076
-1
18332
-1
14702
-1
-1
84007
25770
60059
13632
-1
80150
-1
22194
-1
-1
-1
2516
-1
74685
57671
50803
8777
27922
-1
98075
-1
-1
40025
74501
-1
-1
-1
78794
-1
91177
20070
-1
-1
-1
4777
-1
76597
39957
-1
10135
11860
-1
6647
-1
26878
17938
-1
35581
56126
15717
11829
-1
19545
-1
-1
67401
4119
20839
-1
26482
88948
-1
12863
11331
-1
-1
9941
-1
91755
61535
-1
-1
-1
79279
80717
97227
3653
99796
78475
50163
-1
37280
51248
-1
6965
68900
33351
-1
-1
63249
59609
36646
56110
21178
-1
33007
-1
-1
27804
33314
27116
22714
49912
26687
85444
37974
84863
-1
59989
-1
15779
21867
-1
19462
61003
86169
-1
48771
2086
31522
-1
-1
-1
-1
-1
-1
-1
74026
32941
19615
-1
24514
66147
85436
-1
-1
55208
51449
-1
-1
66000
86409
46381
11434
97696
1690
-1
22663
-1
-1
-1
87412
-1
94112
-1
-1
21701
-1
16129
47887
6405
48185
71042
-1
31271
71602
88021
-1
-1
-1
36719
14822
68538
-1
14099
41048
-1
-1
-1
58308
27034
11558
6391
-1
-1
17046
-1
9187
49313
11398
57592
60276
3050
-1
20135
-1
-1
-1
96855
72868
50358
73762
-1
-1
7734
-1
43595
47684
64348
23480
-1
48481
-1
2336
-1
11267
90391
-1
68805
-1
41066
6419
89468
39023
-1
29347
-1
-1
-1
73345
63232
78705
-1
69993
-1
-1
-1
76639
64375
-1
21469
20996
24177
-1
63781
10696
-1
11029
29993
38178
966
-1
95390
-1
78561
-1
-1
16903
-1
22629
-1
58732
44050
14984
22989
-1
17105
43951
63092
-1
-1
-1
-1
-1
42417
-1
5924
53042
55921
-1
6148
-1
46298
2523
21954
30002
86383
80719
-1
-1
-1
23876
44923
-1
-1
91575
7035
-1
53267
80959
10870
-1
42691
16423
-1
-1
-1
46783
-1
-1
97570
41176
7968
72401
65085
-1
24686
30393
26410
68849
10385
-1
50605
40813
13755
74129
-1
49827
-1
-1
11879
13349
-1
-1
59362
-1
-1
-1
32785
18342
71493
76361
46306
6712
-1
6179
58563
77939
60007
22473
54594
76085
662
-1
53844
-1
-1
61979
-1
94991
29129
96641
15775
-1
-1
-1
-1
47254
34891
3114
8508
15542
-1
91775
90366
-1
42220
17351
51334
-1
-1
-1
38979
64637
-1
50411
-1
-1
14318
12983
18814
44082
25383
96268
89404
36737
-1
-1
58043
73095
-1
25071
32169
61570
13166
15506
40472
-1
40435
-1
-1
6229
2539
55519
-1
-1
21416
-1
2570
17744
11710
7164
-1
-1
58675
79939
89260
19719
196
-1
-1
66479
59336
-1
91922
-1
67361
95465
-1
-1
85127
24466
31552
-1
-1
-1
1053
-1
78606
-1
-1
14545
2014
47817
24404
27251
25949
74070
-1
-1
32450
21135
2813
69358
47144
96058
83968
-1
88008
-1
22759
-1
14050
50989
-1
-1
99192
-1
1994
-1
50436
64020
14651
77497
-1
-1
83129
60788
17332
9258
2474
28267
71752
40422
-1
-1
16458
-1
-1
7148
63422
12775
-1
55634
73303
-1
-1
-1
20713
25281
80349
36981
-1
70865
63366
-1
14737
34911
-1
20458
-1
17546
64233
-1
2434
23512
45405
-1
-1
-1
95772
63266
91082
-1
2367
39914
-1
33925
20764
13362
-1
76346
-1
-1
84556
-1
-1
-1
-1
58710
55273
6649
72695
-1
25668
-1
14027
-1
-1
76277
96757
-1
-1
66832
36577
83556
-1
-1
-1
64706
-1
-1
9778
96205
-1
-1
-1
-1
-1
97388
-1
-1
95290
-1
8873
44133
27461
99845
60662
58122
62556
9140
61072
30484
39628
25032
77940
74432
192
47562
34442
18199
11787
-1
67033
20126
9630
5035
-1
48985
43583
-1
51172
95556
22581
-1
-1
42183
1186
19226
-1
26353
24474
66678
-1
68259
-1
-1
37522
-1
47329
60420
73742
34900
-1
-1
47547
21139
-1
-1
-1
-1
-1
73574
-1
-1
-1
21122
77690
-1
-1
9442
780
-1
-1
25881
52541
-1
39860
92967
23375
66529
-1
75685
-1
11726
-1
-1
47741
51063
-1
75290
98482
-1
72171
27811
22209
-1
17850
97857
-1
-1
95389
-1
80201
64664
-1
31260
29224
-1
30188
3695
37833
35441
-1
83813
78425
46307
-1
4628
2524
14489
-1
82547
23323
-1
72111
-1
38535
-1
4322
-1
-1
19662
8522
-1
87809
-1
36205
36091
-1
-1
-1
-1
-1
-1
10626
-1
48343
-1
-1
76849
46598
54842
20198
38576
80713
-1
8926
56343
66839
69136
-1
96289
-1
28614
-1
66776
-1
74307
42514
2456
-1
-1
64413
32430
73269
39333
11651
40060
36972
8765
15183
7099
4245
43871
-1
-1
75305
-1
-1
-1
-1
-1
813
-1
30620
-1
42590
-1
-1
-1
-1
59535
59190
-1
-1
12016
-1
-1
29679
1993
56981
15512
10107
-1
83405
33565
87794
12190
51624
-1
37272
-1
41465
-1
64950
72997
43174
-1
-1
15091
-1
73061
12348
36530
64094
37207
26077
-1
-1
77176
55217
49805
7734
57307
3725
31430
67211
-1
69206
60167
-1
-1
-1
82369
49873
97083
-1
32983
17783
27864
58363
-1
45585
-1
78920
-1
-1
-1
25608
-1
43382
62791
64786
-1
48670
-1
-1
9844
-1
68273
28621
-1
29461
-1
-1
22957
39516
98836
12765
91810
64964
87800
4383
-1
-1
4394
82115
74843
-1
-1
45101
39459
1822
63014
-1
3051
16644
27179
-1
-1
22260
1473
91850
3053
36129
43315
-1
56267
88673
13133
17767
39274
-1
-1
97942
52054
25213
7741
49955
11214
83813
37554
36646
-1
99244
81107
-1
2402
-1
36508
-1
-1
4515
10217
-1
63942
1042
729
18654
-1
66000
-1
-1
-1
59645
31868
-1
36241
4942
-1
86811
40949
60057
7869
-1
35300
-1
17029
53051
32951
23480
-1
46304
-1
12555
41016
-1
35651
-1
-1
25972
29269
-1
-1
1711
-1
97684
62945
35876
34387
-1
96735
78239
-1
51621
-1
-1
50057
2765
25132
-1
30068
38971
-1
96276
-1
75820
-1
-1
2465
69309
92411
-1
-1
-1
-1
25496
49557
-1
8239
-1
-1
1502
-1
-1
-1
45812
2930
19871
-1
88252
-1
-1
82479
57100
60750
50315
60214
-1
-1
-1
66531
-1
471
2341
-1
-1
26622
53792
43232
78094
-1
53959
44384
10869
86659
29284
91443
-1
-1
42313
-1
-1
18926
-1
-1
12583
-1
81932
27856
-1
64315
27830
91118
52485
-1
92068
-1
-1
70252
2299
-1
59542
64706
46307
7625
23614
-1
13995
3156
-1
82932
57070
-1
-1
-1
-1
5142
92209
88008
46651
-1
20644
21357
-1
-1
23934
26363
-1
-1
-1
-1
-1
3240
-1
-1
-1
44078
-1
95166
-1
43529
73818
5280
-1
42218
-1
55420
-1
-1
46766
4314
34423
6187
8369
73011
7751
-1
7282
-1
-1
64437
64776
-1
-1
3549
20939
3782
-1
71507
-1
47346
-1
34240
73855
-1
26757
-1
22757
54957
96546
24476
-1
16117
54226
31853
29110
8552
9483
-1
-1
8453
-1
-1
40262
51448
-1
-1
-1
31773
81725
94086
-1
23062
7582
41896
37933
-1
30880
37021
47033
61096
-1
-1
28135
-1
14167
-1
91785
86630
8735
38884
-1
-1
74526
57007
67272
70899
-1
27120
49415
40398
21635
68480
61833
-1
71672
-1
-1
88657
10994
1263
89310
68538
-1
-1
-1
57431
-1
-1
-1
-1
870
62448
-1
12654
51187
-1
15670
49141
32999
24112
-1
-1
40955
63934
42719
26739
-1
3653
46256
-1
13551
93987
57276
64293
-1
-1
-1
-1
3988
-1
37368
77598
-1
4332
11416
-1
15363
62688
-1
-1
-1
34770
66402
63217
-1
9024
12654
-1
-1
85419
63897
75600
20972
86325
19324
42249
10572
-1
-1
10833
65149
24932
-1
-1
8660
-1
18607
98298
22197
-1
14443
-1
550
35444
-1
76056
77750
63775
74251
99847
43089
-1
-1
-1
-1
-1
-1
-1
51133
58143
-1
36553
-1
41957
-1
-1
20003
56518
-1
14866
32943
30079
83422
82441
33069
88288
67335
43049
-1
25107
-1
32327
65852
50320
35581
4952
99415
75052
-1
47472
-1
20981
13519
29480
-1
85966
21607
10350
-1
60344
70458
-1
79082
-1
-1
-1
-1
22084
-1
37373
-1
-1
-1
-1
-1
-1
-1
-1
-1
-1
-1
58048
53148
-1
41599
99223
81819
82614
17264
31926
47437
6936
54357
-1
-1
-1
4987
-1
46882
-1
-1
-1
74586
-1
23234
18924
93565
60346
-1
307
25407
92836
81927
-1
9442
58069
-1
26985
57117
34939
15972
-1
-1
66566
-1
-1
20726
-1
-1
36239
-1
23463
7552
-1
76723
83164
-1
50183
48462
-1
76573
33551
-1
19094
63672
-1
95282
14997
37253
26283
88213
-1
-1
133
76903
42926
47547
9023
-1
-1
7299
87791
57358
-1
90664
-1
-1
67838
-1
-1
66254
-1
28531
-1
63883
-1
54341
83979
-1
28384
65159
8860
41245
22768
-1
18687
52450
31948
-1
-1
-1
92163
77043
1589
22864
41222
-1
1446
-1
-1
88910
32017
-1
-1
33945
-1
44101
49556
56146
25515
9565
53013
-1
9398
-1
80692
-1
-1
99727
-1
-1
41026
-1
-1
-1
58025
-1
67156
-1
-1
7372
44667
36079
-1
-1
42678
-1
-1
-1
10098
-1
-1
-1
-1
-1
21159
-1
38566
65891
32424
14289
-1
-1
-1
60889
-1
80317
-1
9884
47402
68610
98526
-1
18181
-1
-1
-1
-1
-1
-1
13332
-1
27155
25819
65417
42608
16596
-1
59233
18192
-1
79303
-1
86712
-1
-1
58652
92864
35785
62790
-1
8135
27760
-1
33793
84126
-1
90500
17092
-1
68041
38995
39694
30629
-1
-1
62053
51846
80418
-1
32249
-1
76294
20685
90959
90979
74852
-1
27745
-1
62079
-1
10457
-1
-1
62447
42992
50443
-1
-1
61979
-1
4787
25608
-1
64581
86382
73292
52697
72843
-1
19939
19530
-1
-1
12005
30262
-1
38207
-1
15380
39017
25544
-1
-1
18915
66995
-1
-1
25566
71830
2856
-1
4432
67686
63363
7116
4665
-1
-1
18802
-1
28469
12348
83446
-1
-1
-1
17092
-1
-1
22278
74357
55213
12340
-1
-1
23402
-1
58538
33404
21159
-1
-1
-1
-1
58365
47853
574
20829
22353
-1
-1
-1
20981
13145
-1
50906
-1
47528
81215
-1
-1
-1
82868
-1
75033
86977
-1
64539
54924
4162
-1
-1
93634
-1
-1
-1
-1
31988
-1
68751
-1
-1
-1
-1
54357
32534
65786
19440
21004
56861
-1
5295
68011
71616
60118
40243
36257
19631
2341
-1
-1
5462
-1
52862
61764
-1
17245
-1
75497
8500
-1
-1
99900
1405
19522
-1
33875
84166
78232
40978
27860
32416
11538
-1
11538
20280
42413
61203
12903
49334
2341
34643
11531
26405
33604
44625
-1
-1
31424
-1
12104
-1
86377
-1
54919
30714
80754
-1
22544
-1
75743
80464
-1
-1
41994
-1
50217
80593
-1
-1
-1
39227
31017
-1
-1
64558
-1
63453
-1
30214
12630
42881
12552
-1
-1
99631
65211
61362
-1
-1
78466
-1
-1
19428
-1
-1
5502
-1
43555
1901
15237
29269
92628
1546
99004
-1
4772
-1
5013
-1
69200
33055
60294
31933
54047
20226
-1
-1
79471
-1
79306
4361
20579
89840
-1
-1
-1
-1
62973
53345
10668
39705
23401
-1
61427
45976
-1
42761
-1
27493
47092
13472
73412
-1
99562
-1
90304
-1
-1
42173
62048
-1
48984
16921
45761
-1
51856
-1
-1
42772
-1
-1
-1
48280
-1
3471
38912
56253
66194
-1
-1
2749
-1
96071
32319
31391
-1
-1
6719
65827
-1
-1
71828
-1
-1
-1
-1
47030
86922
49052
15927
92411
-1
84920
52535
9629
51078
50807
74399
98356
52377
-1
74290
-1
74478
81365
35626
5957
50605
13728
35610
19577
-1
28788
-1
53532
15091
-1
30807
9627
23710
-1
63859
-1
-1
43222
-1
-1
-1
-1
86750
-1
19583
16989
-1
353
33730
38309
20692
-1
35474
9598
55343
10774
23891
65662
44655
59026
2387
-1
-1
82604
20381
15683
-1
-1
20226
31782
22988
-1
77522
-1
36882
-1
23108
35785
-1
-1
90169
48963
-1
-1
-1
48852
-1
-1
-1
-1
-1
-1
-1
93030
20667
84749
-1
75355
-1
-1
72000
16627
-1
-1
-1
36559
51756
-1
-1
-1
77223
-1
31080
-1
-1
-1
18681
-1
31572
50793
32395
-1
25354
22493
75020
-1
-1
14506
13692
-1
30372
1016
16628
17411
43299
12902
34088
-1
13512
-1
-1
17032
-1
-1
21932
-1
50282
74045
-1
-1
72306
62631
56205
11787
-1
-1
-1
-1
-1
39280
95505
-1
50548
54077
-1
-1
-1
-1
-1
-1
-1
86611
-1
7107
-1
54689
62232
41334
86828
-1
-1
32791
-1
37338
9005
-1
-1
12155
3693
2415
87961
73056
-1
-1
64581
-1
54621
73407
19792
28192
19566
45594
25855
9835
-1
4413
16199
-1
-1
84687
98298
-1
40433
-1
9562
99704
-1
-1
91099
-1
-1
7436
35871
-1
62832
-1
-1
-1
-1
99735
80425
-1
87136
66362
31634
23302
6842
47574
21213
46147
21701
-1
-1
37805
62079
77351
25732
-1
-1
5380
81097
-1
32471
-1
29376
-1
-1
-1
69582
-1
81044
-1
19926
14777
30729
16634
-1
-1
7957
29014
3916
-1
-1
-1
-1
-1
16925
-1
9802
41368
3567
-1
-1
-1
-1
97925
8867
87385
87892
44133
-1
37771
65159
33999
-1
-1
40639
-1
-1
20785
-1
48852
70331
-1
-1
-1
35068
20979
-1
41555
-1
11491
62632
71483
-1
71354
-1
93851
-1
-1
61063
-1
68557
-1
98511
-1
5295
12029
83002
-1
-1
-1
29098
-1
58951
-1
-1
71537
-1
4628
20734
66866
7838
6472
98537
23323
-1
-1
47386
-1
65732
16260
56003
35281
84691
-1
-1
38036
89073
60261
-1
-1
18086
-1
12594
27433
12519
-1
-1
44466
75704
23177
-1
35610
40565
42285
16674
76891
-1
-1
10452
-1
-1
18862
-1
55909
-1
-1
1885
55558
-1
27844
99994
41342
26113
38223
-1
89095
2434
55853
22186
6898
24274
-1
19034
-1
1939
83747
36368
78361
-1
87156
590
47432
496
-1
-1
45505
414
-1
60793
50492
22701
63364
-1
79541
19698
30042
27771
71956
-1
-1
-1
-1
65524
39129
-1
71231
93607
27309
-1
61764
-1
94701
4060
70756
28964
48240
-1
78687
-1
52131
33565
-1
58595
5876
-1
-1
-1
19269
82845
88577
-1
88540
-1
-1
82443
3253
69420
-1
-1
-1
82201
-1
-1
64293
-1
71755
-1
58193
87761
17083
95164
64209
13171
-1
92205
52048
-1
-1
-1
-1
26394
-1
-1
-1
-1
78344
-1
-1
-1
16415
50722
35640
78212
-1
-1
42401
63403
92654
76375
53523
51860
-1
95003
-1
36889
68461
-1
-1
1204
8884
94650
60804
80382
80092
49058
27835
-1
33089
1217
-1
-1
5851
29098
19597
-1
20726
94536
93429
28181
50784
-1
81797
5572
91050
95819
97929
-1
-1
85895
-1
-1
-1
43844
-1
8818
4854
-1
2546
48427
76597
54045
19582
-1
5079
-1
61956
-1
888
-1
74145
972
-1
-1
2252
-1
28095
-1
10865
59312
15444
-1
85772
-1
9825
-1
40862
18452
70945
61378
-1
-1
-1
22404
-1
-1
26401
80935
21942
-1
17123
-1
-1
45327
-1
63422
-1
6867
1720
-1
13651
70860
9162
-1
-1
17512
-1
89923
-1
-1
-1
44082
18418
-1
39108
54039
86514
18659
-1
19308
1307
94730
89404
-1
17804
39504
48753
51000
-1
10792
90417
-1
71755
69143
15323
-1
94079
-1
-1
70
89379
-1
-1
-1
-1
11928
22688
25470
53454
43174
6688
87564
-1
63578
-1
1524
-1
-1
14435
-1
28984
-1
-1
-1
-1
-1
-1
-1
6635
-1
16870
-1
28934
79398
-1
-1
-1
86990
44628
29823
-1
-1
-1
-1
-1
-1
49694
-1
31023
54093
10579
78099
-1
3797
-1
-1
-1
-1
69607
15389
37058
-1
91926
67036
54578
37463
-1
60540
38744
2573
-1
38187
23191
-1
-1
-1
-1
-1
28591
-1
47924
39692
-1
-1
54010
-1
-1
8001
75527
-1
-1
30727
-1
-1
-1
63023
5667
25572
-1
-1
36685
14108
94115
1435
20126
23204
-1
68705
54499
88948
42572
-1
2936
-1
7576
-1
-1
30941
-1
38223
-1
57963
74621
-1
10090
73486
3612
53626
-1
-1
19481
33008
6898
19431
39388
-1
-1
2542
-1
38271
-1
43333
-1
72226
-1
53376
22014
28366
64073
6952
-1
-1
-1
42499
-1
94730
-1
21250
62633
-1
-1
41899
74275
-1
54445
36810
51247
79567
-1
-1
-1
66711
-1
-1
33968
-1
21955
50561
76674
9933
58718
-1
10024
-1
-1
7449
6599
96903
-1
-1
-1
17791
-1
-1
10169
-1
-1
-1
-1
-1
43356
-1
77453
78664
14187
41544
6274
81355
-1
28402
5894
-1
5019
-1
88399
-1
46308
14853
-1
-1
-1
12647
96255
932
-1
60055
43075
-1
12875
-1
-1
44010
-1
26713
24341
-1
-1
-1
-1
-1
-1
35804
5327
75087
-1
-1
20563
-1
87980
11477
-1
28984
27282
-1
-1
31956
-1
66291
-1
17890
27735
-1
31595
-1
23782
39599
-1
5432
45069
-1
486
18234
-1
-1
33791
31554
18471
77776
-1
-1
-1
30804
-1
98722
-1
68111
-1
-1
-1
73118
69137
-1
56814
-1
11239
39823
-1
60351
85796
73752
-1
-1
29555
25834
-1
-1
-1
35360
11490
-1
-1
-1
71213
-1
-1
67602
19597
-1
-1
37876
-1
-1
82794
-1
59579
35135
53217
-1
-1
-1
9946
-1
50244
85435
92535
65824
96048
-1
-1
46980
51331
49262
1316
59632
9158
46186
-1
64777
32735
29094
40978
-1
48053
-1
25400
95860
-1
-1
43807
-1
64047
43356
39521
-1
23501
-1
-1
-1
71692
-1
48140
76130
-1
-1
-1
-1
-1
-1
-1
51656
41622
44500
78153
-1
8840
53285
39152
-1
23514
50951
-1
64665
-1
-1
-1
-1
28348
-1
16316
-1
11064
-1
-1
23567
70315
18346
-1
31858
-1
-1
94897
-1
63689
-1
-1
82727
7577
29419
6105
51181
82176
54709
8610
34600
4090
-1
51015
17395
65144
83898
85271
-1
-1
7435
26491
-1
93335
99917
-1
37044
81927
-1
61712
80482
83310
-1
44
10570
-1
45699
-1
54409
-1
57746
-1
6725
42103
5261
11178
7572
99843
-1
-1
-1
19331
-1
9605
47667
62753
34282
7094
-1
-1
3150
79939
59474
42294
-1
-1
-1
40050
-1
-1
49401
-1
41408
19436
-1
10613
-1
17119
33951
80927
24762
-1
-1
-1
63453
-1
43075
53381
-1
64279
7825
87391
-1
-1
38742
62695
-1
30257
42781
17238
2411
17654
8436
28957
-1
17242
45258
-1
59918
-1
-1
17084
-1
971
27135
-1
-1
-1
3764
93269
-1
9813
-1
61999
533
57073
-1
-1
-1
80340
99759
-1
-1
77575
18332
32758
46882
-1
-1
20030
-1
-1
-1
21270
-1
22238
62715
7171
81905
20468
10244
-1
-1
47956
-1
-1
-1
-1
-1
-1
-1
-1
-1
18371
-1
18483
69896
66254
46037
-1
53662
64293
55962
98266
56531
-1
13613
-1
44335
55816
37305
-1
19622
22987
46726
10029
32203
76891
-1
-1
8810
70061
-1
-1
80735
20746
21397
-1
45917
25819
-1
6588
48359
-1
52818
-1
44
55320
-1
61700
2837
30160
34102
11416
52573
-1
7423
-1
-1
-1
35016
-1
5155
5766
73785
93344
46256
-1
59911
9221
-1
-1
-1
32794
46944
42481
71151
6746
-1
-1
69561
78517
-1
3661
-1
-1
36770
-1
21437
92150
24561
-1
10101
4615
-1
-1
-1
84101
16835
-1
-1
50898
-1
-1
23257
-1
8848
-1
-1
85070
-1
19655
41097
-1
58664
-1
66510
-1
69260
50219
36976
69061
-1
39778
4783
-1
-1
-1
-1
34778
19954
91868
-1
21999
48159
10547
-1
-1
-1
32126
-1
22686
-1
-1
12684
22227
-1
-1
-1
28860
-1
-1
60071
-1
10250
-1
11170
35123
9913
-1
-1
13083
-1
-1
-1
61139
-1
70550
8389
62136
-1
54766
65236
-1
1866
-1
-1
17138
24844
30808
10381
71260
-1
-1
86265
-1
10440
15567
-1
-1
75008
49222
-1
85435
93379
-1
50981
93123
-1
80639
55999
-1
15777
-1
-1
5241
-1
-1
-1
4449
30156
-1
-1
-1
-1
59924
-1
24517
-1
30533
-1
35676
-1
-1
7054
72195
70137
-1
-1
54178
60294
42807
55786
-1
-1
31481
1147
48457
-1
-1
22238
60266
-1
-1
8710
-1
-1
-1
35373
-1
-1
-1
54103
47971
-1
43201
12990
22676
4368
46037
-1
-1
-1
-1
-1
53642
28932
-1
10785
-1
33171
-1
11929
18855
5783
-1
-1
70598
63273
26395
-1
-1
-1
-1
-1
12895
48809
-1
-1
15088
6239
29728
-1
-1
62800
80034
-1
42499
64688
52418
-1
-1
12095
-1
34454
31609
76370
20569
-1
17853
4558
-1
3484
-1
71711
76888
-1
-1
59282
46467
75437
-1
-1
554
-1
76457
87899
-1
-1
52263
-1
53341
-1
78954
30442
-1
-1
-1
-1
77359
-1
91905
73032
78360
-1
-1
-1
-1
8921
7651
19416
-1
43883
-1
98924
65538
23722
-1
3652
-1
-1
-1
-1
6486
73874
8796
58436
25401
5991
-1
23340
24923
26616
22560
-1
89463
42294
49111
-1
32414
78236
99415
-1
50909
78766
53042
92914
86626
-1
-1
-1
10611
17035
-1
-1
62981
-1
85264
55870
5671
80479
-1
-1
-1
-1
26459
-1
-1
19307
99494
37347
-1
-1
28302
97334
62740
21541
60822
57987
28189
-1
50891
-1
20234
92262
44718
3023
7746
13147
-1
-1
12179
2691
50103
-1
65891
87760
82307
26556
58950
-1
-1
-1
10298
9370
-1
91034
77691
70800
-1
11258
78616
85637
7769
18028
-1
16296
95006
37483
-1
24533
22400
-1
81755
33972
17450
3749
-1
46374
-1
7006
-1
82493
-1
61503
-1
-1
81483
-1
61232
1874
6472
-1
-1
29484
26410
55077
81346
-1
22864
-1
45386
27615
9555
11316
-1
80269
44429
-1
-1
17609
96978
-1
59224
-1
57701
34226
-1
71929
42236
66259
-1
-1
-1
12963
-1
8931
48865
65944
22857
953
-1
-1
8160
45487
-1
81816
62209
70924
23724
92882
-1
51091
86005
96188
39983
82969
9861
67000
-1
48762
-1
-1
83408
44744
-1
82180
83007
-1
29876
-1
-1
-1
-1
-1
79564
-1
49032
-1
-1
6151
-1
-1
80313
5429
53186
58316
-1
36506
52202
-1
38135
-1
-1
87896
52406
14829
-1
4480
-1
56531
6762
3538
1671
-1
20489
65801
55050
11274
-1
68256
-1
6915
12785
2546
27869
53595
-1
-1
-1
33158
-1
-1
28911
80667
-1
2890
36885
-1
-1
35172
20724
81452
-1
31655
40255
48451
-1
-1
-1
63959
-1
-1
86285
-1
15522
-1
44903
-1
28189
95149
63491
10740
35308
70831
3411
-1
-1
39551
34030
-1
60231
26324
43630
83942
1524
59355
-1
50015
10203
13339
-1
54724
29856
30257
91859
-1
-1
69794
66913
50807
80045
68207
36987
-1
61655
45011
-1
29915
8933
-1
-1
17339
36353
55007
-1
82122
11413
59467
-1
-1
-1
-1
37520
8828
-1
-1
19630
10637
-1
7665
69943
24890
56889
-1
30708
21387
-1
-1
47924
11199
18478
57845
15061
-1
33925
-1
-1
31052
99605
-1
-1
7648
-1
-1
70095
32055
2793
17165
-1
4629
6884
55813
2725
43486
82239
24058
5557
-1
5153
73880
14285
-1
-1
-1
-1
36037
18916
25215
63695
89711
69936
868
49371
-1
22783
79374
85189
205
-1
36074
-1
4251
-1
-1
-1
90649
-1
-1
-1
-1
82199
15074
-1
28139
54609
-1
-1
33890
-1
91291
3581
-1
91554
3783
81956
71118
19215
56926
-1
18404
97211
-1
-1
92487
-1
22252
46615
-1
11733
745
30337
13235
81496
-1
99407
-1
58348
-1
15364
4095
73433
45264
4143
-1
-1
54384
97854
-1
4440
63370
20109
60119
56853
-1
797
-1
80824
65567
12097
54565
31312
-1
-1
-1
44836
95471
-1
7968
28576
-1
39705
-1
-1
-1
75736
3834
-1
-1
77448
-1
24111
32416
-1
-1
82522
16654
-1
-1
2852
-1
-1
87289
83580
-1
73732
3533
-1
45923
28408
9758
53201
80016
6851
-1
2292
23347
35887
84790
-1
40359
40688
-1
84639
32355
54785
11087
21625
-1
65853
-1
9760
43979
-1
1337
-1
-1
22615
22570
30393
-1
20672
-1
4781
1060
23681
45601
6766
-1
88045
-1
-1
61309
1142
26792
92249
-1
-1
85900
89497
21757
10601
-1
20664
88076
11015
-1
33119
87121
-1
33002
-1
35876
-1
-1
78710
59057
-1
55002
5816
15501
90538
88300
53982
82892
82062
59168
-1
-1
-1
-1
-1
4381
12807
27214
-1
1033
21625
-1
-1
-1
-1
28209
11386
-1
-1
-1
37842
69288
78008
86233
-1
38326
68983
82932
2068
50856
43382
-1
-1
-1
70011
17298
65332
74444
28400
34302
-1
-1
83879
-1
13598
74087
87855
60790
-1
-1
40222
-1
33407
3900
-1
-1
19155
30251
21413
95696
-1
64642
-1
-1
73214
-1
-1
-1
13079
-1
22470
-1
40494
-1
-1
-1
-1
16166
73572
-1
-1
-1
-1
13922
-1
-1
46456
-1
3163
10696
-1
15672
1450
20645
59700
-1
31646
3328
33135
-1
-1
13246
75019
18682
17528
47137
7376
-1
-1
7636
-1
-1
-1
-1
-1
-1
22548
-1
-1
-1
52336
46556
26488
30047
29956
-1
6416
-1
49062
2926
-1
41125
87059
-1
33709
4128
-1
77651
49399
19143
-1
68116
6881
80319
52856
31936
-1
-1
38228
83226
30893
70948
60529
13707
9347
28199
18624
11206
-1
-1
74321
-1
89281
-1
-1
18335
-1
2997
91305
-1
45957
73398
24299
-1
-1
-1
24433
89981
-1
-1
79860
-1
91789
55526
-1
8568
9015
-1
69374
-1
-1
74562
3719
75557
63529
38315
15308
20942
10052
-1
-1
-1
23222
84983
-1
-1
75268
96497
75988
63663
-1
91777
29248
2263
57991
86626
-1
49720
43177
17333
15150
-1
39890
1969
-1
48611
-1
46377
-1
-1
83877
-1
-1
-1
9147
-1
99263
-1
59857
2170
11801
35542
-1
4675
55004
-1
-1
42917
15779
38698
12131
86585
67821
-1
-1
54342
-1
73011
-1
32035
-1
58218
1976
-1
-1
73967
71746
56922
-1
49591
18855
70879
74807
4200
31634
-1
47678
53083
-1
18742
-1
4005
90438
62012
-1
-1
-1
15630
20445
-1
97982
11595
-1
2220
-1
-1
4013
-1
25685
42074
-1
-1
-1
-1
46183
-1
-1
76719
-1
-1
-1
-1
74718
72472
-1
-1
-1
84617
57546
82239
-1
19104
20403
46577
40383
34468
98757
37614
-1
-1
-1
45596
53219
33410
67214
-1
46875
87410
35611
-1
25883
96712
-1
-1
68009
60075
-1
11166
-1
-1
72089
5756
22203
-1
10505
69816
67887
70405
28095
-1
-1
68983
16756
65653
-1
75399
13037
21158
-1
21000
-1
-1
-1
56719
-1
-1
-1
61572
25986
-1
-1
38566
-1
-1
78966
73717
-1
71640
-1
60138
-1
-1
-1
-1
-1
-1
13166
89415
98385
-1
79422
-1
35525
-1
26075
62830
-1
71357
43348
-1
-1
16786
-1
-1
63888
60867
17996
1391
59867
-1
55121
-1
66456
82494
62616
67373
6285
34056
8522
-1
43786
13541
-1
96053
70225
36781
69160
59422
-1
-1
46056
52395
73733
11856
29397
-1
-1
398
-1
-1
408
-1
-1
43355
3743
63127
87449
-1
1711
3069
10244
-1
39143
23774
-1
-1
-1
35319
-1
-1
-1
40865
5594
7747
-1
-1
-1
-1
-1
-1
-1
43020
-1
-1
1246
-1
-1
-1
23851
96376
97003
-1
-1
-1
-1
-1
96256
-1
-1
59509
43526
-1
74980
-1
-1
3764
-1
22252
9792
-1
35621
5210
51935
43668
67488
36515
246
14490
-1
-1
-1
-1
-1
78636
10368
88332
-1
-1
62746
68652
4918
83547
60304
-1
64730
-1
-1
-1
14671
83426
49145
-1
76295
37426
28904
-1
17119
-1
69927
-1
21123
39889
-1
-1
87015
-1
-1
-1
67481
-1
-1
87452
3112
60141
92015
78296
92485
64724
-1
43467
-1
-1
34147
-1
51432
15409
-1
56228
53132
-1
56391
52431
9119
77461
71579
65976
-1
950
-1
-1
-1
-1
-1
-1
-1
-1
98661
86179
-1
64626
37238
-1
1309
18533
23727
-1
68048
14805
36540
-1
-1
-1
-1
-1
73225
46662
-1
-1
7281
23774
-1
-1
33844
-1
12875
-1
18926
92763
89038
-1
581
45633
-1
77211
-1
25994
73540
83063
57798
18387
1210
74806
-1
-1
-1
19656
24469
53242
591
-1
62726
93032
41873
5295
2699
20387
10518
9423
-1
-1
-1
-1
65485
-1
-1
20866
-1
65236
-1
19927
11492
13106
-1
10315
21991
-1
40493
82787
-1
37001
723
24506
71956
-1
32785
44768
-1
8413
29999
-1
-1
21000
39647
68535
1966
5282
-1
60856
-1
63816
-1
-1
60938
21600
-1
-1
-1
59288
27347
14708
40448
49838
-1
-1
70172
33942
50562
-1
40137
2571
-1
49672
43041
-1
40206
-1
25911
-1
4599
32484
33858
-1
19918
-1
51158
-1
-1
54507
-1
-1
9253
48511
-1
-1
8590
42825
95700
77753
-1
72338
6003
12666
-1
-1
-1
-1
69872
-1
34140
4357
27161
96111
29209
17865
68886
-1
-1
-1
-1
-1
-1
23169
76132
33807
17228
7461
707
46041
-1
307
21739
-1
14160
-1
29376
42908
9799
87551
-1
25781
61299
83933
16005
-1
-1
-1
29652
77428
21768
-1
17333
20842
66643
58951
74590
10740
71462
37308
11484
94656
-1
-1
-1
-1
-1
43602
-1
32203
-1
57850
2490
-1
6854
-1
-1
-1
75743
-1
-1
26869
-1
-1
-1
58652
17433
782
70542
-1
88389
-1
18656
3865
88073
24775
70724
69933
41461
-1
83189
-1
-1
71374
-1
41093
32512
14285
-1
118
15223
56146
-1
32869
-1
-1
50241
40271
-1
19312
43377
84617
50413
-1
30216
86448
50161
-1
28341
-1
55923
19497
14330
24860
53182
-1
76890
99499
5
-1
-1
-1
-1
-1
63422
47607
34264
-1
1710
-1
36586
54576
18944
26012
35725
33691
-1
36303
8324
8229
-1
84689
-1
-1
-1
32378
42206
-1
32406
96188
-1
32284
-1
-1
-1
2941
-1
44298
40538
30520
-1
6289
39065
-1
-1
-1
-1
-1
-1
6020
-1
88852
5548
51297
71082
67471
-1
19139
21153
7095
-1
-1
-1
-1
-1
-1
-1
53963
-1
12498
-1
82466
21030
5851
97195
17427
81848
-1
-1
44587
-1
-1
-1
1094
25123
88001
-1
50434
16540
43136
35324
84362
-1
-1
-1
32765
-1
-1
-1
-1
-1
-1
43877
98003
66674
-1
21331
-1
-1
34340
4618
-1
72950
1524
-1
-1
40967
-1
27580
10807
-1
-1
-1
40160
-1
10039
58230
-1
-1
-1
-1
-1
99192
96569
-1
40131
-1
26505
-1
15540
-1
97667
-1
-1
83760
44288
82975
41518
-1
3347
2920
-1
-1
-1
-1
9197
-1
-1
13277
-1
57679
11891
62310
80267
-1
7697
38757
37859
-1
3463
-1
82794
-1
10193
-1
12312
-1
68588
-1
-1
55292
-1
-1
53665
41264
-1
-1
-1
-1
-1
87851
-1
-1
-1
-1
73861
-1
6605
-1
57347
58574
84743
-1
-1
-1
63005
67639
41549
-1
47155
-1
46631
80503
-1
75704
88679
-1
16175
-1
32125
-1
-1
-1
25015
75701
21268
49763
69624
-1
-1
-1
11580
83376
-1
-1
1988
-1
31677
-1
-1
-1
-1
-1
12367
59101
32009
-1
-1
43177
57295
53070
28932
19979
9946
20384
43476
17336
8464
71666
-1
52060
-1
99564
-1
-1
-1
45677
590
86361
-1
41835
40836
947
17119
88566
36110
24461
-1
-1
57804
82514
41342
-1
1
-1
36737
-1
84998
-1
-1
62820
-1
-1
70757
68240
18112
-1
51148
57031
-1
70466
69033
74112
33469
-1
-1
4357
96925
3307
-1
-1
67952
-1
95380
78671
29998
6094
-1
50973
27205
15990
-1
11314
24880
19497
-1
-1
-1
-1
49195
49887
3421
-1
-1
41480
-1
70651
-1
-1
84162
-1
-1
27634
22165
-1
-1
90549
-1
7192
80639
67528
-1
-1
-1
52198
81545
12634
81215
-1
51846
64208
-1
50495
93105
47817
-1
23199
47997
-1
-1
30427
-1
42072
13876
6615
41842
66550
99563
64181
-1
59809
21097
36665
89246
83558
48503
62884
64122
6370
61941
-1
23462
-1
-1
76202
-1
-1
-1
-1
84371
27533
62067
-1
-1
10293
80684
-1
-1
59972
17304
67821
35380
-1
48235
15713
36130
2355
24049
27986
83840
29056
-1
34918
-1
26544
23061
52008
98761
16062
-1
14180
21338
7905
-1
35612
-1
-1
-1
-1
-1
15128
79827
64456
26386
67449
-1
-1
75474
1909
-1
-1
-1
5294
24436
76375
-1
-1
-1
26622
-1
-1
81483
-1
-1
-1
-1
55121
10507
-1
52951
-1
-1
29757
98358
-1
6777
23465
566
68528
-1
-1
-1
-1
63907
94332
-1
5315
76831
47221
98167
-1
3559
-1
27567
-1
-1
53610
-1
26371
72191
45712
32607
2790
279
-1
-1
2202
39049
-1
5316
45960
-1
18250
-1
-1
-1
-1
-1
-1
-1
-1
-1
-1
-1
18588
97680
-1
14386
14378
-1
-1
-1
68781
45896
-1
54604
-1
-1
-1
91564
21490
-1
12094
10925
-1
28167
-1
97054
-1
43348
33464
-1
-1
-1
-1
979
20287
-1
59200
43007
-1
7701
9226
-1
15537
21030
52468
1069
-1
-1
69404
5939
79304
-1
58011
-1
86181
21244
-1
13345
1446
-1
73748
36493
40998
81107
15954
-1
52655
-1
57029
3749
8502
10107
90644
-1
52167
34650
1990
-1
-1
92831
-1
51593
72452
-1
-1
-1
20002
94559
17517
21427
51762
87617
24339
36328
-1
62438
-1
62209
37483
-1
78574
23985
90369
54991
3997
4303
-1
35777
4159
81777
19661
26192
67014
-1
-1
79374
-1
-1
-1
-1
73043
45485
-1
44989
-1
5221
67136
-1
68347
-1
-1
38032
-1
-1
40083
-1
81556
9493
44818
57072
-1
13103
-1
42121
34442
-1
-1
25128
-1
-1
89353
15165
-1
63295
-1
-1
-1
-1
5364
-1
-1
-1
-1
-1
-1
50278
-1
56905
-1
-1
-1
59418
77575
36107
38539
52961
-1
-1
20664
37252
-1
22205
94097
33135
92840
85917
-1
26273
27564
43288
11849
32327
-1
-1
-1
84920
92671
-1
-1
79042
-1
81155
-1
78425
59498
-1
7817
33984
68652
22879
-1
-1
13257
57379
58431
-1
84709
-1
-1
18194
2128
-1
10713
79843
5551
-1
37237
10572
-1
16884
21157
-1
-1
-1
-1
65713
18905
-1
-1
-1
-1
48541
-1
-1
-1
699
-1
3734
75146
-1
-1
-1
44085
79096
36522
10193
86916
-1
8719
9751
-1
-1
-1
36715
54794
-1
17728
23310
10845
82359
-1
-1
71694
13290
24953
-1
96605
33381
-1
-1
39201
52336
-1
19389
-1
15485
73173
32036
-1
-1
-1
10811
29993
-1
98293
16768
-1
-1
66285
80311
-1
-1
53311
-1
-1
-1
57464
-1
-1
21244
-1
-1
44277
54181
30784
87234
96161
35324
41547
9154
-1
42544
70550
42618
486
38394
32878
68869
39604
20216
-1
46702
11899
-1
69981
-1
-1
-1
24971
76204
-1
14407
15867
56156
4783
41093
-1
-1
59147
64994
7910
-1
74827
71620
-1
-1
38237
-1
52164
29653
-1
-1
-1
35698
51967
52004
49949
-1
81133
-1
-1
4134
5429
-1
38700
97378
81263
88892
-1
-1
-1
5159
17312
-1
30344
17578
18133
71693
-1
-1
15648
32384
-1
-1
-1
93193
6396
-1
-1
16754
49332
84464
83196
45601
-1
-1
44564
-1
76622
-1
97964
-1
-1
-1
15216
-1
96686
-1
-1
-1
30684
39491
89427
90415
10833
36200
-1
-1
35308
-1
-1
-1
-1
66710
3862
-1
-1
-1
34449
18571
8370
23259
84495
16572
-1
78424
-1
-1
-1
-1
42887
-1
5027
-1
-1
67349
21482
-1
31481
-1
78822
-1
-1
-1
-1
18010
56548
22493
91456
-1
-1
31961
40101
-1
65697
-1
-1
66265
41921
60853
-1
67970
46373
-1
-1
12988
-1
-1
-1
18906
59583
-1
87129
-1
26082
25198
-1
-1
-1
5315
-1
70684
91789
43149
49308
69176
-1
-1
48280
83179
98989
-1
-1
77328
4962
-1
76668
30948
49652
737
29511
4191
20920
53426
-1
-1
56230
15211
-1
84629
-1
15890
37831
-1
9950
-1
-1
80171
-1
-1
20187
-1
33321
-1
94081
-1
13860
-1
-1
87797
52377
-1
-1
12584
41229
98367
74408
60049
45594
-1
18659
23554
283
-1
95085
80373
21200
51258
-1
-1
5124
2036
95556
20926
18287
-1
1820
3396
72051
4508
90371
6610
35603
-1
90966
51003
-1
-1
-1
45630
30459
-1
51158
-1
96498
-1
-1
-1
8535
41536
-1
20374
-1
-1
39459
-1
-1
67212
-1
-1
-1
-1
-1
71226
-1
48967
-1
26922
-1
-1
-1
-1
-1
-1
31081
-1
1384
58297
3245
6161
30171
-1
-1
89653
29667
10505
5670
-1
33402
-1
-1
63835
86785
4708
-1
-1
31596
42907
93636
18082
89001
-1
62701
10356
-1
87843
73133
-1
15234
-1
74158
-1
56229
-1
11897
-1
29449
-1
-1
-1
-1
99721
-1
-1
29855
-1
19519
-1
-1
-1
27276
70868
-1
-1
34833
-1
-1
9352
-1
-1
-1
13356
25783
-1
-1
-1
19407
-1
39673
-1
57372
-1
60237
56015
-1
41896
-1
54005
13215
57634
-1
27868
-1
-1
-1
-1
43467
3587
484
62190
6099
38254
12579
-1
19530
-1
-1
-1
93260
72190
87610
64724
-1
51172
51988
-1
1653
95572
49949
18927
-1
-1
10469
-1
-1
9596
4969
31646
22388
-1
97193
53864
55121
-1
-1
-1
-1
82465
27659
12476
90666
-1
36414
56640
81877
20619
-1
1446
24000
22809
-1
67014
61775
67126
41461
51014
57617
17925
49291
67395
69061
-1
17856
23314
16675
-1
28215
26618
-1
-1
52087
8703
44776
75792
87644
91922
73629
40079
81181
27622
34809
60450
48868
41825
15437
-1
33333
83285
-1
-1
-1
-1
93440
9228
-1
4409
-1
73225
24283
17896
-1
-1
10309
-1
-1
78325
17345
-1
17723
69775
13100
95039
-1
95032
-1
20850
20883
11786
-1
-1
51434
13291
-1
-1
86181
7302
-1
1364
27474
28504
23066
43262
3562
-1
70034
-1
-1
-1
-1
-1
1787
2992
83566
-1
41122
87725
1919
-1
-1
-1
496
-1
9810
-1
-1
14929
51188
-1
-1
28626
84496
45132
12613
61042
-1
-1
39789
6309
-1
-1
81268
92955
-1
29790
27915
46249
7651
-1
-1
42373
88041
45594
-1
-1
-1
-1
-1
37537
-1
24741
53719
8636
-1
-1
-1
-1
6164
94174
71124
43995
7283
49947
21877
70901
-1
43329
41072
-1
-1
51830
-1
-1
97319
-1
26906
92517
-1
-1
1547
-1
92793
47364
34518
21820
79283
40662
-1
20617
20256
-1
54545
89582
29905
-1
32690
10832
-1
53025
-1
-1
6751
61709
-1
78956
23575
9348
-1
99275
30877
47955
-1
96424
77864
19980
-1
-1
33157
4942
-1
71733
46392
-1
15401
-1
16572
-1
44299
28197
5386
-1
10232
49095
70946
97113
1111
57950
29899
93879
8711
-1
78594
28135
-1
60184
63185
63165
17103
-1
5713
-1
17150
31784
-1
-1
39052
-1
44546
-1
24748
-1
51687
12771
-1
-1
24518
65581
-1
-1
-1
-1
-1
-1
88758
15124
30885
-1
-1
-1
-1
-1
40415
38237
14167
-1
18682
30929
57869
-1
63852
89113
-1
6312
17742
88108
24342
-1
7349
-1
-1
51192
19278
-1
66162
66625
-1
97241
88870
-1
59605
68780
-1
-1
-1
16630
58901
-1
-1
27852
-1
41026
38764
81437
99462
-1
-1
92553
20785
49968
-1
43348
87412
32737
46304
25247
-1
75272
68100
-1
54700
342
57630
-1
2255
-1
-1
12259
79724
-1
-1
1370
-1
13005
73283
-1
29670
-1
56737
-1
6416
52589
2930
21317
-1
-1
-1
17634
50654
8244
-1
-1
-1
-1
63386
9645
21412
-1
-1
-1
24945
3207
16354
26425
48257
74048
48540
45558
2152
-1
-1
-1
-1
54427
-1
-1
-1
59223
-1
70432
-1
6291
9892
96711
-1
57186
-1
-1
12262
44969
31299
-1
-1
85097
83739
-1
44281
-1
59919
12950
33855
95193
62399
-1
-1
67946
-1
4458
-1
-1
-1
62977
-1
-1
11433
7260
32255
167
-1
-1
94263
-1
-1
-1
-1
-1
-1
83554
14656
55962
-1
-1
68610
53368
-1
45176
-1
-1
12135
-1
49519
15929
-1
17320
-1
39255
91567
65042
52446
-1
84678
47368
-1
70142
-1
91521
76563
84629
-1
-1
12095
-1
-1
-1
35659
30368
32042
30293
-1
-1
-1
3071
58313
29814
33630
3453
15015
4670
13166
-1
53626
81159
73203
-1
-1
76593
-1
-1
89965
-1
-1
-1
7984
97602
22786
62778
10292
-1
-1
-1
-1
84828
-1
80212
51852
-1
4599
-1
74789
22590
-1
82167
71823
-1
82046
-1
39852
-1
-1
37833
19582
-1
88073
-1
7752
58358
47616
-1
49869
35038
91896
4775
73215
16503
96861
83760
-1
-1
5944
5626
37787
-1
-1
-1
12660
-1
34515
43373
46669
5661
-1
-1
3500
-1
91221
60574
82747
65138
-1
60125
33135
52741
82611
25191
10485
10129
-1
-1
-1
-1
-1
6512
50401
19448
-1
57225
-1
-1
30822
72789
21294
-1
51412
-1
692
-1
91221
-1
23585
-1
57047
9912
-1
22892
43226
-1
49380
46218
-1
16908
22359
94378
90017
63843
72872
-1
-1
36810
-1
8384
96849
7957
3720
73196
45852
71283
-1
82163
-1
31604
23576
-1
93473
91326
99243
24069
-1
-1
39419
-1
35241
-1
17934
-1
-1
-1
98412
93991
-1
22902
-1
-1
35917
-1
27949
-1
26371
88130
-1
-1
65695
60559
-1
56634
15817
1390
64342
7651
30730
61004
88927
29222
-1
-1
35324
5878
13060
55893
80418
-1
58775
9096
-1
54284
7366
-1
-1
16954
-1
26449
11262
-1
99492
-1
-1
-1
-1
82590
55568
-1
13407
17298
74509
-1
-1
22243
98501
72745
46307
76457
-1
432
26157
1125
-1
46350
-1
-1
41148
37381
13282
92466
49572
-1
31931
63458
37740
-1
-1
58644
8366
-1
42247
-1
-1
6331
8142
-1
-1
30672
48467
-1
61049
24091
24535
74099
-1
9922
55869
-1
13686
6639
-1
73021
2473
-1
54655
17415
10186
88758
61965
108
62351
-1
1620
-1
-1
-1
20774
2960
-1
11127
48463
-1
36935
-1
687
17707
-1
-1
-1
12821
-1
-1
-1
39979
-1
26406
-1
49642
27480
72061
-1
-1
38611
-1
43761
-1
77386
16679
59571
-1
-1
29902
21323
18379
-1
9835
90220
-1
10766
84761
57074
38066
-1
-1
-1
-1
-1
-1
-1
-1
-1
29085
-1
18364
-1
-1
25905
47224
-1
6528
38062
388
-1
1071
59676
20387
38101
45
85365
71630
58496
-1
20899
-1
5193
-1
20130
82244
31037
-1
14609
-1
30015
32354
5795
-1
42940
-1
44485
-1
-1
42531
-1
9408
-1
-1
30955
97677
-1
-1
-1
7296
-1
-1
-1
-1
-1
733
1810
73772
-1
-1
53305
16169
5736
-1
-1
-1
91597
-1
-1
-1
-1
-1
35926
-1
22819
19437
53951
8484
57099
82214
75987
8976
-1
37415
21877
5878
86188
-1
54604
77769
4011
46033
1996
87267
-1
36102
-1
-1
28853
-1
98766
54144
-1
4908
-1
-1
46799
-1
-1
12929
90189
98604
1223
27014
25061
62127
47629
-1
28657
14472
-1
94893
-1
55212
45367
73440
23418
65296
-1
-1
92223
14281
33385
24342
-1
5658
-1
79239
25646
33097
25299
38476
72696
-1
17166
81200
-1
81706
-1
-1
96459
63709
4957
23541
-1
46325
49110
77524
35517
-1
41492
41042
621
-1
89266
-1
-1
81391
28402
-1
70970
55917
-1
-1
15465
6924
19239
-1
75701
13133
-1
56364
42641
-1
-1
-1
-1
-1
-1
44046
72696
-1
28890
84536
-1
43243
-1
4361
56962
37612
-1
-1
28183
-1
20991
7394
50486
53261
-1
-1
40839
51020
42867
-1
68967
-1
-1
-1
81777
31303
82357
35038
-1
73407
19706
21739
-1
-1
55705
-1
-1
28822
21323
-1
-1
43548
5945
95714
63199
1142
37526
-1
52695
1375
-1
32292
75690
99162
48664
28273
-1
54604
-1
-1
64341
-1
80600
47301
-1
-1
-1
76676
67611
-1
58169
23199
-1
5002
-1
-1
-1
-1
36521
42872
21972
-1
18919
61451
-1
25191
-1
-1
43685
61986
-1
76513
-1
8473
28984
85668
-1
79378
66492
85435
-1
45129
-1
-1
74974
-1
-1
60342
48992
8976
-1
16482
95319
-1
56101
52299
50995
-1
-1
36134
-1
37810
83434
18984
-1
30048
-1
-1
-1
-1
45916
20799
43348
-1
-1
-1
69171
4922
93617
-1
-1
13083
50219
-1
10322
-1
94390
28205
24378
-1
-1
-1
13028
31077
9602
24220
-1
-1
5238
-1
-1
58754
-1
-1
99378
-1
-1
-1
15438
-1
-1
35728
-1
6848
-1
-1
-1
66907
-1
-1
43123
-1
14489
-1
12427
40222
21352
-1
45200
-1
67751
-1
20780
19254
41915
19458
-1
54143
39478
23843
-1
-1
84207
-1
-1
-1
18027
-1
34437
71640
8797
40451
95173
-1
81755
79169
-1
-1
76411
26286
-1
-1
-1
-1
-1
73031
22403
-1
-1
17454
-1
-1
3233
12084
-1
31802
-1
-1
66496
74173
2305
-1
21177
-1
63209
62281
72822
-1
-1
-1
71350
72864
-1
-1
60536
89184
75512
26158
-1
93358
-1
96518
-1
-1
82187
21298
27525
53883
80471
42895
46769
-1
-1
-1
22685
89739
87054
573
75550
36987
69171
7559
-1
-1
-1
52641
-1
26905
23346
25301
-1
49994
78465
-1
-1
-1
27912
55515
11784
-1
82365
74297
-1
-1
73778
-1
-1
31487
47117
-1
1077
-1
-1
26616
57702
14654
-1
69642
4076
91404
51556
-1
2232
28184
72680
-1
27836
52580
15405
58603
-1
53705
-1
59615
30968
-1
80721
-1
-1
-1
-1
9734
81591
-1
-1
64045
34200
-1
-1
-1
45230
67016
-1
-1
-1
55332
45107
7443
18814
-1
20377
38528
4185
45459
15550
76795
87411
57237
-1
-1
-1
-1
42412
91791
12134
-1
39534
80913
26376
-1
86478
16731
-1
46304
30844
-1
45385
52179
9442
2614
-1
19927
40754
41603
-1
-1
99042
-1
56090
-1
-1
-1
20558
11506
38410
3797
23204
-1
-1
52549
53025
45422
84857
75878
23851
67008
-1
67394
63851
65395
22089
72047
54515
17757
-1
69607
25991
-1
-1
4103
-1
32484
-1
-1
4926
88622
76739
-1
-1
48846
-1
-1
44626
53647
9625
-1
-1
-1
-1
-1
23239
10538
31271
50981
-1
93879
-1
-1
-1
98929
32773
39489
61049
29417
-1
18345
16784
40272
31430
74410
40994
66248
-1
-1
-1
9350
-1
-1
-1
-1
75933
-1
75567
20384
66571
-1
-1
7910
43599
94707
45506
13193
96210
-1
72718
71485
-1
-1
33450
-1
-1
34997
45961
94148
3314
-1
-1
65401
88005
4607
30722
15709
40821
35406
33064
12010
91797
53554
34442
-1
60167
46848
24725
17864
2026
18332
4846
-1
16954
-1
-1
59605
13127
88344
30908
27479
73297
75020
-1
43951
-1
-1
74536
87234
41159
1845
20839
-1
1328
-1
13033
-1
-1
-1
14755
-1
4381
27709
67822
45559
-1
18438
-1
28304
-1
-1
17852
-1
10469
-1
21476
373
-1
-1
95453
29417
34479
-1
60110
43569
-1
9276
-1
56848
54281
-1
8762
2193
-1
-1
20579
-1
-1
2969
9065
-1
-1
-1
-1
90640
29441
-1
70327
32131
-1
38603
55730
-1
15666
28268
37207
-1
73618
-1
32690
39201
95502
-1
77524
15610
1541
40819
-1
-1
-1
69290
34863
-1
-1
21832
41510
99243
-1
-1
96874
-1
-1
-1
71685
33139
-1
-1
66497
38591
6024
-1
-1
53294
75305
-1
-1
55132
31852
-1
-1
38614
30451
-1
-1
94167
41364
24825
39274
-1
14911
840
-1
23270
-1
-1
20414
63175
-1
45438
17519
-1
-1
-1
-1
14991
60031
64693
61760
98156
65489
-1
-1
8903
-1
-1
-1
4599
12489
78477
-1
-1
42905
-1
-1
-1
50327
51596
53352
-1
26836
-1
-1
54999
-1
-1
-1
82214
71532
73011
-1
-1
-1
-1
-1
-1
87464
66415
2419
35996
84760
46044
33912
-1
12892
47222
301
33921
-1
37348
71282
11706
-1
10048
-1
80340
-1
-1
7110
-1
-1
-1
-1
91998
-1
-1
-1
41288
47756
-1
-1
47861
-1
3469
600
46757
30882
27779
76897
-1
2170
83587
-1
51276
21753
1572
60919
81910
-1
-1
49345
-1
32287
-1
38965
84737
62108
-1
11674
18911
64248
71345
-1
-1
-1
-1
27342
56153
-1
-1
-1
-1
9823
-1
-1
4062
20480
-1
64458
-1
37743
-1
-1
69687
89580
-1
68370
73099
80045
-1
18704
-1
-1
51832
21509
-1
-1
14128
-1
54547
-1
72321
-1
-1
-1
80867
50113
62339
32212
20835
4373
-1
73396
15866
16343
47724
-1
93718
-1
41552
13699
-1
-1
4057
81085
11038
52846
-1
68590
-1
46063
80932
-1
54984
278
-1
-1
47297
90005
-1
-1
87707
21660
51311
33520
-1
-1
53070
45677
94494
90416
78367
21486
28572
81087
-1
347
48336
89569
63859
-1
31159
-1
27574
63608
18985
-1
45086
53481
39912
57122
73101
-1
-1
-1
53904
10817
-1
-1
-1
96217
-1
4361
33998
66477
-1
47014
15219
92157
36415
-1
-1
35769
-1
17811
12309
-1
36229
-1
-1
-1
24761
50213
-1
59101
-1
-1
63570
-1
35588
-1
32203
-1
3602
2297
60951
3733
-1
54844
65204
-1
-1
10483
82158
47177
-1
-1
84181
-1
600
53703
75094
-1
38594
49858
-1
23947
-1
-1
-1
7475
-1
27714
82632
5324
-1
46290
22171
74847
-1
19095
-1
-1
83663
132
-1
-1
1496
34013
83217
-1
22948
62750
89873
-1
-1
20761
8279
20690
-1
40952
19929
24755
3347
-1
15199
64126
95815
68207
1290
31606
10854
15916
9254
-1
-1
-1
21295
-1
21634
15075
-1
88001
12240
60170
24953
57845
-1
57120
-1
-1
96580
-1
-1
-1
7532
7634
35017
91884
-1
35647
-1
21078
69510
55833
47254
-1
-1
15664
566
36049
-1
25969
41658
-1
44291
20991
72956
-1
13550
55247
4702
-1
90035
21384
85378
17893
90044
14881
27931
37051
10613
-1
22348
61253
12044
66351
39171
78468
56294
-1
20205
-1
20436
52015
94915
-1
-1
87315
776
-1
9752
-1
23812
-1
-1
-1
-1
58993
30257
12628
15413
3051
19380
37667
-1
28852
24600
-1
7379
30554
20972
-1
72353
35040
64002
-1
-1
-1
84334
7929
-1
-1
14736
-1
-1
-1
90005
-1
9951
26235
61118
8799
37930
78315
59989
-1
14656
-1
-1
24499
-1
83597
-1
68667
-1
-1
-1
55168
-1
-1
69599
67648
9912
19216
-1
78481
-1
43108
-1
-1
68181
-1
-1
49949
-1
1665
92669
-1
-1
-1
-1
26650
53971
74466
-1
76971
-1
24944
-1
18250
87688
36796
42940
247
2832
64121
-1
-1
-1
47741
20202
64559
-1
39073
17248
10434
-1
20334
-1
12550
9298
18752
9210
34102
62750
73430
-1
83929
37341
3579
-1
1899
-1
80799
-1
55651
-1
98133
-1
7213
3096
38128
-1
-1
25078
-1
-1
91482
-1
60122
-1
10144
-1
79039
-1
-1
19061
-1
-1
-1
65585
-1
64417
-1
-1
10618
31900
-1
81729
-1
-1
68190
78086
34862
66610
-1
78043
82095
27900
81483
36540
-1
-1
-1
-1
17032
22465
-1
-1
-1
-1
-1
-1
-1
-1
30629
-1
75131
-1
-1
9776
-1
57686
39181
80539
20691
10767
-1
-1
-1
92305
63678
50921
-1
-1
55819
-1
-1
60959
-1
1824
46631
84776
-1
41655
53686
-1
-1
-1
96842
-1
-1
7873
-1
70068
95823
59411
66248
-1
1229
77820
73025
-1
11220
28582
19222
54691
82747
38862
89221
51522
74493
80151
-1
47902
15291
-1
-1
-1
96841
5525
-1
36037
-1
387
-1
12741
62830
50949
-1
82848
-1
43367
-1
-1
39222
42114
-1
-1
-1
45961
-1
33269
-1
-1
-1
4292
89659
-1
91126
4657
10883
-1
6501
60874
5952
29964
-1
51468
-1
11484
49300
5385
46569
4463
70879
9625
20530
32018
41168
-1
38771
-1
-1
76379
55806
-1
-1
75742
72072
304
2465
11004
9538
54507
-1
-1
5019
45425
48699
60352
-1
7394
-1
9007
-1
-1
36368
88398
-1
-1
-1
7734
90055
9210
52395
54880
21400
32666
-1
46570
17938
-1
35599
13720
-1
-1
47356
75919
45054
3051
13692
41046
-1
-1
12475
72772
99142
27347
3025
98118
79004
93012
-1
65985
-1
13717
38494
46533
-1
-1
-1
-1
681
6569
-1
-1
28779
50597
-1
94167
-1
-1
38059
-1
-1
27884
-1
-1
-1
56072
50409
-1
-1
14911
5612
12058
55156
-1
-1
19540
88488
-1
-1
-1
8136
-1
-1
12068
-1
66586
98238
21244
6043
1094
66591
-1
17855
-1
63713
-1
20069
-1
443
97727
29954
16305
-1
94328
52471
29938
13353
28840
4020
-1
-1
-1
-1
77021
-1
-1
9448
24215
19906
-1
-1
-1
89301
13669
-1
75397
-1
-1
87155
88505
-1
1614
-1
73944
90219
34607
32491
-1
-1
-1
40054
29436
80986
-1
16677
-1
-1
-1
97365
-1
-1
65650
37447
19021
-1
-1
12982
65286
45715
20693
21907
-1
-1
48645
-1
74958
50937
56802
-1
83240
-1
64982
-1
-1
22607
-1
-1
29347
12702
7843
-1
4506
3219
11853
-1
4498
-1
-1
-1
37976
-1
580
-1
-1
-1
22978
14457
29869
43478
71227
71334
54508
-1
-1
52294
-1
-1
14574
81291
-1
83207
80891
8210
42296
2365
8702
56567
92228
-1
13133
-1
-1
37026
-1
85872
93003
98957
21956
16818
-1
33204
-1
9166
-1
7024
15630
45955
-1
4684
86672
74283
31002
5312
51170
57952
6851
15519
-1
28922
30339
81542
-1
-1
-1
-1
-1
85331
95026
22489
26866
-1
34180
-1
-1
-1
37054
57551
42924
-1
22891
94500
-1
-1
-1
43716
-1
21213
59917
33395
-1
32759
-1
95273
-1
16173
-1
36262
32539
25528
-1
19270
-1
12929
20975
-1
-1
23436
23907
-1
70060
20964
-1
11414
3775
36851
92546
-1
-1
-1
64302
-1
48888
9314
87837
-1
20738
-1
13904
-1
35817
74891
30864
76320
-1
-1
81718
94530
-1
9059
25597
18217
-1
3074
12969
-1
19616
-1
-1
-1
63071
-1
-1
16664
-1
85829
273
41026
-1
63725
-1
-1
54165
-1
48519
-1
10749
-1
69288
3600
-1
-1
82990
-1
4614
-1
96346
61170
4133
13166
-1
9908
45130
77166
19797
-1
41278
-1
-1
-1
70655
37630
-1
82757
-1
19483
-1
-1
67668
69908
39600
41365
11313
-1
44747
-1
16813
3789
2771
15542
49758
89778
4599
40612
55576
-1
17925
24132
45013
-1
-1
98818
2503
3773
59087
3997
-1
14929
73198
-1
-1
-1
-1
71267
-1
-1
-1
-1
41507
64778
-1
85454
20210
73538
92959
-1
14478
1392
32869
-1
70946
-1
28192
-1
76398
13569
60680
78053
18919
-1
151
-1
5900
-1
72699
-1
31153
64688
8624
92162
27135
48380
-1
69430
15664
-1
-1
66285
-1
17356
40514
-1
32259
53385
14038
17977
-1
-1
70410
50508
77375
15295
6626
-1
40843
45332
16694
-1
92188
86052
1214
71232
54341
-1
-1
14491
2062
-1
68172
13287
48509
-1
-1
-1
-1
85004
-1
-1
-1
40200
-1
-1
78766
32050
31192
-1
1084
-1
34348
76425
-1
6003
88655
26811
-1
26799
-1
38784
87957
8359
-1
48576
77575
51446
22475
37373
4720
40845
70555
-1
-1
17874
48733
76633
92836
44747
-1
-1
4873
4554
-1
-1
-1
73601
50279
26275
4056
-1
-1
-1
-1
19785
-1
43356
-1
1084
-1
18686
-1
-1
91563
-1
1281
89540
-1
43211
55159
39706
-1
38413
-1
4969
-1
4596
63535
32312
12597
-1
44285
96289
23348
5300
-1
-1
-1
38193
33594
8601
-1
-1
-1
-1
22871
36799
-1
19906
-1
38087
-1
-1
-1
-1
-1
-1
99855
20395
58069
-1
-1
-1
63645
-1
11258
43136
-1
-1
30308
78840
58126
88262
63478
66039
-1
-1
-1
6337
-1
18773
16766
-1
-1
-1
-1
34207
50627
15708
-1
-1
63725
7176
-1
-1
36915
-1
18125
36877
8248
9625
7769
34416
-1
31446
99672
44538
-1
3392
12579
23900
-1
-1
-1
43149
75086
7228
7057
-1
-1
65528
6715
80561
42410
69750
-1
35042
-1
-1
60066
18937
12994
31596
-1
-1
-1
76608
31835
36536
-1
80966
8004
30674
54944
28054
1086
10490
31881
62841
2578
42682
-1
42689
60918
-1
69386
53605
97207
-1
-1
7680
-1
3050
12322
48269
-1
-1
-1
12155
-1
-1
50247
42526
58574
13647
-1
13020
51025
-1
73006
58867
3638
62778
-1
-1
24006
-1
22739
26171
21177
-1
-1
-1
56531
24390
66602
67149
-1
24031
-1
22441
14871
-1
58826
57070
31291
71755
72129
32562
59395
-1
84207
27412
14981
-1
29028
-1
6664
83376
-1
-1
5706
-1
-1
-1
89525
52550
66885
5287
21346
79564
7287
63578
-1
65868
-1
-1
80865
3530
26423
-1
48132
-1
84091
-1
-1
10683
56883
11839
1273
181
15422
72406
-1
-1
21848
41872
-1
43366
-1
22810
-1
4945
85518
-1
-1
-1
-1
-1
21119
-1
-1
-1
84373
97217
24394
-1
-1
32398
82969
7866
91113
-1
95955
13949
3176
-1
84616
18181
72643
-1
6685
38667
-1
46424
73369
63381
67945
-1
15277
58509
-1
45031
18654
71243
-1
-1
12918
58569
-1
8217
31144
25562
9035
13887
60198
-1
78820
34970
14525
-1
-1
58352
23662
73146
7710
66731
50895
37845
-1
40574
-1
32945
30319
-1
-1
30227
24234
-1
-1
40169
59182
-1
98394
-1
-1
-1
91835
-1
80100
17764
85897
-1
9522
91855
49154
1375
-1
-1
-1
40679
93625
69907
84760
87505
28479
10832
-1
37505
-1
-1
-1
50404
-1
41074
40138
-1
67249
-1
51710
-1
87092
-1
34997
76343
74670
-1
17581
87156
-1
51819
-1
-1
15883
28912
-1
74621
13099
-1
29776
99681
-1
64869
-1
-1
5937
80341
2354
-1
10298
12741
-1
-1
24011
55251
-1
3066
283
-1
3702
-1
25896
-1
-1
67720
81013
1546
-1
44359
2015
-1
61060
14235
-1
59089
20933
-1
46124
67724
-1
4532
8848
2501
33001
-1
-1
40777
6439
-1
5348
-1
7869
-1
-1
37632
-1
1623
51771
-1
46380
61197
-1
70364
48453
9221
-1
68291
76303
-1
34418
13925
64101
40905
-1
-1
-1
-1
6295
65992
34135
62494
-1
-1
-1
14568
51141
26005
-1
49435
52150
60695
90562
23614
99081
43352
12478
66503
-1
-1
-1
7680
15938
79125
-1
87809
82196
14289
5368
-1
28211
22449
346
-1
-1
-1
93955
-1
25791
72789
7754
-1
-1
-1
31921
5576
81026
12715
-1
16169
25730
-1
90903
94418
47439
6149
-1
12334
48713
-1
-1
9080
54728
71671
53200
27120
36090
97486
88262
27624
-1
-1
-1
26102
-1
50549
32825
45810
81780
35012
-1
90728
43004
57831
17106
11665
9619
-1
65132
13290
27217
5232
64300
43247
-1
80714
7958
-1
-1
-1
-1
-1
20572
12492
-1
48224
-1
9629
-1
20195
42437
33942
-1
-1
33763
19717
-1
-1
16031
91660
17135
14950
54275
81315
-1
-1
-1
-1
-1
20600
97696
79014
-1
-1
13414
-1
51784
82766
-1
-1
-1
-1
80982
-1
-1
67108
60426
-1
-1
34063
-1
15728
-1
84691
14391
-1
39589
43732
-1
-1
24484
-1
73156
85262
59211
96289
4120
48947
-1
34479
-1
13924
64477
838
-1
7840
21455
-1
32499
95541
-1
2341
-1
23260
48801
8664
-1
92239
-1
31738
16618
-1
882
-1
-1
-1
24611
20120
-1
-1
79348
-1
-1
50593
81171
7334
60165
15688
46912
22864
57935
19204
28818
52992
62337
-1
-1
66626
-1
32484
68286
16325
-1
62431
44834
78824
820
-1
31991
-1
34023
85727
76401
-1
-1
3383
-1
74789
95877
33955
-1
-1
24215
33241
27347
64968
66911
-1
9445
54440
29103
27612
1106
12366
26485
88408
-1
51988
-1
69855
77746
74587
18919
-1
24982
-1
60569
21625
-1
37950
-1
-1
-1
49032
37805
-1
-1
-1
-1
4375
-1
59379
-1
76579
50421
-1
-1
38012
-1
2596
-1
-1
38012
-1
7346
-1
69442
32056
-1
21848
-1
83405
-1
-1
-1
95385
37115
18925
78792
-1
-1
3057
-1
-1
75037
35467
-1
-1
-1
16541
918
-1
78575
5
-1
-1
5688
97651
29719
13242
84640
17796
79955
-1
52597
-1
-1
-1
92546
37533
1533
-1
-1
84895
-1
57806
20458
-1
51302
16093
7649
18613
4305
25562
31654
-1
95963
35189
2628
12956
60377
90784
10600
51880
-1
55459
-1
-1
-1
31268
-1
56792
-1
-1
-1
-1
-1
3579
43295
-1
-1
-1
48119
-1
46885
75138
66496
-1
6413
81912
-1
-1
36475
5984
43452
-1
56790
40137
-1
-1
-1
15255
53166
11451
4622
662
-1
41379
48533
57601
-1
75094
57431
2066
15480
41719
29429
-1
21690
32588
81029
43461
-1
8132
80966
-1
3063
-1
-1
48298
-1
92425
-1
96466
-1
-1
-1
37217
3689
43583
48382
54660
54039
-1
-1
35957
67188
5954
58878
97960
-1
29943
3473
-1
-1
88117
-1
54305
-1
98058
4773
90944
-1
98572
96149
-1
-1
68989
-1
-1
46351
16863
39191
-1
8461
59546
-1
17474
58299
-1
94319
-1
-1
12304
12629
17873
-1
97235
-1
-1
5251
-1
-1
50656
5211
38784
-1
-1
23965
-1
93401
13341
1402
76979
28096
30307
45899
82210
97039
-1
30106
-1
-1
-1
-1
34136
11209
-1
23501
-1
9875
-1
98784
-1
-1
78840
80737
3985
-1
49947
33626
71827
-1
-1
70163
14671
-1
-1
-1
30554
-1
4005
25991
12634
-1
50018
12412
83654
61027
63859
-1
-1
-1
62338
-1
-1
76550
6867
1574
41175
81415
-1
3056
29115
65665
66113
93842
17678
46745
24518
79101
-1
3933
87152
75600
74720
18700
2042
-1
12497
69720
72582
49145
993
70249
58223
45864
-1
27433
78199
1494
21380
84547
-1
5264
28469
2828
33271
-1
-1
8573
-1
63794
-1
78531
66254
58223
-1
-1
-1
-1
74567
17114
85633
-1
28725
-1
66063
97946
-1
45170
11333
66312
73158
-1
36737
95387
-1
-1
-1
83313
-1
55110
-1
36515
71828
71283
46763
89793
53402
-1
52263
45132
-1
90894
81182
-1
28685
-1
23838
15208
-1
-1
88686
28214
71889
-1
-1
-1
-1
58290
64966
11335
33979
7441
19011
46763
78858
80128
-1
31617
2193
37448
17170
-1
-1
42309
-1
82359
-1
51001
17381
-1
39550
-1
-1
-1
63671
35391
94715
34146
-1
-1
57697
93336
-1
-1
28859
-1
80223
-1
39681
-1
86013
86439
-1
93947
-1
12884
-1
31552
-1
73065
93539
-1
-1
-1
-1
4115
-1
20544
38855
-1
-1
50626
45107
-1
5448
-1
38788
95648
-1
63373
-1
93808
59767
76597
69775
8110
-1
-1
13216
-1
15798
30559
44999
-1
33399
13899
6633
27962
80163
-1
60639
-1
-1
66747
-1
31948
6699
39676
73698
-1
-1
70551
205
48086
-1
42946
27572
-1
17378
-1
1296
-1
-1
14167
40035
-1
42954
-1
-1
-1
79783
-1
-1
34835
91099
1993
30836
-1
81365
83806
5374
83711
-1
-1
56716
-1
31067
75101
-1
58336
29810
46505
15283
-1
3917
-1
-1
-1
24114
1927
7260
-1
61562
-1
-1
20002
70668
-1
-1
30262
-1
22151
-1
-1
9326
-1
-1
87741
43579
40110
89750
-1
44743
2968
14227
40669
-1
17433
-1
48364
33088
78754
-1
85467
84970
-1
80092
-1
-1
75007
57250
-1
13102
13863
-1
27474
9761
-1
30944
20498
65540
43530
-1
-1
15251
49557
27952
-1
-1
-1
23023
-1
1177
98720
57896
46549
36623
25427
-1
57538
27452
2523
-1
-1
-1
43442
64559
1443
23408
-1
-1
-1
-1
86495
-1
-1
31647
92065
-1
11075
8911
60738
7974
-1
-1
89813
-1
46497
-1
-1
-1
-1
59101
19870
76147
-1
47574
63026
16005
36897
-1
-1
50219
47199
-1
-1
-1
6748
74466
-1
2255
1705
92246
-1
1572
67998
-1
51040
-1
77403
45867
84273
17678
39338
88130
49320
8397
-1
81768
71232
-1
57769
33869
-1
-1
-1
18476
-1
20740
79840
2048
15293
14284
67308
13144
43975
46256
21380
28973
48888
-1
-1
65003
-1
-1
-1
-1
73669
-1
2961
-1
24152
-1
-1
6331
-1
-1
-1
24016
63359
-1
-1
-1
49597
-1
58292
10093
-1
13345
-1
-1
21333
-1
-1
14098
94977
-1
74190
99763
61029
4301
-1
-1
10905
563
-1
44093
71132
-1
47022
23430
18722
-1
4374
81498
-1
63497
16086
75745
-1
-1
-1
-1
55349
6444
-1
26683
64236
-1
-1
14057
23200
75352
32287
59567
-1
70095
-1
5758
18991
-1
-1
33900
-1
-1
-1
18032
-1
69329
27071
-1
-1
81025
51979
-1
-1
10213
-1
-1
-1
12215
79573
30890
27334
-1
-1
4538
7045
45614
3715
-1
52880
92442
98252
92009
29272
1711
-1
-1
26671
17807
60183
-1
76475
-1
62960
-1
10136
13147
-1
23463
22195
55413
27388
-1
-1
-1
50724
12743
10299
19385
63005
-1
-1
25499
-1
-1
-1
80952
-1
19631
18848
6175
59481
-1
-1
1995
16617
25065
-1
27681
15507
7261
-1
-1
96672
20373
51385
-1
58403
7164
79885
64928
-1
-1
-1
-1
30825
-1
23072
93254
7107
37581
92284
76596
51708
8319
-1
87760
-1
17784
89570
46207
40668
58944
-1
-1
-1
-1
36091
-1
-1
-1
47630
19123
-1
-1
-1
-1
90300
20629
29214
38482
49876
-1
77017
68805
6449
-1
9537
-1
85720
-1
79383
-1
-1
19407
90998
5798
91985
-1
-1
29508
-1
35069
39544
61655
-1
-1
16601
45052
39419
15609
-1
-1
83384
-1
82845
-1
-1
-1
-1
-1
-1
72660
-1
26866
17922
53480
56188
35433
67031
-1
72643
46193
12130
-1
55050
57358
4749
10654
63560
10328
28338
49656
16775
61152
-1
-1
-1
-1
11214
16619
-1
-1
64308
95375
11871
-1
-1
-1
-1
12625
80499
16555
2610
-1
72151
-1
39988
-1
94162
-1
27883
-1
-1
26138
2992
-1
99680
34296
-1
10522
-1
-1
66837
10351
23503
58563
-1
42757
1379
-1
12950
88693
86799
9108
45989
80132
70203
25580
-1
-1
77091
18450
59574
-1
49033
12598
87756
8059
76370
-1
6320
67287
-1
4679
-1
33434
-1
-1
-1
15839
83282
1787
-1
1062
13890
-1
-1
25297
43163
-1
23232
43666
71812
14022
29582
39705
76780
1201
-1
-1
387
56045
15396
59869
34328
57564
15632
-1
36020
-1
-1
32701
26353
66873
92111
-1
-1
-1
-1
99918
69913
-1
70566
-1
21782
-1
-1
40161
-1
-1
88622
-1
97067
46225
16626
-1
-1
13717
90150
-1
2176
-1
-1
-1
165
31994
23316
-1
82095
7946
32137
77095
-1
-1
4559
27143
-1
4118
34249
-1
-1
-1
23466
46146
86514
-1
-1
16973
77828
99810
-1
-1
60427
-1
51304
-1
16644
-1
-1
46705
21331
60894
-1
-1
-1
-1
-1
-1
-1
-1
65655
-1
62647
12693
26371
7049
6678
23416
47050
21863
34828
-1
-1
-1
95930
6054
99423
50286
-1
-1
-1
-1
45061
14598
80050
67361
1198
28793
84196
84232
-1
-1
59068
-1
-1
50660
-1
5617
-1
73860
55997
-1
13647
33999
48236
77134
83925
57024
47307
71135
3655
13863
-1
-1
13373
21066
-1
-1
-1
-1
-1
-1
-1
46741
15688
71513
-1
13583
5802
-1
68100
-1
39204
-1
-1
44022
12424
15599
-1
24166
93726
44169
33135
42113
87130
-1
-1
33421
-1
33326
16749
-1
57957
73398
-1
-1
-1
-1
-1
79518
11
38816
-1
59203
-1
69396
74969
-1
-1
85796
29101
-1
-1
-1
-1
3382
31487
38751
4709
-1
-1
55940
37606
-1
-1
85739
92879
58115
47041
20964
68259
59561
89423
-1
291
-1
88878
66188
955
6465
39763
5249
80128
2147
-1
-1
43189
-1
-1
-1
-1
-1
-1
14828
-1
-1
-1
-1
6393
-1
-1
-1
88195
-1
-1
51846
-1
-1
70354
-1
92107
18748
68708
-1
12425
-1
89873
21372
-1
85672
-1
-1
-1
87696
86832
-1
-1
-1
27708
-1
6921
57709
95988
-1
-1
-1
98961
-1
63434
4528
82263
40345
33204
98325
-1
16989
-1
84617
80780
-1
81025
-1
16296
-1
11240
26622
5465
85277
89689
69631
-1
45213
2501
-1
31126
-1
-1
29590
15331
2299
44762
9044
66428
61717
44476
35216
-1
-1
-1
31423
-1
-1
95779
-1
33040
-1
74348
95571
44119
-1
26656
6346
86757
90315
47383
-1
91543
-1
63709
54066
-1
21190
-1
33138
88121
-1
13563
-1
-1
86918
29959
26047
-1
-1
7888
-1
67052
84373
-1
13171
5576
51222
-1
16555
83152
39243
74891
-1
-1
69344
-1
-1
-1
42413
49779
2216
41195
39859
46343
84800
24517
47858
47145
22972
1359
-1
65302
44647
-1
71694
21991
68485
-1
-1
22589
15031
-1
25881
-1
-1
31117
-1
95413
-1
35736
61358
32650
-1
-1
-1
32512
4186
48249
-1
43348
5560
-1
51020
38014
13146
-1
37883
51526
54283
-1
31437
10038
10982
51467
-1
6142
6706
17441
-1
57732
-1
64982
-1
42104
17516
61669
-1
-1
54499
25916
69805
20572
-1
-1
7874
-1
60657
33452
-1
75509
10908
-1
22070
-1
-1
72624
30727
-1
-1
-1
17194
-1
25063
-1
-1
-1
24722
30136
-1
1252
29639
-1
8774
41781
71197
79171
16127
-1
-1
-1
59122
67477
-1
6630
-1
-1
61486
46264
85234
52023
-1
-1
4787
-1
57101
-1
-1
-1
23583
90310
-1
78928
-1
39064
-1
-1
41364
-1
-1
51110
-1
13717
53548
29037
55447
2121
-1
73963
-1
75024
-1
25349
6056
-1
60160
37738
-1
-1
-1
-1
-1
-1
13459
58155
-1
-1
-1
37812
10802
-1
-1
-1
45854
13016
82936
31298
-1
-1
-1
8097
35150
73456
16086
-1
94844
-1
-1
3337
34855
63897
-1
26520
-1
-1
78706
57032
43007
84951
-1
-1
51392
-1
30061
36483
-1
-1
41438
5413
38349
1672
15871
56176
-1
-1
-1
-1
-1
26692
-1
44075
-1
-1
-1
-1
-1
11564
-1
-1
61162
-1
-1
47260
-1
17579
6600
-1
98703
21159
8217
3712
86986
-1
-1
52339
-1
-1
-1
-1
2207
63121
3600
-1
58558
80024
64523
55075
44235
34721
-1
-1
47283
-1
-1
10501
-1
65955
-1
12696
14886
5299
27601
85465
-1
60350
-1
-1
19454
-1
-1
-1
37842
29369
23544
-1
51488
11595
26832
77065
-1
85813
-1
26951
-1
-1
-1
61540
-1
4614
-1
63851
27157
-1
-1
9273
-1
13241
57031
-1
78006
343
24798
13309
94703
-1
-1
82806
15366
59626
89399
12952
6597
-1
-1
45596
33834
-1
-1
-1
-1
-1
-1
743
13016
-1
-1
94364
9960
69032
-1
-1
87684
-1
-1
33536
-1
-1
-1
-1
86939
-1
28425
-1
43416
19279
-1
-1
40538
11087
65876
-1
62388
36241
-1
72210
-1
1879
28062
-1
65982
50362
60691
-1
45085
84082
25337
39670
26696
-1
-1
-1
-1
31991
73280
50769
-1
7620
42198
3690
-1
-1
13209
-1
-1
-1
69582
2818
-1
7613
-1
80355
50444
9933
17337
5915
58356
48050
-1
-1
63531
48519
83131
-1
82228
89253
-1
-1
76959
-1
92799
-1
13876
20188
18750
95113
-1
11457
8388
56522
45931
58236
59187
-1
8982
30407
95246
-1
39800
59676
45020
-1
-1
35800
76011
43038
31875
82892
-1
88344
26509
-1
-1
-1
66769
96712
57761
-1
-1
-1
28461
79664
-1
-1
-1
-1
12027
-1
-1
20288
27879
90123
38445
86855
-1
36103
85192
14163
-1
10665
-1
-1
93202
48642
-1
90562
-1
6289
-1
38635
-1
15754
99149
12315
44509
91177
-1
65162
-1
-1
-1
30676
28077
-1
-1
-1
-1
86665
-1
25618
-1
4479
34240
10832
46784
-1
9755
66777
54509
-1
93634
19954
-1
-1
-1
-1
41763
67052
-1
-1
30415
-1
33943
12839
-1
95916
76197
-1
70521
40426
-1
-1
77210
-1
59693
84042
-1
-1
71830
62967
9034
-1
-1
-1
-1
76193
-1
26356
2193
-1
49320
31141
46541
-1
57365
87767
-1
12676
21519
19118
48589
37840
-1
58530
79662
-1
30443
4808
-1
83752
60363
-1
8775
86587
-1
21710
7853
-1
28736
-1
5396
99509
87063
-1
-1
-1
-1
-1
61682
-1
-1
14647
13698
-1
44030
-1
-1
-1
52803
-1
728
40695
-1
65698
6850
55647
42385
-1
95599
-1
-1
20592
16344
66510
55282
-1
50138
93577
7910
8761
98296
6802
-1
-1
30727
-1
60765
24110
83057
-1
-1
-1
17799
-1
17684
32430
-1
-1
444
71601
31955
42385
-1
12982
-1
4835
72568
8197
54604
-1
-1
6696
-1
69773
-1
49111
-1
72566
-1
56687
-1
65656
-1
-1
1571
22880
55119
38878
-1
45859
32541
65481
26622
28730
56803
-1
-1
-1
16466
-1
14321
33012
-1
28506
72312
-1
-1
-1
-1
-1
32582
-1
15567
-1
51459
-1
-1
72333
44238
53343
22635
6461
-1
34629
-1
-1
2509
6299
-1
40300
-1
11418
24472
96300
37370
45450
46240
60483
56655
-1
65850
-1
9074
16440
10345
39810
90228
92538
87754
71157
-1
29624
8366
-1
-1
-1
-1
34135
6465
-1
-1
-1
86656
-1
33945
-1
-1
-1
93269
22493
84273
27728
21081
3274
37046
7363
-1
70253
54684
7608
-1
72321
-1
-1
12120
22195
1884
88951
-1
98651
36446
93718
-1
-1
6635
63000
8229
82372
-1
16156
58370
-1
61375
90043
54520
7987
78392
19811
52223
12323
-1
99759
-1
60117
25686
-1
-1
-1
-1
12478
70970
-1
26202
2953
68725
-1
29599
-1
3589
-1
73609
12167
68441
85234
-1
-1
61264
22676
96704
-1
-1
5905
-1
-1
97340
989
-1
38012
27958
-1
-1
46265
2237
90953
85597
95715
61503
-1
-1
3164
-1
42159
35258
72557
-1
3296
-1
44410
-1
87925
38883
11574
22466
-1
-1
72326
26274
-1
14848
-1
38408
-1
-1
-1
83509
12554
-1
-1
86404
-1
20062
-1
68806
-1
43621
424
35092
75965
-1
2135
13290
78970
34443
-1
-1
23649
48797
38990
74056
54883
-1
67771
-1
50470
-1
32869
-1
10718
-1
-1
67063
60800
-1
-1
-1
87246
5257
70276
-1
57016
-1
83223
84232
85746
74856
30247
36485
25972
-1
-1
-1
7521
-1
-1
33138
38226
24274
4302
11406
-1
-1
-1
63842
35038
4942
25028
-1
20754
17222
5377
19617
13061
62563
-1
-1
-1
-1
1021
66265
27326
4899
-1
80208
82492
-1
50720
74747
78253
-1
48434
95047
53705
-1
-1
21957
30372
-1
-1
16227
-1
52367
36867
-1
-1
90979
73475
-1
-1
6921
92308
48463
-1
12641
-1
11008
1050
35032
25119
360
-1
867
-1
-1
51141
33682
2950
44300
17856
-1
77747
-1
13261
41972
50858
87246
55909
31308
71260
52333
76174
2837
5985
84178
-1
13776
13842
-1
12229
45585
86838
52668
-1
24556
3737
51920
3190
15031
-1
6675
22214
96018
-1
28640
5737
97054
-1
-1
71819
76946
58415
24506
85945
10012
41060
44256
-1
-1
93813
-1
-1
98968
21135
-1
-1
-1
-1
971
51158
43717
41379
-1
4143
17190
14885
-1
-1
-1
-1
-1
58025
25331
-1
58683
-1
31177
81483
51014
-1
-1
71838
-1
99366
18238
-1
23852
26783
-1
-1
-1
-1
-1
-1
3066
-1
39600
-1
14986
15649
-1
-1
-1
41396
10192
11300
96501
65485
60971
-1
2840
-1
43378
48790
37324
21109
425
86934
-1
-1
45812
7177
19685
22825
-1
-1
13993
-1
72497
18879
-1
81143
-1
67001
-1
-1
86512
14024
99334
-1
27126
-1
96841
20644
42125
17353
20595
26074
25288
-1
-1
-1
80313
16298
25395
43042
5737
-1
5495
-1
5897
-1
-1
-1
8384
-1
-1
96940
-1
19936
46536
-1
13659
13356
7103
14986
-1
70891
-1
-1
-1
-1
-1
-1
-1
-1
26732
15483
-1
9210
9261
81580
12066
-1
4217
60699
-1
54217
-1
31893
-1
72633
-1
2926
50467
26478
-1
10924
-1
85107
45374
-1
39416
27395
-1
60261
-1
20692
81453
7552
-1
-1
78736
-1
15147
8270
83411
1299
97680
-1
50849
90164
-1
-1
-1
-1
73874
-1
45127
82990
5181
-1
12659
-1
-1
40900
97832
63936
44494
22871
-1
30178
-1
1234
-1
-1
84435
82689
32918
-1
20230
-1
10285
95050
56740
44971
-1
90044
-1
8388
94347
45508
24603
68110
-1
12359
-1
-1
-1
76370
30048
36503
57024
4018
-1
59395
10256
-1
-1
12647
-1
-1
27134
-1
-1
31319
-1
76492
1473
71762
17433
-1
-1
37881
-1
6360
-1
12338
-1
-1
9376
10291
87749
-1
68646
23769
84800
-1
42509
3493
1782
17791
17551
-1
66791
20195
-1
-1
-1
92373
-1
53791
14199
27515
28550
21127
33089
16423
-1
-1
-1
12694
24188
20776
-1
14981
-1
95768
-1
-1
-1
-1
19271
-1
-1
-1
18855
7689
74533
216
28390
30948
-1
-1
-1
-1
50042
-1
25864
18796
-1
-1
66346
69735
432
9548
-1
79028
-1
-1
-1
-1
91725
872
-1
7280
-1
-1
82088
34524
65133
-1
40967
-1
-1
-1
-1
-1
-1
97389
69953
83116
-1
96672
32217
8898
33482
13466
-1
16674
-1
-1
-1
5962
-1
91308
39089
-1
17015
-1
49621
91268
78595
14194
-1
-1
-1
-1
29573
-1
-1
-1
16001
-1
-1
39916
-1
-1
-1
-1
5532
-1
-1
-1
-1
-1
85409
36580
-1
46040
-1
-1
66366
-1
-1
-1
-1
26640
-1
11726
83002
15295
87240
80527
92073
72321
20910
8796
-1
-1
-1
-1
91690
-1
65719
-1
15274
39963
24362
9844
11523
46983
-1
-1
85466
60994
-1
80905
-1
32666
-1
-1
-1
-1
29878
42074
-1
51131
-1
2305
63023
21739
-1
59910
55290
-1
49035
11214
3386
-1
43291
-1
94893
13695
-1
31394
-1
36759
-1
-1
73559
-1
73945
21110
32017
16350
12715
48451
-1
48827
-1
93358
70067
-1
32327
16404
18046
-1
11728
53039
14475
35576
41163
11120
35911
90537
87632
78606
-1
49952
-1
28003
24484
224
-1
31084
-1
47957
79689
-1
61613
-1
-1
-1
39353
85822
-1
95332
-1
29988
-1
-1
59878
47259
15653
82175
2645
82601
95358
54104
7742
-1
-1
-1
-1
93762
14474
65680
-1
-1
-1
55372
79213
-1
67150
-1
-1
-1
-1
-1
-1
77660
11484
42395
-1
75055
65076
58629
84596
55638
-1
-1
40049
-1
-1
85633
2128
13504
51760
50728
-1
-1
75007
22185
-1
-1
41973
72415
-1
61898
-1
50752
-1
12508
79570
78517
-1
-1
73318
-1
5015
-1
-1
32663
32731
-1
-1
71076
93713
47108
8195
81025
1334
-1
-1
47791
30033
19137
-1
22843
-1
-1
46745
24322
74483
25303
-1
-1
-1
13261
50763
16679
242
3038
-1
26920
10192
67694
-1
-1
-1
18373
27485
55854
2152
34542
45849
42940
75064
6103
56143
79618
-1
-1
96475
86257
57069
89080
1838
75446
-1
-1
-1
69855
44641
29189
88459
82469
-1
85264
13670
-1
2621
-1
68190
-1
-1
-1
-1
4181
9844
-1
-1
85255
14160
60984
-1
84758
-1
2920
22322
67747
74229
41701
-1
69750
40281
58683
20708
37204
-1
40435
-1
3044
22054
9319
-1
66493
-1
76262
-1
32262
36178
36268
12221
69924
15779
3825
19954
7044
-1
2075
55089
66782
-1
25477
9497
10925
-1
11280
-1
-1
28150
-1
-1
-1
71114
30102
10375
-1
12886
31070
-1
-1
90207
-1
84758
-1
17559
-1
35317
-1
-1
91436
23980
24535
64952
-1
50886
75258
37759
-1
53274
99011
1991
-1
49381
82196
-1
-1
-1
5532
-1
73942
56827
-1
-1
-1
46530
32831
-1
86441
9453
-1
-1
-1
43085
8848
-1
-1
5612
75791
24007
-1
-1
61419
26492
-1
6148
-1
-1
26505
60852
1963
71357
48087
69384
44235
6985
10808
-1
90417
18652
91077
14061
8218
26174
-1
-1
-1
26608
17267
37187
-1
99955
42504
-1
-1
76129
80036
77176
72472
-1
16178
56687
-1
2966
90595
20002
-1
81458
18676
18149
-1
-1
27127
33137
11916
25494
18373
-1
10934
59516
-1
-1
52534
20838
79618
86763
36505
43573
-1
-1
-1
7093
28157
11426
35358
-1
93935
46029
40910
-1
18893
-1
2173
32912
-1
-1
28778
42311
25386
5663
3287
-1
5798
-1
-1
32585
31893
56580
-1
38182
16584
12999
70720
55121
-1
76110
-1
97731
57074
47347
17138
4564
65353
-1
28502
71884
14832
95144
4486
-1
-1
-1
61753
89364
-1
38284
2051
19071
82742
40165
45080
5558
-1
-1
-1
-1
-1
53037
-1
-1
19011
-1
-1
-1
51226
-1
21010
16753
-1
-1
-1
-1
89339
19190
34052
7111
11113
24359
-1
-1
4204
63119
-1
34832
76600
20916
36119
90189
10251
44263
-1
47576
-1
-1
98526
50777
92326
2909
87206
29392
-1
-1
-1
11733
3643
70939
37005
24335
9393
33664
4009
-1
38936
-1
63327
-1
-1
13415
3280
87760
5649
10573
46121
26077
39995
-1
17481
-1
-1
69426
15904
87346
-1
-1
41450
5216
-1
-1
76063
17219
53936
19399
13615
-1
-1
-1
-1
77616
-1
10522
73597
-1
13779
-1
10793
-1
-1
34469
-1
4940
-1
85569
3720
84946
50362
7876
85796
4630
-1
-1
-1
41355
3822
93690
76927
-1
87204
50679
68994
-1
64386
81363
77803
61170
86832
-1
-1
54758
-1
-1
5736
96957
7942
-1
48595
37306
30809
69175
-1
16749
-1
24645
-1
-1
-1
34911
-1
48421
-1
-1
-1
9456
33945
-1
-1
-1
59241
-1
52594
-1
95877
-1
-1
-1
-1
49140
73904
-1
-1
31218
93882
81870
13014
95224
-1
10584
-1
21212
-1
-1
23634
-1
22185
75961
34412
30955
-1
-1
63412
66973
23835
-1
-1
-1
8121
14638
67846
59173
15189
-1
-1
25142
40892
98046
23813
51469
92674
6151
12332
-1
18275
-1
66636
-1
36774
69056
3481
6009
49184
17233
-1
66819
8644
29589
-1
47309
67600
81928
98925
-1
-1
48751
3096
78849
-1
17495
-1
-1
57822
48790
-1
26251
-1
-1
90621
-1
71253
45994
23105
30020
-1
97818
30580
-1
-1
-1
49924
38629
-1
-1
31609
69111
-1
54139
72932
-1
28011
15477
63453
-1
-1
90113
29707
58300
-1
-1
16755
-1
60175
59299
-1
-1
81493
86019
-1
-1
35457
-1
-1
13669
45812
-1
36897
3037
31699
16146
72315
90624
-1
6855
-1
47212
-1
-1
-1
-1
90602
-1
50867
-1
26799
11829
-1
-1
9776
58260
52831
-1
-1
48607
34404
13872
50807
22489
-1
-1
74527
1332
78691
22813
84354
16930
-1
65774
-1
53850
-1
39322
10243
-1
21623
-1
56521
81248
64032
21552
-1
64932
-1
-1
-1
-1
-1
59242
43356
80993
72053
78519
6070
-1
-1
-1
21357
38692
-1
-1
26802
-1
-1
78804
69431
-1
-1
-1
30024
-1
-1
-1
17208
22675
-1
-1
32791
16751
78245
3749
56309
-1
57959
-1
-1
-1
82879
70627
-1
30988
83246
-1
19649
66028
-1
23554
-1
77914
73832
-1
4208
-1
-1
76407
70000
16193
-1
26890
-1
95725
-1
-1
13598
-1
15177
-1
20735
29147
78448
-1
27313
-1
30866
-1
15223
40442
-1
56398
16582
74771
-1
31812
-1
-1
75919
94745
72404
56230
-1
42194
-1
-1
96804
24535
35091
-1
32642
-1
-1
77888
96892
-1
74586
12452
4469
-1
57761
96315
-1
-1
57283
-1
-1
66396
-1
-1
37112
-1
-1
-1
-1
-1
88294
-1
6344
62079
59116
-1
38247
205
37041
-1
-1
-1
-1
3997
-1
29503
53452
-1
-1
25449
-1
3176
-1
60951
25391
-1
57617
99572
-1
70734
-1
72153
55716
-1
19853
-1
-1
20522
-1
10296
27609
-1
67732
-1
29037
-1
-1
-1
-1
59295
-1
82732
2995
-1
34123
26920
63514
59276
-1
-1
6085
76805
-1
28092
2385
26604
34632
50300
34734
21294
55461
37698
21091
94355
35009
-1
-1
68959
-1
38342
12236
1214
-1
94428
4780
-1
-1
346
2019
-1
89069
74969
-1
2994
-1
-1
96045
22834
354
46460
80403
85824
26692
-1
-1
28462
-1
46283
-1
4614
-1
64038
-1
32399
4786
17582
15406
-1
10892
63765
-1
5537
-1
22489
-1
35826
-1
48883
-1
67542
-1
60398
97566
63541
61653
9646
-1
56403
44885
-1
9979
10118
38073
92581
38502
-1
82726
2205
72927
-1
-1
9532
-1
15567
-1
45976
16487
66188
-1
-1
-1
45034
40980
49392
13445
-1
6295
-1
23140
13403
-1
-1
-1
83185
94306
9347
19611
17150
-1
34333
71271
-1
-1
99223
56022
-1
-1
69188
76024
73173
990
54893
-1
-1
80342
21132
-1
-1
-1
72551
14947
69704
-1
71640
-1
2214
-1
60036
-1
-1
-1
34415
50088
98408
33610
23837
-1
-1
-1
-1
61401
50954
-1
62779
37049
-1
-1
-1
-1
16955
69136
69413
6349
-1
53845
5425
-1
-1
-1
-1
-1
5037
2341
-1
8582
-1
-1
10236
54409
19359
80476
39097
-1
-1
-1
-1
-1
11545
5823
18066
-1
-1
-1
79298
3668
36233
16421
73382
1665
7049
-1
-1
69913
35184
-1
-1
-1
88076
3677
-1
78291
-1
44914
-1
99371
56091
11958
44211
-1
-1
9576
-1
54910
-1
39713
-1
-1
-1
76182
24545
14799
-1
30723
-1
38579
11813
-1
85306
14308
16152
-1
86832
-1
78014
-1
7400
56391
48662
35035
22227
99403
-1
88978
26510
27161
32017
-1
62336
66769
50430
-1
41690
50685
-1
25775
15858
65790
76824
-1
8764
70827
-1
-1
2501
-1
86715
-1
-1
40510
63735
20245
75742
-1
12234
-1
-1
63284
30823
18919
84371
82029
-1
-1
-1
14230
5060
82400
59142
63942
23931
19926
14687
90648
-1
142
29646
41026
-1
88073
40938
-1
31224
-1
-1
90762
49755
38151
65747
5282
-1
-1
-1
76553
15080
39015
22413
-1
25674
3511
43162
-1
-1
10916
-1
23723
74154
-1
-1
-1
-1
-1
12607
-1
16188
-1
-1
1162
46770
14625
25585
-1
-1
32356
-1
38723
-1
-1
445
2765
-1
19044
-1
82038
-1
29599
37164
-1
-1
-1
16634
-1
10373
40210
-1
-1
14060
-1
64583
76565
12134
1546
8465
61753
27147
39746
94312
33918
-1
20713
56832
36106
-1
-1
-1
79923
8344
50247
-1
47340
58668
20944
-1
34298
72670
5007
37690
33945
11874
-1
19652
55242
-1
42551
25289
-1
-1
74650
67838
3970
74403
36499
96276
-1
13589
-1
9247
13357
33506
42187
1025
56591
-1
21495
-1
58944
41727
-1
53201
24470
10797
-1
88836
18854
2613
69951
-1
84531
-1
33182
12679
57139
-1
24335
14833
-1
-1
67213
48456
14192
-1
23523
-1
29897
-1
-1
56420
63787
-1
8609
60954
-1
-1
-1
-1
56813
59791
-1
-1
-1
-1
-1
-1
12464
62348
-1
-1
-1
58251
13912
3428
44804
13055
47303
53788
-1
75295
46703
15437
-1
88117
19522
43691
-1
71458
30167
31779
-1
-1
94204
43953
-1
6760
-1
48497
32775
11508
-1
61242
33453
37005
-1
3005
54358
-1
-1
53971
25886
-1
-1
-1
-1
-1
-1
-1
52749
15145
-1
-1
-1
23004
-1
24827
18192
5853
37840
18607
-1
18213
72290
-1
-1
-1
43538
-1
65580
67981
12929
36774
-1
-1
-1
-1
58829
-1
95007
4841
-1
-1
30972
9430
54025
15976
-1
-1
34991
-1
-1
-1
93793
36906
-1
46506
88651
-1
4056
27930
69128
971
66740
-1
89923
64099
-1
-1
60015
-1
-1
-1
98658
2720
-1
87344
80857
26657
-1
97827
12550
3486
38822
4178
49694
33933
-1
-1
55647
48584
95157
-1
5632
-1
50601
1810
15277
6187
3825
-1
15868
45395
46726
64822
32597
-1
77119
-1
72921
-1
87366
59676
-1
34615
19731
76350
48921
46244
-1
41899
10359
81819
-1
-1
28506
45596
22200
9630
63926
99844
-1
10182
41464
-1
-1
72174
52339
30072
-1
4322
-1
-1
-1
-1
48318
-1
-1
3883
19119
-1
38648
11646
-1
90700
-1
23176
-1
98881
84011
-1
-1
43318
31069
-1
74403
58924
-1
-1
-1
-1
44370
18447
29674
13237
44386
-1
-1
-1
-1
-1
-1
54472
13633
94735
22238
76837
-1
22718
-1
-1
81560
12663
10579
-1
66816
21590
21943
6982
94084
10033
89463
-1
-1
-1
-1
73020
-1
86785
50143
-1
-1
67052
20408
12562
-1
27140
92418
69032
28934
43536
30257
-1
11205
78332
-1
-1
53644
19166
-1
-1
29426
19767
-1
-1
63373
13573
-1
-1
1536
30474
41367
-1
24619
37494
-1
24047
-1
-1
25274
-1
94326
81901
8704
14958
-1
38392
-1
39904
84306
65211
59042
-1
68972
19827
39830
-1
-1
42642
51683
11440
-1
11560
90452
42976
38408
20831
53690
-1
-1
2902
80500
-1
14224
30748
5999
3977
-1
1838
29400
-1
58884
58365
-1
-1
58762
6488
-1
-1
-1
37408
56026
1218
-1
52047
75214
82456
-1
74883
59716
-1
-1
98199
14929
-1
-1
22568
-1
39427
-1
-1
99162
19705
-1
62544
-1
-1
-1
-1
81153
60294
31654
-1
14392
56711
54828
-1
-1
57371
-1
21552
-1
1007
-1
-1
33256
28504
-1
-1
97003
53975
-1
-1
10381
28798
-1
-1
-1
-1
97079
4844
-1
-1
760
-1
-1
-1
-1
7374
35212
-1
14081
-1
-1
9266
-1
27072
-1
38869
18346
62155
-1
232
15973
90742
28169
4480
7116
-1
-1
22654
6689
43163
-1
-1
17395
-1
75773
87120
-1
78465
94536
72066
-1
-1
63781
-1
-1
-1
-1
-1
89941
-1
54014
-1
-1
30210
5377
-1
-1
-1
40391
-1
-1
-1
15223
-1
-1
44477
96331
26512
-1
-1
-1
12556
2205
-1
-1
71306
72317
-1
41258
80427
73548
-1
-1
83469
26324
91655
28248
33244
65747
-1
39552
-1
-1
-1
-1
50973
7840
49354
-1
-1
66492
6234
27167
57376
80459
89784
-1
-1
24324
31159
17457
23072
-1
78581
56537
-1
60002
-1
-1
7364
-1
2330
68266
-1
-1
-1
56690
-1
36683
-1
-1
-1
8769
-1
14924
67033
70167
86750
28037
-1
-1
63630
-1
94862
3259
-1
-1
-1
50470
17204
44591
49048
-1
29888
-1
30263
76050
-1
-1
1110
2151
-1
-1
-1
12444
-1
-1
46669
-1
37863
-1
-1
10980
-1
20811
12209
64330
-1
94541
-1
57611
76323
-1
-1
-1
-1
47731
-1
53082
11760
99691
81093
-1
12714
17501
50327
63451
44261
68769
92158
-1
83423
-1
83525
45304
18971
90281
28887
38084
-1
24758
98147
63711
23784
-1
40565
-1
-1
34445
-1
32764
2692
-1
-1
57383
63865
-1
-1
75292
-1
9761
29160
-1
44648
-1
-1
40006
82263
98768
31083
8769
-1
24796
-1
79876
6430
22863
90595
88519
3347
-1
35921
-1
23964
1493
71245
-1
26431
3012
11549
4028
17264
80036
34569
3411
24324
-1
-1
-1
-1
78823
-1
94176
23321
29814
5455
-1
77550
-1
14916
84761
64923
27026
17308
-1
-1
-1
-1
19819
22372
27044
17453
47574
-1
19497
-1
42550
-1
79594
-1
69208
61011
3347
69770
-1
-1
1072
97218
-1
22922
97237
-1
-1
5574
24229
-1
35600
40088
10038
1303
70631
-1
-1
-1
-1
44806
17947
-1
-1
-1
31538
-1
7968
-1
2285
98188
-1
54077
-1
-1
-1
59338
-1
-1
-1
45983
30692
-1
-1
-1
47574
-1
94656
87940
-1
62396
-1
73498
-1
2827
-1
39241
-1
38516
11170
20685
86554
-1
45976
44027
-1
-1
37191
65706
-1
36534
-1
70011
18138
57349
58490
14184
38549
-1
-1
64097
-1
-1
-1
88998
45477
65606
205
-1
-1
-1
84853
17348
7106
30548
54463
-1
46985
-1
18287
-1
-1
71489
-1
-1
40642
7892
-1
59242
87393
39559
20907
33216
51524
82162
46995
78494
68662
94989
55420
10380
-1
6982
16262
16453
68110
16992
20300
60836
63145
8251
-1
-1
59711
6017
93617
64968
36825
22249
-1
-1
-1
-1
22973
23837
43016
4732
69830
79563
-1
27187
-1
39868
12364
28105
24517
-1
2735
-1
-1
76950
57862
-1
20708
31869
58574
-1
38912
22200
-1
9967
34413
89364
-1
-1
91868
-1
61177
-1
-1
79391
86430
628
4079
46033
-1
-1
48168
16134
21581
19148
48221
-1
10468
-1
-1
-1
66376
-1
4502
23016
-1
-1
50054
-1
-1
-1
-1
64295
54597
-1
28012
43922
36747
-1
-1
15823
88174
30288
55990
25856
64106
55648
15173
-1
63901
2010
-1
23391
-1
54976
81081
34272
-1
-1
-1
50825
83101
5907
41476
-1
-1
-1
12367
87290
-1
-1
-1
-1
34150
39759
80045
76048
19654
-1
55241
35250
-1
32872
-1
35143
81482
69912
-1
-1
-1
13607
-1
3513
-1
-1
-1
71590
-1
50912
47593
5042
95766
87813
73369
36624
17208
69872
10315
-1
33693
-1
2542
-1
-1
34539
86008
18492
34086
-1
36017
17581
81779
19530
57372
30105
38816
76952
-1
-1
83306
88683
-1
47014
41086
-1
29031
-1
32197
-1
-1
75628
-1
-1
-1
-1
-1
89021
-1
-1
-1
-1
-1
27150
-1
-1
-1
50255
60525
-1
25706
-1
80912
92356
-1
-1
-1
7834
-1
-1
-1
55909
33913
43380
-1
55723
-1
-1
-1
50601
-1
16706
37024
6905
69913
-1
49696
24258
8148
97640
-1
3201
38824
-1
-1
16647
8046
85022
12407
43150
36599
-1
34849
4205
-1
30581
-1
-1
-1
26920
96456
35073
-1
46668
-1
-1
52790
46247
45675
48374
-1
49514
4185
-1
-1
94498
10242
84443
-1
8577
6300
-1
66543
23713
-1
9456
34373
41779
-1
20866
-1
83362
-1
18420
18862
3129
-1
51675
65195
-1
17914
63489
-1
-1
75351
21185
92987
17219
52652
5688
-1
53970
-1
39690
32669
-1
-1
-1
5112
10763
80441
39787
-1
-1
18736
-1
59421
65504
-1
-1
42392
-1
23203
-1
-1
32135
-1
-1
41247
4961
15254
-1
-1
43038
50397
94556
13209
67784
91898
28986
12471
-1
-1
-1
36940
-1
-1
-1
37509
69110
-1
-1
67690
-1
77299
71096
79540
2385
-1
13631
41953
79437
-1
5193
69756
-1
-1
29247
9383
35015
11139
-1
63040
9268
-1
68571
83055
7045
3516
96829
-1
-1
70108
34058
74045
-1
-1
1995
-1
-1
1508
15487
70862
-1
11625
42097
20003
98449
-1
11610
68679
-1
19649
-1
-1
5009
-1
71641
-1
35074
-1
-1
16866
-1
2501
-1
-1
-1
5965
-1
-1
-1
-1
32772
30595
93184
-1
58069
36717
94523
56814
84582
-1
1740
18919
77591
-1
-1
30290
47819
66450
55929
7118
91341
34916
1742
-1
-1
-1
-1
-1
-1
-1
-1
-1
17130
-1
35392
86295
17175
95780
96174
1048
-1
30921
14212
-1
-1
-1
61174
30767
-1
-1
-1
23255
-1
81098
32451
-1
58485
81231
7776
23670
-1
82101
32280
13259
65885
31957
-1
26649
-1
31770
44566
30895
-1
99986
5413
4773
53970
-1
-1
47537
89325
41246
21360
2534
-1
48714
51113
-1
69322
-1
94903
84040
21410
20413
-1
58612
-1
82816
46187
40259
18070
46033
77535
-1
93691
68495
-1
15494
-1
-1
79994
-1
82088
70864
-1
20664
48880
8568
-1
67305
22643
-1
-1
34881
533
42998
-1
67220
-1
62463
-1
12946
16498
-1
96089
-1
-1
-1
8577
49078
-1
17238
91402
41
-1
23369
89734
8107
23176
74910
-1
-1
28110
-1
46459
20440
26075
47445
-1
-1
-1
-1
35866
95202
86991
-1
79426
4947
97389
77065
60735
74938
6244
18316
8473
14204
268
68328
66935
-1
2005
-1
-1
-1
-1
33695
-1
70134
-1
-1
21181
-1
79633
7300
55568
-1
26065
-1
92842
-1
-1
25883
17873
-1
26861
33026
17015
47197
591
57622
-1
-1
22242
3699
-1
8382
-1
15263
39342
18909
41672
32582
10084
57923
93754
74760
44825
42039
-1
444
32820
24827
81231
19832
92681
-1
79784
41074
-1
67160
29974
7225
87226
-1
55800
-1
34803
-1
-1
14883
45233
-1
-1
-1
-1
53881
6762
-1
72946
-1
-1
-1
-1
-1
26254
17333
74096
34506
-1
41779
-1
-1
95108
97716
49291
72830
-1
32411
66885
93416
-1
62841
58796
-1
-1
73000
77951
-1
-1
-1
-1
5878
99897
-1
-1
75258
-1
-1
4206
-1
-1
-1
33210
34890
-1
-1
-1
8233
65532
49560
-1
-1
49752
-1
95185
-1
86481
64197
-1
22727
35462
4259
60325
-1
62160
-1
96436
-1
39796
-1
-1
87202
-1
-1
-1
9958
-1
-1
-1
58300
45290
81198
68010
24107
-1
27421
30812
43645
29766
78772
27473
98345
29590
1966
96734
-1
59799
88005
88600
-1
77232
-1
47819
53226
18166
35201
6441
-1
13991
67163
89254
-1
84527
-1
39097
30456
33720
49141
31018
-1
22788
38429
42872
19279
43660
58363
1316
13098
27483
-1
1918
32510
24452
-1
-1
79950
34140
30901
70864
31424
96688
4839
74966
73807
74241
-1
-1
30330
-1
56150
-1
23877
-1
-1
58517
2800
-1
58581
-1
53557
-1
-1
39898
69189
27598
37632
14038
-1
4431
43973
95793
-1
-1
-1
-1
24693
-1
99812
2643
96058
63583
-1
32180
-1
35324
-1
13060
61028
39052
-1
-1
-1
33823
23445
10278
-1
-1
-1
57086
-1
91027
57758
94145
46641
72690
19947
-1
-1
66832
-1
40795
35129
32377
-1
95054
-1
24608
-1
77671
-1
-1
44137
-1
-1
-1
-1
-1
-1
27235
39820
30186
72498
44307
40190
-1
62393
-1
40457
-1
-1
47849
46600
25372
26175
-1
-1
-1
-1
21456
80849
17613
37019
-1
6861
89293
41794
-1
33026
11961
-1
97960
13609
-1
-1
31552
-1
-1
59627
61125
-1
14169
66296
-1
-1
87341
-1
63092
56726
67078
-1
-1
46745
16087
8714
92853
4020
78609
-1
-1
37244
34074
9912
16730
52697
-1
-1
47677
-1
-1
-1
15476
6804
-1
92332
-1
-1
82026
43334
63086
-1
76353
-1
48587
87848
32131
28750
-1
80420
-1
62490
12382
-1
-1
-1
72087
65188
-1
73011
29145
-1
-1
-1
86344
-1
-1
-1
-1
-1
-1
93214
78187
22753
99097
-1
-1
37308
12003
86316
90015
-1
26622
-1
45626
84695
-1
9691
48868
-1
-1
53196
-1
-1
30594
57204
5262
-1
-1
68191
35094
42526
48658
93026
-1
42395
35786
-1
87472
37773
75974
6093
62827
-1
53029
12599
-1
11392
3623
5993
18571
8076
41548
-1
23511
-1
-1
21503
4732
59418
-1
-1
98293
-1
74807
-1
29716
-1
80420
26256
28706
45802
52010
56146
-1
91395
44848
78889
-1
62662
8987
-1
52946
35040
-1
82799
78213
11593
33023
74783
50389
80527
16839
52301
-1
3812
63892
75287
-1
35123
-1
3860
-1
-1
30038
63896
-1
-1
-1
98843
-1
-1
53626
45867
85772
-1
-1
-1
-1
82225
-1
-1
-1
87142
-1
28277
-1
-1
-1
-1
-1
36906
35488
-1
-1
-1
70276
-1
-1
-1
-1
65766
96899
70521
92622
-1
-1
9988
-1
85285
93907
3988
89481
83088
-1
550
-1
71290
-1
90231
89561
58260
51741
-1
52093
35757
-1
-1
-1
66102
73861
38880
78966
73848
78567
26492
45922
26979
23055
-1
27323
39941
-1
86205
95334
2164
-1
38751
53602
54862
-1
23086
-1
27416
66300
41651
42857
-1
-1
9768
82973
47354
20407
5632
64725
51850
49750
-1
-1
-1
-1
-1
-1
93441
46613
79518
87260
26029
20556
-1
-1
-1
4498
-1
90049
5735
-1
43667
-1
-1
-1
2699
72399
60850
96276
-1
574
-1
3144
343
-1
86876
-1
19762
86280
67164
70527
-1
39926
98972
-1
14265
59508
2866
-1
-1
37539
-1
-1
-1
43297
3432
-1
64194
93690
89648
85152
-1
-1
31053
54652
-1
-1
6809
78066
-1
28518
-1
50599
-1
132
-1
46671
87206
-1
-1
25604
-1
18628
-1
-1
-1
56922
86220
56580
-1
-1
24860
-1
51325
-1
-1
14440
-1
1623
28200
19494
-1
12965
8248
-1
8378
-1
18587
23833
7635
-1
-1
-1
-1
-1
556
89061
-1
-1
21274
-1
18275
-1
35531
13385
50803
-1
-1
-1
7035
44628
58920
-1
62280
58664
48316
-1
-1
82676
20384
14099
56119
-1
31075
-1
-1
18855
-1
12668
93407
5229
-1
21864
5804
65417
37335
-1
84834
-1
89167
34592
73866
9023
-1
-1
26074
6285
12765
19954
3821
-1
-1
-1
-1
79769
-1
8509
46986
87097
43333
35824
74975
12271
39781
59533
-1
-1
24811
71098
-1
11359
-1
-1
23497
60076
40530
99963
-1
-1
-1
-1
-1
27953
-1
-1
-1
80952
98952
-1
37490
-1
17007
30171
-1
20657
-1
31750
61763
77138
29814
68623
35945
50199
-1
91400
-1
-1
-1
17430
-1
-1
91810
4895
-1
-1
32854
48001
-1
-1
65653
77779
25477
82915
72374
69818
72338
-1
-1
-1
-1
98
24982
-1
63699
-1
-1
-1
-1
-1
11024
-1
4651
26658
-1
27393
-1
15215
-1
30010
30452
30337
17697
10328
-1
-1
80452
38552
-1
-1
-1
12272
-1
52399
42425
9385
-1
-1
-1
-1
-1
24111
2968
64045
7384
-1
21082
-1
21201
38971
10125
48451
-1
28469
-1
18364
69369
41026
-1
96857
48910
-1
10817
-1
35289
-1
-1
-1
-1
13565
12446
3749
88208
40282
21845
-1
64799
85556
-1
13803
56807
-1
-1
63025
-1
38836
-1
67613
3314
-1
9140
-1
7021
17719
-1
17392
-1
-1
19788
38399
-1
75796
-1
-1
-1
15048
14884
-1
-1
-1
65290
49872
28968
81906
-1
18542
-1
-1
-1
69683
-1
4449
9527
78901
43821
38857
-1
-1
-1
-1
-1
-1
-1
24236
54082
39589
38415
54192
-1
20946
-1
-1
81714
-1
14146
45641
-1
55772
37974
3484
-1
59088
1135
-1
-1
-1
-1
35068
-1
32739
-1
-1
56346
-1
-1
6534
64828
12457
20860
65189
75576
29611
76159
5532
1555
36881
34035
-1
-1
43594
-1
82766
-1
11638
-1
-1
-1
-1
96855
76454
-1
11392
-1
-1
6611
60352
10434
29224
26035
50719
-1
36157
55568
16677
-1
-1
50015
-1
19705
97778
-1
76331
36796
23534
-1
-1
-1
-1
29815
-1
50442
-1
65932
60597
3649
21943
-1
56314
42095
11848
74590
-1
