59924
8126
60524
62277
-1
-1
-1
43275
1338
23235
15039
-1
44315
-1
-1
36523
7339
-1
78694
99230
59375
23023
-1
28354
6926
7473
9773
43493
66327
-1
-1
6478
37321
-1
87555
-1
38776
95643
-1
28421
20890
16751
-1
64120
79514
19098
8582
1848
-1
80119
66762
54640
63931
-1
25973
3834
15029
51750
-1
-1
15595
-1
55535
-1
11195
-1
74759
-1
16973
-1
79424
-1
40546
81048
-1
-1
18270
1241
6583
28535
14871
42844
-1
45165
-1
25300
46720
24787
-1
94154
-1
-1
1927
-1
51270
15957
38281
-1
-1
18982
65408
-1
-1
-1
-1
11745
-1
-1
-1
89510
-1
10605
2717
62554
-1
8186
-1
-1
20466
-1
99589
93175
78997
16963
59160
58472
60978
58485
3363
19299
53882
-1
-1
48549
-1
-1
39011
78089
34223
73170
-1
9210
17232
50410
-1
50283
-1
49719
17085
-1
-1
-1
-1
-1
-1
61095
-1
96504
10397
99657
3039
73995
19961
-1
11814
55646
38849
33715
32032
-1
18587
-1
84726
82511
46934
20374
-1
-1
-1
59514
34603
-1
-1
-1
1175
12950
5230
14957
-1
-1
40707
13248
-1
69460
16275
1377
-1
59764
51816
65456
82647
41782
10329
40553
-1
54118
45958
21673
-1
43648
25970
41424
-1
8760
3601
10467
90869
76653
17855
-1
-1
88540
89360
4082
28392
92689
-1
28242
81398
94786
5806
35902
-1
-1
-1
4488
-1
86090
-1
47361
35374
66302
-1
16701
9676
38491
-1
77522
-1
3637
-1
2942
-1
20717
-1
88527
-1
55312
-1
33741
42745
81167
87468
29857
65710
-1
9128
12343
-1
1216
-1
-1
-1
28305
11265
7824
7994
-1
-1
4821
6735
62430
46572
-1
87069
-1
36910
-1
-1
97810
35822
66421
96705
91760
30914
45395
-1
-1
-1
47556
76600
-1
15887
21574
-1
86763
-1
-1
-1
-1
-1
-1
76901
87539
74666
-1
70493
17146
70350
59376
56641
42197
82175
39987
9295
40538
203
13921
-1
88069
66866
-1
64677
-1
29566
91014
39566
-1
45843
7855
27060
-1
58704
-1
-1
83181
-1
20943
6626
76818
-1
71845
-1
31931
-1
762
20558
17739
29771
17006
-1
90930
49380
84995
26377
-1
15695
53782
-1
71684
10080
72159
47184
10469
2335
-1
42691
17789
79634
-1
-1
63759
81671
21063
18597
-1
14613
2934
-1
70843
70557
31302
-1
26588
-1
5521
85644
9732
79637
81969
9043
36034
5610
-1
46660
26814
7615
52408
-1
42377
15226
72774
29773
-1
21772
13257
67824
28599
13946
10343
-1
-1
-1
-1
-1
-1
-1
16123
80628
-1
-1
55308
-1
94945
-1
-1
22301
-1
36607
-1
14440
7443
-1
60010
-1
72431
-1
6998
-1
87161
6322
43093
48764
-1
21302
83692
-1
14421
-1
7703
-1
46740
68073
21465
-1
-1
-1
-1
-1
36486
45775
86982
53983
36696
-1
77880
43985
58744
-1
23875
99662
4484
53259
-1
70121
-1
-1
36672
33557
-1
57929
-1
10724
30796
-1
4815
60585
63750
34530
-1
26310
25933
61655
-1
-1
69453
-1
61612
-1
2800
97162
-1
74526
19911
27116
54407
12881
40742
-1
-1
41476
25363
63916
94336
27608
98265
-1
91908
51026
72724
17680
-1
-1
27049
10682
-1
36655
77325
65681
69984
1023
-1
81296
59064
-1
31026
66170
17366
39414
18903
71593
34451
-1
-1
63254
-1
-1
96499
17391
14411
76601
19392
24856
-1
28424
-1
30584
75782
45159
21333
74209
31715
-1
-1
80336
-1
99108
23237
-1
59131
-1
-1
45268
27650
-1
-1
52799
-1
34694
54966
99407
-1
-1
89452
-1
5585
27395
-1
8609
53745
-1
32883
94982
79425
10573
33655
72685
2717
-1
-1
-1
-1
-1
17801
-1
16928
-1
-1
63553
36229
47034
-1
70524
22990
34081
-1
28783
-1
-1
39714
-1
-1
-1
-1
-1
-1
19319
18715
17959
-1
19976
38727
66997
33260
-1
14632
29259
-1
60363
-1
-1
46790
-1
333
-1
-1
98068
39569
38205
3564
56778
5030
-1
-1
-1
-1
59757
11278
25772
6813
32900
-1
-1
51269
-1
57476
-1
3398
-1
94098
9085
41409
-1
-1
-1
-1
97216
-1
13602
36784
4314
15968
-1
77416
-1
11406
-1
29820
4469
13445
72347
46249
29882
-1
-1
60039
-1
14312
72960
61476
706
-1
52625
40178
-1
1136
36885
-1
40435
6436
46896
68434
99287
3349
24906
3082
-1
42982
4249
20860
9380
37365
19243
-1
-1
55036
96599
82664
-1
-1
7548
79631
90917
54295
-1
22907
19923
9378
-1
-1
71220
18312
96671
48004
6539
7088
61458
36205
21049
10635
-1
678
67124
21343
-1
35110
78065
30322
28592
-1
37031
83296
18153
-1
89056
37951
-1
94458
36808
-1
37531
-1
14005
2377
-1
-1
36126
14030
51603
18191
-1
-1
93507
15413
47083
93994
72836
-1
26877
11025
9491
-1
51137
-1
23386
-1
-1
5337
-1
-1
38960
39464
59983
76012
30858
-1
-1
80754
49957
20577
-1
25926
-1
98785
-1
12084
78570
-1
80252
-1
73163
34671
20294
56262
-1
60888
-1
-1
-1
51169
-1
21282
52293
-1
25448
-1
92716
-1
4366
-1
-1
53940
94533
-1
5838
55972
54518
86687
18486
13246
45446
-1
27303
54854
-1
63556
13331
-1
-1
98355
-1
6317
66859
33617
30829
57652
32709
48623
30088
56127
17448
19123
40948
-1
42407
-1
8438
64014
66517
19880
21610
23568
6552
48515
44125
77568
-1
1084
17796
99097
98505
57622
-1
18657
38360
97104
-1
4777
-1
-1
-1
3949
46534
54611
-1
-1
49460
36523
-1
30568
208
-1
-1
-1
-1
535
41416
-1
-1
72422
45047
36278
-1
67424
-1
-1
-1
4630
-1
67078
79715
56943
79774
42852
34826
-1
38282
-1
48383
-1
-1
37224
84245
70266
23935
-1
31745
-1
98514
-1
-1
59731
76919
78191
15790
-1
-1
83840
52952
21916
85540
839
-1
19097
73315
7335
-1
14567
7342
13726
-1
-1
1607
-1
-1
5462
76571
-1
21858
-1
44431
61381
-1
24698
12357
59424
4552
-1
31454
25175
68768
-1
29510
2883
-1
35207
-1
-1
1087
-1
99590
9816
36872
20164
65276
18014
-1
84466
64054
60504
-1
-1
31700
9429
6487
57283
-1
73213
69650
4864
55420
-1
80777
-1
-1
33432
-1
-1
40570
-1
-1
72198
-1
23253
-1
99438
-1
-1
35480
16912
85798
-1
38567
2954
78482
-1
-1
15176
283
-1
22211
-1
18292
46624
25861
-1
-1
84266
34829
-1
72505
17658
13883
52685
-1
58567
-1
4385
85615
9908
53959
-1
37528
-1
-1
66731
-1
27667
48897
53438
-1
-1
17233
71308
74301
88710
-1
1201
32292
-1
-1
30348
42741
9523
-1
-1
-1
54013
97193
23122
27763
21838
4562
83081
23295
81192
-1
-1
3784
-1
-1
1453
-1
72713
-1
-1
-1
2005
64396
-1
-1
98556
29598
54611
38357
48765
416
43150
92653
-1
79799
64196
17898
32135
9902
97370
59550
30193
23590
4921
3625
-1
45121
30993
3093
6697
15510
-1
-1
-1
3305
57176
-1
651
-1
-1
57839
34466
74313
47100
16971
-1
59991
50388
-1
20372
-1
44206
79650
86636
-1
-1
-1
17065
-1
-1
82659
17325
10247
-1
56685
-1
39439
-1
80891
-1
-1
-1
-1
1029
-1
-1
-1
33983
14446
77500
290
7863
79208
11652
-1
-1
-1
28366
-1
28435
94211
-1
18635
60634
-1
24474
-1
-1
-1
75854
63931
35423
-1
-1
37812
-1
19844
-1
-1
27297
64072
15291
-1
-1
5739
13813
41476
-1
-1
43807
49244
28264
-1
31107
40077
-1
-1
-1
-1
2555
-1
-1
57216
36780
40295
34727
45593
60229
-1
980
-1
5996
-1
-1
51094
8058
61194
82542
-1
17411
11932
-1
-1
-1
11828
-1
-1
4639
5415
5209
12232
42202
-1
31981
-1
40185
34506
19226
34531
-1
-1
-1
46732
16766
90571
-1
-1
-1
46404
-1
94735
97088
-1
24275
97774
73566
-1
67064
-1
59110
-1
4573
-1
5876
29230
16412
24727
21811
21413
16344
-1
47505
4930
4493
-1
-1
78572
-1
-1
-1
74917
-1
20129
23014
98006
26300
-1
4608
-1
46289
-1
10150
22546
70465
-1
-1
53320
-1
15537
-1
29190
-1
95272
17918
57455
13144
27635
41429
30972
37070
-1
45196
-1
-1
-1
22497
-1
22044
-1
-1
-1
31972
16032
-1
92092
45850
-1
76705
-1
-1
49462
-1
-1
86751
13729
-1
-1
-1
-1
-1
81596
19852
-1
-1
83795
-1
14141
81603
-1
4310
19774
-1
-1
42480
42742
23032
19179
37076
72774
42191
-1
-1
4690
-1
34791
10944
-1
-1
27091
68842
40826
60480
-1
97171
4167
74210
-1
-1
30913
27328
24581
-1
57864
-1
8092
-1
-1
46261
27893
19827
28157
64551
-1
58308
98855
-1
-1
85158
-1
20859
-1
-1
53155
-1
-1
9680
14574
54147
33237
57599
59783
-1
50677
92541
91844
58319
25953
-1
-1
44326
56437
-1
81152
97561
-1
49588
72396
13071
90606
7644
-1
54644
36141
19450
47890
85102
5393
48216
-1
-1
73414
67383
54983
80929
67934
20436
95963
58472
28854
11719
94282
-1
84236
-1
-1
83833
-1
54054
-1
72022
-1
98042
-1
-1
-1
-1
77314
17820
74144
88101
-1
-1
-1
59717
70259
16947
98137
52091
-1
16991
78387
-1
-1
39134
69846
8456
-1
37578
74822
-1
34279
-1
-1
-1
42639
-1
-1
-1
-1
-1
87832
20929
37852
359
42748
15527
24867
-1
11918
7855
-1
-1
83350
-1
98527
50107
28319
-1
67028
16073
78824
51661
-1
66243
52320
-1
75289
-1
50354
9675
64137
-1
15667
-1
98513
-1
-1
2514
95520
45666
-1
-1
-1
-1
14458
-1
49394
9311
-1
-1
75054
54424
-1
-1
32396
86295
50484
-1
24491
19104
-1
-1
67370
13996
-1
28574
18512
-1
57266
59027
-1
45067
35419
19527
58540
67854
-1
-1
-1
-1
19701
46269
-1
12260
76557
71277
55643
-1
-1
94923
-1
47252
-1
-1
-1
28794
-1
7544
62896
26256
28566
83885
56547
78838
-1
25218
24266
-1
-1
2981
5070
37261
16457
31628
-1
93774
88383
-1
42531
64185
51344
21630
-1
19987
-1
98568
15544
16859
-1
-1
50107
25882
55420
-1
-1
-1
58839
-1
-1
32985
32089
-1
15740
28033
6082
46359
30656
-1
15944
59934
-1
8357
94072
65818
52023
61889
21474
63578
-1
2151
56066
-1
-1
-1
-1
34999
-1
-1
-1
-1
-1
65189
86774
68226
26207
5546
34026
-1
-1
-1
91541
1089
56221
44066
24137
31338
65373
-1
55157
-1
13816
54740
70214
32497
-1
-1
-1
6887
-1
-1
27208
36616
-1
-1
-1
5359
8335
-1
-1
-1
20920
-1
22316
-1
7550
6231
25372
41965
-1
94763
28251
3808
-1
48987
-1
-1
-1
34324
57489
-1
33798
-1
33615
24272
-1
56150
6838
55637
38377
-1
18416
25370
7682
10543
17145
-1
19966
36133
2353
-1
-1
50101
18523
-1
4492
47984
9691
14077
7617
44237
68709
56941
-1
-1
-1
80434
31189
2762
47305
20466
18673
69430
52389
95846
32013
77146
18103
-1
-1
-1
-1
78775
3766
39748
59852
55402
66795
23921
91874
40955
28154
-1
-1
96704
42388
-1
83675
-1
19257
45938
-1
23748
-1
39708
44366
22174
85580
27975
-1
-1
86740
84492
-1
35780
79428
-1
15342
-1
33551
-1
40369
39745
52330
19866
68526
48594
-1
-1
68481
-1
9800
-1
-1
18401
68221
85984
2425
53327
33492
19256
-1
77384
-1
12222
27117
38642
-1
47943
80337
71129
1271
66603
18210
-1
21055
2215
-1
63113
-1
-1
45758
2371
-1
-1
51110
36579
47668
71609
66590
47332
64675
35313
66795
32298
20979
-1
19793
16789
32709
74555
46114
-1
92463
33711
572
-1
9846
-1
13106
97151
-1
26836
53446
-1
24426
-1
90393
70101
20809
-1
52108
99598
4010
-1
36129
-1
-1
-1
-1
46528
10924
-1
-1
95331
28919
23689
-1
73145
84212
-1
1951
-1
40455
22261
4010
20648
24755
47863
59432
-1
90864
14268
42353
67885
-1
68106
76538
47772
-1
48876
-1
72408
95036
23275
-1
17785
5257
-1
87832
-1
-1
-1
-1
88215
-1
7431
-1
43966
-1
9082
-1
78387
19877
552
26706
48076
38915
70066
-1
-1
13481
82397
18848
-1
15287
20595
36162
45764
20042
50302
16992
21218
-1
-1
-1
5425
13833
-1
-1
9139
55948
11331
5844
3661
-1
15103
-1
-1
69563
84651
953
-1
79752
-1
46563
-1
63269
72589
51222
41744
47149
-1
-1
-1
12158
-1
-1
42042
-1
50677
48610
-1
-1
47790
-1
-1
93949
-1
13762
-1
589
52677
-1
21401
-1
15809
88378
10294
13253
-1
36392
29779
25455
-1
-1
33775
-1
86226
52761
90549
28477
22036
-1
-1
-1
90626
-1
90675
-1
9396
74275
-1
-1
10905
86492
11148
72227
-1
43860
87807
-1
86086
12786
-1
35153
89338
76664
9655
-1
-1
54806
-1
3340
-1
5226
19684
37418
-1
55166
-1
66669
-1
29375
352
-1
10979
-1
27717
90449
72998
-1
-1
25099
13224
20191
-1
20662
-1
-1
-1
-1
-1
-1
84492
82968
-1
-1
26829
1038
-1
79419
95587
66761
-1
1548
62586
90763
-1
44513
-1
-1
-1
42062
-1
23151
5097
56554
80270
82376
-1
-1
5212
30781
-1
26812
94279
37738
85472
80420
2417
63556
-1
-1
54746
26778
1699
-1
25161
4523
850
-1
-1
59262
51867
56150
98293
-1
-1
-1
-1
-1
30906
45589
48055
-1
20793
4226
-1
73952
-1
42492
-1
-1
3832
55138
3791
17499
37526
4204
-1
-1
-1
-1
39130
70076
-1
59066
-1
936
49120
83460
79681
-1
10508
-1
20322
91464
16135
85624
-1
30382
96710
-1
48737
48440
-1
-1
-1
48505
-1
-1
13055
-1
77565
10948
69151
-1
-1
40681
14188
53111
-1
1547
-1
9740
86043
26346
-1
95047
32372
249
13797
-1
96360
2435
66511
69230
69824
3222
-1
-1
66086
34939
-1
28925
55580
-1
3531
-1
22158
47487
81955
16623
16557
12267
72635
21530
77717
30041
-1
-1
4215
28147
16513
30730
-1
-1
-1
-1
-1
-1
17299
5422
3301
64380
51207
19707
24313
11436
93869
10961
-1
92631
47429
28595
6727
15914
-1
-1
73729
18795
15044
-1
-1
-1
-1
54596
-1
17304
-1
84426
83620
64420
24878
12338
83560
-1
69590
-1
-1
57625
33229
8519
46865
-1
-1
-1
-1
-1
47750
56808
67853
2430
9531
74640
59557
64685
-1
69491
-1
87717
13369
74934
-1
-1
73842
58121
-1
-1
-1
21853
-1
-1
-1
37824
6213
66280
-1
56537
32914
-1
-1
-1
-1
-1
50722
-1
-1
52188
-1
3945
52586
6372
53714
44358
-1
-1
57516
55043
3542
-1
94858
-1
6371
74690
-1
-1
7674
52713
-1
31964
65925
6524
-1
33204
9533
64853
52007
-1
-1
-1
-1
45502
52510
-1
-1
49124
87546
53731
-1
-1
-1
95187
4832
89416
33960
-1
59762
11590
85802
40059
-1
68049
19763
98320
88578
47884
24856
7653
-1
27760
-1
90773
-1
49491
82309
75521
-1
76917
51687
-1
9310
10178
88577
99008
31428
3796
6904
84654
36670
37792
96791
46623
-1
-1
12950
58706
25891
-1
58547
59670
74358
75768
-1
1910
-1
-1
63227
15700
-1
82770
-1
12333
67695
63710
-1
50127
87420
-1
56458
95361
-1
-1
20193
49447
-1
51371
20967
60000
95970
20474
-1
36537
96809
54244
-1
-1
89121
32547
25398
-1
95918
-1
19801
74895
55058
-1
-1
14021
3058
7622
85918
68629
-1
-1
56116
-1
-1
5113
38277
23461
92486
-1
-1
49653
75394
60291
10437
75541
81960
92905
36583
-1
-1
-1
20514
99926
55000
47901
-1
-1
71466
76185
-1
82512
-1
21586
44048
-1
20361
71030
98729
-1
16805
-1
-1
-1
46798
-1
8885
-1
43946
-1
31511
4418
23501
6080
47179
52066
478
-1
-1
-1
-1
12678
87625
22261
-1
-1
26925
-1
14384
36706
34089
-1
-1
-1
28810
-1
11150
6130
20749
3909
5562
-1
-1
79012
-1
90710
95369
69503
94099
10033
44258
86554
-1
-1
37432
29529
42044
61501
93914
36737
90224
-1
54098
7767
-1
42329
-1
18262
-1
63440
-1
39873
-1
39307
-1
-1
-1
-1
-1
58179
-1
34121
-1
30691
23977
-1
28299
59499
39424
47992
63642
95568
-1
48003
21536
-1
-1
82328
-1
-1
62065
88582
59580
66437
64650
27631
-1
-1
78156
80241
-1
86418
3612
-1
-1
11989
-1
22079
18880
-1
-1
57992
83756
46629
22674
80626
77046
47153
-1
37216
55583
73114
8358
-1
-1
15722
50337
-1
-1
-1
-1
33870
71127
48444
31322
15651
-1
87755
77504
-1
63324
326
92598
31646
-1
-1
13340
47168
31734
92003
-1
46950
25570
9891
-1
86960
75298
71492
-1
7198
89691
3041
-1
41903
-1
40573
45044
21455
87509
53286
-1
35052
60455
24951
77585
-1
20608
52923
64007
-1
-1
-1
12678
-1
4874
-1
16609
35174
10558
32698
7321
-1
55574
-1
55740
27742
-1
66883
83528
-1
74531
-1
-1
-1
8255
56903
11998
59340
40909
4084
-1
71189
83795
17470
30457
-1
-1
54750
11938
-1
49569
81369
87703
-1
56716
29690
5728
-1
27586
48040
-1
10523
-1
25738
3659
65074
-1
-1
-1
63761
37025
-1
-1
-1
55670
52360
-1
57778
-1
71824
-1
-1
83811
6653
35548
-1
-1
-1
93477
-1
29803
62096
-1
-1
-1
98941
84223
44142
13331
97009
27288
8524
7416
3632
20716
70
99989
32822
-1
65165
40704
86262
82777
2780
39713
-1
-1
2073
-1
37657
37602
1057
16799
14689
-1
66113
62046
37244
4976
-1
83587
-1
80676
-1
65396
-1
85699
95220
5491
52280
-1
69233
91748
-1
42590
-1
30462
22828
41860
14953
-1
5945
53416
-1
69159
21493
-1
-1
28995
-1
-1
60013
61406
-1
-1
5395
-1
5871
60045
16012
99520
95932
28547
-1
-1
-1
-1
-1
24998
38871
61917
24969
42368
4962
-1
1378
53313
34246
27367
-1
10178
24269
3236
-1
91244
92461
-1
76489
3486
41403
-1
58062
20063
38013
14293
-1
-1
4199
-1
58805
27247
-1
-1
-1
50942
90609
-1
-1
73163
31779
-1
-1
-1
68764
32875
98760
-1
28292
-1
39982
58030
30383
17974
18594
-1
94351
-1
-1
-1
32323
44026
66283
8967
18868
-1
68062
-1
65838
-1
27835
9918
-1
8089
12450
-1
41774
28934
3139
58001
34401
18949
85864
7500
41766
-1
10490
81607
50420
66090
42597
-1
28613
-1
15819
85366
33806
39132
11717
62307
30463
28407
73252
28692
4858
29036
-1
16244
-1
-1
57698
4873
-1
60113
-1
14045
-1
-1
79321
-1
-1
82758
98932
99496
54355
-1
-1
-1
-1
59199
-1
-1
-1
-1
-1
21229
64969
-1
4806
-1
83367
16868
-1
-1
-1
26729
-1
33532
4295
63750
-1
-1
-1
-1
-1
50384
9147
-1
26848
80710
83526
44236
53771
15164
72393
3025
57781
41194
-1
-1
-1
32681
62515
27315
67038
6553
-1
4504
12181
93553
-1
42792
83172
-1
-1
-1
-1
86556
1076
34609
57298
68162
81944
-1
81899
-1
91532
-1
18579
66086
12656
53271
66439
-1
-1
89333
56065
42544
-1
-1
4167
17553
-1
-1
36557
-1
41473
72295
-1
-1
-1
69859
41769
75284
83110
-1
-1
13648
51683
29457
-1
-1
13981
-1
-1
28769
-1
-1
-1
94887
-1
66218
-1
83694
-1
68365
15863
-1
95113
52408
62387
14200
27239
27186
29059
-1
-1
-1
32442
-1
47947
39495
-1
-1
15956
-1
16132
-1
-1
-1
23645
60917
53708
86188
-1
90844
8516
-1
-1
67083
-1
-1
8386
-1
-1
-1
82510
83202
33772
26032
71861
59140
-1
-1
37904
-1
-1
64377
3496
-1
6907
34827
59387
24473
68609
49196
60552
26713
24521
73966
55052
-1
36237
19939
4369
64890
-1
-1
28531
47641
12680
13728
-1
80170
65992
1967
24258
-1
-1
6339
29230
81944
47329
66434
29168
37646
3287
91877
22430
-1
86177
36636
-1
94771
77385
18705
-1
8081
42489
-1
58208
45617
16235
14729
20714
25480
21556
34428
11278
80198
59450
23895
97281
-1
18254
-1
-1
40233
-1
10244
-1
-1
-1
11685
-1
51778
59684
87023
4466
7272
-1
-1
5032
2796
93873
-1
-1
39276
46552
17923
26506
-1
-1
95660
-1
-1
1768
57
42653
-1
8335
-1
-1
13437
34727
93013
5285
-1
40926
64318
2063
-1
10620
67961
64674
-1
44764
49704
-1
61820
39477
93444
-1
-1
9853
-1
-1
-1
14598
32127
92040
-1
-1
34095
-1
76285
-1
-1
-1
-1
46758
-1
-1
-1
36846
14753
-1
-1
18321
-1
-1
57679
87625
12337
3608
70257
30256
68027
19691
634
8994
96686
-1
18998
-1
29088
-1
-1
44609
99964
-1
11214
40700
52842
-1
47456
91420
85357
294
-1
41464
67013
33113
-1
398
70395
48266
39062
20610
3639
41303
43509
57574
22324
-1
-1
-1
-1
-1
39830
31257
59816
48440
53020
49406
36421
-1
46289
10899
2730
-1
50455
33552
44876
83844
4425
-1
44879
-1
14423
-1
55825
2802
29791
82876
47295
-1
-1
1549
641
-1
-1
4462
91939
59275
-1
221
8405
-1
15426
-1
80312
59262
-1
72773
34911
50810
-1
6830
-1
54405
-1
15914
12197
-1
50713
-1
4354
16731
62126
34145
-1
5253
10417
17067
-1
60552
-1
39812
11843
-1
98024
7926
-1
-1
-1
40654
12196
32511
51641
37994
-1
1411
-1
91138
-1
22629
13607
-1
20705
24932
30511
-1
9443
-1
-1
74104
94236
-1
-1
-1
74184
55745
49664
-1
7450
46915
-1
50259
-1
24208
-1
-1
21247
15666
-1
-1
85796
29490
-1
-1
14500
27640
-1
-1
28783
10389
60723
-1
-1
9884
-1
-1
-1
32323
-1
-1
-1
-1
-1
71990
62377
1665
56887
-1
49833
-1
-1
2866
-1
90798
64874
42639
4241
-1
-1
30975
-1
28768
45000
65556
-1
-1
-1
22271
37689
-1
39301
-1
4596
-1
85724
-1
95314
41629
16377
68761
-1
64078
-1
-1
31660
13998
93597
90394
74439
-1
89025
3022
55247
-1
-1
14318
-1
44722
-1
-1
33626
22940
42654
-1
319
27851
-1
21985
94030
-1
-1
-1
-1
22205
-1
24899
21186
31557
-1
-1
7222
8089
18614
36535
-1
-1
21868
-1
-1
77645
3258
34384
-1
40237
29243
56620
-1
-1
63602
26142
49993
-1
45595
-1
-1
2886
46911
-1
23453
-1
34035
27719
39039
63032
62670
28768
18106
86001
-1
38502
64494
-1
59201
-1
79454
70239
-1
15833
22914
67300
5248
35738
19678
99805
31514
55877
13980
45883
1169
-1
-1
-1
-1
72190
13242
51736
6290
3738
40504
44772
-1
45184
-1
-1
-1
26698
20626
-1
-1
26710
97789
34112
26889
86486
11678
-1
26811
-1
-1
58612
72043
60650
78096
-1
-1
35548
14024
-1
-1
14275
37232
8981
-1
-1
-1
-1
-1
-1
-1
36168
-1
75856
-1
-1
49253
28044
5240
77234
18651
37855
9253
4155
-1
-1
-1
-1
24875
74099
49114
-1
29690
45394
72173
-1
-1
-1
20374
7342
26582
-1
-1
-1
39576
4052
82309
-1
77314
78615
87658
-1
83463
80663
52393
-1
23120
30717
-1
2097
46612
6278
34902
26172
63424
-1
-1
28043
-1
79010
21201
16286
-1
-1
11455
69871
33909
93317
32327
-1
-1
4662
13877
-1
51128
15968
-1
-1
24886
48933
35407
62727
11897
6704
26176
6093
-1
69204
22674
2248
46267
-1
63978
1554
25362
-1
37357
-1
66185
-1
83620
43444
39459
23819
24447
62655
-1
-1
1093
-1
79943
3405
410
42619
8728
94106
49508
-1
-1
75385
64432
52766
-1
37520
75405
-1
19610
-1
-1
-1
45123
3273
33252
-1
79127
-1
-1
78118
98999
6753
26216
-1
74897
11269
-1
16270
96305
16870
42820
58320
58983
-1
-1
-1
16720
-1
-1
-1
44994
-1
-1
1640
-1
8776
1289
48868
62268
55841
96764
5617
-1
-1
3623
-1
11880
-1
81103
-1
-1
-1
17586
20191
38720
70201
-1
93986
-1
84876
30296
29615
-1
34457
30355
-1
-1
-1
-1
70667
-1
67375
-1
8965
-1
98490
-1
-1
10448
-1
-1
70804
14902
56618
74451
6777
-1
14504
-1
74013
15792
11293
16901
23268
-1
22513
-1
-1
4657
77675
51386
11551
8378
-1
18953
-1
-1
28033
-1
-1
15265
29692
7459
-1
33466
48440
-1
47917
27736
-1
-1
29193
19997
95936
-1
-1
77159
-1
-1
51836
-1
27236
-1
-1
-1
-1
-1
12895
-1
37571
43062
74634
-1
44610
84450
-1
36030
77707
64343
57163
-1
59325
94975
749
-1
7822
32619
-1
32507
32612
92233
34166
43164
32944
-1
31609
-1
594
-1
-1
-1
-1
45165
4569
7502
-1
65640
-1
19552
53591
26767
-1
-1
11427
97535
64823
44236
-1
-1
-1
-1
49687
-1
86719
12200
43470
84518
20662
3786
4369
-1
11442
83932
-1
80647
43688
-1
32563
82985
-1
2100
15012
56344
3993
57030
-1
21122
-1
90363
40974
-1
5743
40906
-1
-1
96376
-1
64097
36822
56898
67573
17278
13887
-1
-1
-1
85566
10448
27717
-1
-1
89049
-1
32710
38714
39737
-1
-1
-1
-1
14794
45187
-1
-1
-1
-1
-1
86740
-1
-1
56682
-1
7582
4801
-1
87395
81548
-1
17905
-1
-1
-1
-1
-1
85917
10040
24297
62110
5914
-1
53016
70572
56926
80683
28694
-1
86361
90823
-1
58214
44180
22399
99197
-1
-1
18837
-1
13160
-1
53125
583
-1
-1
-1
93738
14277
-1
21512
87161
21630
86830
88312
62934
-1
-1
-1
-1
1144
54644
71674
79486
-1
59272
12678
60016
-1
94244
23689
-1
61550
19687
77511
30532
-1
-1
4969
-1
24544
53240
48725
9460
-1
24689
28149
18413
41395
98769
60437
17133
-1
-1
49621
-1
-1
33932
-1
57102
85476
76480
98220
-1
-1
56995
-1
-1
-1
43863
3499
60608
70080
94669
94939
55819
-1
53760
53520
69596
-1
-1
-1
11385
63994
13086
9504
6678
-1
-1
74696
32950
-1
44204
22726
-1
-1
82161
38499
25054
-1
49046
12827
-1
1074
61786
21230
-1
22839
29632
12510
18688
-1
-1
16628
2182
75954
96567
59193
50931
-1
-1
-1
-1
-1
20062
15643
-1
-1
-1
73568
65548
2278
88454
-1
50331
1653
24231
15914
-1
-1
3214
7695
75551
36980
49862
22705
43190
38288
5383
34697
-1
6577
13539
27581
59803
64337
84802
65032
78144
62116
34812
-1
-1
44018
-1
5710
-1
30073
2058
-1
-1
-1
-1
-1
-1
72253
65886
-1
75849
-1
84579
55146
-1
-1
-1
61801
-1
-1
72898
-1
46164
7563
25102
95327
23463
56874
51530
-1
-1
39370
-1
26470
-1
5975
14356
-1
29263
47992
63779
17811
-1
57261
-1
55860
14033
42353
33681
91619
4587
-1
14562
45830
41580
28043
48214
-1
22510
33451
33335
-1
-1
69554
74852
93219
-1
66283
7710
-1
54761
65
4497
81944
7095
67708
-1
-1
17776
-1
15745
17678
6817
5240
29136
25150
-1
39392
-1
97756
6706
-1
-1
22179
-1
29086
978
67882
52311
49116
20579
3781
40939
55605
-1
-1
51318
52646
78133
63076
55939
99705
-1
28911
33936
8241
38428
-1
-1
-1
18968
10669
-1
-1
-1
36329
-1
-1
98460
-1
-1
38903
13852
-1
28697
-1
34359
-1
9112
-1
20844
9775
-1
-1
-1
-1
-1
10818
15787
10638
36405
9630
9635
-1
-1
33822
-1
-1
79715
-1
-1
291
-1
24823
-1
35812
15256
24809
-1
-1
28787
82032
57425
1858
-1
20551
-1
71137
32184
55903
51962
70665
7641
15683
-1
42348
-1
-1
661
5790
30973
6187
-1
20452
46293
37357
56568
620
-1
-1
-1
-1
55619
-1
28018
-1
-1
31181
-1
18008
-1
30297
-1
25845
5097
37163
17093
-1
-1
41628
17888
-1
-1
24366
-1
76736
-1
1361
4801
-1
-1
47215
-1
-1
17785
3336
-1
67055
25129
26348
15372
23523
-1
6255
-1
68761
-1
-1
-1
51787
54986
24101
20072
24641
47674
-1
43914
26319
12436
8545
59924
32879
-1
25694
-1
3695
-1
97705
77137
88641
74716
-1
-1
83845
-1
71231
8752
-1
81785
28156
9441
78376
-1
-1
55414
-1
-1
-1
-1
-1
27661
64304
-1
-1
31490
67904
63139
-1
28527
-1
28401
-1
71949
29492
17604
-1
73322
-1
28027
-1
-1
31507
-1
40592
62537
-1
6878
-1
-1
68702
727
-1
55018
-1
3772
50287
59338
31000
96345
-1
53427
42667
75158
-1
-1
-1
-1
-1
91842
-1
-1
-1
82154
18557
42604
-1
36846
-1
31262
-1
-1
87770
5715
68898
36644
15268
37408
27672
-1
9759
51727
-1
56469
65467
47401
83717
-1
-1
-1
22516
99295
46744
-1
-1
59691
36043
58669
45924
2220
6863
-1
1078
29759
68
-1
-1
46622
-1
39277
6465
-1
33954
13507
-1
26551
-1
32487
-1
48269
40689
33086
-1
2588
20930
-1
-1
46620
93002
63697
-1
19060
30906
40870
94156
28902
-1
-1
4384
88111
34749
40028
68139
17485
-1
-1
-1
34604
-1
33113
60596
-1
-1
31387
53822
-1
15715
-1
23908
-1
2981
-1
63235
35979
4695
10889
-1
42213
-1
-1
-1
69918
24459
8259
-1
-1
32274
12538
12688
44016
-1
-1
62416
42871
-1
-1
24585
-1
15395
3675
7621
-1
38457
39396
35219
-1
35318
3037
67146
-1
10356
-1
47745
-1
-1
13009
-1
4252
-1
39856
67373
31105
-1
95250
47456
45138
-1
10274
41220
-1
19466
38010
-1
54837
8193
-1
-1
33813
21063
12580
11981
45859
80724
45039
8883
58385
34943
52670
40452
74990
27056
-1
11669
-1
71213
-1
-1
77933
-1
-1
12863
63790
-1
30248
70309
33688
45412
24768
-1
-1
-1
63645
98739
51604
-1
621
-1
-1
-1
57679
94360
46744
-1
73722
-1
51275
-1
-1
-1
98924
-1
6511
-1
87637
99885
58021
28259
29914
-1
93444
-1
42946
23412
-1
10724
22304
-1
30161
4504
12965
19573
67082
80845
41525
-1
17676
-1
44620
37872
-1
52375
95012
95866
30034
-1
12113
27056
-1
24530
-1
74912
-1
72308
43802
27337
17164
18891
-1
-1
19531
-1
14710
49513
43093
99819
18511
32811
-1
66942
-1
54673
-1
38692
8136
2663
-1
-1
60662
23344
-1
-1
83435
58798
65189
26273
7352
24951
-1
-1
-1
-1
966
22236
24395
46560
-1
50436
-1
-1
-1
68635
-1
98133
45491
35304
26149
2145
4971
-1
26369
-1
-1
45958
-1
99960
-1
43308
22065
9951
-1
44588
-1
26685
12553
63649
59448
33981
-1
88492
-1
2883
17471
-1
86245
-1
-1
11501
20053
-1
-1
-1
10104
16441
10907
6769
-1
-1
-1
14280
66170
-1
44085
-1
37275
-1
8825
-1
-1
40068
49123
-1
3196
82311
-1
-1
8166
-1
57622
64041
-1
63841
5207
35072
18547
34662
36658
-1
84094
54203
18042
-1
79358
-1
52220
-1
27110
-1
40889
40110
15002
34687
36112
-1
63204
37254
-1
38245
25855
-1
7977
-1
52063
9120
-1
-1
95810
-1
48383
1445
-1
43150
58211
-1
5439
-1
-1
-1
-1
20076
22023
80488
-1
87372
-1
26806
26910
92486
66592
89943
-1
-1
-1
32131
-1
35713
66297
56491
-1
-1
73027
6010
-1
-1
17521
-1
82073
1296
15661
59757
23790
43274
94442
26521
-1
84625
49218
-1
74353
51401
34661
99223
9195
45853
11801
3627
2673
-1
92980
-1
-1
-1
-1
65519
84031
-1
35237
20284
-1
64111
39889
34558
-1
69530
1482
97019
71030
14842
-1
67532
3592
-1
-1
16178
-1
2052
9776
37798
34645
-1
-1
-1
-1
48245
88187
17406
-1
-1
-1
51799
49375
-1
17432
39767
-1
13659
15556
-1
9051
42135
-1
-1
-1
42612
52576
38606
296
33069
89668
-1
-1
53777
-1
35804
76849
8193
-1
-1
-1
-1
-1
33814
45738
7132
80813
-1
-1
281
-1
434
462
33554
-1
-1
50574
-1
-1
80520
17943
87611
-1
-1
-1
-1
68906
16941
-1
-1
-1
2752
-1
59539
-1
83205
63529
39799
69547
15671
-1
89657
-1
-1
-1
-1
46961
-1
21247
-1
49678
-1
57136
23341
-1
26814
35294
67688
25063
79215
69524
15962
-1
26080
-1
49894
5285
24948
28898
58348
21435
30113
29794
-1
-1
-1
86137
-1
-1
77692
20108
-1
8215
10795
-1
23285
46153
65725
966
-1
29103
66609
83246
69598
77857
-1
3537
15347
86963
9211
98218
43009
35787
-1
93710
15530
59830
-1
-1
52257
-1
-1
57591
-1
41605
98478
-1
12606
18227
36779
-1
84288
76263
33650
-1
64908
-1
76498
-1
-1
40496
-1
-1
69329
84163
-1
35007
45878
-1
38551
27962
-1
59240
21968
21236
25281
-1
78167
90042
18458
5622
-1
88258
32202
541
55760
72299
-1
73256
23875
19551
96547
-1
30680
5262
-1
40486
-1
18860
-1
-1
363
82139
44489
39650
27376
-1
55209
4459
2902
-1
-1
-1
15940
-1
73135
-1
2779
-1
-1
36437
38069
43369
43086
2313
93622
-1
43721
-1
-1
-1
11343
1412
28894
9088
-1
88403
12788
-1
-1
-1
-1
-1
13434
-1
64886
-1
-1
47978
-1
43081
93442
-1
-1
32769
-1
4118
4370
-1
-1
-1
-1
55008
-1
-1
27165
74582
1396
63261
47630
52576
1351
52360
20913
-1
29961
36475
25705
16864
-1
33759
26631
72341
15799
62321
25045
-1
-1
46068
-1
37505
86957
-1
49107
26048
49371
-1
-1
-1
48651
13286
39688
-1
76004
22190
-1
85698
64132
49218
68845
61820
-1
13242
-1
24734
42818
-1
30273
8829
3490
51212
-1
18414
23635
-1
-1
-1
92232
6427
58002
23436
66840
-1
-1
14091
-1
3181
-1
11564
-1
56218
-1
-1
38395
28252
73862
71691
14774
67640
-1
-1
13580
-1
-1
51290
15966
-1
55560
-1
19855
-1
-1
-1
-1
37337
50715
30290
64935
33076
-1
-1
-1
63283
23894
-1
22350
-1
15413
-1
44415
-1
-1
41111
24816
76059
15173
-1
1700
-1
83567
-1
-1
39667
37139
76659
55353
85494
54845
36605
67580
-1
-1
-1
99439
71369
-1
87685
71099
17927
-1
41757
33616
42274
-1
-1
-1
39887
54194
-1
-1
20257
-1
76966
-1
-1
-1
-1
81229
-1
-1
-1
33189
-1
56018
-1
-1
93762
45454
29171
35448
31432
83109
24347
91905
21346
-1
46358
34018
56499
26447
14689
80382
55122
16031
-1
-1
22167
67233
55776
-1
41424
15344
-1
-1
78539
87856
85951
-1
12262
24025
-1
-1
17803
32037
-1
11438
22572
24987
23320
-1
-1
-1
24144
12576
71942
43355
86545
17208
-1
14831
32253
20539
36345
-1
10114
42353
-1
-1
359
70984
6706
5913
40244
-1
6089
60880
73323
13086
-1
79455
-1
-1
91032
-1
2200
59737
16816
-1
-1
24689
-1
-1
37630
-1
49181
72797
66586
-1
-1
2355
-1
-1
35928
4423
91138
71594
90331
-1
70927
20293
-1
-1
-1
17342
10355
98944
-1
47427
85995
8078
63071
-1
21315
25891
21777
85780
13253
5411
31286
42888
53316
4960
-1
50795
50081
55563
51810
-1
-1
22193
-1
83181
80384
11821
-1
53762
-1
-1
-1
9414
-1
-1
18648
19709
24295
1235
46921
24690
-1
96710
30408
17585
-1
50767
14081
61563
-1
9340
14556
-1
-1
41091
15500
9357
-1
-1
-1
15713
24729
17047
13477
12844
-1
-1
-1
25832
53564
-1
64403
66539
97075
99125
14389
21175
-1
4458
66586
41285
36976
-1
55999
57388
-1
-1
-1
20037
37093
-1
18136
49378
31846
78617
40849
-1
16590
13650
17305
62315
-1
-1
-1
-1
-1
17829
-1
-1
86615
17747
-1
32247
18762
-1
2675
96927
49539
2657
-1
76990
-1
61896
83052
22582
-1
44210
-1
9902
68345
19202
-1
48416
40457
38434
30273
3395
-1
9442
42606
-1
23705
-1
-1
-1
2856
-1
45357
24125
72954
96250
84567
16844
22686
23391
38877
47220
-1
-1
31558
13575
-1
-1
35612
76041
6612
-1
46361
-1
-1
34324
-1
85119
6831
24043
-1
-1
-1
71090
-1
-1
-1
-1
36749
78755
-1
-1
25116
-1
-1
-1
-1
95918
-1
41307
88891
-1
-1
-1
-1
68000
38948
50750
23289
-1
82782
16870
4540
-1
24474
70239
4021
62232
-1
65915
-1
-1
82152
66405
3994
57832
59360
-1
37914
-1
74210
-1
-1
-1
48630
-1
35303
84648
-1
83668
34231
33503
46358
-1
48500
69959
50887
-1
47208
456
35964
4168
-1
28407
-1
-1
-1
961
68401
78667
-1
39911
88305
-1
54189
-1
3180
-1
-1
-1
7966
23414
52715
42820
7392
19565
62126
79739
27977
45853
45155
-1
-1
-1
-1
77534
82233
-1
-1
-1
10184
42690
-1
25390
-1
-1
55654
80878
96120
55166
85182
-1
-1
2788
14536
91931
48615
-1
58954
-1
14962
-1
97424
-1
62456
-1
12109
29086
93129
5649
26811
13621
22304
-1
17419
7470
9067
-1
94584
64349
-1
49036
65408
18301
83286
-1
-1
-1
49284
86916
18993
44109
80363
62830
71718
85487
-1
29707
23166
54098
58799
60033
89825
16531
48428
24383
16366
-1
56941
-1
-1
19682
-1
18321
-1
-1
-1
57487
24890
-1
-1
-1
16461
-1
98416
-1
-1
38849
-1
93498
59139
-1
10257
3761
-1
16449
-1
96957
-1
85540
76761
55580
64736
14330
-1
-1
19293
-1
-1
34025
37568
10871
98092
20580
23903
8016
400
31127
13700
-1
10755
50790
47469
-1
-1
2063
55802
51939
-1
-1
35123
-1
4871
48452
-1
3025
23210
21436
14559
31822
-1
38467
-1
-1
68071
2997
-1
-1
22262
82070
20342
-1
-1
46203
31277
90377
-1
84463
80619
33926
-1
30870
26086
20648
35246
-1
78892
55209
-1
-1
-1
-1
-1
-1
20198
13203
41834
9081
-1
-1
-1
43119
14326
-1
-1
54852
60442
39470
-1
-1
41293
80478
9111
-1
-1
22075
42625
4121
-1
-1
57496
-1
-1
68560
-1
-1
-1
12435
42948
-1
-1
25845
-1
34652
-1
6511
-1
-1
-1
-1
58001
-1
-1
19780
44731
22304
12874
-1
11161
-1
-1
-1
49056
-1
60512
-1
-1
54472
23818
17586
26633
28886
36537
13665
62025
-1
32338
62096
70789
-1
-1
2671
-1
-1
35797
48269
2277
15555
57197
-1
42310
44075
52426
1928
63812
-1
71388
6883
3732
17299
38457
70747
-1
78715
92841
49993
37456
25080
-1
-1
63032
37717
-1
-1
38624
25821
988
-1
44310
-1
8243
-1
11085
-1
71269
-1
-1
21823
-1
72449
-1
58661
63053
20985
-1
-1
5575
48483
-1
4103
-1
-1
-1
8554
-1
5065
54108
63465
-1
32913
-1
-1
-1
-1
-1
81951
80422
-1
63322
80880
-1
91392
79123
-1
-1
19910
-1
43296
44748
62732
86610
96965
19877
40777
89423
-1
32347
-1
-1
-1
-1
35876
-1
-1
-1
-1
-1
99324
12917
64457
-1
38554
-1
54644
74013
-1
-1
57927
-1
38772
50193
-1
57617
24948
-1
24556
49231
33255
20576
39557
39730
29247
23164
-1
-1
94746
78068
-1
-1
37889
28011
27250
64014
-1
27359
-1
-1
23794
56590
35155
9908
-1
30333
58217
-1
-1
-1
61073
8743
-1
14470
2428
79886
23181
57259
31024
11262
68103
29883
55188
77686
11307
1285
-1
-1
-1
-1
-1
36354
62859
-1
-1
-1
56149
78639
-1
-1
-1
98981
73448
-1
51508
83516
-1
-1
65423
92581
20315
3237
-1
69805
-1
-1
24611
36617
35956
-1
-1
7461
86155
11332
69803
6810
-1
-1
76034
50810
97615
-1
-1
-1
58002
50155
54086
7989
715
94980
85361
-1
51037
-1
75405
46562
-1
-1
-1
-1
-1
86781
6327
-1
20956
11922
-1
-1
-1
-1
18950
-1
48557
-1
92344
-1
10146
9109
60441
51502
-1
50384
28454
33636
-1
-1
-1
29824
41361
50449
47141
65529
-1
-1
5220
-1
79608
12886
83913
8768
-1
72325
77707
26716
93878
27122
42680
-1
42187
26927
-1
48391
20420
59311
77588
48284
-1
53433
62417
40362
57580
-1
-1
-1
34515
4774
-1
60240
13656
25024
88111
6173
-1
-1
-1
-1
37725
-1
-1
15018
-1
50296
22266
-1
57859
-1
-1
97949
-1
5321
