75 231
46 2
44 46
67 16
65 19
57 65
7 75
8 73
30 74
9 49
63 3
55 58
17 19
28 30
42 58
23 74
27 47
48 17
59 54
51 68
61 59
21 70
57 27
24 16
54 5
6 5
13 52
47 45
62 11
71 51
15 26
41 70
29 6
19 20
26 62
19 5
44 74
75 51
70 12
49 69
16 62
67 57
6 48
61 55
47 29
72 28
21 71
36 70
3 63
60 51
6 1
11 61
39 67
23 42
9 64
13 60
6 2
22 38
73 50
7 2
54 64
28 61
2 10
38 70
68 20
16 74
69 8
16 29
62 41
52 32
62 71
6 16
57 74
46 57
71 62
4 42
4 55
47 27
21 44
16 21
22 28
13 42
65 73
31 61
29 16
35 66
31 29
73 29
2 44
50 69
61 12
25 58
24 12
4 22
32 21
63 16
13 59
23 30
27 6
4 6
3 38
14 51
25 72
21 39
10 34
51 7
29 56
14 26
34 60
24 62
19 8
25 43
4 10
28 69
6 17
37 25
45 56
62 68
61 71
72 18
8 55
64 17
34 19
67 70
33 75
45 46
51 49
22 54
28 56
57 2
60 35
20 46
53 8
12 62
16 18
31 3
49 44
8 74
40 67
23 57
29 12
64 25
15 14
73 20
9 42
26 73
15 46
41 6
63 70
73 28
73 6
24 11
6 36
4 60
33 15
71 9
35 5
54 22
27 25
6 53
73 47
54 7
32 29
22 34
33 20
6 7
75 14
55 8
43 75
40 59
6 73
35 10
2 33
13 27
39 20
39 26
3 21
41 61
37 10
68 58
46 15
72 63
37 65
9 7
23 67
40 1
62 48
59 21
71 20
55 50
30 70
59 46
16 58
11 56
72 13
42 33
45 54
69 48
55 23
7 34
33 48
40 75
51 14
30 55
71 55
32 57
52 38
52 34
69 49
18 12
12 32
63 12
22 30
30 1
60 8
64 68
41 48
43 24
5 3
19 16
39 5
27 72
5 24
16 3
13 10
25 52
40 32
7 37
67 3
3 28
36 15
5 74
21
68 7 37 60 27 16 73 9 26 15 38 66 42 21 51 13 67 6 18 23 45 
54
2 34 55 63 64 53 50 65 47 32 70 22 49 36 35 14 28 39 75 17 54 5 12 25 3 57 30 44 59 71 56 61 41 74 20 24 10 29 46 43 33 4 11 40 58 19 8 69 52 62 48 72 1 31 
