-1
59090
-1
-1
25247
2001
24049
93797
-1
-1
35222
32379
7525
56901
12729
-1
77599
62268
-1
-1
63266
-1
-1
-1
46195
-1
24655
46971
51572
-1
86270
71204
11409
34577
-1
28637
71697
-1
69032
-1
26360
28332
74515
2275
-1
-1
608
-1
-1
-1
-1
34175
-1
18889
4815
56233
85827
-1
14765
55856
-1
73293
-1
12481
-1
99141
11038
31754
38987
23126
5811
80994
11571
30603
19419
56552
-1
60783
-1
54598
27210
93337
62689
-1
48909
-1
-1
84445
26508
62991
99803
94881
3137
-1
52356
12353
64034
23664
81319
-1
62545
39210
39990
-1
-1
40050
27149
29171
50778
38946
44443
-1
47332
-1
7565
40995
70867
97698
-1
8759
97780
78976
-1
-1
60348
-1
-1
23442
21609
10695
60116
-1
18447
12932
14026
-1
46737
23567
14286
31716
64205
-1
18679
92077
52875
71258
94176
98604
10069
-1
-1
33291
-1
28211
71419
-1
33143
-1
-1
-1
15526
29476
22271
-1
-1
-1
12491
1073
-1
25526
23753
81740
-1
15023
-1
-1
32080
43470
73003
-1
-1
72506
1089
51020
26137
-1
28182
2075
-1
7969
48646
-1
24980
68423
93871
24183
46809
63384
-1
-1
-1
12185
34209
-1
92127
-1
-1
75945
31174
-1
44205
-1
-1
75853
-1
-1
-1
5649
-1
36560
-1
35165
-1
61021
52301
93564
-1
-1
-1
1028
-1
-1
10832
-1
-1
-1
63258
-1
-1
20655
81855
-1
9037
99171
-1
41113
-1
76825
-1
77056
-1
1068
-1
60756
-1
11798
89108
16520
78571
54058
94519
23344
85476
-1
5804
-1
10508
17388
25198
-1
55092
7084
65618
81925
-1
24827
26897
50355
-1
11876
7722
-1
76251
-1
39023
-1
37285
70793
19942
6221
-1
-1
89078
-1
48305
65358
3187
16550
-1
19370
40868
-1
-1
-1
68300
36113
-1
-1
44493
-1
16755
-1
42375
52623
7083
86103
36551
28494
-1
26139
12374
34511
7091
67377
53811
-1
50760
86118
15659
37426
47632
-1
41129
87206
29739
49409
-1
-1
-1
4664
52359
26758
83244
49799
-1
33919
-1
93379
-1
14422
15512
-1
-1
-1
38680
-1
28066
98884
85854
-1
-1
35567
51169
14654
-1
67699
36878
-1
31317
65896
90511
81052
39103
78121
-1
-1
40062
33863
42305
34609
10433
-1
51351
14722
25687
51660
-1
-1
59854
79406
-1
-1
1716
4996
58518
80509
8931
37513
66571
8159
3202
-1
62050
77038
40728
18871
9726
27519
99826
-1
25928
22177
17182
-1
-1
-1
79859
26922
82653
11409
13420
10303
44130
18627
-1
28105
10913
-1
-1
63792
11194
-1
-1
16
28219
51510
49954
62653
-1
-1
44603
89314
-1
-1
53276
63507
78117
49174
80420
4109
42294
17447
36335
4432
-1
21140
72937
50491
-1
20270
49218
-1
-1
62622
27243
-1
-1
29575
17038
-1
-1
8675
7955
-1
65791
8626
22615
-1
-1
-1
59750
92717
14688
-1
-1
-1
62939
22230
-1
-1
6811
-1
-1
-1
77127
30240
-1
17221
-1
-1
51473
-1
-1
-1
-1
70609
-1
67353
-1
-1
-1
-1
77712
44052
56566
-1
-1
18246
-1
84015
-1
97880
69540
91490
-1
54667
26165
2497
15847
-1
-1
71246
-1
19967
57412
-1
79564
-1
-1
-1
-1
79038
1309
-1
-1
-1
-1
-1
-1
-1
-1
84939
-1
36024
-1
60716
-1
1706
53119
-1
50757
9918
25503
56382
691
-1
61818
-1
-1
15998
42996
796
78003
92407
96523
10010
-1
-1
28652
81087
-1
8100
70116
15872
-1
-1
72114
-1
22128
43862
79640
21050
-1
20423
16646
34031
-1
-1
17578
-1
23502
-1
82787
-1
-1
-1
13022
53856
-1
-1
-1
-1
41769
45181
65160
53116
2961
-1
36940
51210
27416
44305
2912
79262
50616
99000
25800
20828
-1
93597
68726
30732
-1
-1
73767
2841
78723
788
-1
-1
-1
-1
-1
72073
51376
13103
-1
43188
-1
-1
67875
-1
-1
10595
34757
69430
67786
20088
66783
29497
69988
49984
76687
-1
54947
-1
57796
32521
-1
-1
2174
63242
68750
-1
-1
26890
-1
89652
-1
-1
-1
76244
22417
-1
83292
37448
12916
51793
22307
73320
-1
6755
-1
16441
25159
-1
26553
31712
19209
5176
-1
27560
-1
61046
49126
92014
31297
25071
24483
-1
62333
-1
76851
68562
68165
6103
-1
-1
-1
37427
-1
2966
9604
76409
71552
36048
36879
19465
-1
77762
8002
24779
68111
47727
40770
46769
55911
49090
-1
-1
3998
-1
38830
22416
-1
-1
-1
49713
54873
88141
-1
17792
37898
5814
-1
-1
66397
-1
298
-1
13230
26661
13667
-1
10033
-1
10433
-1
34215
-1
45081
10102
12494
61261
23821
23862
-1
90316
-1
7019
42458
-1
87930
37380
46690
88119
39569
52101
6629
47397
59205
53513
-1
-1
29899
-1
91149
-1
26245
-1
-1
-1
9665
-1
11569
20210
-1
26539
70292
84993
59193
25912
-1
88526
15870
5352
76003
40101
52852
69249
-1
15265
40307
-1
-1
42023
96052
82800
-1
42386
31118
-1
-1
-1
-1
3483
85980
-1
57695
73301
23102
42257
3922
33171
-1
74804
-1
-1
50214
-1
72987
43191
80226
65757
-1
55174
48228
60737
19476
34864
83227
37125
-1
19550
99610
-1
56276
68904
77487
30257
-1
58926
2412
18185
-1
-1
37772
5349
34489
-1
-1
22450
458
-1
79546
13893
10149
-1
-1
-1
28814
-1
75290
-1
-1
2934
81632
21905
-1
47810
-1
-1
71340
61856
25592
-1
-1
-1
-1
3261
42424
7527
18054
17296
73829
-1
4654
13564
88921
-1
-1
87820
-1
79038
-1
-1
47930
77946
71764
41145
-1
-1
63848
-1
-1
8165
62341
24155
79814
18864
71208
89446
74333
25624
13897
72614
13711
-1
-1
53343
28976
19026
-1
38014
-1
53071
-1
74275
17233
-1
-1
-1
27723
85281
8724
45770
78785
-1
-1
-1
40258
78906
12656
48960
1010
19557
15501
95920
-1
17677
98965
3895
-1
39636
2634
-1
-1
95412
-1
38658
-1
44083
-1
-1
56495
822
53861
-1
9045
-1
11986
12926
-1
61813
28927
-1
63282
-1
811
-1
-1
69688
66389
9848
75986
79602
29805
21143
13020
-1
10713
59166
3991
1907
49935
24991
-1
-1
3712
27158
23587
-1
13795
62035
-1
6232
77668
-1
6782
-1
56510
22100
-1
57084
40146
23218
45163
-1
-1
18199
10643
-1
54927
-1
46922
11434
-1
48422
34186
-1
79051
72709
90851
3162
-1
17254
-1
202
92436
36677
36796
28406
25157
-1
87
94241
-1
24317
-1
1732
1394
19682
-1
-1
50151
-1
-1
21047
52044
53413
22028
66340
82112
-1
84994
9448
-1
63094
18215
-1
-1
-1
28319
9930
-1
90014
-1
-1
-1
57779
67390
23252
32957
-1
59248
97691
-1
-1
13801
98670
-1
12907
80420
-1
-1
-1
-1
11335
-1
-1
91538
23046
60913
10947
-1
-1
10938
72526
-1
88670
37415
87157
-1
-1
61626
70316
-1
-1
8947
84426
-1
-1
-1
-1
868
52365
41102
-1
-1
-1
-1
-1
3524
42859
63620
26477
-1
59036
-1
36377
14555
15296
12577
-1
-1
-1
78732
-1
38586
19779
36826
3128
-1
67390
-1
27025
79244
20825
-1
86414
-1
36703
22831
89658
14818
12849
-1
42483
8459
47561
-1
74029
50295
71754
16724
48899
90942
72881
-1
50987
77125
-1
31631
29425
62268
17197
1927
90851
-1
-1
-1
-1
58475
15718
21901
90690
-1
-1
5679
-1
48065
-1
35799
24122
-1
-1
-1
-1
-1
-1
79573
44644
-1
3398
-1
92794
63832
-1
7767
23860
-1
38161
-1
76753
35999
54165
-1
66509
27478
20149
7506
-1
-1
54670
55431
90695
-1
26127
60524
26769
45295
-1
25803
43504
18874
81635
-1
77085
62535
70191
4908
5571
-1
-1
99619
10396
-1
17545
79399
32571
-1
-1
42146
-1
87252
-1
40553
95828
52702
44754
77573
-1
66581
67128
10908
-1
53549
-1
-1
-1
-1
13317
6668
73320
-1
57495
-1
-1
36639
53024
15696
-1
56566
75836
50382
98419
51388
22051
-1
12376
56375
-1
20765
90868
69254
8382
-1
-1
-1
-1
89334
81810
-1
-1
-1
11381
24803
-1
-1
65768
-1
12749
-1
31689
46063
-1
52215
-1
25439
26002
7938
16560
4479
-1
24263
-1
-1
18529
3314
30533
48876
71740
9286
-1
-1
-1
43735
16803
52821
41645
76405
53583
86609
71391
-1
138
17788
-1
-1
74741
86651
39487
13581
99665
23690
40348
30974
86619
-1
18721
52518
27310
94965
13608
32497
-1
12382
4927
11595
84351
-1
63513
42988
36177
-1
-1
17686
-1
96499
13955
54285
-1
18378
70377
-1
-1
78619
8106
-1
-1
99481
21548
72787
7243
-1
17606
92428
-1
-1
55442
-1
-1
-1
-1
19772
-1
99001
62632
-1
4509
-1
30264
51445
-1
-1
55821
12135
-1
-1
-1
56155
49283
50312
-1
-1
80453
28121
8151
-1
54319
44846
37586
9802
-1
72444
58237
-1
30724
7520
6282
67011
1045
54854
46786
-1
-1
-1
22482
50892
64048
52741
-1
-1
-1
23787
-1
2166
-1
59679
-1
-1
39577
47287
-1
-1
29646
22999
41225
41458
-1
-1
-1
-1
48341
68423
49176
-1
70764
46018
5152
34621
-1
25132
-1
-1
12053
2758
65321
-1
67743
240
-1
72731
-1
57262
18549
13921
99515
-1
23872
36668
31118
-1
82470
-1
-1
2391
18250
8138
56944
51872
65568
32617
-1
337
-1
71505
69193
23013
69599
81804
-1
-1
8066
89977
-1
811
92032
-1
-1
48348
-1
-1
19526
21388
23716
72456
-1
55733
64308
93245
12191
39590
-1
27517
56044
26699
1785
-1
8199
38839
-1
-1
22775
27169
95540
20180
30222
19295
-1
46110
6451
38533
4723
22368
12916
-1
-1
32933
63493
4560
-1
12831
-1
80715
27994
-1
40324
30381
-1
15271
-1
-1
24256
46899
-1
89264
70273
-1
67394
45422
36119
71405
3733
4731
-1
-1
-1
-1
-1
61857
3558
64627
3000
5722
49392
38048
76470
11833
55708
-1
54958
42300
74632
26834
17211
-1
11909
8141
89181
-1
10292
44113
18098
41456
23724
57063
19410
-1
65511
41135
-1
22883
18739
-1
-1
15328
40878
7222
-1
-1
80278
19763
1113
-1
30036
-1
-1
15366
-1
56003
69699
-1
-1
91677
84627
4792
-1
34476
-1
96827
-1
36726
-1
44973
69961
-1
68749
93436
2410
93702
13204
-1
29213
-1
-1
95011
40442
-1
51589
14732
85433
29959
64049
38501
46370
53058
-1
-1
93502
15918
48635
-1
10991
-1
46410
17658
-1
-1
-1
522
29983
65265
8701
43549
99214
-1
26178
44359
-1
87030
64780
60791
-1
24293
58125
-1
-1
-1
48324
-1
44366
-1
29845
30759
32127
-1
94755
-1
14292
-1
29785
3404
39929
-1
-1
72505
10464
-1
6978
-1
93050
-1
58941
13187
-1
-1
15163
37199
-1
46915
56070
73623
51217
23455
-1
-1
76948
71555
22675
38371
-1
-1
53867
44284
-1
38568
12695
51554
42034
-1
80794
51711
-1
-1
49187
8250
59621
2896
-1
21479
-1
11686
69329
1123
48
12057
77189
20014
98
32500
-1
8103
4893
54347
3215
-1
69154
84416
-1
-1
42068
-1
-1
74611
45636
31328
-1
33143
-1
30296
84162
-1
-1
31027
70160
42448
-1
67367
-1
91043
-1
-1
83502
8540
41825
69362
-1
-1
10919
-1
18630
85303
-1
-1
8489
-1
94060
62345
-1
59247
81932
-1
-1
22988
-1
41777
40135
-1
24603
-1
6953
89992
17716
48427
-1
35945
98304
-1
-1
-1
60438
-1
-1
20128
-1
33335
52803
35596
-1
97384
51349
-1
-1
48090
-1
17999
41538
98917
-1
4564
-1
-1
-1
33293
-1
-1
-1
50565
52419
13667
84380
74515
5477
-1
-1
-1
-1
1227
-1
53375
-1
-1
-1
84017
19461
-1
50177
43972
70221
2050
-1
55034
78686
22545
-1
80601
8228
-1
19175
-1
8124
-1
64034
61528
-1
82239
23443
-1
61260
8511
10173
97342
78734
41366
78815
79716
2938
-1
3215
5714
-1
-1
12734
65455
74253
61311
93080
-1
79548
12275
61631
62380
46826
46793
-1
73300
44750
82023
9853
-1
-1
72787
25833
16407
4738
-1
313
-1
11928
72485
72053
-1
25576
-1
45306
16932
-1
57097
-1
11071
-1
-1
72770
65494
10928
76697
-1
15415
56141
-1
-1
-1
45516
5569
-1
-1
-1
-1
26919
32788
11124
85697
-1
38833
-1
13614
81247
30000
84579
64264
-1
-1
42499
-1
-1
48285
37278
91536
44561
-1
64054
-1
-1
-1
-1
-1
-1
34110
6127
69097
-1
-1
63012
24789
70975
34490
-1
85050
28445
60813
1393
-1
11336
9431
-1
-1
-1
-1
85821
79493
48702
85608
93685
40146
17139
82990
46506
-1
-1
69839
-1
31364
49850
25878
90391
59219
12059
-1
-1
-1
1277
3380
50238
89874
-1
46246
-1
5112
3588
-1
1409
-1
23091
30998
36421
-1
6102
59938
17751
18506
-1
64222
14210
40195
-1
85685
27377
40886
79825
4197
45786
-1
-1
84715
49491
59914
16222
35724
-1
-1
82655
-1
73421
74921
28359
-1
-1
-1
-1
10132
37509
44207
-1
32625
73161
17735
71754
35184
44602
-1
-1
35352
-1
-1
21557
4797
77076
58051
-1
23419
-1
-1
63879
-1
-1
-1
77618
-1
-1
42945
-1
-1
-1
-1
14022
-1
24421
34025
11815
83611
-1
54529
-1
61974
16421
73458
99154
77414
59208
-1
35456
-1
19461
-1
53321
-1
-1
-1
-1
78284
72787
-1
21589
-1
-1
57298
-1
-1
92674
30515
4769
25960
42967
5230
-1
56290
71190
29870
17485
74750
79785
-1
22980
93468
17218
-1
43151
-1
-1
45932
11261
-1
-1
-1
7526
-1
52017
24375
1154
-1
-1
95412
-1
45488
-1
66150
44857
40903
61490
-1
8115
93071
93727
83025
64245
-1
20878
56085
24341
33064
29634
79262
10012
-1
-1
95484
10274
99607
-1
13964
-1
23292
-1
-1
20909
-1
-1
-1
-1
-1
68858
-1
-1
50511
-1
-1
-1
62268
-1
42126
20971
24212
-1
-1
-1
9200
-1
-1
-1
-1
59619
45061
74932
47907
-1
13388
50997
-1
-1
-1
-1
-1
-1
-1
-1
51536
4350
24888
44308
-1
40388
-1
-1
23732
6235
94833
21738
36797
48422
15209
97634
60
-1
64289
-1
56105
34529
49246
3239
15019
10273
69708
-1
9238
7919
27788
15711
38044
-1
34122
-1
-1
-1
64174
55213
-1
-1
82669
76991
16398
58604
23757
33979
51884
-1
53867
79890
47292
-1
20686
28705
37014
10172
99544
7158
88257
17269
68543
-1
22725
-1
52472
-1
27367
42335
93998
30184
33214
176
-1
72699
31631
-1
-1
36440
-1
57038
-1
22489
-1
79267
52602
97581
97431
-1
457
3983
40527
19135
78813
23281
-1
58817
-1
-1
-1
82126
37541
14625
-1
1273
11342
-1
99124
74768
45707
61846
-1
89230
-1
85319
-1
-1
31013
97117
-1
-1
-1
38980
16159
92717
-1
39023
-1
23860
29935
70081
-1
21644
1661
-1
-1
-1
-1
67930
-1
-1
11322
73551
19816
29807
-1
-1
31174
17138
-1
98844
30548
-1
9615
-1
-1
-1
-1
-1
-1
-1
1980
33896
1058
19987
-1
19774
22806
-1
-1
31568
9774
-1
26830
83536
2322
13904
79878
-1
57180
-1
-1
23810
64112
-1
-1
55719
29352
-1
-1
45360
-1
62901
-1
-1
70514
14063
-1
899
-1
20434
88554
-1
52535
-1
42244
5479
409
-1
11307
-1
54404
13719
-1
30771
-1
41175
-1
66209
93201
37777
-1
56442
-1
40118
42717
75745
-1
69522
26436
26969
59167
-1
14726
6336
33122
39335
12151
21754
-1
-1
99489
38826
-1
56137
-1
-1
39569
93833
67989
12877
21651
-1
65101
-1
-1
-1
-1
62825
43291
41212
27810
-1
18559
2052
-1
-1
94345
26827
93075
-1
-1
-1
55245
46964
28937
20344
11845
-1
-1
24535
-1
44944
-1
16315
-1
-1
9725
-1
42086
53713
-1
73364
-1
-1
80611
-1
43653
70533
66338
-1
11155
31782
-1
-1
-1
13504
34965
60029
-1
-1
-1
-1
75664
73146
-1
18488
-1
-1
40437
58114
38053
46928
46979
-1
68348
-1
82470
-1
34043
-1
-1
-1
64809
-1
-1
10708
1233
-1
58108
18039
-1
15315
-1
17451
-1
-1
5062
22244
4196
-1
20477
72192
119
45430
68480
31514
31877
-1
27372
-1
88595
-1
-1
60000
-1
-1
84701
-1
-1
98759
-1
-1
14796
15549
-1
6134
40994
43003
8936
4200
20456
-1
97167
82394
-1
4985
-1
-1
19721
-1
7024
63523
-1
41994
-1
89779
98957
848
25248
25615
95132
84445
7119
3372
-1
-1
13640
7692
-1
91543
-1
-1
-1
43244
18200
33915
62231
61407
88820
43188
53620
-1
-1
-1
-1
3985
20229
29297
73438
89020
-1
71485
-1
53356
44556
-1
22874
85196
-1
-1
58918
4266
-1
51873
65085
4266
-1
-1
-1
43032
59048
99435
4521
-1
46227
24127
8290
-1
-1
40616
-1
-1
18228
93393
-1
85538
-1
24686
32710
-1
55232
11459
5992
70418
1695
-1
-1
444
-1
23520
67564
86895
7487
67953
32998
3295
32914
67670
10193
-1
-1
19921
55077
77689
-1
86162
5824
-1
14752
30756
84812
-1
25012
-1
19936
37227
-1
3755
62601
25793
-1
37822
95398
37511
-1
31781
60651
39220
-1
-1
4280
3922
52251
84492
-1
57595
29574
46960
87092
16902
-1
-1
65063
-1
26345
20308
10867
13161
26238
31507
33688
-1
-1
1335
-1
-1
27995
93545
59823
-1
-1
-1
-1
83668
43377
19776
63086
26984
-1
-1
-1
-1
57077
-1
7659
30399
21532
86581
40364
-1
41294
-1
73860
27812
40093
-1
83972
87773
63232
83239
-1
35423
11343
-1
-1
64589
-1
-1
-1
-1
17447
-1
21658
19332
17266
12589
4191
-1
-1
86957
47789
21725
-1
-1
-1
-1
-1
72072
75622
-1
82634
-1
85836
78349
-1
9244
52290
-1
-1
51932
57450
6578
55672
2543
-1
-1
5698
20364
-1
56245
9619
60986
-1
-1
94157
33677
8013
80346
96904
-1
57423
57834
-1
66561
-1
-1
20503
30278
-1
5170
9924
14240
2156
60149
-1
41546
-1
20560
39446
-1
-1
29509
47518
-1
-1
89936
81736
91432
29364
35314
-1
-1
-1
12916
37840
-1
61260
27832
-1
-1
24269
24446
-1
44488
39941
-1
-1
62791
-1
-1
-1
20668
-1
84440
-1
47071
11703
-1
68090
22341
84634
57350
10071
75212
1870
-1
-1
-1
8497
-1
26714
99725
-1
34136
-1
13072
86168
49090
-1
46098
-1
69560
50216
-1
79109
3264
37472
389
-1
95747
42212
-1
51226
-1
96226
9774
62184
62589
-1
27948
-1
8479
-1
25540
74971
-1
57874
-1
89191
76008
4682
45934
6266
21490
-1
53933
52844
18344
12986
28550
71577
42292
-1
75862
-1
-1
28494
34222
-1
-1
-1
73722
3348
-1
17479
73085
94029
16861
-1
-1
-1
25987
52469
-1
17673
-1
76844
21844
66
-1
-1
36942
-1
-1
25587
-1
66403
-1
-1
-1
-1
49872
4933
97211
-1
83041
27591
-1
22192
-1
-1
97544
16518
-1
-1
24231
43715
-1
25987
65029
-1
65076
17100
45870
-1
85477
-1
-1
8358
-1
26252
4900
-1
95581
8518
18285
-1
86552
29453
5927
63351
-1
5938
-1
60304
49492
12771
-1
41812
38872
-1
-1
66926
82610
46791
65130
-1
96762
4848
-1
90983
10024
39492
65330
23344
68301
3419
2101
90485
-1
12563
55693
37681
80174
60215
-1
96551
-1
47191
-1
26358
-1
46877
-1
-1
81311
10343
-1
64578
-1
-1
-1
67840
38521
-1
50996
-1
-1
28062
75267
-1
-1
-1
-1
48714
-1
65973
-1
-1
38461
54984
-1
15670
10275
-1
6372
-1
91545
-1
-1
-1
-1
-1
-1
-1
32343
-1
1636
-1
-1
-1
-1
-1
-1
17196
4679
65493
-1
-1
7154
-1
-1
20219
27456
26984
82653
64166
92402
53286
-1
-1
-1
12452
-1
50134
-1
80351
72979
-1
7925
-1
26975
-1
-1
31737
17919
36536
52428
-1
37982
46451
2028
-1
2984
98675
-1
27323
95668
85033
83809
-1
-1
4574
59202
61899
-1
-1
87956
38966
-1
-1
-1
19541
77756
-1
27067
62164
4103
25588
11692
6199
-1
27060
29320
27888
44980
58611
11687
3917
-1
56096
65502
72731
14600
48118
51870
35128
1753
46368
18997
-1
25718
45732
-1
-1
44493
-1
5569
-1
-1
-1
74467
-1
2994
54338
-1
-1
-1
-1
46667
97804
-1
-1
13669
8180
-1
14293
85717
26503
-1
46092
22881
36244
-1
-1
-1
-1
14477
-1
-1
35491
-1
68189
84787
88438
86834
50337
-1
12753
90658
-1
33497
-1
-1
70403
40490
22021
-1
-1
46285
93767
-1
-1
-1
-1
76967
33003
94967
-1
86511
-1
22173
-1
-1
-1
1852
9555
-1
