6602
272
157
216
215
38
34
44
299
151
182
175
120
83
194
62
55
259
178
269
126
128
43
252
277
37
131
102
72
284
92
294
92
251
29
135
116
60
11
50
185
296
207
49
273
131
76
289
51
11
124
296
123
88
243
21
86
131
80
192
116
149
21
56
241
73
103
42
152
285
120
132
155
178
127
135
94
182
46
65
214
83
11
232
82
222
192
289
105
70
66
114
229
175
219
28
138
130
178
178
45
166
17
27
38
154
48
79
215
126
74
175
67
113
1
47
142
4
110
235
58
233
162
161
144
168
274
297
136
262
77
279
244
55
279
191
25
259
152
9
160
201
108
240
297
229
260
183
117
240
290
282
151
76
191
150
221
38
154
189
289
211
293
149
257
121
92
100
64
205
131
31
162
122
248
300
1
21
8
169
140
210
178
231
258
145
236
292
80
120
239
280
145
192
14
147
7
293
105
172
70
149
257
146
86
219
138
86
95
228
89
54
199
194
188
171
284
80
186
142
41
96
144
115
140
125
156
19
206
103
27
33
35
126
77
109
174
120
297
73
48
278
30
267
76
37
101
150
141
190
21
228
41
254
244
221
41
261
58
69
133
132
281
254
264
275
9
216
40
158
99
159
268
31
208
147
186
218
84
270
100
119
247
296
222
300
125
7
284
268
190
94
200
206
183
178
180
55
38
5
263
283
80
192
38
236
187
248
141
67
77
134
159
84
124
236
233
41
98
297
67
119
159
282
185
84
66
38
127
186
54
184
187
18
210
157
183
84
95
112
216
218
159
160
283
145
187
164
249
64
186
236
154
89
200
193
103
111
283
155
113
168
268
152
186
66
278
40
182
94
36
40
287
144
173
178
146
109
179
74
219
168
297
107
283
158
47
117
84
87
203
156
174
229
282
64
47
235
179
7
94
98
144
297
82
143
45
140
26
266
157
254
6
284
181
185
147
58
204
68
264
213
145
51
229
187
62
209
181
284
32
168
162
8
250
127
282
219
249
190
223
189
153
264
8
27
169
23
270
144
217
259
22
137
119
106
292
96
170
158
161
162
269
290
30
154
212
93
48
33
71
226
158
196
40
216
44
41
70
227
182
83
60
163
12
6
129
254
9
50
250
165
232
89
147
55
68
240
299
208
29
289
242
84
24
242
169
163
233
36
179
6
225
222
273
174
267
204
223
271
159
106
130
271
101
264
230
196
119
116
187
253
130
12
41
47
24
137
249
147
106
166
233
100
284
77
86
67
90
118
133
204
17
271
295
294
111
270
35
263
284
44
178
132
166
35
99
73
133
99
225
76
241
43
211
247
180
94
109
163
167
179
4
149
103
203
68
285
119
135
43
119
272
2
62
34
97
77
66
230
217
196
218
48
60
167
137
119
38
272
166
273
77
53
148
248
152
124
35
33
216
81
280
179
152
241
95
58
149
33
270
142
178
110
249
256
287
199
233
34
277
41
287
245
87
87
273
50
290
42
132
190
16
117
4
122
245
196
4
271
5
30
292
146
12
264
174
215
26
234
54
38
151
227
218
169
112
131
241
24
85
280
129
125
31
283
263
24
50
173
283
143
118
214
225
180
170
268
208
125
122
199
275
275
232
12
216
203
275
242
291
50
292
238
25
164
20
226
13
260
252
186
65
241
289
110
95
79
192
67
165
179
120
94
130
65
276
100
144
168
91
215
118
93
35
184
97
96
20
56
117
78
59
244
195
235
263
240
13
296
244
3
177
155
288
203
163
2
130
160
28
183
56
289
200
267
65
44
22
36
111
63
159
278
50
298
146
52
72
23
132
57
164
219
219
61
263
291
36
111
49
273
211
87
274
199
274
260
57
190
124
7
46
234
158
130
92
73
146
94
84
36
93
169
18
21
233
229
219
268
228
232
239
163
232
169
235
36
124
40
110
217
165
141
43
150
123
76
238
151
177
83
53
180
51
213
42
269
22
294
49
9
52
188
249
269
167
143
25
124
212
224
249
250
52
28
254
117
88
144
293
116
70
212
146
55
32
233
68
67
254
239
91
278
18
132
5
5
216
70
242
264
47
152
157
7
96
139
106
100
156
147
280
177
92
291
186
262
191
136
194
150
286
206
275
171
213
49
279
178
77
7
143
200
283
84
170
84
137
18
264
222
133
224
23
50
133
120
141
66
254
292
13
54
291
142
82
173
153
22
135
265
272
62
129
95
80
37
277
47
29
202
64
81
43
284
18
232
84
10
103
86
29
98
118
205
291
190
240
78
273
277
5
102
234
261
290
212
196
86
119
255
80
23
296
239
96
102
7
108
44
83
193
247
69
75
107
254
33
37
140
184
228
168
129
283
184
214
2
6
63
142
81
102
106
192
173
189
172
89
252
5
112
57
13
282
251
76
169
183
92
66
290
94
20
1
238
72
155
195
183
74
52
229
211
206
128
267
111
30
5
173
155
274
99
8
273
139
249
32
85
206
59
150
282
116
205
270
31
289
190
92
230
93
280
247
254
193
239
268
231
205
59
53
119
196
110
21
277
57
153
89
191
286
223
145
139
257
130
156
43
53
245
231
63
102
183
73
287
93
196
88
168
236
72
294
153
90
271
14
85
54
30
149
194
127
199
298
270
157
264
158
71
127
271
171
277
296
193
192
140
23
194
76
90
185
1
178
179
33
63
267
70
125
106
276
65
173
174
250
250
30
123
116
82
70
69
99
212
135
68
159
277
151
245
298
134
18
204
67
275
43
2
17
170
299
254
188
224
104
224
92
62
162
199
52
190
183
241
285
70
163
273
182
251
273
279
128
150
74
70
217
201
124
161
160
31
147
17
288
215
182
30
32
283
250
287
117
65
284
175
106
56
271
42
198
214
206
51
24
259
152
85
212
62
87
299
240
269
93
36
168
125
99
260
102
131
62
123
16
258
87
3
233
211
279
39
223
152
33
278
32
40
15
85
172
291
219
274
156
5
100
178
293
295
108
286
31
174
245
128
202
144
104
298
81
94
63
279
199
49
279
226
253
8
225
121
41
104
97
98
162
137
210
245
33
146
11
11
51
214
129
63
116
108
152
259
156
214
10
140
132
249
197
11
47
123
6
105
182
278
235
123
38
146
152
249
113
51
297
267
166
219
172
96
134
147
9
89
129
80
278
252
8
65
157
165
274
61
16
183
51
21
284
178
48
114
83
269
130
183
240
280
288
222
102
123
251
109
96
195
205
271
136
91
61
233
109
273
118
5
236
290
39
69
39
118
253
211
41
18
235
145
285
34
254
294
212
189
188
197
19
235
154
110
139
113
271
120
209
258
76
144
243
145
41
92
228
166
101
101
79
216
77
128
69
13
130
197
204
131
51
180
98
40
163
201
130
215
235
84
82
255
157
43
43
135
222
225
139
79
221
60
236
235
173
52
273
49
18
255
104
258
242
181
62
254
259
143
5
27
137
99
293
262
248
96
178
62
218
72
175
118
116
286
167
270
134
199
7
289
230
144
46
228
53
140
110
176
101
133
166
263
84
98
208
4
284
244
139
68
74
199
285
188
216
173
275
292
18
16
173
58
165
247
87
225
169
49
32
101
232
113
243
92
151
291
249
218
191
101
37
108
2
59
249
138
100
293
190
63
115
159
240
244
260
62
63
218
143
127
294
286
239
38
131
181
106
3
185
135
250
141
291
215
175
159
6
192
133
35
141
147
271
35
52
292
102
62
140
273
221
4
74
52
204
128
154
156
220
225
199
189
253
201
76
147
224
298
221
68
275
89
178
37
151
266
67
252
183
161
101
216
178
206
142
130
158
146
22
289
300
270
188
150
244
186
21
158
16
239
187
31
284
291
42
117
57
183
247
296
9
280
169
12
19
68
260
81
167
132
96
272
36
215
146
195
19
208
42
56
102
237
122
58
107
154
267
193
295
23
278
12
240
82
44
131
293
251
185
239
193
3
142
243
245
233
257
259
169
214
125
246
298
68
45
123
41
206
193
282
30
17
48
290
161
114
112
96
106
183
80
235
68
93
52
21
93
266
116
92
90
280
248
280
99
217
161
160
198
282
203
195
71
232
87
262
86
30
224
82
106
23
247
186
194
91
197
151
24
274
255
248
117
242
242
243
198
256
83
157
175
267
205
102
77
65
153
271
25
216
214
101
104
115
79
233
148
92
102
35
61
115
218
167
8
101
235
178
280
257
292
160
77
100
29
100
50
55
88
217
177
172
115
102
27
153
273
287
118
88
167
189
56
23
38
175
106
266
123
33
231
278
229
43
99
140
58
47
98
171
283
42
85
93
267
5
40
58
39
251
174
284
150
32
175
156
264
97
52
1
90
147
295
243
263
68
152
188
40
234
276
13
265
166
40
298
290
22
174
272
53
285
194
159
220
173
215
250
13
271
14
276
246
252
250
92
254
20
40
242
97
53
88
234
38
157
103
298
6
97
61
161
31
116
15
236
119
169
240
233
194
55
32
3
34
292
121
92
41
293
284
111
23
69
108
163
53
284
117
163
60
102
78
247
79
243
87
101
11
239
227
37
133
67
109
161
96
266
223
197
52
52
152
79
52
295
271
106
75
37
190
75
192
244
68
136
82
11
281
127
192
35
225
41
81
168
24
147
264
110
63
101
212
142
60
10
35
217
93
55
156
289
233
73
77
153
248
165
63
81
72
285
103
70
297
171
130
77
45
205
287
181
154
289
23
82
110
196
130
120
83
244
137
183
157
88
85
68
79
237
272
183
190
151
236
152
289
17
127
44
238
131
20
195
247
175
264
191
262
129
158
111
121
228
16
169
109
152
75
282
150
67
118
169
49
162
66
227
263
38
245
98
241
59
126
120
179
165
187
275
158
81
242
177
123
218
82
1
117
281
226
160
85
242
209
244
45
88
20
168
6
5
203
208
98
121
285
61
253
139
287
267
56
113
273
115
236
275
260
79
187
204
112
245
292
24
243
140
217
252
15
87
172
12
102
239
195
255
293
110
232
153
202
18
269
204
83
257
89
54
178
77
34
82
292
101
223
273
250
148
287
110
184
162
189
97
102
290
134
241
290
79
220
76
67
127
186
299
160
52
220
153
263
219
94
30
62
252
142
118
220
224
252
151
24
75
176
123
39
123
219
259
158
216
31
195
171
183
80
184
182
243
52
188
156
243
124
150
233
189
85
271
85
240
20
105
235
88
35
275
79
184
26
138
194
113
242
134
288
97
61
149
229
21
190
60
29
164
112
128
92
277
258
30
263
193
55
134
230
160
172
268
247
147
233
204
105
244
264
149
60
135
271
162
166
4
3
254
284
208
53
116
104
102
129
165
270
208
300
215
237
164
175
167
206
52
24
53
200
22
219
257
83
14
273
29
231
59
49
247
122
170
154
82
173
13
177
234
132
272
84
279
234
232
52
108
212
106
98
60
103
171
254
135
208
285
220
59
153
210
224
248
232
219
146
259
238
43
11
20
36
272
284
177
131
43
76
132
188
203
102
203
6
220
279
83
25
134
272
293
213
141
12
43
83
246
235
242
253
151
88
295
294
122
87
266
169
252
268
17
241
124
249
135
75
164
150
124
187
20
135
104
232
231
26
216
292
209
249
16
115
285
249
235
261
213
281
2
267
211
10
1
182
15
256
121
262
100
228
279
62
298
100
82
94
91
108
244
164
13
62
53
297
15
134
41
224
92
10
147
79
216
38
59
185
125
25
140
124
263
226
231
69
214
292
181
297
258
224
39
78
51
93
163
179
129
273
85
160
182
292
183
13
103
112
133
37
102
254
89
249
64
181
187
4
209
65
268
293
198
193
16
147
3
27
286
292
213
164
263
260
32
226
264
22
111
265
101
277
170
42
273
289
205
200
36
118
210
225
14
145
214
245
209
166
216
188
298
151
33
63
101
174
284
166
168
221
224
100
92
230
88
151
196
262
39
77
288
277
129
229
226
298
58
91
145
38
2
231
129
62
65
275
26
178
286
203
35
231
78
221
103
6
129
148
244
250
95
77
25
183
17
281
243
148
233
134
285
1
209
14
104
188
287
221
67
226
287
207
298
248
258
201
218
271
136
203
47
186
149
71
214
219
234
159
292
69
152
221
201
217
199
144
59
24
2
220
120
12
161
209
90
26
123
242
260
141
177
98
104
250
115
127
34
279
117
40
239
142
219
98
104
147
76
170
149
202
124
147
265
88
103
68
151
277
255
183
264
244
233
68
168
246
69
134
78
15
270
144
156
275
256
17
19
272
274
8
188
180
86
168
251
189
9
255
25
72
213
258
153
218
92
192
128
283
257
290
175
131
122
77
88
206
164
157
106
278
63
226
297
93
117
92
174
116
39
4
257
200
50
293
235
197
38
107
169
170
45
293
68
224
28
3
123
29
156
219
64
192
300
53
197
299
173
189
13
48
125
104
260
137
42
27
242
204
243
126
280
213
242
42
181
290
80
47
149
240
41
189
198
213
213
284
199
59
25
262
224
49
192
260
165
157
29
289
26
250
210
231
165
270
279
191
131
184
218
52
3
120
18
288
38
228
59
97
152
100
183
257
226
88
237
52
38
69
135
284
273
120
261
47
19
179
208
31
284
286
147
234
115
90
156
79
202
17
286
258
192
137
165
280
157
84
149
77
146
273
296
299
25
200
222
137
159
41
207
1
290
190
291
156
198
281
191
228
70
70
147
250
294
204
145
183
146
38
205
285
102
41
30
224
170
106
5
41
83
156
150
284
237
39
84
27
187
230
127
42
32
190
264
128
175
207
154
250
187
121
240
28
60
199
35
263
116
21
193
75
152
176
103
118
53
197
151
264
283
19
66
18
60
75
105
153
95
65
275
203
39
40
187
176
290
122
15
271
107
265
36
206
39
196
191
157
228
223
268
32
254
156
71
87
78
196
296
128
207
227
97
194
133
165
49
231
164
29
252
282
185
270
111
27
194
34
158
83
196
203
103
70
236
276
62
196
161
209
123
29
224
129
101
170
121
40
253
45
54
37
222
56
108
275
296
227
280
58
248
208
257
164
199
32
30
274
190
59
247
184
278
21
229
15
237
84
191
189
194
205
262
193
99
100
67
36
70
144
22
89
259
201
99
120
267
214
78
46
244
281
145
258
32
196
298
36
205
204
185
54
288
111
240
273
121
278
87
240
222
198
72
156
253
284
173
53
234
278
185
210
85
217
145
1
200
73
52
134
146
171
184
62
280
138
87
45
250
229
14
73
264
131
188
166
234
210
221
83
123
202
139
61
30
82
10
253
93
99
46
241
236
197
208
148
141
291
280
21
266
290
171
105
145
219
263
129
17
177
15
77
188
69
126
266
289
196
22
217
76
231
219
296
161
80
225
117
155
100
213
73
131
196
198
113
70
79
45
129
121
224
173
96
247
245
32
194
61
73
18
66
146
152
222
64
180
181
135
39
160
92
168
65
261
201
7
194
44
23
174
291
137
155
270
169
172
120
183
47
94
40
271
26
247
209
212
114
292
148
152
55
62
136
126
183
100
150
155
276
38
223
50
36
277
231
207
16
3
107
259
50
157
104
226
224
73
202
106
125
11
105
239
2
203
273
219
148
184
108
107
90
147
240
38
188
292
251
262
62
297
93
143
95
217
31
5
29
162
185
262
87
57
38
13
110
296
72
126
90
283
135
25
237
65
43
295
2
176
47
275
213
260
233
19
120
261
230
232
258
238
253
43
108
27
168
132
101
297
52
30
8
73
28
191
36
108
60
261
47
233
213
119
18
176
50
27
268
62
39
177
205
187
148
135
284
224
163
235
40
141
205
80
37
71
63
176
234
31
288
21
176
101
271
110
83
225
21
48
236
162
256
106
164
96
25
225
250
79
264
21
172
142
8
22
9
111
115
137
73
297
201
268
258
222
208
12
28
143
136
110
163
264
300
296
236
116
144
17
93
6
16
89
194
224
78
133
210
18
145
63
218
192
298
71
195
264
4
115
11
133
228
206
209
164
34
255
179
58
96
82
165
39
62
291
38
149
296
48
220
138
230
244
217
16
65
60
101
188
119
282
22
80
7
206
288
258
162
26
63
256
285
63
159
91
90
74
297
279
222
56
158
228
3
216
201
182
256
47
192
79
178
195
244
260
141
248
274
29
197
180
204
187
182
83
9
109
71
147
206
267
110
57
289
159
206
63
80
131
10
136
1
157
229
9
56
41
112
281
85
287
261
161
217
221
99
30
157
152
80
43
119
297
240
25
231
165
214
190
20
103
253
8
1
252
199
258
17
100
164
103
33
2
17
282
70
229
37
53
135
65
37
52
261
167
249
17
292
168
140
282
51
217
206
164
131
293
212
3
222
62
111
81
186
259
44
261
227
289
25
245
174
38
60
224
111
283
17
277
204
75
63
263
268
187
252
282
22
23
120
231
109
19
146
286
6
215
258
84
169
17
177
261
92
13
194
107
216
264
18
296
262
168
194
90
212
265
68
159
210
31
226
245
100
203
215
288
252
52
126
299
20
208
91
66
99
285
288
151
275
6
168
41
163
298
128
110
72
125
70
6
220
51
135
64
11
15
75
122
25
234
248
211
138
88
110
205
188
96
122
277
167
131
1
93
109
126
139
174
203
281
68
241
72
36
244
236
148
142
127
188
37
130
291
59
284
98
235
134
248
19
102
14
26
126
114
185
87
245
74
254
280
256
207
16
285
137
197
81
182
267
188
65
284
259
141
281
77
42
253
55
253
202
28
48
187
264
223
209
259
201
102
27
259
40
186
293
176
65
163
12
72
218
8
62
171
216
198
20
137
25
128
230
139
157
94
278
82
94
163
101
175
138
185
226
54
47
185
113
285
70
62
248
257
108
171
195
213
39
261
164
29
72
44
108
224
279
35
193
294
172
229
83
16
157
48
119
190
21
265
272
30
276
103
67
268
111
80
171
210
203
236
282
12
233
61
167
272
174
170
17
189
240
149
231
105
113
279
9
72
155
85
39
105
204
191
205
204
175
139
222
205
57
63
49
201
185
166
263
122
135
52
42
215
223
85
24
190
277
159
46
250
113
90
200
219
194
244
282
213
238
203
78
236
98
230
161
136
38
21
289
168
283
250
262
227
131
89
224
26
126
130
43
208
185
144
286
74
118
211
36
70
5
263
97
255
123
292
123
86
36
178
105
226
233
201
19
50
120
35
104
289
95
102
53
175
182
292
297
195
253
253
270
79
291
139
259
87
251
180
123
221
83
219
104
173
288
198
112
242
108
90
117
300
225
46
23
35
55
118
176
300
1
259
93
198
235
14
25
45
177
227
34
20
104
117
99
7
211
42
250
30
8
227
34
237
158
174
223
225
190
76
93
279
49
200
66
30
53
41
71
87
241
81
207
240
76
271
187
97
23
76
4
7
100
193
100
143
221
92
29
260
100
103
76
244
215
189
266
192
146
53
124
179
288
141
170
156
50
229
160
188
69
7
121
237
62
6
258
217
244
11
260
126
32
107
132
152
73
20
244
203
101
211
25
137
225
112
55
178
217
295
196
132
9
98
132
250
187
3
195
294
248
129
122
83
89
31
149
222
245
255
238
248
122
29
154
178
91
21
179
68
181
143
85
236
266
247
217
180
205
299
154
13
269
296
136
202
38
38
143
149
293
52
101
147
149
12
109
225
21
97
185
165
276
103
43
86
264
28
216
153
204
281
253
243
220
14
139
145
219
186
286
1
283
286
119
54
215
172
148
5
109
227
112
217
68
268
185
108
237
188
249
210
17
136
43
159
115
24
96
23
261
26
133
278
172
233
148
74
188
56
210
166
131
75
81
86
158
130
53
29
165
117
139
254
129
52
266
72
81
295
108
228
129
183
164
224
40
74
8
251
71
213
139
167
215
281
4
187
32
194
2
15
264
197
133
23
144
286
297
284
281
109
250
295
144
293
279
19
40
275
97
282
22
255
163
185
18
171
119
141
277
109
221
141
213
94
138
45
29
107
43
285
247
263
147
242
26
206
143
62
202
214
287
281
171
55
150
63
294
233
184
68
105
284
81
258
216
42
10
295
237
134
257
5
49
260
67
182
10
7
214
147
173
234
188
180
217
36
123
234
205
228
32
57
29
123
163
155
232
274
41
222
268
275
268
125
37
75
297
274
268
22
196
269
194
56
172
50
196
78
210
254
266
33
296
102
221
217
286
237
47
154
73
295
164
117
89
255
17
286
152
184
142
101
79
68
171
227
155
193
98
130
229
77
205
114
53
174
177
121
93
254
31
277
38
10
120
197
284
238
271
210
38
261
179
157
235
48
142
166
271
111
55
252
84
95
52
177
188
38
294
170
112
282
145
230
279
200
211
277
158
37
42
66
256
34
288
143
225
252
123
49
205
221
233
205
167
142
186
115
147
264
39
170
21
215
268
172
28
5
294
296
147
279
174
166
181
167
25
60
200
248
20
114
112
29
135
110
49
242
229
181
197
147
278
165
255
218
263
90
86
285
248
115
25
132
137
265
239
55
150
287
218
299
76
13
294
151
29
121
297
237
271
60
13
149
158
280
253
212
256
181
176
54
267
291
156
193
66
39
58
41
159
191
54
271
26
46
218
164
152
97
262
208
5
191
83
167
238
145
7
206
162
217
53
274
154
251
212
78
65
139
61
214
248
127
34
258
257
289
63
70
56
155
85
32
99
169
88
239
217
10
283
294
144
281
221
259
18
48
248
180
128
257
247
11
230
9
295
181
131
36
78
188
63
12
165
225
7
19
243
196
46
49
250
295
216
173
151
47
112
25
80
34
172
14
165
158
131
222
236
28
289
106
228
259
211
28
123
144
157
146
109
65
214
172
170
176
293
173
34
5
158
141
235
228
60
113
236
156
10
13
246
84
257
248
82
238
267
276
66
194
147
42
74
249
162
109
33
54
206
47
192
141
191
122
234
241
234
14
183
150
59
180
166
183
265
123
111
151
23
45
237
11
257
54
247
231
248
272
238
15
248
90
252
234
168
239
298
222
100
297
16
282
186
35
145
272
231
185
93
238
56
223
86
245
265
209
23
160
210
45
8
144
159
63
207
137
200
169
215
113
152
142
300
11
152
60
86
193
104
55
61
187
199
88
75
43
24
220
194
60
162
2
23
73
277
216
150
270
141
100
205
10
233
150
143
61
131
154
27
191
32
193
94
174
70
51
143
57
201
231
247
207
254
76
298
137
91
257
266
39
240
63
233
10
152
158
147
241
22
221
170
215
115
152
160
296
110
153
10
22
11
128
61
48
283
44
109
202
146
27
3
148
256
102
87
135
151
4
290
20
109
243
248
138
62
114
58
10
289
234
54
161
153
256
97
100
140
190
130
111
46
283
105
146
278
128
263
279
56
151
44
61
68
153
38
200
80
33
230
208
295
151
245
84
223
53
58
21
236
96
276
272
220
25
47
289
271
151
133
89
40
197
150
208
225
93
220
242
237
267
198
9
263
285
164
240
141
197
244
218
210
75
114
81
172
83
229
111
207
242
170
55
258
34
175
18
87
231
167
162
255
62
55
161
134
154
116
160
60
126
148
172
89
204
159
145
24
83
6
145
289
133
176
252
205
264
126
189
24
219
247
68
11
111
81
142
197
74
162
3
78
231
70
136
157
109
251
2
36
1
106
30
271
151
290
45
254
215
231
215
282
175
135
256
101
168
227
208
67
86
253
233
233
104
166
36
271
232
267
151
176
108
243
78
33
273
95
66
244
12
197
102
34
126
14
101
3
270
141
111
240
177
285
234
138
84
180
264
50
197
23
299
25
93
209
109
237
285
11
86
69
113
225
67
23
261
178
74
74
56
137
58
97
27
63
207
153
33
156
209
66
36
96
288
152
148
197
191
194
70
1
299
205
293
105
196
28
56
155
46
250
6
121
79
166
175
256
239
198
134
149
95
50
13
168
57
161
299
80
268
31
167
255
35
284
81
176
250
217
292
37
201
94
159
132
111
114
109
3
93
261
69
116
99
81
250
17
235
2
249
64
168
126
283
59
277
271
85
184
265
182
259
289
290
228
284
27
267
58
160
220
289
25
7
279
296
247
296
214
152
170
297
57
17
26
216
217
148
259
142
29
2
240
151
247
96
60
245
261
26
111
242
274
294
5
279
208
234
93
28
157
285
206
289
181
47
19
252
214
30
267
76
139
192
86
274
24
186
227
186
59
127
186
77
175
136
160
74
213
26
239
204
44
277
266
139
162
65
164
47
165
259
195
176
224
9
209
92
258
293
71
151
10
59
300
9
192
101
260
42
13
96
127
158
264
183
43
287
7
294
107
127
83
88
164
29
123
178
89
178
185
63
13
140
25
199
190
57
79
48
48
150
66
226
270
116
250
71
67
83
112
178
293
201
255
29
174
109
57
48
181
73
28
18
207
115
108
174
300
225
131
151
292
236
142
144
46
123
66
224
50
249
212
57
201
71
103
166
128
150
260
150
107
14
98
163
112
80
68
151
40
168
252
286
258
14
40
256
23
234
22
5
236
72
30
94
292
296
204
239
272
11
186
226
71
243
26
15
121
241
138
219
204
3
231
193
78
129
255
188
261
44
47
277
181
12
44
248
179
245
281
258
99
285
109
297
270
298
297
39
51
274
100
300
223
99
133
141
84
198
218
177
125
27
228
262
172
67
4
43
119
54
147
108
228
10
11
63
256
248
62
84
279
53
295
150
246
8
62
92
242
194
127
203
5
259
122
164
57
87
225
208
168
53
192
13
206
297
275
298
172
50
299
75
55
150
268
287
176
55
241
123
77
227
213
87
49
186
112
47
16
236
68
203
35
74
272
290
110
172
134
228
294
207
68
236
199
79
213
1
96
61
234
183
10
221
251
183
228
143
220
21
27
44
8
114
277
52
148
185
146
94
18
163
40
149
103
76
237
46
276
130
295
171
59
106
14
176
19
114
27
285
246
19
232
208
155
81
143
62
139
233
238
53
181
66
144
205
72
168
40
227
202
118
56
59
130
272
12
23
84
55
285
250
298
114
105
4
261
89
128
70
144
86
187
90
107
1
139
55
176
226
293
281
93
289
203
63
86
102
153
203
217
255
210
7
77
99
155
254
170
296
138
87
273
19
23
274
223
229
70
116
197
34
231
212
38
68
232
88
27
128
181
170
266
137
259
44
23
218
92
76
50
80
41
300
284
92
285
224
14
290
207
202
78
48
80
207
255
137
83
49
185
155
84
249
214
254
209
162
256
255
176
97
155
71
283
164
208
152
97
245
139
249
43
30
96
193
258
194
268
92
171
6
299
75
239
228
31
35
296
250
185
34
75
204
249
160
43
206
5
216
172
86
41
53
68
253
4
266
8
183
76
160
18
235
96
222
227
277
198
36
149
118
298
122
182
225
288
262
282
33
115
247
287
296
250
277
179
173
104
153
28
275
277
180
25
206
300
109
89
45
49
41
54
204
62
253
178
273
264
63
286
242
30
35
176
224
64
124
132
181
167
6
188
55
95
223
7
173
8
288
273
234
289
295
293
285
272
247
83
45
217
33
165
101
47
118
282
254
199
115
268
127
226
245
253
214
144
167
299
70
57
84
298
38
113
155
180
172
298
43
131
252
198
205
37
18
202
7
189
201
180
203
215
41
143
232
38
198
48
122
222
244
300
228
275
187
295
127
99
51
213
284
178
99
206
284
75
135
155
235
119
183
118
133
50
284
299
119
122
63
152
77
287
45
94
87
148
76
232
63
184
120
124
19
209
198
83
182
96
31
181
138
157
176
174
282
77
287
145
74
9
170
106
15
110
163
62
100
60
139
141
125
71
8
272
172
268
79
153
5
202
145
205
215
81
30
230
30
95
137
113
166
191
191
82
140
24
197
281
235
170
195
24
56
190
123
289
98
38
76
182
181
194
198
5
8
39
148
150
167
171
17
23
35
37
62
296
49
240
88
268
111
93
42
250
10
235
16
85
196
285
196
100
98
209
241
55
110
204
213
300
22
240
50
298
211
289
165
63
148
187
169
151
53
158
162
26
54
64
280
172
118
170
14
197
195
84
84
20
96
126
152
254
239
55
50
111
258
44
175
236
87
198
30
45
278
188
199
18
282
113
172
274
255
51
21
84
251
52
156
33
152
278
8
106
217
80
225
140
101
211
81
136
158
229
213
248
195
74
219
290
6
233
50
37
250
157
41
1
13
103
268
27
210
169
234
23
268
212
207
300
279
94
28
30
202
102
10
300
149
58
201
274
102
238
42
241
280
223
37
259
158
249
168
3
267
150
252
45
39
71
238
143
56
230
66
184
56
246
242
100
202
277
181
94
79
246
59
19
252
158
95
256
72
198
143
163
50
39
103
263
182
33
227
147
217
104
123
128
43
234
143
64
136
65
297
272
287
175
30
171
69
120
147
188
247
76
30
262
202
30
3
86
294
215
135
294
74
286
227
37
78
285
193
107
278
224
184
148
202
123
44
226
192
235
144
43
1
289
279
231
151
234
226
237
148
51
44
20
193
253
9
176
131
95
125
218
208
221
43
124
297
172
39
119
212
162
299
206
37
276
154
192
137
184
149
228
207
75
231
78
76
199
42
174
100
9
218
98
168
25
118
144
283
273
37
152
89
176
96
234
198
93
12
227
216
259
188
169
112
183
147
251
298
223
217
69
110
132
298
256
117
237
201
52
206
291
242
150
22
272
79
221
177
104
140
298
127
189
281
94
104
184
140
283
193
77
49
67
181
108
107
35
285
116
203
247
185
109
110
91
121
292
177
8
232
246
155
112
170
56
115
200
60
23
236
68
103
193
118
84
170
277
252
210
242
118
188
75
184
41
227
229
34
148
292
281
296
190
253
134
97
139
13
5
136
298
195
109
93
112
41
161
131
49
229
59
52
141
92
149
218
195
69
4
54
280
95
110
163
214
280
59
51
120
223
286
39
14
159
253
114
198
213
153
191
118
185
14
114
260
207
82
256
201
102
41
74
283
116
106
5
241
212
149
224
111
90
83
139
231
