6626
61
257
23
250
249
91
70
88
296
204
225
217
100
284
105
242
219
72
26
200
255
17
224
23
84
37
28
271
111
166
233
248
221
46
130
133
76
290
48
56
90
228
98
291
255
191
62
238
151
267
19
280
264
155
299
264
98
115
171
77
10
121
182
171
37
299
240
31
95
105
191
178
149
258
257
236
68
182
298
204
194
209
212
196
15
72
247
105
256
157
246
47
71
300
35
17
73
33
195
173
130
29
46
205
151
290
271
23
292
139
262
94
102
122
250
109
26
278
165
213
145
104
207
1
28
6
83
264
49
163
13
84
245
165
86
89
182
210
10
53
190
73
1
252
231
259
63
251
8
297
154
26
280
206
216
171
137
229
207
224
82
16
238
82
55
150
178
136
210
213
12
203
68
11
84
163
76
133
41
37
40
267
128
171
123
156
17
207
181
75
89
261
134
13
178
142
174
223
130
220
89
152
26
179
162
245
252
267
227
281
170
257
81
269
243
50
165
87
60
119
111
233
148
281
4
244
209
242
174
199
294
42
291
4
28
237
47
201
250
275
190
118
219
180
254
154
83
171
205
279
37
244
105
297
90
290
182
258
151
142
244
265
171
134
208
285
140
120
31
252
193
119
107
12
212
190
2
223
95
19
201
290
173
292
52
134
96
289
176
229
15
241
252
257
35
86
207
119
2
247
157
85
72
234
218
174
187
31
20
20
232
141
298
251
215
192
115
241
299
257
187
140
40
120
256
244
207
65
112
88
196
257
87
228
160
192
151
196
198
60
208
252
295
76
285
200
35
273
278
217
127
230
297
16
30
185
231
172
93
124
265
82
17
133
195
105
283
158
24
239
18
235
35
162
287
16
139
149
300
258
149
20
69
77
54
207
112
272
278
125
109
59
206
104
127
55
41
47
222
12
1
251
25
155
102
230
61
236
210
105
187
37
186
208
136
124
228
196
78
69
265
11
125
160
80
289
21
153
26
31
293
11
216
47
121
70
47
32
83
263
248
260
22
269
293
138
38
300
54
122
226
231
40
66
160
111
73
109
130
265
264
194
100
192
74
228
180
28
2
295
127
186
176
113
193
277
204
294
100
207
295
167
119
249
253
227
132
196
21
14
255
158
166
212
74
59
138
192
203
70
186
14
209
55
209
285
136
246
261
116
21
78
30
46
144
1
35
225
239
212
154
69
76
260
215
86
131
74
167
240
280
130
74
50
103
95
70
31
63
245
43
223
255
95
246
49
229
237
23
25
114
91
291
107
141
281
90
298
194
79
163
196
210
31
67
215
11
202
23
214
35
249
294
126
210
120
85
152
12
277
140
10
9
286
279
185
259
124
229
116
203
164
88
60
171
273
260
199
280
279
98
88
280
63
187
126
31
227
155
112
207
78
236
171
207
86
27
166
59
261
58
239
281
61
249
275
122
38
67
175
128
68
144
221
246
76
300
207
240
123
290
100
134
24
21
260
14
72
57
126
272
293
50
103
153
202
222
143
79
282
167
68
203
52
2
153
7
2
161
106
82
2
77
53
122
123
179
194
161
256
263
155
277
259
68
207
90
254
23
203
111
61
297
170
141
23
200
206
151
298
290
139
282
182
242
240
201
200
192
294
157
71
233
207
199
193
71
192
8
257
282
81
283
76
298
285
84
142
57
204
163
201
182
298
268
77
283
195
108
261
178
109
267
278
249
32
183
101
97
45
158
137
136
201
246
81
99
152
113
298
43
99
286
260
14
77
176
80
197
128
289
273
212
30
273
251
265
156
292
204
201
75
96
221
258
2
242
123
294
13
75
108
179
126
295
47
3
54
123
23
112
50
98
78
59
95
282
196
26
150
19
111
9
129
157
32
52
51
76
145
96
118
287
266
110
250
19
266
59
165
149
258
157
297
147
278
126
88
139
9
160
198
214
144
86
156
234
113
229
193
151
217
258
20
101
126
74
232
59
101
95
7
146
145
203
201
263
186
144
273
122
172
146
24
15
191
33
223
240
210
89
207
166
201
119
100
37
42
229
222
41
272
228
285
248
266
299
179
62
182
89
201
190
2
151
30
138
285
257
85
26
160
275
25
90
29
8
61
74
162
177
54
26
265
258
121
291
94
136
271
5
174
274
185
30
220
78
79
186
239
292
169
93
78
22
78
148
92
160
167
63
218
134
114
78
94
229
65
206
48
252
217
87
258
112
83
168
87
291
239
130
235
148
282
20
80
205
194
57
102
175
193
126
186
249
170
218
42
36
102
78
172
33
14
109
30
198
119
77
107
54
237
98
253
182
168
293
164
138
171
194
235
124
268
158
187
66
82
20
214
142
147
79
157
215
214
190
71
236
280
279
75
11
206
298
125
153
270
273
254
180
43
63
60
263
163
137
3
237
280
53
22
92
296
82
289
12
293
79
279
109
247
201
63
249
296
181
42
52
84
17
177
89
188
274
56
52
99
118
215
163
79
242
66
298
58
276
155
244
50
266
264
32
294
184
36
50
91
259
289
299
6
270
183
243
216
184
232
1
199
107
121
130
164
281
237
233
261
205
32
118
294
202
187
233
183
37
156
119
158
26
231
239
123
9
3
275
40
104
290
246
188
68
24
131
140
270
173
257
285
221
95
173
217
108
267
50
82
25
82
103
197
181
248
261
84
171
223
260
285
73
1
202
180
73
2
181
42
167
125
292
140
57
157
62
1
228
238
112
142
6
140
55
111
281
81
167
66
235
153
83
64
208
137
4
224
94
253
3
61
266
58
22
42
89
207
68
125
177
62
102
34
254
2
182
153
67
217
185
126
264
87
4
257
226
69
144
29
297
265
259
284
263
295
20
189
285
140
268
229
119
75
198
44
108
252
223
204
190
146
24
197
241
271
37
176
112
157
294
233
84
70
96
9
203
169
71
58
3
283
220
148
50
189
5
136
162
174
64
280
256
261
36
162
47
21
155
73
295
145
122
14
14
158
224
258
97
77
1
166
10
67
195
44
154
300
11
32
115
297
250
192
208
192
72
63
64
261
179
191
148
241
61
193
150
60
3
113
143
187
34
123
169
196
131
205
136
289
151
278
216
236
296
95
294
181
174
6
87
174
6
257
106
16
147
128
14
79
8
170
153
270
39
138
236
158
103
76
96
103
296
143
79
187
110
131
17
209
253
261
183
232
140
144
121
103
166
295
299
62
271
87
20
15
30
95
205
231
270
160
128
273
138
253
154
250
104
237
77
22
255
250
153
43
84
98
242
169
160
199
83
169
118
271
37
56
114
34
287
57
22
8
216
9
91
100
214
15
217
252
154
191
162
206
133
283
131
242
294
84
141
295
191
62
90
36
212
173
258
57
113
204
209
215
299
227
284
157
192
212
59
206
242
24
215
288
220
197
234
8
153
63
268
41
44
204
88
241
89
28
40
283
270
55
260
204
111
136
88
208
91
49
84
32
9
28
12
115
166
217
54
238
183
160
15
222
204
104
193
161
66
27
177
232
25
233
84
295
197
49
219
136
82
7
164
209
12
281
195
130
269
149
245
126
280
249
11
165
292
145
217
146
157
126
137
131
172
270
139
250
211
283
46
178
207
204
103
95
74
156
50
132
114
243
159
291
7
262
296
161
219
119
210
82
287
166
62
25
93
87
22
115
192
237
142
268
188
151
64
137
288
165
113
115
273
242
272
215
39
158
84
278
51
38
288
139
40
36
134
72
72
64
68
216
89
74
53
189
257
149
178
109
204
47
168
177
186
93
151
157
136
224
92
74
290
248
8
207
41
278
104
12
153
261
10
108
239
36
214
149
164
110
236
80
220
70
224
284
204
229
1
253
230
277
110
180
208
169
11
92
80
233
272
292
229
85
154
1
97
300
190
258
193
260
42
80
27
194
106
35
193
208
247
92
169
234
277
222
240
91
284
211
121
133
288
288
271
110
15
259
136
130
244
144
170
183
41
203
83
49
93
102
131
144
199
2
159
277
142
44
56
188
127
235
294
80
189
60
254
165
258
109
72
114
55
207
93
285
203
15
279
201
7
215
169
145
283
43
197
168
123
53
25
250
251
131
48
71
211
70
37
34
34
73
277
250
288
8
172
295
158
131
168
265
165
294
90
252
174
180
97
225
52
85
167
32
43
293
127
98
79
130
177
202
16
36
210
189
280
266
44
49
181
5
220
77
158
149
218
300
226
223
7
25
54
205
267
28
11
57
164
231
6
257
141
69
187
220
49
163
277
136
142
59
38
82
84
133
192
294
142
83
31
214
210
92
164
275
81
19
49
39
160
87
9
167
84
138
262
39
161
270
183
182
91
169
239
53
192
2
119
64
146
4
181
110
218
126
144
131
96
89
53
204
176
65
62
150
218
105
20
92
162
253
249
210
162
280
41
45
157
172
228
43
213
159
162
285
25
296
294
60
160
265
53
171
163
268
229
134
188
114
256
280
23
58
294
30
152
162
31
113
181
186
96
186
166
33
146
100
234
91
18
53
240
35
223
225
111
108
74
35
158
38
193
268
259
123
108
237
156
288
21
186
6
227
109
94
86
202
143
36
106
106
1
196
103
41
33
57
194
61
7
118
83
276
131
108
96
130
2
267
16
269
72
65
285
177
53
133
8
108
214
118
201
43
145
54
89
182
61
8
23
15
282
157
99
140
94
149
198
290
40
177
54
67
34
237
125
195
198
47
277
56
253
110
77
171
42
17
187
133
83
77
1
271
55
259
69
136
36
286
126
117
287
184
288
145
14
9
239
298
126
244
224
64
287
195
275
157
259
276
296
59
286
75
10
188
245
289
238
155
122
160
210
86
7
131
57
164
19
190
21
208
108
158
110
183
159
284
105
4
180
230
130
75
70
290
288
27
134
78
38
175
136
164
242
203
180
132
132
227
189
192
207
142
48
74
260
136
5
247
23
206
280
293
57
118
268
195
93
241
195
284
46
65
143
36
146
299
202
193
188
274
80
218
60
153
39
2
51
99
123
115
12
251
80
24
72
171
64
207
234
146
97
180
193
178
192
209
297
256
1
114
122
95
10
69
230
204
29
168
191
252
240
42
82
228
153
181
128
147
172
241
238
53
124
190
212
270
62
277
114
145
193
136
177
248
28
44
51
101
118
279
259
131
31
190
173
266
214
245
297
260
182
56
55
187
19
212
200
245
256
59
282
101
250
234
130
39
69
258
49
278
204
268
13
202
171
68
211
42
277
147
194
111
153
30
129
115
189
54
264
199
202
39
249
273
23
61
244
99
102
64
82
247
126
261
278
282
287
260
150
245
66
3
179
38
108
173
272
175
202
188
147
170
210
75
96
197
59
250
59
247
212
94
36
6
252
289
61
239
168
218
232
286
256
229
288
257
38
243
26
157
223
15
42
242
278
107
241
121
197
53
204
89
83
136
271
22
127
6
212
18
23
211
228
139
61
280
107
74
47
116
87
269
22
253
207
84
133
237
277
286
169
292
117
95
62
10
119
30
89
21
247
13
273
222
161
264
153
174
285
86
150
214
286
148
151
171
169
161
1
156
165
232
113
205
78
159
266
278
77
291
193
50
83
21
77
258
42
211
8
98
180
181
28
16
70
172
257
66
247
164
85
118
284
77
171
65
273
202
291
104
37
167
47
134
98
56
55
156
193
80
150
90
251
243
133
268
202
296
278
34
300
59
121
248
28
97
57
211
166
265
129
178
168
300
48
144
10
65
28
217
299
125
82
178
60
14
118
200
296
132
15
142
132
48
294
50
244
21
161
104
253
196
248
164
214
132
145
197
172
194
101
221
231
22
28
288
236
78
235
83
38
213
73
48
177
33
228
189
272
24
293
146
249
146
73
24
255
265
6
233
59
34
265
114
261
172
110
195
291
41
232
275
163
255
18
269
56
300
202
143
124
233
133
109
176
192
188
100
119
89
261
185
33
237
149
51
209
46
41
103
242
147
240
185
155
212
111
63
231
222
3
216
91
125
90
196
248
23
49
133
83
218
132
145
98
10
67
209
150
156
36
62
44
121
250
190
256
128
255
51
263
83
18
160
82
188
102
40
53
127
271
132
122
186
11
179
183
125
224
147
4
91
58
200
295
276
197
240
52
149
166
11
145
34
186
235
32
174
220
79
245
26
87
218
272
152
251
253
8
77
297
203
134
32
41
72
154
100
51
24
141
13
6
153
17
263
117
226
280
281
26
24
30
20
259
21
91
168
201
100
25
237
132
288
289
103
125
11
69
189
236
53
116
191
17
215
247
242
167
272
27
15
57
284
95
141
127
146
9
195
73
159
230
50
116
185
298
206
106
141
179
172
128
26
192
95
241
39
141
47
199
134
50
259
151
168
114
107
198
207
283
10
214
216
176
203
53
193
267
208
217
71
45
52
49
84
287
61
112
299
190
97
226
18
268
118
152
196
197
290
82
292
160
258
207
6
123
254
44
73
260
12
107
103
230
107
176
170
30
236
184
156
226
88
80
211
297
180
3
146
189
276
290
273
276
293
266
265
246
202
198
278
106
194
53
13
53
118
167
221
65
25
242
62
6
137
143
127
63
190
254
29
145
59
158
124
59
157
211
155
223
25
233
192
64
101
4
145
122
259
44
276
269
24
3
161
295
236
230
28
9
291
42
258
284
286
48
286
256
192
92
82
78
170
107
160
110
138
27
249
23
84
52
219
163
172
101
35
137
104
60
99
208
124
61
126
214
159
144
166
89
224
57
165
128
153
1
259
255
273
225
180
95
236
198
25
190
25
277
64
19
90
65
288
202
112
116
121
101
179
23
102
101
88
100
166
111
17
164
45
102
37
205
140
53
84
202
285
107
254
88
281
270
83
239
68
253
168
275
60
256
195
300
238
2
88
163
104
71
262
188
245
228
293
239
207
114
97
122
186
281
282
183
211
19
41
213
154
17
140
135
282
68
44
283
87
93
143
146
151
172
125
299
35
11
185
188
103
181
215
4
131
209
226
58
48
32
114
4
78
235
88
28
99
263
193
257
287
72
143
244
3
15
39
246
84
181
218
23
131
22
248
273
148
168
69
254
235
144
106
99
160
257
268
188
177
203
149
8
180
215
85
90
57
283
5
161
145
170
48
138
229
270
35
259
146
126
94
286
54
179
295
204
103
106
16
214
112
222
237
89
166
4
125
276
31
64
135
267
144
246
178
207
52
98
226
229
245
23
278
238
43
153
163
70
177
207
163
255
61
111
279
208
300
135
142
135
122
77
220
42
103
173
141
52
9
15
27
266
98
224
56
62
207
232
32
127
284
277
170
165
202
12
298
68
300
176
258
116
74
136
176
122
90
56
115
293
110
192
79
37
244
228
271
179
249
158
141
101
2
116
95
272
185
91
127
181
296
28
92
231
9
175
37
42
149
55
5
86
193
253
94
49
293
91
16
53
110
72
242
153
79
77
42
111
78
144
93
230
80
219
207
175
225
114
94
19
30
176
75
52
7
179
26
286
72
163
129
33
212
5
146
15
77
41
158
221
300
230
71
88
287
202
46
178
48
163
283
3
188
233
241
21
163
244
66
160
135
184
38
92
140
3
183
192
63
240
275
76
168
99
220
91
92
175
150
232
52
190
35
263
125
107
24
172
268
231
237
114
262
162
34
151
107
177
64
64
208
133
25
72
241
58
220
11
171
262
268
72
18
82
231
96
230
52
144
263
17
271
70
202
38
119
257
71
146
42
10
114
135
183
259
87
221
273
234
237
236
11
136
232
61
46
300
158
219
245
198
206
31
34
100
142
8
169
169
221
86
293
200
147
155
274
17
121
98
149
95
69
174
42
53
220
221
27
177
62
114
124
25
167
175
41
216
167
52
69
224
265
15
53
143
170
11
108
22
92
112
293
244
104
82
111
121
235
143
152
290
80
234
12
77
111
271
90
14
278
133
54
16
286
216
151
7
16
113
117
166
46
20
85
26
287
68
137
274
275
132
255
134
247
190
132
200
189
184
289
115
84
29
41
274
85
282
286
288
23
243
140
129
245
231
5
122
133
277
240
72
69
281
107
146
272
200
156
210
208
193
159
112
154
94
200
238
99
185
78
211
63
175
193
273
215
1
153
20
8
281
171
279
28
55
179
63
134
32
201
197
66
264
46
253
86
256
6
188
6
281
116
34
43
193
295
85
137
67
239
283
50
83
26
201
8
208
129
270
162
292
66
274
269
149
252
233
67
282
52
291
92
110
176
243
153
5
241
86
183
281
203
271
158
178
244
179
264
17
237
245
91
167
69
52
12
103
177
36
86
166
232
153
139
244
80
244
204
217
162
180
95
161
55
124
121
91
205
216
205
44
134
139
37
53
292
131
261
103
69
299
118
3
274
34
34
279
177
64
263
173
66
16
81
134
298
253
230
154
297
299
14
82
250
20
180
42
271
185
191
177
201
215
115
198
230
5
229
75
139
62
134
122
208
5
68
210
232
4
62
144
183
112
287
235
165
102
229
185
297
266
131
283
142
295
43
213
121
186
63
192
195
67
2
31
255
176
248
269
93
98
2
36
223
39
284
205
238
239
259
146
147
70
103
14
173
176
162
40
32
165
132
283
163
287
121
234
175
244
131
6
144
15
232
10
142
248
201
295
45
158
235
81
31
110
95
33
14
141
294
257
185
206
223
233
90
247
58
221
278
208
148
236
242
295
156
172
105
96
192
9
108
115
62
49
6
233
231
19
110
270
270
233
115
182
82
121
171
48
147
210
109
132
178
250
72
83
171
38
1
58
279
188
175
180
225
269
99
21
131
112
74
185
202
235
94
298
223
25
286
6
291
139
53
142
221
169
198
63
230
81
261
3
59
275
109
128
70
186
15
177
292
182
200
156
196
1
62
106
103
1
4
106
255
277
106
17
283
90
87
31
72
197
188
85
194
7
85
257
213
86
171
258
244
215
5
281
30
259
263
53
116
116
1
89
56
295
207
114
110
171
53
18
151
172
95
54
118
215
149
165
244
252
128
260
81
232
297
267
45
258
188
52
228
95
233
29
7
167
165
86
74
102
12
87
145
4
227
64
270
274
67
299
197
257
14
189
36
189
128
29
118
243
243
189
155
159
228
102
274
36
202
118
175
109
193
276
3
230
265
14
226
246
75
137
240
165
261
286
165
212
244
274
51
277
283
46
45
217
257
74
283
209
172
35
26
282
134
206
165
172
22
134
64
101
10
89
61
206
184
247
164
145
176
26
29
210
115
47
254
228
192
156
122
237
84
163
60
227
217
16
76
106
48
5
43
142
165
175
153
16
293
31
255
111
225
23
288
255
43
278
121
235
22
162
36
247
140
85
93
246
282
282
117
115
295
177
298
209
234
214
50
28
228
75
151
200
185
84
167
249
10
3
114
74
263
178
43
213
247
168
188
170
99
70
174
87
283
159
60
219
194
35
87
288
203
84
177
69
164
134
146
222
211
62
119
184
201
153
107
233
243
81
125
199
71
88
50
187
85
29
57
190
69
51
189
176
3
54
273
103
37
279
135
274
225
65
73
89
82
226
204
139
123
131
137
244
53
140
141
120
106
209
142
75
234
198
272
69
74
139
80
289
158
112
27
100
112
148
20
95
206
205
57
102
44
66
102
123
174
89
66
135
246
208
174
41
27
82
34
192
217
7
18
142
238
169
211
197
287
296
258
241
233
148
131
240
10
6
292
82
186
21
24
26
275
98
16
93
62
209
12
190
266
91
66
91
26
184
6
290
75
262
126
266
75
239
128
98
217
183
179
93
81
3
107
160
241
26
115
184
290
162
231
193
47
20
110
204
29
226
295
57
288
125
152
75
198
73
42
95
289
65
69
31
217
280
142
135
178
265
72
71
241
35
66
243
295
7
162
117
101
45
153
106
101
82
156
58
195
126
295
115
238
83
94
36
107
234
293
297
122
14
39
209
163
25
214
80
295
6
190
159
290
237
86
10
56
290
177
110
157
245
156
29
184
189
87
135
79
141
247
239
120
114
167
138
251
288
68
189
216
55
144
140
173
114
200
261
269
4
42
99
118
103
286
225
107
78
162
81
194
22
297
195
118
252
222
168
138
80
135
194
215
264
37
252
61
77
126
294
11
83
246
182
250
140
228
277
185
155
135
121
198
94
1
221
45
44
262
86
59
86
180
282
160
224
74
157
30
214
126
151
259
299
51
95
155
297
203
243
252
279
118
126
202
116
91
253
65
53
256
186
255
154
166
71
63
115
110
55
10
121
196
224
283
44
106
250
297
74
76
14
207
46
106
192
291
225
283
211
192
117
14
234
208
244
68
86
79
40
7
239
36
18
75
36
272
37
134
74
290
234
265
228
85
240
194
283
189
111
163
239
55
167
243
254
181
16
290
243
6
202
298
124
55
220
127
58
36
106
168
100
267
55
50
84
60
3
163
205
274
116
189
281
70
65
75
227
278
67
197
84
47
127
144
195
33
280
153
260
219
207
68
101
209
256
185
99
14
23
40
217
148
300
177
22
56
122
92
263
208
258
26
239
175
221
199
138
130
155
233
1
252
299
144
123
86
141
268
232
261
197
295
209
142
217
90
182
198
280
9
9
160
298
244
146
199
24
107
248
292
40
219
270
82
208
288
248
229
67
254
236
287
199
131
282
279
234
250
92
109
162
27
268
212
262
133
30
70
73
215
72
252
229
135
271
102
165
56
93
162
29
127
221
242
145
36
73
297
123
35
93
156
195
207
10
129
103
293
96
141
86
135
52
157
87
125
41
68
190
147
96
50
32
181
153
210
238
267
31
178
177
296
7
24
174
10
198
265
77
235
11
280
128
239
187
288
97
244
14
109
139
248
201
150
93
5
299
167
270
237
168
170
199
40
240
34
170
206
175
37
70
147
166
49
74
254
179
45
178
102
9
161
47
234
278
177
276
182
251
81
45
151
129
100
4
101
247
237
278
262
38
106
115
151
146
281
116
252
81
169
104
60
243
8
60
51
169
69
25
89
73
259
206
128
240
256
208
230
27
188
31
159
154
191
26
245
107
34
192
205
168
7
289
166
282
58
54
140
231
95
262
11
234
270
284
225
158
258
219
282
285
52
254
42
110
74
1
63
210
75
151
184
84
149
31
196
146
127
292
113
226
210
196
43
21
154
134
197
167
54
207
137
90
172
288
228
181
76
293
177
287
86
6
279
2
131
292
158
54
169
4
256
165
30
177
262
271
69
132
120
150
186
140
156
270
241
126
45
44
272
170
208
136
178
177
148
234
278
175
80
61
294
263
87
104
5
221
100
240
177
286
248
110
80
109
274
209
273
79
22
252
238
242
29
288
18
131
5
93
174
87
3
127
121
38
100
119
215
83
215
22
14
166
178
120
223
261
175
203
165
166
181
204
99
213
125
149
218
64
297
65
139
152
58
43
259
34
254
102
121
208
157
64
224
97
60
184
297
47
174
184
280
229
131
2
174
107
129
223
288
113
263
218
71
152
71
270
121
44
134
12
111
133
19
168
41
39
256
218
124
259
55
293
141
67
251
235
60
38
197
35
232
228
77
147
29
273
215
52
68
217
155
116
142
80
205
275
250
66
199
218
231
33
266
181
119
50
146
226
214
139
42
238
174
227
33
16
230
70
17
237
182
234
117
26
90
145
216
73
196
90
165
91
139
270
259
297
39
273
68
129
195
49
17
208
137
190
49
298
271
187
203
267
295
95
89
276
247
101
93
114
100
25
115
32
116
25
139
114
71
146
273
187
278
33
205
49
79
278
167
188
9
162
214
206
48
22
131
126
104
166
276
258
50
87
222
67
124
169
109
170
214
244
251
259
256
146
19
37
126
208
119
253
299
228
273
13
252
219
238
219
40
95
210
56
267
94
162
228
13
80
238
259
116
23
12
168
120
100
235
33
205
203
206
22
31
63
59
176
132
108
24
254
30
87
219
159
253
46
188
223
4
269
283
54
173
13
78
148
256
180
90
13
79
145
213
54
264
283
212
170
72
164
152
280
268
285
101
17
90
224
57
160
189
13
286
47
90
166
158
205
286
193
258
61
186
65
99
167
140
278
51
234
216
38
86
201
187
188
212
134
87
2
97
26
50
209
108
15
54
241
11
140
73
174
102
199
148
289
117
219
132
49
280
136
214
74
187
297
73
134
261
130
255
24
283
158
13
289
299
267
183
141
178
239
274
116
51
53
299
180
219
267
14
161
125
265
232
27
41
102
96
299
131
250
46
176
207
88
251
11
295
85
125
108
51
122
251
51
151
28
220
63
269
149
164
153
181
228
186
224
51
134
141
248
163
80
89
95
293
169
51
45
213
120
34
162
120
129
120
76
252
234
240
46
290
112
171
14
169
19
226
15
215
130
41
229
158
61
221
286
106
204
67
18
112
160
113
170
150
265
76
286
81
294
206
234
248
183
88
37
128
36
293
255
124
45
253
37
27
193
57
96
118
268
169
80
124
197
182
125
73
83
218
170
15
70
134
103
175
189
295
185
179
215
211
280
235
231
179
234
39
8
206
211
46
209
121
26
296
165
12
44
61
198
254
140
31
97
34
184
130
89
153
273
295
44
150
175
110
181
90
196
164
55
170
124
279
109
262
282
202
300
113
189
42
180
86
147
253
52
263
118
243
131
103
84
127
152
25
160
259
116
24
85
232
71
185
84
182
179
92
251
101
135
258
102
85
68
3
32
81
154
61
26
146
20
255
209
291
167
140
238
295
12
256
129
123
2
180
184
8
292
139
284
101
187
28
237
116
217
7
127
297
297
181
56
272
83
129
242
20
23
44
182
219
209
232
99
190
289
232
145
143
8
256
44
178
120
284
100
276
272
146
14
129
115
272
114
225
150
141
127
218
279
95
12
123
52
283
48
271
93
200
74
211
186
204
286
90
11
74
300
181
283
56
20
154
179
4
160
66
180
213
119
114
282
290
176
118
151
199
222
28
292
277
72
295
43
150
33
262
38
153
263
54
262
258
228
259
2
188
238
136
80
3
286
106
116
70
257
268
206
158
232
98
22
280
289
98
17
217
129
257
221
144
195
155
16
171
230
116
17
151
18
41
231
93
143
77
232
222
60
79
104
177
276
162
244
16
294
36
290
257
52
23
283
252
6
153
198
286
32
300
175
165
285
120
42
217
251
171
276
128
182
163
181
222
260
122
13
258
139
34
198
152
197
63
61
91
169
239
258
28
247
180
213
173
272
65
86
230
151
162
247
3
293
7
151
98
243
5
218
39
80
187
59
133
296
111
166
258
70
199
258
149
250
43
233
81
217
279
184
155
168
101
53
273
194
194
206
79
72
18
11
24
48
204
188
10
111
182
34
221
13
136
133
42
141
68
263
284
29
190
150
13
202
241
29
33
243
107
234
77
293
294
2
106
75
238
297
51
11
274
93
218
49
185
143
106
275
56
221
208
226
203
257
250
176
34
286
237
84
41
260
300
5
265
187
261
10
234
299
191
60
133
170
163
270
218
96
179
109
9
73
83
160
38
176
295
277
69
216
180
272
97
251
196
258
1
223
61
224
177
253
239
66
109
114
87
59
205
174
109
132
266
74
200
275
87
195
268
50
135
247
125
177
157
12
44
69
294
256
285
189
151
61
130
122
112
233
130
145
87
152
240
142
158
64
54
83
2
257
58
259
62
283
72
150
49
91
102
7
111
158
29
26
26
104
241
277
45
177
206
2
44
99
67
237
57
215
266
58
77
74
12
191
203
207
117
112
37
149
193
79
100
37
147
288
253
243
58
25
166
295
48
179
215
253
274
74
105
131
269
142
203
233
192
169
147
274
211
232
256
14
300
127
1
87
160
229
78
36
141
20
182
294
88
85
272
264
87
90
236
268
95
63
228
250
164
48
92
144
149
74
131
100
138
293
240
299
121
248
214
244
243
151
128
126
155
114
50
42
256
275
279
222
52
225
79
13
195
243
24
134
16
68
49
277
65
191
160
64
19
230
130
122
201
49
264
53
132
192
78
88
26
91
81
272
193
104
54
300
159
61
280
211
100
129
47
256
231
128
231
103
58
290
85
286
100
105
44
168
223
209
267
287
140
241
153
9
289
4
259
74
216
278
251
186
155
2
167
270
60
151
275
199
49
191
194
70
181
143
129
115
122
98
250
192
28
122
228
20
290
66
118
280
19
29
118
235
272
109
192
238
149
47
285
212
254
279
43
238
62
164
129
190
104
151
81
58
134
238
293
195
297
121
244
48
27
147
191
167
69
135
275
256
292
25
252
186
189
76
286
181
51
199
73
254
58
37
114
151
158
75
117
290
142
214
14
252
261
58
213
263
248
3
205
220
144
283
179
72
292
244
71
85
99
4
235
291
151
289
3
185
177
214
297
146
173
258
154
299
7
222
190
106
259
27
77
112
4
84
180
184
68
279
105
300
177
273
131
281
128
198
154
288
97
108
50
218
163
2
22
193
180
234
229
241
242
225
97
128
229
103
212
217
185
175
299
251
145
37
96
266
289
265
6
205
97
97
177
81
166
7
267
246
277
151
287
254
46
63
164
277
290
168
233
155
148
272
81
202
257
286
198
76
28
90
287
169
152
54
208
201
34
243
249
100
180
78
56
97
153
69
153
156
117
45
283
299
182
96
134
16
225
160
45
283
11
195
195
188
236
96
113
133
8
1
243
131
12
33
181
106
69
221
223
230
184
83
152
74
139
222
189
122
109
72
24
262
283
114
122
227
20
168
125
7
238
250
55
171
160
231
26
289
204
281
222
225
285
31
186
297
231
63
106
196
151
37
86
66
162
247
50
104
267
126
152
121
261
187
272
189
25
125
195
64
221
271
223
151
216
56
170
49
97
254
41
116
163
218
6
145
178
174
261
270
89
86
194
47
164
226
278
94
75
127
151
118
91
71
252
293
255
201
280
68
216
246
59
251
205
276
173
80
269
184
26
264
230
179
245
185
190
183
207
105
261
146
12
225
150
193
66
251
84
57
176
42
68
242
294
211
271
36
27
167
64
58
211
59
220
225
147
94
160
67
266
58
7
298
290
270
41
282
65
265
167
268
186
238
