6604
64
144
129
294
263
132
255
96
185
216
231
233
131
118
190
288
255
164
32
182
118
189
132
264
230
286
61
297
168
203
105
239
217
277
256
288
149
282
115
39
97
59
11
203
139
4
215
122
72
255
64
248
294
167
199
252
19
36
295
76
300
285
258
7
33
61
174
279
180
59
103
226
160
197
192
287
269
254
8
41
236
206
217
275
100
27
7
276
52
72
131
9
44
153
184
65
38
135
258
181
187
70
125
168
250
99
83
105
56
218
90
108
46
218
150
220
226
225
250
153
72
86
154
3
175
137
129
276
204
44
210
196
90
73
93
119
145
296
276
10
260
248
257
83
104
203
283
43
33
59
236
43
89
217
241
235
98
105
123
205
67
151
259
199
214
125
257
279
125
261
170
152
60
54
12
209
17
222
154
216
90
42
102
167
60
70
286
157
247
284
69
110
54
216
98
235
89
259
148
212
160
42
211
16
170
78
289
72
231
170
128
232
175
231
104
177
300
233
51
290
264
121
279
212
246
11
17
126
25
28
37
5
149
204
249
252
125
153
6
172
285
187
113
58
80
15
253
59
17
62
43
199
167
13
65
244
186
298
175
271
115
166
95
289
139
284
173
166
223
140
105
160
290
6
151
228
92
67
300
98
45
238
200
135
231
193
174
168
136
8
24
238
89
92
271
227
47
2
26
15
57
272
171
197
218
39
212
184
252
84
88
84
107
128
158
89
188
4
30
194
16
99
198
293
254
116
17
54
93
184
280
72
58
235
267
129
129
21
183
1
274
261
198
276
261
285
71
269
2
115
142
273
266
143
118
21
66
198
175
201
289
76
295
91
119
47
61
170
50
187
260
219
131
273
293
99
120
204
244
3
223
274
61
280
97
75
198
211
254
288
132
227
277
163
117
279
247
2
207
269
286
281
272
184
228
206
119
245
36
294
11
190
50
13
295
123
155
73
253
63
49
37
73
107
11
57
3
228
175
141
259
118
90
143
279
54
77
144
251
178
142
214
3
87
126
76
53
42
75
98
282
252
204
131
138
11
282
223
17
100
99
111
122
31
94
70
255
161
181
123
164
10
244
45
190
170
272
175
101
119
247
4
74
146
110
280
57
211
118
132
255
124
257
163
153
243
100
57
150
224
212
208
79
40
235
55
11
100
196
51
239
171
73
215
202
117
269
284
260
197
232
171
65
249
136
67
182
27
197
246
95
248
209
36
229
273
225
225
146
120
151
197
288
107
194
145
149
172
228
270
56
143
4
194
59
187
223
104
56
271
199
96
164
7
94
230
162
240
254
236
88
238
264
98
183
210
294
154
291
143
178
203
240
188
69
51
297
261
215
63
97
7
165
285
288
81
242
244
181
290
175
91
259
42
87
275
206
101
229
223
224
37
191
123
154
10
169
3
221
260
241
98
155
74
178
130
77
213
25
143
23
75
290
223
97
296
118
77
146
228
88
236
122
120
238
271
79
114
122
162
171
293
284
181
24
157
125
281
164
42
45
34
86
17
87
176
250
53
104
173
40
192
52
102
79
282
40
269
45
57
228
57
79
269
110
283
135
248
272
299
221
174
159
152
48
272
153
189
139
120
138
106
151
109
134
117
105
187
225
209
149
265
12
76
73
59
216
161
233
187
256
12
106
158
227
245
16
1
176
222
170
252
230
213
47
105
79
251
198
149
97
127
98
36
69
187
59
82
139
158
109
43
132
263
165
255
145
247
299
74
230
76
159
87
216
35
49
35
211
111
78
256
73
179
176
83
124
158
41
206
240
127
250
292
123
7
52
178
26
31
217
271
257
153
64
84
295
75
222
50
210
60
234
271
257
178
61
224
34
12
143
175
157
43
274
26
297
35
223
185
253
58
50
52
84
113
148
101
115
108
129
92
138
78
218
150
160
69
139
217
258
228
168
84
252
255
68
226
203
104
213
60
298
8
31
76
251
24
191
182
208
272
177
226
290
78
228
25
77
210
78
17
119
279
155
265
262
234
163
171
290
270
209
87
217
75
221
146
98
120
294
101
21
210
210
36
78
110
83
3
33
78
208
76
296
203
43
89
220
66
115
93
239
295
193
100
95
215
150
255
112
274
211
61
213
231
3
201
87
66
25
50
120
131
112
189
120
297
189
183
245
224
143
51
198
222
192
128
145
2
96
291
137
104
283
206
139
221
92
145
82
299
88
297
91
172
290
161
256
272
99
233
75
103
160
54
183
131
119
20
56
28
184
158
174
37
100
132
276
255
263
150
144
206
135
71
226
137
3
82
245
24
294
256
94
151
120
119
255
106
234
90
298
18
261
299
246
232
243
37
135
211
17
183
275
202
177
248
20
185
183
250
179
45
150
234
206
56
62
88
5
251
75
164
20
29
58
190
135
14
280
132
160
129
183
198
152
169
111
72
219
19
41
240
58
49
180
179
76
144
133
183
127
243
79
38
115
67
147
177
253
113
185
26
252
216
43
201
136
274
240
66
26
248
118
256
279
95
164
160
267
269
58
107
250
47
102
128
124
130
156
274
236
256
266
88
202
56
152
217
106
69
41
162
179
18
64
266
42
11
238
75
250
127
21
2
189
131
226
19
91
25
123
93
104
186
293
58
248
124
217
77
252
3
233
142
41
196
91
7
256
216
258
105
166
156
244
22
172
75
75
90
72
31
290
157
17
62
155
268
180
194
75
29
194
176
264
106
11
116
94
177
182
219
47
295
266
68
83
290
200
97
248
104
180
202
133
105
117
290
148
174
183
159
67
231
56
125
163
188
203
288
152
283
224
168
294
217
73
153
196
271
105
110
75
185
138
154
154
55
117
266
289
94
100
169
265
129
167
117
61
85
84
189
276
294
252
288
207
228
295
27
189
143
68
27
47
270
54
133
49
90
45
194
132
206
254
219
136
179
114
144
69
84
264
26
174
220
107
44
285
164
158
70
89
223
226
8
238
31
63
212
71
32
188
249
4
171
256
258
105
275
251
296
117
187
132
147
298
94
241
204
207
90
251
81
246
191
253
218
206
267
181
150
126
222
257
68
119
251
28
255
215
154
114
58
207
245
46
283
26
260
128
131
41
179
134
247
7
23
211
275
283
180
260
107
95
55
208
277
235
81
265
71
66
289
43
95
293
175
186
259
151
126
111
282
274
62
120
12
187
195
143
227
65
52
226
297
70
95
27
247
149
131
201
226
158
123
199
95
219
10
98
76
225
226
128
44
19
262
200
281
175
122
189
190
231
253
109
57
228
110
143
197
49
12
126
83
60
6
211
158
161
221
188
296
165
138
28
292
36
66
18
116
184
97
12
22
68
286
60
111
79
63
229
80
66
92
91
101
27
139
272
256
190
17
98
182
285
93
262
273
181
55
171
223
274
201
65
260
28
16
274
117
246
99
157
153
251
87
246
184
130
156
214
104
170
223
238
50
96
29
270
67
257
234
250
274
245
195
271
212
157
159
6
277
239
32
205
59
273
299
284
81
209
6
206
122
196
151
136
283
119
129
39
19
289
60
19
255
278
297
87
74
118
128
177
296
19
143
265
29
66
125
250
293
28
84
33
45
183
70
206
61
265
294
4
75
242
215
259
168
56
137
30
27
276
23
230
248
19
156
135
117
189
278
113
240
135
204
159
184
208
157
256
59
287
86
253
183
45
242
29
244
163
86
43
189
296
185
235
145
65
277
13
85
103
290
80
257
177
150
131
217
165
178
287
97
275
192
119
85
76
33
218
210
2
9
38
162
213
98
27
151
48
149
2
64
226
88
244
99
209
87
277
189
271
118
215
203
30
57
159
20
298
171
42
71
274
124
99
68
12
216
130
98
4
216
198
72
279
142
64
169
17
212
138
213
259
247
257
49
102
113
274
135
199
49
49
298
196
282
86
243
173
110
155
33
275
178
277
105
93
244
130
256
266
204
173
97
21
44
130
146
154
227
181
230
70
122
259
145
156
53
279
279
236
147
29
141
44
17
178
209
154
233
101
221
23
218
41
205
19
18
193
271
77
158
116
125
193
50
24
171
248
74
22
292
37
23
243
127
24
107
129
18
208
3
186
40
119
93
260
216
81
299
249
232
132
226
150
137
87
183
293
156
36
175
130
135
155
118
95
9
237
241
66
293
23
270
122
86
130
13
211
212
22
107
149
125
27
49
108
213
128
78
150
234
274
74
77
99
249
79
59
58
228
9
25
249
68
193
52
75
198
86
22
115
1
175
68
132
202
17
157
133
245
289
34
230
201
285
218
158
10
96
282
118
4
120
10
146
87
204
122
1
203
107
123
101
220
220
197
180
182
71
25
53
243
161
200
4
240
207
153
124
19
235
187
158
176
282
188
41
142
167
159
237
199
26
80
18
222
256
272
243
33
279
196
35
25
286
91
17
36
55
198
290
25
177
279
261
25
280
206
246
275
287
270
9
237
117
204
292
189
239
266
55
128
200
41
277
161
145
272
278
77
102
45
35
136
129
95
251
260
89
72
43
109
209
46
78
84
86
204
64
241
290
111
190
223
162
296
262
75
205
154
236
249
52
167
205
111
58
250
245
1
170
72
237
168
17
55
138
32
28
17
3
167
164
75
187
21
98
266
219
159
99
280
190
80
282
212
212
146
127
114
230
273
150
136
110
257
228
103
169
78
6
245
281
65
221
146
42
166
65
2
158
216
52
248
296
20
193
104
162
81
220
128
42
164
290
34
122
56
65
298
134
271
50
271
237
151
59
105
84
188
275
81
116
280
114
35
102
31
171
280
84
256
116
260
246
292
7
183
124
243
206
119
192
184
192
155
51
190
110
253
65
143
300
243
112
206
48
25
7
56
131
116
245
103
50
97
127
288
3
171
58
197
272
230
10
257
262
202
120
231
93
257
162
158
100
34
82
190
234
278
148
111
290
76
73
99
298
175
265
134
217
47
5
136
142
226
99
44
156
123
259
65
194
37
122
286
282
154
291
252
216
55
111
36
190
62
103
293
180
268
267
121
20
267
4
178
110
267
21
79
21
190
202
99
154
112
74
213
195
72
54
106
96
189
128
220
54
15
265
110
83
57
24
101
182
291
17
75
146
192
51
233
117
137
162
27
280
195
63
41
100
134
295
286
269
101
121
283
77
253
28
195
272
258
247
287
287
147
129
176
275
24
171
196
201
119
43
154
161
36
111
241
80
199
86
292
36
188
295
139
94
121
291
40
144
171
118
221
246
195
183
298
125
124
104
175
279
61
60
225
142
105
258
162
204
60
125
274
101
25
77
37
297
99
14
179
241
160
196
106
297
239
85
155
106
135
171
283
63
169
34
279
60
215
206
136
121
118
188
243
281
125
274
159
121
45
51
148
145
165
163
32
84
187
188
287
60
164
114
165
80
126
198
110
233
280
148
79
159
173
173
187
160
74
158
118
87
46
150
81
284
267
220
199
68
279
290
22
212
186
160
277
163
156
262
153
34
210
113
239
252
262
33
23
207
57
135
262
216
192
178
76
229
229
103
244
136
148
272
280
292
247
48
222
71
22
238
278
157
256
95
125
265
175
172
68
192
112
29
98
240
33
12
192
173
96
21
201
252
152
127
161
263
176
288
130
33
80
249
209
1
195
184
44
45
218
126
255
43
170
274
178
241
128
40
256
112
275
41
281
25
7
192
141
1
63
96
246
105
202
280
59
193
55
143
117
161
297
283
9
149
78
6
70
126
124
25
98
38
130
14
270
240
104
172
228
294
300
280
200
296
273
238
17
55
213
165
248
220
113
280
6
147
86
4
159
124
253
108
40
271
291
121
188
226
208
150
269
75
151
53
168
42
54
105
297
155
98
152
3
65
142
38
244
101
62
141
4
112
40
130
7
197
71
79
121
229
272
205
206
11
276
85
191
123
56
68
171
239
226
255
26
60
86
187
3
138
51
136
8
282
29
133
101
157
184
131
145
249
203
10
251
5
165
45
108
64
46
107
105
113
1
214
133
107
225
277
66
20
248
218
234
93
203
248
199
73
202
240
19
114
299
24
21
203
74
170
255
132
97
202
59
236
282
173
34
235
246
162
209
60
93
264
9
65
228
263
295
69
197
191
6
79
260
266
235
142
58
105
15
74
62
198
240
208
77
135
137
196
52
145
240
282
8
108
180
24
73
206
222
12
148
241
197
125
218
46
277
196
245
161
73
31
80
226
252
272
300
166
166
155
177
38
183
118
129
71
74
91
210
198
106
291
166
258
213
130
14
167
105
161
176
43
72
92
227
262
41
278
218
148
84
186
160
225
111
70
272
46
107
281
202
193
159
72
111
237
273
139
15
288
253
50
245
35
247
291
184
49
238
182
143
280
254
81
205
96
281
99
192
190
97
24
52
195
234
28
31
145
27
143
110
70
250
242
131
154
218
39
19
49
25
151
268
217
269
279
3
259
216
265
14
282
179
166
262
120
145
265
128
40
168
259
130
45
69
271
211
52
85
217
155
244
8
81
164
296
196
232
8
179
57
128
76
71
287
252
30
259
276
166
176
235
82
13
134
39
198
70
4
260
209
173
154
166
18
10
200
92
242
70
199
211
234
261
79
290
105
223
196
57
262
167
221
78
121
226
243
291
84
204
275
109
199
7
189
180
255
122
158
149
54
134
287
32
234
24
213
84
43
24
120
182
297
60
178
207
148
144
5
34
273
60
126
147
36
255
244
255
163
168
85
129
132
63
93
157
104
21
137
82
138
267
144
103
239
47
89
232
257
279
286
95
214
180
256
66
241
56
2
178
45
110
254
217
232
282
138
218
2
80
43
72
104
39
118
102
248
197
227
184
115
203
60
82
62
74
134
28
95
10
178
4
208
161
293
264
42
294
48
232
296
164
298
177
266
123
106
228
75
166
78
22
167
268
209
286
232
300
121
82
246
225
219
143
77
157
85
49
94
8
40
32
120
11
277
276
219
35
208
278
250
134
125
291
229
56
143
158
69
279
256
2
216
218
269
212
17
184
110
58
288
206
181
83
215
178
6
35
167
66
57
213
195
175
242
274
270
93
13
224
179
154
75
191
78
42
64
240
216
45
251
140
277
172
66
76
72
167
102
110
78
70
152
14
231
247
57
76
271
100
8
47
242
262
17
97
94
129
208
283
97
30
185
153
161
125
104
91
163
273
232
200
22
294
14
94
128
235
146
173
121
148
166
66
85
245
262
99
43
156
211
152
284
49
169
247
107
65
165
42
122
191
96
18
106
226
232
115
18
185
168
112
85
176
185
101
138
55
278
123
287
7
52
111
155
33
271
108
211
101
34
293
290
188
94
213
9
205
96
216
267
83
47
299
199
158
86
275
7
58
189
103
287
228
112
38
28
138
280
83
179
225
180
197
232
232
59
49
84
154
230
103
245
25
164
218
186
47
177
228
277
136
56
81
226
242
9
73
290
290
161
59
89
148
288
144
178
153
263
187
78
84
230
48
222
231
135
170
44
277
169
210
38
44
129
241
166
222
33
5
252
77
299
188
77
241
9
21
106
198
33
262
284
54
274
31
247
200
259
275
136
108
199
152
46
8
174
27
87
164
237
40
184
66
166
245
284
6
249
288
130
253
25
165
41
102
34
64
88
15
202
49
31
85
66
210
193
156
271
225
65
233
189
220
105
194
169
121
266
113
23
245
256
262
244
226
79
65
224
110
226
162
138
243
191
211
298
202
212
117
117
97
32
280
47
72
271
185
56
117
61
21
76
23
110
108
204
270
200
55
94
113
155
83
183
126
58
211
57
284
116
109
61
149
284
138
235
198
199
134
292
258
235
18
86
13
79
43
176
69
214
219
275
36
75
116
59
147
164
142
43
107
256
265
126
221
80
118
157
195
23
50
69
2
105
240
248
292
71
41
171
72
14
178
279
274
49
30
171
6
237
167
118
91
85
66
280
294
17
165
53
147
157
283
45
61
262
109
185
55
296
62
288
262
180
286
274
197
95
167
199
54
65
200
16
117
225
152
90
227
5
206
162
19
205
54
111
92
37
26
143
264
121
141
159
151
199
268
6
78
262
9
78
77
60
172
180
225
210
255
75
236
22
142
212
155
45
32
282
57
106
112
111
294
19
253
73
270
210
12
54
267
28
41
109
182
97
227
152
117
49
7
208
239
9
185
153
175
21
137
218
28
115
238
183
245
165
124
257
260
226
228
9
296
192
87
172
258
256
55
149
179
169
262
222
61
226
2
195
146
53
275
156
147
90
75
158
165
2
248
120
68
57
55
36
46
144
291
124
2
282
179
159
93
4
174
139
157
181
202
2
44
250
32
57
237
169
260
173
9
111
71
7
246
36
80
73
201
86
100
183
90
221
246
144
286
272
101
219
55
46
282
235
48
86
240
244
91
283
285
239
67
160
203
105
259
222
294
127
148
28
47
166
79
45
181
5
132
66
230
88
91
260
202
221
17
161
271
278
166
8
47
39
27
293
1
292
271
249
52
257
175
171
212
152
154
275
16
254
20
67
37
121
6
64
170
299
107
154
239
213
80
29
154
217
73
111
117
79
267
216
252
15
151
203
169
235
238
204
247
223
196
97
63
291
241
20
1
18
172
64
280
292
286
123
202
77
115
89
8
74
293
56
57
127
232
99
131
287
248
70
296
37
41
199
13
287
136
57
125
214
233
215
287
207
74
19
183
41
122
193
299
70
205
154
232
60
153
110
22
160
14
124
15
117
226
295
298
189
23
196
110
180
275
90
167
21
31
250
104
73
223
201
138
162
91
64
248
225
199
233
62
224
267
231
74
129
298
21
100
208
237
10
187
127
268
288
89
39
111
36
28
109
96
84
200
183
288
24
232
278
225
48
174
180
76
85
191
212
299
96
67
60
132
92
164
269
291
119
72
271
119
20
181
146
281
112
287
119
30
225
113
209
230
292
43
3
130
160
236
293
220
26
136
184
99
176
66
55
94
14
285
125
297
269
111
224
80
225
234
222
245
130
220
300
106
277
66
44
209
31
240
213
64
121
152
35
219
228
9
44
292
26
187
198
143
198
17
155
287
58
237
100
57
44
135
130
215
205
180
101
140
263
170
117
255
132
5
212
24
247
140
123
235
104
131
74
44
295
103
164
112
267
5
182
195
162
213
1
293
90
98
239
104
127
31
152
143
229
50
33
219
94
100
91
254
252
57
220
198
202
51
61
28
286
17
213
166
185
100
237
15
105
179
166
291
106
63
163
270
241
231
195
127
129
161
230
144
243
24
160
279
29
156
224
76
100
95
297
65
164
222
293
74
185
266
54
112
85
69
62
165
273
10
283
33
298
66
168
253
70
111
297
222
57
142
254
96
93
41
227
269
191
230
199
200
85
229
141
130
195
292
14
146
45
276
179
259
198
284
82
22
16
279
112
217
176
41
46
261
3
94
117
283
179
184
224
218
124
93
127
65
86
80
172
230
153
38
143
263
45
251
84
271
168
201
191
120
249
37
68
161
210
92
87
163
79
190
127
116
269
130
232
9
126
292
245
201
199
38
1
291
269
120
272
11
243
174
294
274
137
139
231
147
194
49
54
172
189
56
94
269
222
9
245
244
159
174
130
159
238
82
268
91
49
211
23
63
33
208
66
6
203
175
59
52
126
48
204
51
215
148
142
16
123
275
201
245
36
10
149
18
231
197
24
251
154
99
10
82
173
267
285
221
26
98
54
93
126
79
8
283
93
279
172
96
44
141
29
251
3
178
263
89
13
2
295
126
248
221
233
191
121
71
117
199
273
163
173
102
251
265
159
265
265
64
78
136
226
20
127
252
173
183
236
207
57
50
119
172
63
207
162
133
199
252
236
252
78
88
231
271
239
200
27
46
187
209
45
220
87
54
290
132
181
62
87
158
295
169
115
63
159
130
46
135
227
41
24
41
84
296
7
57
261
137
231
165
126
2
54
107
249
24
269
300
18
180
95
9
206
17
85
270
204
155
135
177
150
25
171
262
110
16
198
2
77
81
164
297
108
88
176
59
224
115
221
46
173
281
72
283
106
110
8
233
204
103
169
177
42
290
27
64
180
101
107
173
263
78
246
143
232
175
155
190
80
77
284
217
161
258
172
206
33
205
280
160
257
89
208
149
245
32
233
189
145
38
229
282
16
223
229
22
110
200
272
201
48
52
147
76
50
207
71
19
271
283
291
145
39
281
62
259
221
263
168
233
208
191
96
104
176
296
51
264
279
279
288
282
274
29
142
108
119
10
70
230
57
249
221
1
199
179
280
281
265
299
293
19
124
66
176
165
156
25
92
257
96
5
97
5
253
45
30
81
178
127
6
87
94
60
247
256
286
273
104
206
234
247
96
92
153
143
213
125
288
58
219
64
82
96
158
278
199
25
223
264
290
267
183
185
226
94
275
294
174
83
230
18
16
109
228
24
74
228
149
236
80
241
56
88
141
226
287
31
20
244
134
193
226
201
291
286
273
71
233
22
81
201
237
103
236
131
260
210
22
267
179
85
40
166
22
75
4
180
207
65
189
211
299
252
36
168
129
202
274
225
14
77
234
234
104
147
283
144
44
213
71
82
80
171
96
117
110
43
177
116
54
288
237
149
141
109
233
239
230
255
30
232
17
282
139
34
53
158
245
262
207
57
256
88
94
239
35
90
283
99
1
222
245
253
234
7
283
245
203
169
259
74
261
206
94
277
260
107
104
71
55
47
98
73
252
63
212
67
34
18
13
15
15
105
59
221
128
119
283
88
110
221
248
276
57
133
36
115
253
171
4
62
181
26
292
156
187
104
29
22
277
76
185
198
111
20
101
20
24
85
120
228
121
65
120
51
215
141
182
124
274
57
184
30
105
132
98
141
234
224
188
229
149
186
217
239
107
32
54
54
5
233
131
257
264
243
75
161
65
181
281
244
103
241
271
173
111
170
65
299
156
75
127
113
229
88
173
75
107
83
211
272
35
50
109
283
210
119
285
66
21
277
21
185
248
105
293
78
107
15
95
75
91
195
222
297
161
225
116
64
265
205
36
67
149
278
154
42
161
175
297
126
68
276
234
296
194
13
235
150
217
77
45
61
78
190
227
35
105
298
261
131
231
221
246
151
16
235
84
125
43
187
293
113
163
141
243
69
59
28
153
159
194
210
21
275
289
171
76
86
32
234
141
163
195
98
114
269
42
150
28
47
48
231
222
92
107
2
129
154
47
124
264
177
277
232
22
295
248
49
129
122
286
278
175
184
299
269
87
78
272
251
20
155
173
169
198
85
298
271
128
264
54
201
106
189
146
227
196
131
145
233
297
160
104
101
175
254
80
225
106
13
44
49
63
228
51
13
280
115
100
116
84
194
130
141
205
93
228
2
256
193
226
162
227
34
263
125
8
282
286
267
90
185
167
156
194
297
130
93
258
16
123
277
277
281
43
50
120
205
45
134
197
139
113
158
46
239
78
109
187
237
69
19
150
210
75
194
197
193
266
132
185
292
87
51
238
263
85
277
215
217
239
268
78
264
121
20
93
16
252
69
145
207
247
51
87
114
178
100
154
239
254
193
216
140
24
176
78
60
31
163
272
297
225
14
264
14
255
127
298
110
269
199
9
40
235
120
279
210
231
197
12
256
259
132
220
296
262
266
52
115
213
186
246
90
123
205
235
284
181
30
254
229
38
156
238
3
141
86
194
107
26
282
166
88
91
256
56
244
284
236
204
299
20
15
135
273
55
243
235
94
169
167
119
78
214
267
83
57
172
267
19
95
67
196
84
212
234
186
3
108
277
111
103
83
99
131
144
119
217
252
38
193
240
23
288
285
74
173
209
13
125
169
90
221
214
266
154
262
204
217
227
234
227
228
188
271
74
241
119
89
159
147
104
21
175
156
141
284
238
4
230
54
101
63
297
29
134
281
237
158
81
243
116
230
178
161
284
266
156
266
67
45
9
68
162
40
144
212
69
229
6
94
131
152
17
96
69
1
243
10
137
51
157
234
39
240
44
78
297
202
193
267
139
51
69
300
148
154
206
162
204
2
116
138
162
91
87
292
275
16
67
37
170
136
217
43
264
230
229
287
52
168
115
136
178
270
134
173
78
73
24
284
186
92
67
268
184
287
141
55
112
201
30
52
20
255
295
81
264
199
214
37
2
141
177
252
119
112
138
109
35
278
27
157
95
222
250
94
260
157
298
103
53
177
202
166
129
204
94
133
128
292
248
34
188
59
77
236
251
279
101
218
294
125
112
71
251
276
98
272
203
151
30
166
215
20
244
171
159
139
70
12
283
177
46
121
131
106
34
273
81
81
96
95
103
3
244
150
112
100
268
220
56
248
225
63
123
215
253
86
13
108
6
234
84
178
77
223
216
57
283
232
229
220
231
84
170
181
131
241
146
113
16
35
201
180
243
29
281
143
188
90
12
54
192
101
35
174
225
46
111
122
145
25
95
33
50
291
41
293
166
205
168
125
45
245
155
248
24
121
237
140
61
86
123
287
267
2
92
127
48
109
241
40
82
275
261
295
271
17
176
199
199
171
64
290
213
129
91
164
299
134
224
175
225
183
116
6
53
137
233
144
51
20
222
153
206
282
254
279
109
264
196
211
128
266
70
9
29
161
300
255
98
149
17
116
242
233
236
132
186
80
140
92
192
204
273
299
96
206
103
265
272
247
206
126
15
2
178
124
215
186
112
188
114
74
33
81
180
69
42
225
204
118
62
122
146
98
104
38
12
215
150
10
19
92
261
238
76
120
137
118
159
239
1
108
28
6
123
162
113
67
257
178
193
93
276
263
277
55
261
51
286
6
289
137
223
112
8
62
47
65
250
145
180
295
274
235
139
135
293
235
183
149
148
11
130
48
245
6
209
23
61
235
45
169
4
194
254
62
19
21
136
297
141
115
173
292
127
160
82
1
253
246
219
192
229
186
249
299
226
66
155
163
29
24
92
227
243
225
149
285
124
133
40
45
265
143
268
286
268
70
294
166
180
31
102
175
67
57
256
160
29
91
233
247
291
248
166
148
140
63
64
180
12
57
7
206
116
268
214
295
60
110
260
126
14
177
250
112
67
272
14
4
130
60
256
233
24
57
21
226
282
81
227
59
154
197
142
169
112
271
31
148
173
185
233
143
261
180
207
237
120
203
10
7
65
255
243
188
44
261
214
74
142
238
20
279
130
83
198
45
283
144
207
284
72
117
224
285
172
267
209
204
141
138
112
185
89
232
9
5
144
25
154
170
145
174
209
76
26
24
223
27
235
235
104
276
149
191
203
283
113
18
15
287
191
63
23
105
180
170
40
103
155
266
196
91
37
155
162
16
119
12
133
211
69
233
239
219
282
87
264
149
160
117
106
100
269
70
228
197
80
36
19
179
41
265
178
260
230
40
103
204
73
296
205
181
82
29
297
187
27
236
165
273
11
128
291
203
129
53
287
182
84
1
229
160
202
173
92
247
251
25
162
101
209
148
268
284
54
171
1
215
168
96
240
156
106
204
75
151
9
47
195
284
200
22
119
297
289
211
167
209
266
272
223
244
32
133
99
294
118
66
165
85
271
62
242
149
118
251
94
19
80
53
179
114
33
187
92
8
232
186
188
61
24
273
58
27
158
223
280
86
174
112
132
288
143
66
156
184
67
26
93
79
197
201
204
16
284
185
283
63
245
146
237
174
192
176
209
114
41
279
182
50
256
253
287
209
277
271
92
265
124
101
185
30
37
285
97
185
25
253
1
154
185
205
225
218
160
124
131
111
265
209
150
197
10
70
113
121
57
198
135
1
297
62
270
211
290
130
90
49
276
242
104
260
35
279
255
11
175
199
154
23
31
223
24
16
276
195
277
274
18
200
111
139
271
40
202
216
68
251
17
69
275
29
27
2
237
147
92
220
235
102
245
207
233
165
162
228
293
276
9
19
263
267
253
91
101
2
5
60
32
23
222
122
33
189
106
106
25
267
40
243
34
54
28
29
36
122
29
214
111
29
49
251
288
84
55
217
86
277
172
262
221
297
154
78
288
193
116
205
168
118
191
107
23
295
19
26
268
196
44
48
178
16
137
143
28
162
184
201
59
143
91
247
141
137
300
112
104
185
53
212
1
79
119
8
87
73
270
50
136
293
298
20
17
215
228
62
168
96
80
139
98
56
131
191
34
156
200
248
15
173
134
10
176
222
255
251
191
201
123
185
20
35
27
37
89
266
37
1
268
186
270
243
84
101
237
90
36
215
178
230
135
84
87
127
138
94
33
82
159
40
92
254
290
35
134
250
74
111
40
77
224
137
1
176
246
13
30
26
247
170
275
245
81
75
255
294
165
230
189
230
78
187
133
291
72
46
52
202
196
204
239
144
40
243
300
298
260
2
89
18
211
55
285
161
52
199
147
289
295
250
35
189
208
188
200
16
185
281
280
195
177
196
24
95
269
109
280
66
229
58
239
299
255
238
298
146
177
160
258
222
17
101
120
131
253
34
115
4
290
289
167
296
221
188
98
275
241
292
70
287
183
186
228
9
146
125
158
263
215
170
188
36
70
145
98
8
35
215
170
32
71
231
256
189
206
199
53
73
92
13
187
128
67
212
170
82
2
38
210
115
21
108
12
262
144
42
21
177
144
84
170
65
32
52
271
127
23
295
190
196
170
224
20
246
55
112
96
253
104
146
40
55
184
150
27
259
72
236
161
52
241
214
12
172
201
113
290
14
225
43
8
189
58
115
38
70
277
259
284
19
148
151
169
172
228
107
135
246
276
71
161
220
195
287
206
78
216
17
159
38
263
77
118
84
175
105
275
51
225
172
67
36
170
72
166
103
266
123
138
151
232
277
271
144
106
269
94
67
163
213
227
72
151
158
155
25
19
186
247
2
242
15
261
187
300
263
135
261
166
221
207
120
191
242
186
164
155
260
215
205
92
59
62
173
241
259
102
6
158
35
125
219
7
175
147
270
110
45
143
205
197
198
109
14
72
203
242
48
254
176
89
101
145
271
291
246
238
209
266
19
