6605
149
245
89
126
275
256
193
131
265
263
104
283
5
196
1
104
179
218
11
287
238
248
266
254
79
182
17
166
291
284
220
20
228
75
278
279
96
116
47
129
142
108
129
183
66
19
223
129
186
5
101
297
182
165
124
171
126
250
38
281
71
180
172
58
18
204
145
252
78
291
231
150
175
298
215
285
17
98
245
215
64
231
249
108
12
274
121
73
72
111
133
75
129
266
60
207
257
167
104
67
134
58
278
192
207
183
87
285
194
1
124
20
292
218
37
288
99
30
104
1
26
144
142
238
124
271
242
163
238
122
101
236
206
153
26
273
14
9
166
58
219
76
136
218
102
63
287
88
67
76
244
103
80
203
108
292
248
36
106
271
251
188
202
64
72
171
227
217
163
250
280
216
264
264
52
269
56
137
253
168
194
145
97
131
24
226
276
136
77
266
73
262
217
214
73
183
97
162
231
181
273
22
101
216
103
35
182
221
292
222
45
46
52
184
172
42
257
149
260
265
172
240
264
224
51
174
79
76
111
54
3
128
270
155
300
26
264
258
244
35
18
194
97
88
72
226
8
89
266
254
266
214
174
290
207
264
98
110
97
300
74
229
18
77
104
72
250
25
44
52
272
58
285
38
201
73
114
100
1
271
272
289
136
205
183
253
19
122
269
296
241
196
70
186
14
277
120
285
121
194
286
175
27
1
29
297
146
24
87
236
35
22
177
141
91
254
2
36
55
68
63
109
80
19
37
122
297
148
42
42
240
137
147
65
132
117
224
8
281
151
262
260
123
82
223
67
230
55
288
163
212
30
55
70
10
162
293
7
1
172
141
27
24
53
142
290
276
13
45
264
245
89
4
69
116
256
203
38
212
264
119
8
170
198
204
115
168
201
86
152
163
28
177
16
259
28
11
136
65
106
267
183
272
16
58
70
246
103
31
143
110
123
280
265
101
13
285
186
44
129
146
290
50
296
92
210
292
56
126
144
94
92
61
249
43
281
192
262
269
104
64
71
290
219
209
32
116
283
227
260
46
185
282
90
297
157
278
26
191
38
23
296
49
193
201
30
64
168
144
297
125
144
10
154
236
8
64
25
26
60
168
200
10
198
122
260
100
300
117
86
279
84
23
112
225
126
24
78
156
280
287
255
160
84
48
226
226
268
209
286
195
143
176
282
295
249
159
100
287
137
38
278
82
205
140
257
61
95
95
61
34
1
133
111
197
133
46
214
228
114
173
45
233
280
214
285
108
125
97
33
110
195
27
76
32
58
45
53
30
101
281
230
241
163
125
132
116
257
42
261
239
279
21
103
196
34
197
175
244
172
242
262
63
262
63
59
155
124
265
73
143
169
290
158
244
199
189
162
96
67
4
268
234
257
137
271
82
27
181
146
251
168
278
75
157
27
169
43
153
285
23
128
276
18
122
6
169
277
199
52
123
28
222
101
278
178
91
186
227
23
208
75
250
96
208
243
190
104
122
130
159
277
263
257
226
242
69
61
19
41
295
256
152
88
90
65
214
123
77
228
4
284
73
68
207
146
129
245
92
266
166
30
226
172
44
49
100
171
215
21
8
231
134
91
165
84
188
114
207
260
3
164
129
238
158
215
237
215
23
18
177
237
249
16
26
47
4
245
281
16
60
261
86
228
8
262
290
205
210
62
143
181
273
9
70
207
288
282
286
1
10
245
223
265
115
14
131
46
120
264
134
159
230
13
169
214
87
2
221
100
74
175
229
128
244
119
240
218
5
125
209
53
134
141
36
269
127
72
16
255
20
88
140
179
140
153
177
271
220
126
205
39
174
66
64
225
190
117
16
143
294
138
243
85
235
216
268
36
42
138
98
212
274
251
210
224
76
148
118
100
191
234
102
65
249
67
241
157
154
70
119
107
90
244
264
276
164
198
95
225
290
231
208
247
286
261
167
50
269
22
121
216
104
156
162
171
206
212
164
159
118
194
242
113
52
249
156
166
270
28
178
32
60
203
196
79
221
3
199
285
211
203
249
14
57
214
294
226
163
74
112
178
159
24
232
203
97
290
137
57
23
193
5
224
10
143
104
138
261
206
98
191
197
224
52
212
78
276
161
180
195
106
168
250
92
250
181
99
288
213
252
252
139
218
232
50
210
246
205
4
5
28
106
37
292
173
247
122
260
71
46
116
174
216
289
205
92
131
204
129
163
40
160
24
54
249
133
292
250
241
223
178
286
23
105
41
107
195
162
159
71
221
253
228
147
181
136
194
183
53
233
13
98
206
120
220
75
65
86
277
129
75
216
36
244
114
3
105
256
73
8
220
245
285
85
150
75
121
86
115
63
136
18
161
8
182
182
204
253
31
99
260
94
129
99
169
58
84
72
52
252
247
299
51
32
21
122
3
180
283
146
34
22
111
132
201
190
158
271
125
66
51
107
300
293
131
222
239
154
264
284
54
20
284
184
227
217
290
36
117
135
148
19
173
173
193
12
241
7
276
293
78
177
107
38
237
18
107
146
104
193
107
6
155
139
19
9
150
17
244
113
38
223
83
134
279
256
29
114
14
280
34
123
300
224
202
273
252
246
277
297
218
87
101
136
143
194
98
237
100
25
273
251
39
152
88
27
88
254
13
164
1
254
95
12
32
14
259
222
176
266
89
274
59
94
192
142
88
140
256
80
282
284
96
99
126
76
227
278
119
110
41
255
140
267
104
2
20
205
87
150
249
130
158
255
107
206
160
16
160
21
192
180
285
82
73
179
242
126
226
254
264
173
211
130
200
82
74
209
164
256
22
96
288
264
109
183
2
217
286
246
150
33
9
297
235
286
269
111
21
206
84
128
252
113
65
139
181
87
108
42
113
28
284
148
8
146
88
267
275
39
185
166
106
220
52
110
262
251
11
246
213
94
52
181
139
246
253
263
221
210
215
89
196
217
145
217
161
180
229
289
153
148
284
252
90
230
145
222
42
285
170
242
34
283
219
55
20
76
236
51
111
221
103
148
29
91
97
259
141
152
205
5
215
296
243
121
90
37
71
251
80
155
74
250
1
151
244
110
213
108
242
289
77
86
246
90
259
225
295
82
62
261
67
50
72
79
174
234
70
274
10
281
107
169
236
189
197
136
31
291
236
81
63
47
183
80
224
69
111
82
6
251
213
138
3
97
152
14
138
180
174
153
122
55
14
59
134
288
4
79
1
218
144
29
242
206
277
31
47
12
229
57
182
32
275
218
12
119
136
287
105
214
12
205
157
197
127
130
63
220
227
207
4
150
147
105
287
300
106
124
163
154
38
262
252
47
90
139
234
113
292
119
74
50
167
135
69
75
71
70
82
172
233
154
220
48
242
189
297
299
182
261
29
107
236
140
57
22
213
46
42
260
6
196
105
130
2
19
282
255
27
47
177
293
52
46
39
288
133
65
56
249
295
166
278
219
212
190
263
26
1
201
223
263
224
157
28
253
144
26
56
261
267
252
248
211
21
122
138
204
205
48
82
200
149
115
25
84
102
50
261
119
31
194
280
205
138
267
73
92
161
121
40
74
86
92
121
121
122
244
4
271
275
292
121
180
96
12
90
109
286
176
130
118
280
51
190
192
191
100
278
164
198
212
258
149
257
105
249
277
231
1
240
230
52
52
275
26
110
224
269
37
144
129
245
172
257
290
244
164
235
299
117
24
6
186
15
276
167
97
56
283
24
81
289
287
175
44
171
124
188
120
148
156
219
201
148
183
58
257
5
216
234
223
68
115
296
201
35
25
243
264
149
234
227
112
152
77
180
283
11
70
76
185
64
42
107
29
188
115
246
188
201
199
39
171
204
122
141
231
270
35
256
103
6
110
125
296
43
251
280
83
95
148
164
276
228
23
169
286
117
219
137
21
218
159
38
276
9
166
186
216
286
263
94
170
290
176
66
16
90
178
94
187
3
99
245
213
285
77
95
166
197
170
192
249
167
268
39
31
46
292
114
74
78
67
272
140
241
216
249
139
176
99
282
213
68
197
157
104
254
109
67
150
82
103
225
40
245
25
279
39
277
294
158
247
60
134
83
236
287
231
214
79
226
168
215
146
249
64
206
186
184
223
276
40
205
117
30
226
15
15
106
34
117
75
73
132
269
83
217
88
70
107
21
49
206
83
60
10
263
275
17
287
271
101
187
49
4
176
216
220
132
214
194
85
32
61
75
120
25
97
291
183
136
32
227
260
259
181
290
287
2
193
193
24
155
263
61
10
77
246
55
54
51
96
241
75
12
184
200
270
296
285
126
135
126
77
294
15
103
51
83
267
129
77
269
156
45
8
71
214
59
228
246
262
128
185
64
217
116
23
54
150
73
197
125
109
1
208
46
128
66
166
77
291
186
217
270
54
237
200
104
79
258
133
42
211
281
288
212
71
57
228
71
203
225
261
5
178
46
1
49
170
199
42
219
277
19
226
171
70
123
41
270
37
34
89
234
259
151
75
252
209
60
250
239
87
144
79
260
265
67
244
160
61
69
89
23
187
281
119
151
286
168
281
244
128
236
145
248
95
213
205
296
232
299
116
53
115
147
168
280
129
261
278
125
160
36
146
251
90
24
255
65
91
203
185
263
73
281
11
48
260
285
226
12
232
168
87
75
299
168
169
244
6
132
129
167
93
174
39
296
255
230
272
193
32
32
265
236
39
149
102
118
108
272
196
254
62
147
159
260
99
280
223
141
35
274
263
221
256
176
241
42
155
247
38
181
244
38
222
196
164
160
294
138
61
124
75
99
104
283
254
206
176
202
52
89
124
117
19
170
163
207
24
205
193
300
240
186
165
248
296
102
206
260
232
21
196
45
162
109
38
162
117
167
120
53
83
57
18
38
231
208
36
161
25
18
190
71
29
284
269
175
246
146
17
51
241
292
254
43
230
201
219
98
193
137
60
266
200
194
52
271
127
235
262
270
202
291
87
126
230
285
12
289
177
144
124
200
143
5
190
207
7
116
94
174
124
264
85
259
120
28
44
108
207
212
99
214
110
136
280
105
119
50
144
268
125
103
214
91
102
25
218
213
87
67
148
233
276
145
253
231
266
69
163
298
217
286
22
282
199
31
267
86
142
1
148
174
51
299
112
130
19
201
298
229
71
100
251
43
106
257
104
110
37
285
2
240
131
140
191
147
222
132
164
252
52
81
4
48
12
258
76
223
157
15
183
152
36
75
252
125
153
185
287
100
91
216
198
236
238
136
90
212
285
114
200
36
70
105
170
163
215
265
43
61
102
57
270
129
28
99
253
82
269
193
90
98
297
249
121
157
66
68
33
16
270
132
256
139
254
135
241
151
284
109
132
105
263
153
240
106
84
229
183
25
34
141
281
50
48
9
69
15
193
205
212
154
59
286
104
42
36
54
158
108
60
292
198
251
160
178
78
221
161
234
67
30
175
72
77
285
110
221
68
258
264
148
61
91
77
93
276
214
26
136
187
280
133
298
71
249
184
215
172
196
13
151
104
2
104
225
24
82
7
173
153
165
191
29
247
230
225
156
162
181
300
187
229
76
226
76
237
211
53
60
87
45
266
222
111
213
279
24
108
131
80
81
81
181
267
253
124
56
273
267
54
146
262
273
106
148
290
211
223
164
139
125
83
193
269
188
255
289
85
271
257
165
108
16
19
194
48
294
79
129
281
2
38
21
4
125
241
71
250
277
61
120
52
164
33
202
57
94
41
32
165
146
121
143
179
277
200
40
50
273
143
72
261
201
80
237
268
218
79
84
136
177
37
135
64
25
191
258
272
281
9
21
163
202
227
107
232
41
102
121
4
9
294
223
170
272
271
122
204
48
87
82
157
66
164
66
196
192
8
267
240
227
221
38
16
238
136
16
160
4
136
136
1
275
26
194
36
86
284
204
40
227
261
184
267
28
182
142
65
71
194
216
190
172
3
128
25
8
223
8
44
122
259
291
264
256
8
267
290
27
285
122
18
274
12
129
197
120
278
212
217
138
10
233
33
111
240
275
236
165
107
106
41
16
111
240
110
229
249
282
4
278
40
277
289
36
161
193
232
276
66
267
255
295
284
264
102
118
185
104
9
167
290
234
282
100
203
152
235
202
126
9
43
158
3
10
43
188
263
52
290
192
190
190
25
40
186
136
29
174
49
45
99
52
123
251
192
155
16
227
259
78
240
150
13
34
232
75
53
141
5
181
35
169
32
108
167
286
290
49
233
245
231
98
25
171
282
126
271
240
234
82
69
156
255
206
116
141
82
174
101
206
56
232
174
270
29
189
183
216
138
146
191
41
103
140
27
282
97
233
27
265
133
107
100
177
112
77
54
15
213
238
27
47
17
251
237
220
278
165
227
21
118
53
267
19
17
216
201
117
172
147
42
36
212
96
161
153
281
131
285
106
52
198
133
285
91
230
29
271
19
280
136
3
60
110
135
151
186
233
226
138
238
140
31
124
83
254
139
28
36
22
225
41
277
42
124
283
63
91
282
132
295
133
67
282
208
207
47
171
68
267
200
200
282
144
235
56
159
65
29
165
207
179
156
152
290
271
73
270
104
58
175
64
63
181
202
265
294
98
201
54
259
197
135
128
138
160
167
15
179
114
206
172
181
136
144
96
269
156
249
156
244
29
237
156
145
137
10
239
7
59
87
112
269
3
173
53
281
203
60
218
254
12
18
199
104
54
34
200
73
61
116
66
191
272
187
107
254
9
171
184
114
112
223
63
152
253
174
239
235
6
24
72
219
290
63
247
219
83
8
136
230
81
160
205
74
40
38
18
284
31
98
58
128
88
181
95
215
27
165
300
168
91
72
67
208
245
119
286
241
47
201
103
179
89
4
40
252
10
70
236
98
267
222
100
203
107
81
259
36
67
252
40
229
127
66
99
99
125
21
128
2
155
210
47
114
162
218
59
230
239
74
35
92
181
61
294
19
161
125
289
176
257
152
261
28
122
229
284
81
121
114
216
264
46
102
46
205
108
123
258
43
51
244
197
40
131
12
93
211
146
232
136
176
256
227
244
40
178
288
205
300
196
269
124
42
145
143
77
123
239
65
180
149
210
235
247
116
93
108
259
170
53
256
200
120
100
232
150
272
241
76
34
186
71
179
14
84
278
249
97
52
259
283
162
186
83
43
13
64
254
8
212
161
39
282
61
150
138
282
236
1
273
200
162
181
200
223
92
55
57
43
165
185
295
19
128
189
123
120
91
157
248
9
261
8
57
68
285
263
222
33
50
260
122
142
107
107
94
63
225
224
116
48
277
233
115
177
121
10
213
81
80
31
277
180
118
293
121
129
283
3
138
201
238
98
233
157
72
152
31
199
11
43
8
264
163
129
197
93
179
52
290
91
164
248
67
126
170
178
294
124
214
218
123
220
38
93
217
31
226
133
142
43
43
1
93
32
40
49
155
16
52
250
230
169
193
145
37
291
15
36
70
18
180
267
168
28
182
210
65
234
147
69
243
124
295
91
7
255
228
118
45
215
41
120
93
2
170
64
268
149
96
120
182
19
261
248
9
46
201
125
162
110
83
171
12
93
77
42
188
89
212
43
172
148
188
120
122
289
146
223
157
241
244
75
86
265
10
138
98
274
246
82
73
245
13
181
186
96
117
218
95
220
299
258
117
182
189
1
32
287
168
210
292
213
221
31
70
149
115
21
285
43
120
43
170
110
210
240
142
147
202
196
178
185
270
107
48
290
220
277
54
90
88
182
256
241
236
54
122
202
42
35
188
283
282
131
79
40
227
241
260
102
57
150
73
129
30
166
223
146
107
220
67
284
87
262
209
155
183
180
170
9
102
219
132
157
233
250
99
155
163
282
251
239
50
228
219
195
273
76
191
253
31
151
5
131
187
136
215
156
181
269
270
193
129
46
127
267
11
21
233
295
257
13
177
66
126
26
132
71
284
190
239
215
144
172
141
81
66
224
128
227
157
246
128
136
217
168
87
20
4
109
72
300
64
86
267
237
242
277
35
122
286
48
93
286
296
176
45
284
255
222
287
111
157
255
297
166
3
35
241
17
100
220
96
70
281
118
261
243
168
142
126
266
200
222
225
29
138
31
256
9
151
203
171
7
10
279
259
226
213
237
238
131
36
104
291
163
117
98
277
107
29
84
49
255
269
244
271
135
88
298
228
150
246
297
151
31
195
157
101
40
243
44
228
297
267
238
274
75
34
260
260
207
239
140
283
147
15
246
294
29
56
226
217
243
257
264
276
73
85
271
12
275
152
142
11
190
77
1
241
14
91
258
178
241
14
25
183
94
82
143
55
146
85
179
127
218
170
41
275
111
2
154
121
219
92
54
265
196
272
250
63
133
61
119
96
90
79
184
116
86
174
15
44
280
57
249
220
167
296
79
118
12
174
288
269
296
282
156
47
224
20
143
199
178
195
26
38
165
252
93
294
278
219
184
242
35
222
263
50
261
98
107
236
185
229
282
17
135
258
232
103
266
62
300
93
269
130
21
71
234
105
54
115
195
207
191
166
279
50
278
214
289
277
217
115
100
205
251
147
153
182
35
201
54
93
8
182
258
278
206
257
229
257
279
84
300
149
40
251
111
184
238
201
131
260
91
157
131
43
228
156
55
21
101
40
194
135
129
130
53
134
297
97
205
5
24
249
248
281
220
231
284
247
205
48
39
62
184
67
121
129
72
161
166
30
185
291
119
197
183
252
278
214
65
20
265
4
48
263
252
101
22
115
107
234
143
188
46
212
113
271
246
184
95
231
189
107
58
102
171
192
206
39
228
286
35
72
130
91
159
99
214
299
291
30
266
54
101
144
71
199
144
75
172
38
196
15
257
93
209
117
81
214
100
105
128
214
144
151
2
179
201
139
13
27
118
98
59
207
170
129
142
264
122
52
159
142
226
216
155
166
104
197
261
98
244
247
206
58
47
32
37
299
146
259
294
298
40
220
154
286
232
57
104
289
15
93
114
20
153
143
72
92
15
169
37
274
233
171
262
165
81
11
298
135
275
66
183
211
38
292
119
41
214
93
7
61
175
121
174
104
297
42
209
34
195
16
300
118
235
196
154
93
182
260
236
226
95
116
58
246
257
138
40
138
176
119
287
299
98
147
280
40
8
18
141
123
270
16
123
296
21
8
173
184
199
166
202
210
283
244
52
244
192
82
145
245
166
214
253
17
280
260
69
57
126
140
79
94
76
99
299
250
67
125
56
294
107
287
42
263
291
259
75
124
4
93
126
154
125
118
234
26
91
153
10
40
288
188
161
112
38
165
290
182
97
92
34
293
74
128
239
186
227
10
163
70
148
96
77
242
185
65
87
262
220
71
25
91
195
166
29
154
288
288
125
289
69
119
273
111
272
235
104
130
70
226
152
68
208
267
31
66
36
220
188
209
1
62
146
87
5
25
195
20
203
220
224
56
214
260
197
9
232
124
19
114
245
23
173
193
143
47
194
230
239
61
95
42
234
28
92
169
151
168
154
267
234
56
114
112
25
145
263
260
229
47
136
248
278
293
49
81
117
270
163
243
62
84
241
275
165
299
231
35
133
248
239
270
67
264
57
183
230
247
22
181
229
287
151
181
59
248
160
197
287
162
201
81
161
65
255
160
101
296
7
225
112
78
164
233
13
153
230
136
60
116
243
186
175
124
98
135
82
220
35
133
66
185
102
232
164
135
10
63
84
30
162
2
249
30
63
269
79
251
20
163
56
16
199
137
279
272
217
111
208
135
269
219
4
201
242
155
108
63
171
71
150
284
57
4
44
208
38
280
134
299
135
230
240
290
265
41
165
274
7
32
236
67
157
204
103
269
1
70
106
204
229
157
99
231
153
39
81
269
188
117
216
76
96
184
115
152
226
52
164
250
5
296
275
131
113
96
265
179
256
151
299
39
23
36
132
226
262
298
261
232
52
181
61
136
279
216
103
239
143
264
28
7
54
283
228
164
194
127
153
191
215
160
228
294
185
187
272
82
182
225
218
147
227
8
186
230
296
199
73
186
272
274
35
96
271
153
93
149
84
41
156
250
80
75
75
36
296
141
7
98
191
295
168
53
259
234
268
127
179
228
50
222
178
83
71
154
271
47
197
174
208
214
229
171
223
277
226
116
122
38
266
196
208
141
52
28
196
132
171
194
79
257
58
197
203
265
259
238
48
17
135
75
273
78
136
261
228
125
168
66
194
209
159
120
39
271
109
203
224
120
141
23
22
95
244
76
207
123
20
133
130
267
249
16
116
198
136
131
82
193
196
121
264
3
65
241
92
171
14
149
187
151
80
175
139
188
157
27
153
255
231
247
291
290
37
97
121
80
99
240
284
108
82
203
270
168
2
246
153
104
141
201
290
42
129
144
223
56
299
156
220
112
231
153
79
104
216
186
51
48
51
251
122
88
155
91
174
104
111
260
144
159
14
58
49
42
295
256
20
3
120
7
2
196
112
24
288
130
31
220
270
191
72
164
79
82
188
238
92
140
26
27
250
151
95
34
218
221
115
264
74
15
32
244
182
196
10
274
226
240
41
104
52
86
228
214
214
253
48
166
87
131
224
92
143
247
268
106
126
188
82
171
28
175
102
256
31
20
78
109
120
41
55
61
50
34
15
250
18
180
244
203
146
44
129
190
184
116
47
206
60
24
11
66
174
206
228
62
252
159
273
183
292
19
154
217
230
99
21
53
245
232
221
37
267
13
210
275
168
156
182
92
237
226
248
24
143
231
293
150
298
217
130
95
161
133
22
299
80
182
53
50
228
274
30
177
109
55
176
276
89
230
191
174
180
120
272
263
55
8
70
83
67
144
112
191
250
135
198
292
52
121
168
248
189
226
145
105
32
47
296
217
172
182
78
279
82
16
280
109
246
117
145
118
84
18
10
117
69
32
203
8
33
107
281
133
176
97
44
168
267
92
157
296
257
28
107
105
33
139
245
17
173
77
80
76
253
84
68
107
264
57
186
136
201
54
4
124
69
150
141
250
299
173
217
208
27
116
139
177
237
165
225
52
123
132
97
190
59
37
238
89
182
264
38
281
14
298
109
174
299
1
209
258
17
244
100
163
244
6
272
25
83
3
182
70
224
242
294
217
141
133
169
201
77
224
198
203
215
253
198
116
87
81
215
277
128
116
194
60
282
111
166
96
5
283
26
73
217
275
207
234
26
284
297
270
177
230
201
79
94
71
116
297
211
205
122
22
252
92
74
56
59
244
119
58
122
96
286
72
298
120
292
244
98
59
109
63
281
123
165
289
27
130
68
154
121
180
60
113
243
222
207
268
244
141
140
192
147
81
18
65
40
131
146
197
51
183
39
242
94
254
180
293
271
186
286
80
275
126
33
82
218
119
81
71
82
132
198
225
85
197
39
43
14
284
259
204
185
261
258
81
149
177
282
297
264
11
156
193
227
53
2
174
296
231
178
110
21
37
56
107
55
267
105
91
259
211
140
64
256
60
108
166
255
173
31
242
8
167
128
192
272
185
125
168
253
190
239
152
250
113
80
159
171
292
230
115
140
91
24
177
194
166
17
278
25
259
233
263
206
297
71
250
199
85
161
117
19
214
164
79
96
161
249
72
16
67
185
118
113
197
86
250
93
86
234
94
267
93
7
197
271
75
136
207
296
134
49
40
71
43
61
251
175
215
129
228
83
101
208
281
221
151
195
37
139
215
57
102
146
82
164
264
215
69
1
90
228
46
77
205
218
164
21
287
176
47
139
73
97
174
160
185
136
190
133
20
17
110
41
103
144
212
147
197
182
75
173
246
72
245
283
290
41
120
252
237
11
265
7
184
110
194
130
27
128
176
224
261
30
184
112
18
256
26
41
216
35
117
133
177
152
191
60
55
161
261
259
15
129
110
252
81
70
72
281
130
37
196
227
191
52
105
294
228
148
229
210
187
124
55
44
62
165
4
71
202
196
25
112
292
54
99
39
212
274
212
105
70
269
234
27
54
266
240
202
219
11
92
172
257
120
268
96
189
81
111
173
214
158
189
149
73
73
70
188
159
210
277
145
127
256
80
233
104
115
95
287
3
103
263
24
170
130
246
161
12
98
168
13
5
196
78
191
147
262
80
28
158
152
41
95
74
243
44
197
170
146
174
60
286
286
269
161
156
57
202
183
300
94
271
292
208
72
73
275
168
135
236
266
56
111
69
202
204
169
138
62
97
98
183
112
10
279
111
43
66
279
20
294
243
295
130
66
211
209
138
24
265
237
3
291
221
267
174
284
197
166
82
171
69
234
103
54
192
132
35
121
284
136
254
160
261
114
234
214
196
87
191
106
74
203
121
48
244
191
51
47
199
220
232
208
198
222
1
207
44
225
150
121
300
268
84
258
39
12
3
277
139
193
70
48
201
256
228
234
80
164
117
294
194
171
192
40
148
245
35
115
69
115
205
36
113
245
49
251
237
70
57
200
160
123
192
99
29
2
77
233
143
134
173
218
32
257
221
170
181
274
86
104
121
277
181
104
280
190
280
150
279
30
69
204
190
152
149
245
194
208
83
90
161
229
202
220
199
198
291
109
93
14
134
2
125
253
5
24
27
181
47
21
156
252
285
252
5
255
103
207
186
287
124
134
116
214
273
217
133
289
108
222
49
214
236
43
214
150
101
228
231
95
4
266
74
203
289
230
23
290
80
193
82
127
92
50
180
269
150
121
98
296
265
217
247
199
158
259
185
257
64
150
264
158
87
111
19
192
55
224
141
1
2
48
203
214
208
51
37
255
70
236
50
242
160
255
138
243
180
263
83
188
33
236
167
194
262
138
174
179
8
111
106
229
141
135
51
51
294
81
253
31
165
157
116
62
198
198
291
238
50
257
118
66
42
132
264
72
67
107
53
192
20
140
223
195
7
214
191
9
296
46
235
107
52
144
61
16
53
83
157
243
169
254
273
48
199
111
175
261
150
176
221
194
275
47
71
273
184
86
135
242
140
28
30
171
167
32
228
279
194
118
38
112
288
16
72
181
4
223
67
72
143
155
31
15
62
39
214
221
242
6
177
19
187
18
40
75
164
283
197
82
88
203
121
186
130
198
131
42
47
232
109
223
159
88
66
212
77
227
127
242
131
81
263
221
73
83
248
173
83
227
9
115
39
28
38
75
79
286
170
222
2
205
164
153
22
212
182
213
219
259
62
1
269
24
53
227
17
1
255
248
219
192
242
299
14
215
23
180
232
289
23
243
167
22
291
216
188
99
186
61
296
23
195
199
160
199
155
16
161
198
51
89
152
233
298
100
122
121
236
222
99
148
171
121
288
79
41
172
293
116
156
261
96
66
281
240
114
143
133
143
73
199
40
241
204
66
167
109
91
222
34
10
190
145
254
70
101
100
90
16
52
99
125
77
57
74
50
163
62
165
91
158
279
94
60
37
102
154
198
122
37
252
52
47
3
36
204
112
291
167
191
172
146
94
50
245
2
77
289
31
35
146
224
64
133
262
209
1
16
71
5
234
299
116
279
271
42
81
197
245
292
22
296
158
40
11
62
179
277
94
261
94
287
285
287
58
68
239
195
207
84
7
205
238
256
128
188
147
122
142
268
181
80
212
24
190
297
11
276
16
177
163
179
59
95
272
100
153
48
123
268
163
269
230
100
158
194
260
48
38
153
201
299
157
269
77
34
100
151
104
227
217
173
99
181
184
68
114
6
194
1
212
212
167
242
230
24
193
103
138
102
37
67
282
113
71
62
217
70
19
218
131
182
47
69
242
34
206
95
195
271
251
9
191
33
246
146
124
284
267
246
37
38
39
69
65
248
226
235
147
250
273
95
240
225
43
100
141
195
90
252
240
45
175
256
173
14
1
9
96
121
195
203
272
138
249
153
197
24
132
184
5
25
253
98
31
10
82
278
75
187
18
278
203
211
5
57
228
178
300
209
230
98
260
54
286
132
113
286
208
125
235
274
148
105
170
142
22
11
50
299
262
256
107
70
100
109
275
139
223
192
88
227
207
122
201
150
94
150
78
122
268
156
204
177
293
177
279
142
219
260
146
241
55
274
149
232
203
213
212
162
17
29
166
261
76
279
66
1
7
8
2
18
293
248
273
43
92
294
112
5
282
243
85
258
27
296
66
188
69
86
233
71
177
186
42
55
55
151
233
48
164
223
131
12
115
28
196
9
144
90
25
42
293
5
18
131
299
49
102
39
217
196
288
34
21
7
51
232
109
237
169
107
288
75
72
34
257
228
146
34
169
15
130
30
218
143
254
295
7
148
256
120
165
200
277
196
296
288
281
279
290
83
277
239
285
170
203
99
220
127
60
144
225
52
24
118
218
216
28
229
186
144
275
231
13
37
191
136
30
15
64
191
73
120
214
229
197
142
58
242
237
228
69
269
127
40
283
21
252
130
192
166
9
108
116
3
110
205
211
227
134
250
233
120
164
163
110
271
212
294
286
153
189
114
132
257
262
190
282
44
223
196
202
181
252
148
67
94
227
97
198
291
261
157
26
240
150
96
235
275
284
187
103
5
29
56
52
85
166
247
198
220
208
238
262
116
228
8
277
272
119
260
54
269
34
128
297
59
174
125
166
242
2
3
265
232
170
225
46
129
203
95
130
203
109
48
256
256
214
296
247
215
294
17
138
95
63
52
53
210
218
215
183
180
7
1
57
164
92
240
243
231
174
86
136
150
2
182
38
105
253
77
97
262
265
165
204
254
298
39
75
97
66
167
71
191
14
2
261
206
99
67
49
199
23
281
113
270
274
190
41
95
152
183
77
9
138
88
172
121
160
197
142
88
242
186
251
69
97
108
202
239
109
179
70
75
281
232
148
87
264
179
14
175
202
213
138
69
189
275
242
206
196
30
64
55
117
294
264
199
103
209
156
123
195
44
167
215
82
298
278
52
59
192
223
67
297
246
241
45
252
131
299
104
227
53
195
24
207
131
152
232
297
257
105
145
193
114
171
246
276
6
224
174
235
115
84
249
230
208
232
203
251
268
221
5
176
100
275
87
48
