6645
20
46
278
78
298
217
212
162
76
222
25
7
265
81
161
82
44
49
33
209
287
118
285
39
210
264
216
187
228
18
40
244
22
250
49
76
153
27
2
157
208
112
221
5
140
72
263
213
232
128
32
223
255
112
263
78
235
23
231
166
270
204
32
292
191
238
277
142
267
12
270
140
251
19
191
90
146
109
105
164
141
59
233
224
142
169
194
178
23
266
50
225
267
40
59
171
236
49
94
61
124
33
254
187
10
196
191
56
213
131
155
13
10
236
95
91
215
30
258
95
299
94
208
187
202
168
169
247
107
41
237
10
217
89
277
245
49
24
115
278
164
251
144
100
264
33
206
100
253
165
230
116
44
204
129
156
107
3
289
111
68
234
107
140
46
235
34
3
86
83
12
125
282
63
5
73
137
75
238
78
189
232
233
188
255
172
97
238
207
294
134
275
49
286
64
300
123
155
46
269
80
206
135
116
236
247
138
236
29
40
1
61
105
16
80
161
70
62
140
50
157
281
62
246
284
297
217
93
140
80
148
56
37
15
247
241
113
43
195
135
192
261
63
187
221
91
62
19
79
225
271
107
61
62
244
76
213
290
127
188
227
202
5
50
210
7
238
112
18
194
16
281
94
42
159
8
105
71
32
88
137
186
13
82
269
146
290
47
197
191
130
270
108
236
35
134
149
221
195
178
290
234
51
109
36
267
194
28
103
239
91
121
204
155
75
178
274
171
13
196
30
243
285
190
280
282
5
273
262
124
198
54
133
24
8
33
147
191
97
277
125
256
14
213
150
74
226
291
205
152
116
197
133
134
99
285
27
21
259
28
277
211
206
123
215
147
8
289
98
97
299
138
52
223
147
215
132
200
229
198
135
107
70
219
55
137
136
157
64
279
197
135
137
175
264
253
270
136
249
49
102
91
11
16
199
86
229
18
167
56
170
281
287
173
142
1
22
300
165
193
264
11
158
102
187
115
140
11
242
289
219
248
164
3
172
115
92
148
240
201
91
284
63
162
82
155
97
250
167
246
237
117
181
225
6
176
123
163
256
148
248
64
65
63
184
6
271
39
166
90
281
216
188
55
35
213
98
252
274
216
94
94
15
127
176
109
198
270
11
221
269
185
212
274
23
152
259
107
224
67
290
75
222
139
34
123
159
245
237
163
25
68
263
130
217
223
188
299
259
63
213
3
188
132
178
220
24
131
116
117
23
122
136
83
261
282
118
138
197
248
165
219
257
258
127
3
242
13
9
282
74
73
248
126
40
7
299
110
105
162
117
122
33
59
51
287
181
145
184
272
55
175
117
91
141
125
176
133
210
18
76
63
97
123
86
245
228
22
119
294
195
140
23
229
243
166
22
228
42
292
255
52
220
173
23
139
211
42
230
47
18
45
103
121
184
48
44
71
180
81
95
285
5
84
221
46
22
142
173
170
87
102
124
51
278
68
153
163
286
44
190
90
166
177
17
259
30
121
23
3
133
164
268
167
266
194
74
299
133
52
16
185
281
61
151
265
19
210
155
142
182
143
287
264
183
249
37
132
44
15
234
120
95
91
8
2
162
220
235
216
294
284
211
144
165
280
183
264
45
171
3
34
185
238
198
178
270
181
226
131
222
235
175
159
19
38
79
116
83
163
232
89
159
162
140
224
115
208
143
7
259
170
258
177
88
298
94
77
170
70
146
81
139
282
191
182
245
215
27
292
29
74
136
52
151
75
246
144
145
22
99
294
251
292
99
220
254
138
272
20
272
142
130
187
218
261
190
119
55
167
246
152
147
100
122
175
46
172
246
57
238
164
167
36
209
118
54
80
195
137
180
97
183
91
203
128
111
18
258
108
245
198
163
126
244
202
224
85
195
48
210
243
38
204
162
190
209
244
220
233
262
180
283
245
91
256
150
139
1
221
261
62
90
91
1
117
124
201
20
260
162
139
193
160
195
190
174
1
38
168
145
296
31
69
259
168
220
229
128
198
247
74
3
176
128
101
47
248
54
250
300
4
130
69
262
45
48
15
163
162
41
164
266
30
232
145
133
254
279
81
221
3
3
34
282
64
18
201
171
189
242
64
59
60
73
222
166
176
272
281
19
254
227
17
94
16
243
44
63
37
83
29
163
236
181
216
78
2
245
128
280
288
16
170
30
140
268
231
179
174
268
2
298
284
282
157
43
130
123
277
124
284
208
277
185
124
12
150
264
9
226
110
139
1
47
269
90
237
98
109
272
264
153
136
53
258
254
165
261
156
115
30
277
110
196
280
128
209
104
264
232
242
122
50
288
215
275
242
97
61
117
14
52
277
212
190
84
87
188
211
205
132
118
82
291
85
91
79
50
71
252
204
209
290
114
282
229
300
20
223
249
299
146
162
69
272
162
135
151
189
38
91
232
165
256
20
118
251
184
249
58
295
174
55
129
5
129
169
150
208
112
107
150
13
72
188
128
206
24
109
244
99
34
89
91
43
71
23
24
28
283
194
14
40
44
47
77
178
276
209
94
202
245
201
72
88
140
113
92
210
263
72
208
246
259
6
284
13
158
103
79
193
300
139
275
8
76
176
154
124
86
276
209
8
42
220
121
269
204
139
64
119
148
187
70
259
16
92
245
2
128
78
256
66
241
30
66
86
285
172
88
238
23
193
216
45
125
29
105
248
167
147
163
153
252
295
39
67
188
248
244
259
74
89
91
294
289
215
163
288
197
200
268
3
288
171
59
51
156
107
281
247
140
221
205
205
101
272
129
143
137
22
168
171
291
85
251
73
226
158
299
230
48
50
283
156
15
14
218
9
158
158
270
224
230
190
226
143
48
89
191
205
258
274
63
123
285
86
161
5
78
143
244
192
66
152
111
168
131
228
21
171
279
129
29
68
146
141
186
250
257
127
8
170
104
271
237
130
80
244
119
61
88
95
51
169
280
105
202
298
191
82
231
121
86
123
194
248
107
211
138
8
29
12
272
37
121
29
182
13
125
236
153
156
109
255
102
36
165
239
66
204
177
46
32
252
170
97
254
136
272
90
126
175
245
229
175
215
194
192
62
295
88
267
81
114
235
160
170
263
37
73
223
248
163
61
282
121
31
32
86
85
188
269
181
230
16
246
198
298
76
188
9
83
169
190
126
9
136
215
162
144
250
242
226
13
167
280
100
214
16
20
51
260
198
121
156
42
264
145
228
261
109
245
198
226
200
40
169
294
277
163
106
235
43
5
166
58
59
71
102
237
286
148
198
154
12
278
36
217
16
276
24
181
157
33
97
233
7
246
257
164
17
132
277
215
172
84
243
242
96
212
52
2
222
276
121
19
5
82
256
96
20
244
256
63
8
59
215
288
134
272
45
89
164
132
235
216
298
79
233
147
229
51
27
130
167
285
292
4
50
108
147
163
189
54
174
179
36
142
84
262
300
71
52
134
149
70
23
43
175
139
244
172
168
181
286
292
87
24
28
100
35
182
194
281
245
192
207
277
83
41
258
165
80
66
132
211
268
57
194
124
202
125
231
16
134
125
120
38
200
44
286
169
78
128
109
264
193
254
272
167
164
225
84
37
293
80
254
21
174
66
27
66
46
73
84
155
128
102
93
213
101
122
24
290
2
12
11
108
275
257
281
275
163
292
113
68
273
63
292
119
201
84
153
22
284
147
88
70
24
251
288
271
81
265
114
240
121
19
221
91
146
81
189
82
1
5
105
283
29
297
259
225
249
179
15
196
1
136
72
257
102
248
210
258
89
147
164
168
131
188
187
162
96
178
270
225
99
134
13
223
195
13
148
275
226
92
278
262
286
250
94
299
201
5
264
33
41
100
22
162
35
161
74
119
69
208
226
11
7
32
235
190
300
153
106
135
90
252
220
31
36
147
287
210
77
23
208
119
288
149
151
109
4
169
63
233
119
224
71
253
186
161
36
140
53
265
288
253
26
286
50
135
92
143
284
238
74
14
257
127
129
275
77
292
73
64
294
241
92
285
159
3
42
230
42
75
130
215
84
248
12
254
152
298
62
7
189
74
25
183
167
199
94
267
26
200
300
213
178
35
61
19
186
39
187
1
32
250
48
221
71
31
84
233
173
84
203
205
172
78
19
262
249
112
177
45
286
285
300
140
39
280
93
236
228
213
225
102
288
224
174
235
275
61
5
176
288
172
202
74
7
269
82
80
250
130
263
5
119
260
261
258
235
226
225
274
256
149
77
111
111
288
218
278
262
186
198
52
246
249
220
203
106
74
251
26
105
297
107
66
39
171
85
13
159
106
104
77
188
8
134
134
127
116
297
88
62
254
226
273
236
115
31
141
211
52
111
124
89
150
217
115
237
111
28
262
248
286
90
76
12
17
212
235
169
123
135
91
153
64
213
71
209
131
42
130
59
120
22
196
57
127
93
96
81
202
279
16
129
142
164
8
192
163
29
4
240
155
288
55
18
79
156
284
228
177
215
195
42
245
104
101
124
55
13
289
117
265
179
104
13
79
164
293
94
290
94
164
191
15
274
105
44
38
32
194
125
231
201
285
92
179
145
206
53
158
57
264
121
140
262
192
281
68
283
169
290
291
64
92
291
136
152
105
117
299
176
128
273
77
271
173
252
29
158
121
198
117
279
80
177
187
20
50
244
207
33
30
72
266
104
269
57
215
109
108
160
257
94
282
86
36
173
185
128
166
133
141
233
290
56
66
178
137
107
81
220
103
112
70
211
19
177
252
295
251
203
154
91
249
40
298
103
269
178
170
166
278
226
152
222
11
73
67
112
272
180
207
293
243
173
91
145
186
115
75
18
141
130
156
112
88
101
245
49
167
212
259
23
142
83
178
260
139
53
211
54
24
286
226
217
252
2
61
118
190
177
68
243
13
120
114
185
280
65
287
259
122
174
132
153
192
290
65
184
260
78
79
295
50
187
182
66
212
179
45
54
249
289
166
202
142
245
30
17
223
134
138
81
131
182
254
72
232
20
167
287
76
223
9
150
80
98
145
207
217
107
179
284
205
25
290
66
170
123
16
132
115
261
264
231
41
121
105
106
278
288
6
118
261
116
67
108
206
65
165
78
268
136
177
247
126
1
188
230
73
281
216
188
27
215
137
109
191
85
28
174
287
299
222
125
21
282
82
300
85
93
271
67
41
50
298
274
234
35
251
24
44
86
90
41
224
299
277
57
266
6
29
227
240
102
243
51
292
136
99
128
2
92
80
135
19
126
146
163
145
54
278
25
256
129
203
106
216
37
60
192
110
113
163
182
103
119
158
291
130
238
66
87
62
85
76
237
1
92
181
108
74
207
19
97
192
35
199
259
32
180
278
210
42
227
206
110
221
55
129
267
49
41
85
67
269
98
228
208
29
196
297
216
218
217
160
120
277
153
194
280
36
288
273
118
193
229
25
27
290
296
26
50
125
192
58
25
217
166
104
99
209
271
40
119
245
40
278
87
236
236
235
30
160
288
206
136
169
8
264
70
166
156
234
271
145
214
119
167
53
10
179
209
221
253
16
197
170
287
204
181
169
24
5
253
57
83
109
192
249
150
186
146
290
56
274
75
144
12
300
5
66
56
181
190
74
220
101
96
279
87
287
251
86
170
136
176
49
16
241
154
229
85
164
9
183
46
35
93
249
77
279
204
246
240
150
40
114
122
185
205
255
196
20
283
278
66
234
54
78
197
156
188
31
15
189
280
241
134
125
160
192
261
198
231
154
270
62
148
279
251
230
163
67
29
76
231
27
84
163
281
124
38
150
4
234
283
67
36
28
215
68
51
297
9
113
255
272
12
272
177
226
143
115
299
291
166
200
147
25
269
26
134
219
124
258
250
126
132
55
117
79
90
161
45
253
82
115
262
41
250
53
209
172
26
112
12
259
267
195
276
199
72
144
20
32
197
111
236
269
227
51
58
14
159
189
162
137
94
23
6
45
83
287
151
50
54
22
257
297
261
211
258
182
65
253
59
86
99
266
175
175
3
249
102
67
32
93
234
212
131
66
48
47
261
272
273
197
110
44
191
7
245
149
78
178
173
211
55
39
73
42
158
16
100
219
217
12
244
12
45
136
181
45
218
58
11
23
166
201
93
70
171
24
57
262
118
282
8
98
156
161
111
221
291
226
198
194
294
101
198
185
148
271
241
187
67
16
282
126
24
264
250
227
270
51
175
295
29
230
159
36
147
264
255
299
186
191
216
246
223
288
191
273
77
127
280
202
53
78
70
2
62
69
264
151
246
221
83
216
199
44
100
206
226
5
29
256
299
276
222
283
26
175
244
283
283
269
226
297
20
206
78
140
190
59
144
202
80
190
93
40
145
104
80
217
118
189
242
22
278
139
29
63
90
201
128
133
38
195
1
67
29
76
147
61
8
112
296
210
241
136
163
84
175
202
256
98
1
237
126
290
5
267
272
178
112
178
134
9
141
179
175
275
27
219
64
75
184
227
22
212
32
172
12
99
200
38
39
129
159
152
275
80
221
31
74
168
101
205
118
183
231
288
44
68
20
39
119
54
86
95
233
267
5
215
14
291
99
73
148
262
146
275
294
230
176
259
272
87
92
263
204
141
26
185
36
54
255
152
81
131
146
51
191
161
234
121
130
214
266
271
294
253
189
157
242
66
90
221
241
237
55
84
164
83
241
209
160
5
227
22
268
251
246
105
243
90
243
191
146
299
48
220
62
28
115
5
52
132
263
269
134
68
125
62
56
90
198
264
73
233
204
87
104
55
140
219
186
283
4
2
47
46
97
58
129
179
296
277
85
141
108
73
296
131
201
130
199
148
64
92
196
218
124
216
167
200
32
102
147
13
14
236
130
225
34
138
264
125
238
92
218
172
183
231
182
83
41
97
290
172
245
203
212
21
129
256
136
245
67
231
12
87
200
111
179
90
292
29
134
37
276
129
110
235
211
185
56
245
295
130
8
286
110
261
139
263
56
164
166
271
88
234
197
106
76
109
281
206
14
257
133
53
171
282
189
298
52
54
234
73
198
256
209
160
20
88
282
35
187
76
299
164
260
57
282
19
263
248
118
89
139
127
66
57
137
223
77
225
143
71
83
159
177
159
229
179
40
187
150
265
215
91
94
12
7
150
79
74
97
38
165
192
228
120
48
294
245
186
272
162
18
83
159
248
78
170
164
31
121
147
54
130
7
169
221
90
10
258
142
122
24
244
273
225
64
72
225
128
291
279
296
84
66
221
139
254
200
56
228
149
252
244
16
120
21
160
41
94
70
203
190
32
241
15
266
4
199
26
265
240
264
27
90
27
49
245
227
4
257
45
41
23
193
239
232
163
300
289
133
49
47
91
245
35
118
298
142
212
183
216
258
214
296
220
291
157
127
205
68
281
192
89
202
228
126
38
125
115
206
7
118
277
191
82
38
133
60
208
86
290
225
160
59
222
147
24
61
22
246
189
192
211
22
267
113
249
277
70
16
292
141
271
26
210
14
79
29
238
137
85
210
169
44
76
33
100
276
21
206
55
134
35
162
276
262
142
283
125
136
290
171
161
91
283
238
120
150
101
225
185
163
62
149
287
153
242
257
78
35
280
147
18
150
150
244
51
187
78
155
126
48
194
172
180
93
216
249
111
282
154
186
170
290
132
120
17
51
156
32
166
193
145
251
264
198
84
20
110
210
128
36
64
77
24
35
179
4
229
121
238
202
223
48
81
63
230
101
173
157
234
103
131
89
121
143
40
145
243
227
169
78
206
224
287
115
131
62
76
232
283
57
126
48
38
239
165
211
176
241
264
170
208
142
92
208
94
156
214
250
39
252
69
136
54
40
210
52
186
206
290
284
115
232
102
28
39
251
254
218
177
54
197
218
102
207
141
84
194
81
128
275
208
2
260
197
89
38
103
47
252
171
67
112
204
87
208
269
9
118
129
154
32
139
221
198
279
258
178
179
62
101
239
251
42
283
242
2
287
234
92
192
89
111
182
287
187
206
112
245
15
178
229
221
71
60
44
228
44
260
155
292
83
12
77
233
66
149
119
130
255
119
145
107
280
168
224
201
227
229
261
96
29
29
233
272
275
60
11
57
105
287
279
203
283
274
245
214
241
246
47
94
263
26
203
44
196
212
195
212
90
69
35
183
42
289
120
205
11
168
102
270
206
106
163
116
41
117
47
69
1
194
140
184
130
130
177
196
50
299
200
73
63
220
242
224
218
222
101
275
218
298
136
275
14
196
133
243
271
102
40
247
142
53
38
28
164
246
258
233
13
215
131
93
279
84
168
275
7
255
96
242
164
57
54
66
279
259
175
232
151
266
231
262
190
115
212
287
238
283
229
9
105
148
273
61
282
235
109
157
51
61
169
167
257
17
290
268
85
276
219
256
210
14
118
160
260
101
70
217
300
170
5
137
42
194
53
221
193
256
58
268
276
235
270
11
105
240
220
245
54
77
92
209
296
95
95
32
248
249
210
22
5
57
276
230
2
60
101
185
119
252
216
172
30
166
41
109
242
280
161
195
161
112
105
184
142
149
205
179
96
105
5
256
245
52
284
299
42
166
213
99
109
220
229
253
68
121
129
207
247
278
259
15
185
17
136
62
16
90
114
198
299
196
2
256
292
66
9
149
131
84
192
222
147
70
245
73
233
188
139
35
134
50
196
91
45
191
214
6
2
219
290
205
227
41
96
29
11
231
87
75
245
295
271
156
8
260
190
58
128
74
226
39
125
55
268
55
120
187
52
44
207
33
107
102
82
273
274
70
222
263
129
8
88
99
221
98
196
194
142
231
284
81
167
241
160
141
49
207
249
117
285
94
261
254
42
144
197
120
66
261
267
112
69
122
42
275
251
114
92
53
200
271
202
115
260
112
219
61
191
261
42
92
193
118
46
289
62
296
128
186
96
124
297
93
244
66
34
145
214
51
171
157
173
33
168
228
29
119
232
286
249
196
12
161
255
179
49
183
104
124
200
236
277
253
225
298
228
235
192
260
176
267
96
15
45
4
62
271
188
282
73
168
296
82
294
18
256
126
224
130
153
53
287
173
116
160
98
35
271
70
132
188
264
171
219
277
145
9
140
36
274
45
122
167
256
46
270
174
24
122
42
245
83
57
49
176
297
11
118
36
273
173
36
83
106
291
288
37
242
69
25
176
214
264
117
211
25
39
64
92
295
31
63
205
19
229
247
59
133
45
66
176
278
250
175
256
226
118
268
232
217
168
122
188
94
189
100
52
52
275
156
116
164
7
57
146
37
210
183
300
189
138
188
236
90
225
160
97
254
207
98
23
114
297
151
165
246
130
53
281
209
67
177
50
277
165
242
62
19
91
82
31
239
283
269
291
146
174
41
212
191
8
170
273
98
207
268
175
153
216
257
248
223
99
160
65
241
205
96
76
109
181
174
89
204
131
56
135
229
52
38
5
36
156
245
15
113
47
258
289
188
13
108
40
147
222
148
164
68
289
29
188
243
29
237
39
211
280
49
25
82
16
12
62
115
241
241
94
198
281
232
236
97
83
210
257
21
25
137
283
62
240
42
144
121
167
44
181
179
39
219
30
113
123
273
60
237
83
104
78
144
92
94
151
93
15
190
198
148
296
216
54
292
272
128
85
259
101
142
121
277
221
93
252
239
39
192
300
122
205
68
284
270
17
199
102
202
236
280
80
111
216
280
105
53
85
269
152
152
282
124
95
160
106
237
160
266
55
296
137
216
97
58
20
47
129
268
146
139
211
203
237
127
196
127
48
82
221
157
151
189
29
1
9
27
269
253
228
20
57
231
61
148
238
190
14
121
5
156
107
19
224
202
90
137
130
275
242
166
25
197
177
124
287
148
188
141
216
245
229
280
229
261
7
117
83
267
68
245
118
225
142
188
194
6
181
12
128
179
111
125
119
156
46
294
198
101
167
73
133
68
225
181
71
60
89
3
278
128
215
89
21
245
156
198
95
27
289
116
135
171
289
246
164
117
142
29
209
73
188
126
44
124
64
159
43
77
242
10
221
244
200
23
21
43
281
87
71
190
129
81
73
202
26
118
224
239
2
191
92
117
69
228
14
226
9
128
278
220
5
90
188
156
215
182
261
212
216
70
178
204
188
294
99
13
1
115
273
173
190
21
30
190
61
56
48
186
200
31
154
55
249
194
226
11
164
268
202
14
200
191
184
185
88
246
253
95
48
134
141
151
205
156
274
121
130
8
113
82
139
163
153
110
168
206
269
215
260
14
193
106
67
286
204
265
94
113
113
60
248
185
1
86
3
56
254
152
14
80
183
37
150
203
14
243
134
211
177
254
46
34
64
173
284
188
53
92
86
182
203
298
74
99
139
54
239
63
146
191
24
168
272
150
35
111
34
184
66
251
28
121
128
77
1
47
118
199
98
32
102
132
238
291
32
74
245
126
129
115
196
287
85
244
215
47
201
39
165
278
271
257
89
173
154
213
186
138
182
281
268
148
129
22
151
199
78
137
242
46
109
86
233
268
243
106
205
81
236
165
188
38
209
250
226
167
232
61
46
87
69
10
56
211
135
7
117
236
141
34
280
6
110
288
153
222
52
173
99
120
6
153
28
266
183
275
122
255
207
188
258
140
169
142
199
215
67
54
267
92
59
133
123
89
155
97
57
242
111
201
141
93
189
98
17
52
14
255
91
70
133
197
299
273
116
217
276
121
275
81
249
48
168
32
200
123
34
21
221
42
278
77
115
141
297
266
147
293
222
33
202
292
8
227
230
204
157
248
268
69
139
11
91
248
113
55
198
113
85
154
101
24
239
174
50
44
126
152
162
157
297
43
299
279
108
82
81
166
284
278
72
173
137
39
144
45
191
20
99
270
17
271
105
236
275
89
203
298
96
129
57
266
133
64
143
5
239
17
274
184
123
267
125
277
74
144
154
128
64
19
173
77
282
248
69
266
31
93
36
222
144
182
175
279
240
9
217
110
213
146
125
33
7
63
21
8
12
143
213
92
149
148
185
290
232
48
281
223
211
224
112
285
6
239
5
178
187
205
35
2
91
84
53
34
277
250
25
44
285
220
68
202
258
198
29
93
102
59
50
164
277
56
56
191
12
186
176
111
252
180
102
290
298
193
175
101
88
69
12
283
254
62
300
267
293
262
145
273
228
210
37
48
281
128
78
197
37
113
276
71
28
165
249
108
228
200
147
198
198
208
154
10
130
29
203
11
24
172
247
215
277
118
240
287
20
173
183
94
121
241
177
84
104
16
243
46
21
120
16
89
143
161
92
1
108
65
16
235
30
74
165
58
112
15
190
257
129
91
156
191
62
47
204
74
75
138
277
109
279
125
56
277
210
131
101
82
85
27
185
29
151
14
236
297
91
15
250
150
284
247
136
297
271
132
63
105
291
131
259
46
2
79
246
152
135
136
37
219
176
193
73
219
241
267
176
203
153
214
44
224
149
61
225
243
277
1
40
37
42
113
3
211
99
171
288
23
290
200
14
116
258
210
186
106
22
78
263
140
94
174
254
150
188
86
147
44
289
42
199
96
16
195
97
172
179
275
21
69
128
235
78
13
85
171
92
93
61
46
272
86
22
39
2
120
216
140
239
51
168
294
120
93
226
257
4
235
243
292
44
170
37
239
29
136
178
207
276
287
151
283
284
107
77
57
262
295
229
149
145
158
17
15
145
71
213
52
187
180
253
11
20
160
58
248
63
30
37
150
136
246
108
153
234
22
249
15
281
34
258
47
218
11
241
88
124
68
108
91
247
132
206
121
285
186
198
48
103
202
277
45
94
58
38
233
55
70
16
140
47
163
260
159
222
50
94
30
239
218
212
143
245
157
220
87
286
43
194
88
68
54
104
250
187
212
160
190
8
152
97
272
122
115
300
42
11
196
12
233
111
191
153
168
70
7
205
102
202
29
160
179
278
123
68
152
6
39
240
3
75
88
57
173
179
70
111
269
120
38
291
57
118
136
199
73
223
221
50
250
28
235
260
92
52
119
195
63
231
212
122
230
233
295
65
136
121
77
41
193
297
162
58
22
32
274
19
83
63
75
250
3
129
86
105
109
205
265
248
258
265
49
275
172
225
207
68
70
33
8
19
181
259
88
149
152
19
280
176
285
289
144
242
78
118
170
159
73
254
53
89
128
100
270
107
65
1
212
279
71
162
113
68
74
190
161
231
159
270
32
90
272
209
42
115
75
164
139
295
168
297
181
1
228
291
274
107
208
281
24
193
218
250
280
166
218
27
57
80
157
30
224
288
236
286
233
36
144
110
8
118
274
167
212
18
146
23
259
164
88
85
111
169
30
107
256
115
9
7
261
278
228
53
289
268
172
40
218
43
92
138
235
131
154
145
295
236
144
237
221
242
222
73
135
73
64
278
72
48
223
114
264
212
212
21
177
179
72
79
147
253
233
278
123
248
7
295
44
157
71
120
10
126
217
287
269
98
54
120
49
42
33
138
167
94
68
97
298
223
99
258
236
220
267
92
113
219
36
275
288
61
292
196
218
142
187
70
128
248
127
52
247
220
7
47
77
270
270
164
133
91
121
198
164
110
127
66
32
166
271
282
18
120
73
60
115
192
22
75
149
86
212
250
125
59
95
257
33
93
21
70
296
146
160
8
176
131
161
175
50
206
104
223
131
176
98
225
133
282
15
63
184
183
117
170
177
24
5
93
255
146
261
169
97
98
183
65
78
101
286
141
26
244
205
119
55
284
289
212
165
199
57
134
79
112
161
37
113
213
65
201
76
126
68
91
287
221
20
173
171
262
175
6
138
238
104
183
122
31
179
99
2
26
132
240
161
245
12
65
269
286
61
4
185
65
255
139
122
174
259
232
75
263
67
167
212
43
148
151
168
64
203
246
78
190
299
210
249
143
216
194
141
286
71
294
64
50
19
6
15
35
91
293
261
95
84
180
269
185
129
48
267
282
138
292
77
130
264
18
144
193
127
199
150
170
99
29
152
56
236
29
207
66
71
170
288
135
148
126
82
72
262
173
133
290
134
178
263
120
270
4
156
157
208
280
38
206
268
207
170
93
157
73
117
137
51
257
121
241
188
162
184
277
188
32
264
105
143
237
244
22
293
116
16
117
81
6
235
172
245
134
6
123
165
107
189
131
213
275
182
229
235
159
82
152
10
227
117
236
111
204
184
129
263
155
121
265
169
150
257
100
187
202
16
78
187
285
51
71
229
200
133
273
67
189
273
214
55
124
183
252
38
51
45
79
120
85
246
171
87
114
223
75
155
59
243
20
95
206
198
190
288
125
91
72
29
222
231
126
218
78
232
179
203
274
9
61
253
217
30
151
32
210
242
29
126
248
244
22
262
235
111
133
289
234
146
39
28
77
42
212
124
154
45
120
168
228
151
182
237
118
283
257
214
253
188
193
107
260
69
275
53
144
124
253
63
126
191
267
255
293
193
250
211
19
163
134
33
248
22
129
257
112
203
288
211
191
162
142
7
95
238
22
41
98
107
19
87
66
74
222
116
166
87
31
147
109
50
126
181
195
122
66
115
275
59
214
123
65
195
106
159
210
280
212
276
300
108
253
270
255
251
193
300
231
294
236
77
225
208
130
300
25
154
176
14
50
247
293
105
286
249
12
204
86
102
120
300
154
144
37
85
285
56
52
103
2
13
290
154
54
230
60
11
148
196
172
167
98
265
135
153
208
230
130
121
288
58
146
247
297
186
20
162
8
142
117
220
93
206
231
187
295
32
146
88
66
35
290
175
140
104
212
280
215
63
241
24
153
227
216
172
64
203
16
5
207
175
206
120
18
135
204
112
228
175
275
126
42
87
124
38
166
248
297
259
119
147
253
1
241
292
124
21
261
35
18
82
172
257
298
147
19
183
271
180
273
143
267
130
289
263
28
104
239
186
34
153
35
239
27
239
196
164
96
238
212
138
83
116
23
178
274
197
85
61
258
66
101
71
192
281
215
41
115
276
139
5
28
7
108
209
86
117
29
235
98
151
166
28
61
143
284
50
274
240
105
12
48
185
263
131
249
192
197
131
272
107
291
283
157
233
142
291
164
87
42
247
177
48
72
23
251
249
22
236
165
272
143
194
254
99
167
170
210
22
171
204
183
42
297
150
99
255
136
131
294
171
144
71
110
151
67
248
48
56
271
23
239
263
258
175
186
299
292
226
238
274
106
217
147
80
204
3
93
41
235
205
282
203
165
241
75
156
283
105
178
16
74
111
124
141
162
135
209
105
195
243
6
267
52
280
125
71
103
209
130
283
10
37
252
15
279
247
295
196
181
256
178
272
272
272
245
123
33
84
140
291
178
187
104
169
87
92
227
96
33
137
164
57
135
130
33
172
49
268
228
20
186
101
209
249
271
64
162
264
182
229
207
30
77
11
202
150
17
16
71
248
10
6
119
273
172
182
104
111
247
34
85
173
116
49
20
202
208
60
202
43
157
197
19
63
5
278
70
179
2
285
90
98
289
102
76
4
243
144
154
238
137
157
91
110
59
212
207
51
195
171
24
210
47
77
66
204
191
31
194
243
194
167
34
56
166
238
13
5
141
241
93
124
50
231
209
188
291
88
99
36
202
41
122
109
149
71
255
2
211
50
18
132
12
267
187
125
119
187
85
175
3
248
211
56
106
34
285
143
237
150
292
199
4
243
68
273
300
74
163
245
245
145
221
145
120
252
137
276
61
154
221
243
78
80
17
85
5
41
174
215
276
127
222
29
245
134
44
37
182
283
73
149
145
142
208
20
159
22
90
300
170
165
18
194
35
256
203
102
240
175
200
214
183
285
197
267
267
155
171
22
96
5
186
5
228
275
176
231
130
34
213
34
12
182
117
178
6
126
235
180
237
127
285
263
21
44
129
10
251
145
76
167
246
22
129
273
58
229
154
27
20
197
38
105
47
268
197
154
87
147
180
217
204
300
143
271
142
244
65
257
97
263
279
198
180
262
37
16
259
172
188
55
144
1
98
67
106
26
156
211
65
175
45
57
5
278
244
134
285
152
75
270
127
287
244
36
98
26
14
98
268
169
294
78
260
87
274
176
148
134
174
214
178
256
201
274
82
231
48
24
179
201
199
74
187
249
258
211
115
