6569
148
191
34
41
137
109
91
37
17
234
247
272
216
239
253
125
80
23
15
141
126
254
291
242
125
201
256
164
52
191
267
36
187
209
93
29
254
253
8
106
165
277
287
259
228
65
123
195
44
73
40
247
2
90
291
186
135
282
104
136
300
184
67
164
86
5
149
199
176
216
152
171
97
43
104
275
292
53
11
3
41
13
202
45
26
169
228
172
280
190
100
24
90
182
117
74
280
121
111
61
232
299
26
13
155
70
228
48
2
35
256
241
121
110
174
165
15
254
115
212
125
124
205
182
172
64
92
129
156
104
52
207
237
53
215
161
259
252
298
294
251
262
284
264
270
219
257
89
114
210
65
130
194
10
217
232
262
274
96
114
271
160
124
156
164
128
217
93
157
80
172
288
147
93
212
39
85
166
34
229
102
35
181
36
39
281
77
178
7
235
136
45
23
35
24
284
165
117
216
80
75
185
4
186
43
165
8
99
219
83
71
105
173
100
279
59
64
141
19
227
157
193
36
32
88
178
156
225
222
217
177
150
286
270
281
81
172
72
89
110
295
71
190
258
135
201
136
1
223
30
289
23
150
160
17
122
54
257
299
122
108
206
263
13
73
172
154
246
39
200
77
125
44
129
83
276
227
29
45
285
24
6
284
82
216
28
195
247
77
191
24
6
76
6
138
182
50
111
174
141
92
78
220
199
36
150
242
197
135
134
83
100
84
127
107
263
21
258
28
146
285
175
109
134
36
195
138
203
179
164
55
36
57
254
207
18
168
19
25
242
184
27
176
141
273
172
239
19
215
128
32
196
22
248
163
224
218
209
167
72
153
279
103
56
143
23
19
76
135
23
233
279
51
9
16
14
264
194
68
208
21
241
23
8
242
158
172
273
170
70
75
182
142
162
144
180
151
145
181
109
2
58
185
94
256
11
175
169
59
180
172
66
295
293
57
55
174
3
134
142
268
86
19
226
147
102
48
155
234
14
184
153
266
120
243
297
169
180
272
34
172
43
3
53
233
265
45
252
223
19
183
180
273
141
143
44
88
160
75
269
159
83
288
141
53
246
44
259
3
224
53
156
263
9
115
158
3
288
184
16
129
39
35
99
241
222
270
6
49
247
175
155
231
59
90
51
129
75
289
7
135
65
124
210
131
206
279
90
217
41
67
265
285
242
192
144
295
95
37
52
76
141
271
140
264
165
254
264
148
182
133
62
16
238
5
25
77
22
163
133
134
201
89
95
264
151
279
193
15
278
289
159
42
85
184
19
275
210
200
194
206
96
192
14
62
276
270
282
292
21
103
148
3
237
80
61
269
102
39
282
2
47
100
225
82
90
169
291
167
72
182
57
257
150
200
229
205
27
136
169
122
150
91
91
210
41
66
261
247
218
179
116
31
11
300
47
178
8
170
154
267
141
86
95
111
110
34
199
93
245
78
235
242
232
130
263
158
55
132
99
297
161
175
97
245
22
155
26
55
123
266
139
290
4
150
42
135
123
208
22
285
153
17
157
136
262
41
250
265
6
33
95
86
259
60
15
167
33
33
50
94
62
83
286
161
230
106
5
50
255
54
132
17
111
147
285
300
269
210
97
272
178
240
165
13
117
16
55
78
246
257
285
171
127
6
94
18
251
180
173
236
234
231
167
176
16
279
26
39
14
281
281
278
90
257
221
79
286
125
236
211
50
101
184
140
35
64
242
176
114
230
128
63
253
276
186
175
287
136
107
104
233
186
70
179
94
83
22
130
206
51
117
259
136
143
193
85
152
284
271
77
19
14
242
213
199
115
194
204
140
17
155
155
214
257
246
166
206
154
248
16
96
294
165
114
292
144
130
205
178
221
231
189
189
225
39
222
144
114
234
110
22
120
211
38
160
104
62
100
239
252
146
62
287
124
47
293
193
135
194
192
178
89
278
86
23
265
274
143
148
217
241
41
9
245
294
112
132
15
15
115
193
138
271
224
14
199
148
109
248
180
132
29
230
261
101
132
230
189
170
274
205
137
293
192
141
129
7
227
89
235
9
189
37
123
166
150
196
31
87
203
41
101
275
57
109
121
154
245
49
16
269
197
145
147
154
203
147
245
129
15
274
284
162
171
144
205
7
167
184
13
232
157
164
174
218
95
144
24
243
86
139
121
80
132
109
294
52
140
18
40
41
154
27
185
110
242
192
260
291
105
189
217
48
118
232
155
92
219
104
91
239
268
155
242
95
226
196
48
191
165
15
62
206
199
283
239
249
298
277
16
181
169
95
8
104
201
299
247
137
95
180
13
300
64
155
156
177
81
142
203
290
44
194
104
38
102
129
227
169
116
189
283
169
115
230
143
134
253
64
259
127
42
200
153
100
275
147
265
91
258
3
236
32
106
234
57
41
55
206
223
263
153
71
76
108
73
286
126
253
114
224
226
65
67
78
29
16
201
143
292
236
63
255
95
209
296
66
182
228
150
100
162
75
12
115
242
137
226
99
200
134
268
292
280
64
178
222
228
242
180
263
80
278
9
208
66
291
285
101
165
107
61
164
139
185
206
206
4
162
66
143
123
283
241
73
248
123
297
80
206
262
168
25
102
99
37
129
209
129
180
180
155
173
100
40
222
36
114
106
219
92
243
203
137
72
157
8
45
129
259
46
89
20
63
180
255
98
16
236
165
255
290
106
138
154
145
21
199
282
218
116
11
19
94
177
239
30
94
18
220
172
260
60
147
105
63
122
22
24
292
184
37
154
262
265
64
205
275
298
230
160
23
180
228
17
210
284
211
200
187
165
39
191
239
35
225
250
289
203
134
76
197
2
255
12
236
119
265
209
203
284
161
269
206
263
150
130
271
275
151
51
149
169
295
142
187
36
53
121
117
239
178
126
192
276
148
34
134
245
186
60
245
131
287
295
214
84
160
6
45
99
118
15
107
81
70
172
87
84
42
7
218
252
188
176
219
24
136
160
231
174
203
9
36
136
228
153
234
110
297
67
105
260
7
150
216
206
125
65
285
272
255
206
98
250
238
281
163
291
178
89
291
249
148
275
281
146
294
38
19
297
16
214
247
12
70
50
275
269
222
223
74
291
124
185
249
267
228
38
93
251
11
291
263
149
74
277
292
148
257
2
84
41
159
53
28
49
59
277
35
21
75
125
155
93
117
282
152
281
286
133
270
192
261
100
186
256
21
266
293
68
17
223
201
291
30
229
259
180
204
291
285
81
190
293
119
97
238
46
72
69
138
44
136
13
69
61
25
119
36
24
266
294
135
9
162
109
214
249
199
76
228
28
145
43
239
135
95
99
4
154
280
296
13
146
74
163
31
19
272
103
120
165
222
198
50
46
122
68
127
183
191
47
204
193
272
134
157
19
103
181
174
151
83
22
274
128
234
114
249
168
63
130
95
175
180
166
29
73
42
209
36
296
50
123
279
39
178
114
215
66
130
203
176
124
90
67
273
30
14
158
242
102
295
107
185
22
36
107
26
277
8
62
29
36
175
165
197
67
190
261
67
147
56
92
187
133
59
264
44
85
63
132
199
189
139
289
70
242
187
236
226
28
187
124
300
148
157
15
174
288
164
235
145
143
95
130
289
199
284
239
139
151
246
119
101
239
222
208
240
125
61
231
72
99
175
38
259
270
44
213
110
294
80
68
194
2
192
283
224
182
249
227
27
102
29
201
280
190
159
233
181
289
50
113
171
98
94
8
201
231
172
155
111
81
137
233
290
242
284
282
94
194
87
293
109
231
231
60
8
290
240
296
82
270
81
132
97
133
277
159
76
168
112
146
26
133
181
205
243
21
145
239
271
19
135
24
176
1
64
94
178
127
140
86
281
37
64
122
149
10
74
228
109
260
253
138
117
65
285
70
208
226
206
57
285
203
179
206
277
183
4
84
244
249
222
84
290
148
174
223
212
57
144
285
210
292
157
291
36
74
64
110
256
257
72
229
41
280
248
215
82
165
215
111
179
110
124
66
26
228
212
30
121
262
184
39
161
111
299
195
214
218
56
140
247
141
78
10
10
158
195
280
45
41
73
57
184
251
221
155
263
106
203
91
213
108
121
53
221
241
102
5
286
32
60
291
50
115
169
259
66
103
45
247
82
57
242
123
285
39
291
9
251
190
108
182
257
67
58
158
225
104
113
8
86
198
269
134
247
22
79
69
101
221
190
46
82
200
200
133
79
140
92
39
245
75
263
81
232
198
239
102
5
32
66
87
270
293
92
74
149
87
81
113
255
202
199
174
200
42
69
288
235
52
52
260
15
178
147
266
295
24
285
253
166
140
245
105
278
271
192
288
101
69
61
118
48
65
154
219
288
95
239
12
239
174
287
186
197
36
143
62
188
135
207
4
117
22
122
17
109
213
229
257
202
184
44
111
14
260
28
140
278
241
260
7
179
285
179
204
264
19
261
22
108
71
221
123
213
262
191
225
229
46
260
292
162
72
72
47
225
234
218
170
145
67
13
228
190
139
40
269
93
270
25
179
141
181
4
291
194
77
161
297
292
233
12
11
97
275
137
270
65
116
98
229
13
197
270
44
272
230
72
9
247
189
247
300
81
66
215
287
81
221
146
53
132
103
1
190
50
25
225
250
236
28
143
66
57
5
166
113
72
274
13
96
216
269
122
92
253
252
265
37
145
73
293
107
157
264
238
220
146
294
32
235
247
182
160
33
225
130
44
96
112
243
21
246
290
200
25
27
138
192
147
192
87
5
16
178
167
124
232
45
177
229
122
18
136
109
116
208
4
175
103
225
134
263
138
82
56
1
156
116
299
257
236
90
41
153
242
188
123
145
65
42
208
174
220
127
142
108
36
8
292
300
72
250
159
144
237
204
147
275
246
65
82
185
44
152
191
92
295
250
267
143
60
106
111
214
161
275
289
155
255
221
198
207
205
38
209
247
122
158
237
91
74
71
208
212
286
80
92
113
174
128
51
272
218
82
260
40
48
60
273
172
83
119
245
115
14
264
247
185
44
176
220
230
128
284
202
55
175
293
87
134
290
133
259
298
105
67
202
264
5
212
103
151
71
278
148
77
123
299
217
74
11
105
19
51
254
47
230
43
277
72
8
110
268
181
179
81
36
60
262
143
35
219
195
93
13
173
281
147
51
90
5
66
238
242
51
74
225
205
46
270
30
280
191
262
63
218
269
173
117
203
203
83
195
257
151
243
131
46
23
9
94
138
46
191
40
96
222
35
47
284
155
206
189
271
34
239
119
169
173
273
143
88
263
288
183
116
238
31
223
180
26
268
155
243
240
289
241
33
159
66
76
190
59
261
87
229
226
214
29
213
280
3
121
214
255
102
75
263
44
218
150
185
150
113
220
30
258
213
60
18
296
35
275
103
150
169
54
156
187
201
258
84
95
294
59
49
97
108
189
81
289
279
139
31
263
268
34
145
181
29
155
248
50
14
185
75
80
189
289
62
160
154
132
15
26
95
265
279
179
261
162
229
125
39
235
153
240
30
210
161
228
255
288
44
185
124
22
48
76
16
110
163
71
160
284
268
225
221
183
278
255
292
185
109
158
73
207
252
185
35
191
260
136
100
261
173
239
38
174
267
214
204
7
241
98
8
67
94
22
263
111
88
112
189
148
78
65
177
184
262
47
148
100
93
6
192
30
180
201
82
255
263
1
177
42
235
43
101
56
139
229
247
173
259
40
77
10
247
143
290
185
219
174
292
62
104
100
174
173
74
21
40
294
272
245
232
97
210
282
21
36
8
1
163
73
202
272
263
139
131
164
234
268
288
107
13
22
124
86
296
164
199
299
136
190
265
20
198
139
41
65
25
205
138
49
9
117
284
76
279
180
288
215
143
274
257
15
134
118
295
258
62
109
254
251
139
88
164
200
294
27
96
114
81
268
83
2
145
253
274
275
147
280
241
92
53
162
244
193
226
162
98
34
220
124
163
240
188
251
183
211
218
282
252
83
259
75
293
167
284
171
248
154
38
140
65
284
115
298
124
123
41
6
287
134
179
115
201
121
164
94
147
58
65
96
181
192
81
117
92
69
296
118
257
176
28
48
281
49
36
223
126
171
29
284
110
5
109
15
259
106
168
114
269
14
159
7
253
252
77
154
236
202
89
165
216
60
200
80
261
250
280
215
223
114
52
88
59
16
272
25
208
110
189
112
83
246
118
104
64
174
221
84
281
186
183
93
155
62
45
14
252
274
194
203
272
205
101
119
177
26
29
261
41
229
271
229
41
19
2
223
152
32
148
45
75
116
177
196
97
201
71
87
268
30
62
172
273
296
209
101
236
279
14
189
16
54
186
71
81
111
187
6
234
241
30
141
224
126
17
248
197
265
175
19
133
241
9
143
56
26
281
282
111
22
259
210
108
107
57
246
191
128
273
120
138
186
4
271
59
101
176
212
41
290
215
139
262
218
245
122
186
90
298
222
132
176
154
231
76
276
284
252
179
30
295
132
93
270
201
238
282
163
128
201
217
79
273
126
201
153
221
229
55
175
258
117
172
199
251
94
96
269
18
35
226
233
66
220
255
6
96
103
264
67
4
125
278
172
235
292
34
143
266
190
242
1
210
120
149
163
37
283
96
117
44
139
198
62
92
159
269
291
127
196
160
194
208
115
267
38
250
219
56
223
142
161
262
245
111
201
229
266
151
124
222
17
202
284
147
27
188
117
139
133
95
168
72
242
22
184
271
168
114
144
208
17
27
10
43
225
163
138
300
35
166
147
287
219
224
138
61
38
34
15
89
269
12
216
100
137
115
83
87
87
188
277
185
231
199
57
154
33
223
77
111
146
173
23
190
283
37
180
251
86
276
69
167
182
255
43
246
167
259
8
35
217
293
25
275
71
213
54
154
178
249
295
94
145
39
240
210
211
287
66
144
186
213
297
42
223
218
147
189
155
285
149
145
248
66
146
83
239
252
95
77
143
227
121
244
265
183
95
82
80
136
8
212
190
47
6
146
280
123
41
237
163
107
185
234
273
217
27
73
85
175
277
121
133
127
274
43
91
135
155
292
291
252
147
153
45
188
90
188
217
166
28
251
295
233
95
155
279
203
57
136
37
127
237
260
5
72
160
52
129
102
81
38
135
211
24
273
64
26
91
145
178
180
184
124
61
106
281
236
201
17
269
51
108
276
286
289
24
206
115
176
128
114
127
161
145
232
272
76
87
10
297
264
46
186
253
289
86
176
217
187
26
103
257
180
222
94
57
47
158
232
89
146
94
1
140
119
218
247
239
12
111
50
110
96
262
254
49
22
60
84
207
26
98
164
256
29
286
68
15
4
5
243
35
15
11
216
92
161
278
93
137
161
241
164
190
167
159
256
283
212
15
157
59
159
107
211
276
269
246
181
186
150
50
182
15
40
300
277
83
34
35
290
97
280
196
93
7
120
64
9
254
275
251
124
125
85
58
187
46
109
115
268
133
234
194
295
114
1
179
260
150
46
224
190
151
178
146
273
58
61
56
165
30
101
88
97
95
227
219
215
86
94
30
71
24
98
128
300
181
71
9
265
112
116
26
271
299
264
163
235
285
195
164
282
240
37
210
49
154
182
198
126
135
229
134
74
39
287
97
235
254
2
224
78
287
126
114
228
194
118
228
70
290
290
248
276
203
101
261
46
208
187
213
19
254
207
287
95
264
108
51
241
47
128
128
254
90
63
104
96
63
231
77
37
111
128
211
27
164
1
81
275
233
29
197
141
239
70
259
31
42
223
41
276
258
56
234
214
103
22
56
259
109
92
118
41
202
69
185
261
143
37
208
231
49
24
100
138
239
56
223
168
287
19
139
197
177
182
3
10
162
2
105
230
189
242
100
146
161
247
222
59
216
209
188
47
43
56
143
53
291
233
168
212
292
136
16
5
58
146
245
19
92
204
152
120
269
297
59
262
147
264
185
69
13
249
269
279
5
296
132
95
265
160
78
249
234
194
226
169
6
46
137
82
247
155
211
265
80
225
132
100
282
18
208
135
109
183
11
281
170
157
201
225
295
35
60
293
223
31
269
102
186
27
228
265
25
278
211
258
86
296
233
192
121
15
145
297
298
278
215
212
147
208
250
42
1
288
123
66
263
278
205
226
67
98
83
143
215
121
169
107
133
139
219
178
295
213
267
202
269
58
154
78
24
289
154
94
66
37
271
165
176
259
299
238
191
80
50
60
133
35
150
227
165
55
295
13
204
36
73
293
220
274
141
177
243
47
143
131
19
290
231
114
174
14
216
279
291
235
280
272
55
167
158
230
283
158
167
51
64
74
242
9
53
127
115
40
244
195
138
102
44
158
234
139
3
136
231
117
51
177
130
21
163
106
259
177
241
246
296
286
21
268
114
255
262
230
270
51
183
228
21
260
121
88
182
64
128
192
70
240
219
64
149
188
151
135
114
276
206
230
268
72
229
206
4
143
251
119
255
75
68
289
58
278
110
102
271
150
157
65
74
55
257
17
16
214
192
18
166
142
201
24
214
221
79
159
245
235
17
63
186
194
28
81
42
78
90
267
277
87
204
204
242
117
49
277
169
95
200
106
196
216
170
267
285
160
61
2
111
121
208
238
120
38
294
255
109
106
164
220
9
88
193
197
74
273
113
186
36
147
133
126
4
202
21
193
78
64
7
139
238
172
121
298
206
212
173
26
134
288
138
59
66
67
123
118
231
284
53
191
8
178
115
229
59
235
124
274
246
259
2
260
80
139
246
131
115
149
126
205
163
240
109
286
56
276
36
26
48
235
22
120
153
200
188
216
114
267
271
283
114
231
199
207
239
165
144
58
152
245
124
259
294
126
115
84
278
206
141
136
111
299
169
27
171
176
245
221
168
5
258
41
44
296
196
196
274
146
96
290
267
298
220
226
20
160
3
188
92
105
31
266
118
1
225
120
300
96
33
21
279
157
133
253
75
257
170
285
195
264
199
206
203
121
209
102
86
131
110
10
225
25
218
63
61
75
73
24
144
18
185
66
265
184
141
208
274
131
171
241
115
18
7
270
280
23
246
42
47
241
125
243
258
237
84
44
149
293
2
127
229
156
178
192
199
135
202
31
295
3
220
223
47
15
65
68
115
271
168
176
17
210
119
214
168
113
235
131
185
59
106
5
275
250
173
154
111
215
30
172
198
26
92
258
136
278
187
56
16
281
280
43
183
89
139
232
10
45
240
291
286
155
72
257
231
106
111
183
243
62
76
51
227
203
125
224
158
281
84
156
171
21
98
268
72
270
119
17
275
285
97
234
96
146
93
74
47
188
256
114
268
270
220
90
21
244
43
101
259
18
230
98
118
1
182
72
182
117
284
184
194
27
141
287
179
99
84
81
55
252
130
230
4
25
234
278
95
239
44
250
121
220
276
15
127
116
242
221
118
300
262
4
1
61
293
236
230
214
162
31
191
106
152
161
233
265
106
162
43
70
31
152
126
57
81
72
289
171
188
90
118
72
253
222
166
297
27
108
161
167
231
40
247
38
196
164
288
168
248
109
21
291
85
252
168
39
33
184
90
65
141
272
27
34
283
161
289
159
62
22
261
131
300
183
96
189
224
53
159
225
40
222
254
206
228
171
243
193
154
221
92
166
252
266
50
235
265
51
76
14
53
184
88
236
8
215
277
48
11
20
264
141
298
265
16
295
186
105
163
105
30
269
1
300
196
276
140
283
281
29
31
48
140
119
228
265
170
90
17
165
213
17
224
137
32
127
157
59
255
166
207
172
165
215
273
5
234
38
297
91
141
193
71
215
70
151
11
113
81
124
189
216
172
259
278
90
216
164
80
57
53
154
134
160
34
135
294
91
78
229
136
199
72
31
129
149
3
227
140
52
115
276
82
53
246
80
84
70
161
95
72
80
69
4
42
168
87
219
118
242
262
102
171
113
24
281
268
5
226
66
279
147
95
22
250
267
223
114
214
226
71
77
186
122
19
175
168
54
83
295
154
48
45
211
136
246
254
244
11
112
187
209
38
203
273
218
102
47
281
116
156
274
77
227
218
287
242
139
148
143
45
211
104
264
101
225
290
96
89
176
161
236
187
124
220
194
66
171
128
96
139
229
95
60
19
132
92
256
139
46
100
171
217
187
254
102
66
23
255
260
97
286
82
270
287
126
252
144
118
266
13
9
92
182
112
179
148
134
232
130
124
144
88
63
56
246
74
216
87
206
35
65
296
56
271
44
212
29
245
187
143
99
210
103
176
142
10
43
242
128
9
45
29
220
185
69
15
163
235
29
137
271
85
109
253
264
198
100
151
285
34
50
7
257
216
9
5
36
165
271
188
282
168
232
248
26
6
136
255
136
213
104
236
265
103
127
143
171
182
183
176
167
213
107
54
48
12
128
275
145
10
290
227
281
171
213
283
160
107
20
200
103
35
61
102
256
293
13
300
166
269
206
57
125
71
7
152
104
31
154
199
142
233
96
278
257
130
281
207
91
247
8
299
114
144
148
205
252
120
178
118
247
290
111
94
25
125
173
177
294
218
175
171
81
60
35
196
169
192
192
252
110
111
229
116
106
192
188
295
56
261
4
106
108
115
27
177
91
5
173
55
19
83
174
139
8
107
111
290
145
90
287
237
16
188
111
7
282
161
19
262
138
119
215
275
249
22
290
49
162
73
191
214
211
202
181
185
75
5
166
82
63
287
173
140
198
51
131
134
169
20
267
184
6
240
61
75
218
117
227
141
42
178
174
293
172
276
209
118
248
130
13
8
262
8
101
267
175
21
106
59
179
76
65
234
160
127
131
53
170
99
79
149
280
123
199
239
73
84
51
72
80
69
215
273
274
143
136
258
110
226
163
70
153
128
9
133
52
27
33
241
138
274
142
20
77
279
155
238
44
113
123
230
214
159
45
198
185
272
122
208
9
213
195
173
42
109
14
159
290
220
81
242
250
271
95
22
257
264
193
65
146
190
213
66
36
129
106
205
28
298
90
145
167
230
83
164
103
165
7
199
127
173
288
214
244
266
126
87
25
129
295
27
179
51
207
278
16
160
199
44
291
100
223
166
209
275
126
277
282
177
267
280
45
244
93
179
66
176
58
26
223
171
100
188
47
213
279
244
286
221
74
138
297
209
16
54
134
284
13
281
130
26
10
61
77
247
95
43
205
283
72
22
217
291
153
107
123
182
10
155
259
14
195
4
250
123
160
300
156
209
37
159
126
136
212
91
210
176
193
219
229
174
16
65
232
181
182
81
16
199
48
120
141
252
290
162
13
232
223
264
291
132
241
237
262
288
223
235
26
232
190
185
49
48
3
176
123
99
294
54
55
88
36
10
289
263
197
91
176
103
286
4
276
158
5
5
275
255
131
189
125
164
93
292
216
258
282
282
220
279
29
226
249
115
9
151
9
199
132
30
265
18
234
206
163
229
107
98
179
6
66
184
120
156
46
298
142
296
118
283
116
70
19
44
260
225
183
278
277
56
94
190
87
196
148
25
290
14
35
146
59
20
82
283
228
187
56
228
208
285
130
15
260
252
158
219
112
212
32
195
140
282
244
126
55
156
278
243
108
231
144
237
42
225
177
218
171
299
163
289
192
272
150
257
180
184
71
259
212
62
176
110
234
123
52
19
284
237
106
281
126
167
32
217
237
79
264
73
272
254
259
47
276
27
279
80
211
64
156
164
99
21
135
96
21
222
139
289
207
188
17
292
240
31
172
217
3
211
26
4
40
248
226
113
169
79
90
123
243
223
219
33
194
16
293
72
152
104
61
29
113
41
154
192
281
100
171
127
11
156
151
120
212
157
275
190
90
300
116
105
257
172
269
245
235
221
116
90
127
60
108
275
265
155
109
222
54
106
9
243
221
251
14
225
135
280
205
274
295
88
103
160
66
95
180
191
300
256
176
191
263
215
291
237
105
87
189
65
83
186
145
185
240
79
249
132
202
252
10
291
120
169
264
133
122
164
249
19
12
163
177
296
91
163
251
108
239
104
139
282
212
128
237
24
171
21
75
209
158
290
223
140
28
284
125
89
150
276
182
178
71
9
138
86
299
193
126
80
240
92
165
82
66
192
248
119
134
252
60
47
52
49
46
51
259
86
155
96
142
245
166
184
55
13
145
155
262
176
131
73
237
157
219
45
207
241
193
295
144
200
153
19
294
285
44
204
150
24
52
277
24
208
212
84
113
104
119
27
211
85
81
109
181
290
123
80
164
109
170
27
163
3
145
282
227
225
204
163
217
10
162
218
170
94
194
131
147
31
112
287
205
92
129
72
128
205
57
269
63
6
99
190
91
52
130
147
79
265
48
54
168
216
30
7
196
285
147
77
276
297
244
269
278
83
47
269
195
213
100
144
241
270
92
133
284
146
198
137
197
287
279
187
219
213
254
24
244
127
135
147
90
150
197
166
63
139
245
140
27
156
298
15
76
39
5
264
237
114
145
40
229
115
41
78
132
298
284
285
243
208
191
288
268
11
279
20
205
52
146
251
235
71
75
105
18
155
239
200
50
33
277
41
226
216
126
223
256
157
102
108
102
170
36
69
30
223
16
72
94
210
63
46
102
7
8
278
193
106
190
239
289
134
124
229
82
182
104
267
100
82
249
51
113
140
6
262
257
215
24
135
173
177
226
188
271
94
223
53
93
16
289
49
46
27
52
204
4
12
139
15
288
288
57
83
215
174
37
110
242
116
185
203
173
162
268
248
217
148
123
146
155
122
58
46
268
265
121
71
71
109
40
63
176
293
83
256
168
272
9
42
204
271
82
217
278
135
49
214
46
140
39
105
285
230
103
39
220
113
31
111
19
86
169
25
225
41
7
213
42
285
189
193
178
174
14
158
258
79
118
37
255
127
133
211
27
125
246
180
289
36
221
277
162
144
242
165
84
225
295
242
282
264
12
265
75
9
193
242
198
259
123
72
4
244
194
121
136
3
115
119
269
102
261
142
1
164
37
212
298
83
50
294
178
129
56
212
254
212
138
224
78
125
66
41
261
161
228
234
77
90
43
144
229
286
134
63
278
104
283
23
179
234
201
131
253
6
71
94
88
198
216
25
183
90
70
225
173
288
200
217
100
29
185
192
261
254
168
11
109
199
232
82
40
107
23
54
138
66
125
197
170
294
55
78
164
26
159
291
230
33
298
81
281
114
140
50
223
297
104
63
287
171
151
204
244
104
143
240
8
192
246
44
166
288
67
126
37
135
157
18
179
294
125
297
105
67
182
49
77
70
246
184
117
97
94
169
8
134
74
66
221
235
116
294
198
114
167
228
247
252
280
36
109
250
10
38
222
142
294
241
115
90
10
36
287
108
56
59
70
294
99
250
91
113
90
95
235
142
40
293
209
132
6
249
26
1
35
134
80
240
213
175
151
79
117
255
7
149
33
230
222
22
274
141
131
152
79
96
295
262
242
138
79
230
180
159
280
156
222
112
243
237
160
203
63
261
252
113
178
138
109
133
108
154
279
10
140
67
120
136
270
200
162
69
55
293
102
214
282
103
115
258
105
198
290
149
285
222
39
71
295
210
46
193
203
70
281
281
216
8
298
123
244
85
105
87
272
130
279
294
152
43
186
68
257
127
26
64
240
212
32
182
288
231
258
111
156
37
195
181
132
142
44
61
238
168
144
220
184
188
274
223
252
80
142
298
298
176
57
143
105
141
161
125
157
60
45
130
221
193
77
139
189
136
102
40
59
154
152
139
174
88
178
72
128
136
288
146
173
86
8
186
252
194
157
207
218
82
207
37
87
168
135
234
248
121
282
214
82
80
31
269
166
117
30
142
142
53
219
264
168
19
51
138
52
147
138
193
241
125
48
278
293
107
18
134
106
121
156
23
269
272
137
219
35
86
10
282
129
6
291
33
14
125
167
160
276
287
212
297
176
18
191
262
48
184
61
203
190
186
269
240
83
139
150
109
41
73
39
127
40
248
17
5
69
289
207
49
64
181
134
188
167
143
33
131
42
159
121
260
14
91
295
140
163
280
174
52
225
247
229
294
96
23
93
16
227
92
158
296
237
201
128
241
263
269
102
182
25
284
192
45
172
151
2
59
218
143
227
153
254
162
149
254
117
225
57
75
14
178
122
162
233
91
204
281
96
63
75
237
128
30
264
293
124
7
21
207
77
55
108
286
268
28
100
141
184
282
56
260
21
235
27
60
289
285
259
272
259
186
177
91
71
64
253
259
2
7
265
11
25
270
266
90
12
144
14
176
2
6
244
143
199
116
3
228
154
197
35
270
97
216
265
82
265
182
253
219
130
38
36
197
122
279
88
60
215
280
195
125
137
98
181
118
241
299
66
275
72
153
298
232
114
109
82
245
116
86
154
224
231
271
2
74
99
124
151
17
88
88
230
286
213
72
47
148
160
207
262
78
15
83
35
19
266
37
89
227
114
183
93
32
11
241
203
100
281
111
9
86
107
73
60
108
82
30
189
298
99
183
184
208
213
58
127
188
210
220
25
238
39
232
211
289
242
282
160
142
63
267
199
252
126
278
39
217
252
260
167
156
260
239
73
12
250
143
238
89
294
226
201
257
284
194
45
206
225
286
12
13
112
223
103
293
137
66
144
27
2
159
244
18
281
102
181
44
14
45
110
221
51
63
239
65
253
157
32
166
71
285
192
141
150
107
96
203
234
169
226
114
238
235
278
299
44
209
136
38
175
4
7
83
155
265
146
63
52
109
270
231
57
283
297
198
250
135
196
19
123
156
205
129
151
39
167
185
69
181
200
91
262
12
57
243
293
28
78
275
257
224
216
235
71
167
110
223
149
257
71
116
233
200
179
83
56
64
204
234
107
250
173
247
261
120
285
198
1
271
297
45
178
67
113
215
294
171
229
162
134
299
247
218
235
295
211
51
221
64
177
273
11
93
149
128
93
185
115
164
41
21
88
162
