6704
203
63
230
35
72
208
135
84
142
179
137
58
176
44
95
206
52
248
167
248
57
157
108
230
151
69
104
80
181
158
173
188
128
34
148
153
131
262
171
148
292
158
183
53
142
33
64
33
15
286
177
22
46
59
232
238
291
160
181
202
24
269
20
68
45
106
84
45
55
231
62
32
73
28
93
115
95
268
244
15
26
79
198
173
248
279
8
112
6
284
146
111
252
69
179
132
145
181
144
106
167
224
239
153
154
242
120
85
72
197
137
275
155
265
147
44
25
132
210
300
264
224
129
10
139
78
286
236
94
285
202
138
96
195
268
248
18
211
264
202
75
48
243
154
207
287
273
170
193
7
285
227
102
75
74
154
180
115
262
257
13
299
91
136
159
220
171
210
226
60
186
173
103
40
190
299
82
19
179
158
116
107
192
244
172
55
269
247
240
262
45
34
200
217
125
78
48
108
195
132
135
174
23
212
272
228
259
14
2
44
117
167
81
142
104
71
43
52
88
283
37
35
115
63
84
55
225
223
295
156
170
299
221
171
256
20
211
253
213
79
243
135
215
40
37
233
244
280
157
234
245
140
97
4
89
210
292
5
48
96
163
29
186
97
71
65
267
45
26
2
176
192
216
268
9
67
243
74
292
220
113
291
101
297
274
43
139
114
194
92
129
105
234
27
298
49
120
204
66
185
249
202
66
182
60
216
239
237
148
290
103
4
156
126
67
161
273
34
116
21
76
17
257
208
298
175
125
271
70
24
130
101
121
290
36
14
204
194
125
64
157
286
182
92
122
162
1
220
291
119
14
182
201
223
172
167
220
230
116
144
271
273
142
72
80
260
246
207
16
147
176
48
41
192
167
116
69
23
35
244
14
28
209
160
246
283
77
297
134
60
223
126
122
256
53
31
53
279
91
72
65
151
246
34
116
134
232
23
63
208
160
156
88
181
213
283
186
28
58
162
145
129
47
169
145
118
17
9
24
213
75
123
156
280
34
239
127
47
54
77
240
268
184
29
276
132
75
286
83
91
4
75
91
174
151
205
249
244
191
10
5
141
260
140
26
258
139
73
109
67
273
60
223
28
266
72
22
223
125
156
48
78
114
41
116
163
130
140
155
26
136
231
117
141
276
235
8
65
1
217
59
113
76
169
84
21
42
95
197
105
222
53
70
161
264
144
75
104
80
18
156
135
298
154
181
127
21
210
197
160
291
132
25
173
71
51
110
209
278
38
45
175
4
257
286
6
88
16
284
239
275
228
192
197
50
260
87
214
221
128
276
102
111
237
102
179
204
204
51
176
157
226
287
208
183
86
37
17
63
146
153
222
25
250
98
137
162
242
5
210
138
43
243
252
98
96
30
185
23
22
63
12
175
175
150
288
94
203
17
274
291
229
65
223
162
298
213
157
108
26
77
25
140
21
72
174
40
186
195
160
158
133
59
137
247
142
40
128
60
6
220
166
236
66
222
229
80
1
203
6
65
147
214
227
199
254
266
213
250
230
24
93
266
165
129
263
253
6
19
55
228
101
212
288
86
265
293
135
208
73
182
176
126
249
58
64
56
41
287
215
292
67
102
96
71
196
276
205
188
107
23
67
107
194
269
261
82
49
53
198
11
66
35
119
276
138
161
212
8
113
1
219
222
215
139
179
3
202
247
40
26
36
299
158
5
106
255
128
46
33
248
204
203
203
33
97
86
241
110
130
171
163
198
117
132
212
9
286
287
24
91
47
276
47
101
156
135
148
48
49
262
28
45
243
160
100
274
66
20
34
294
94
259
159
74
255
284
103
249
242
7
122
177
113
237
211
105
30
177
198
225
72
242
296
197
91
62
47
206
295
292
265
59
34
109
7
92
164
37
233
262
54
105
291
4
90
21
21
203
265
185
276
166
257
201
83
222
147
210
109
199
180
179
41
91
95
191
34
193
175
270
157
48
68
300
240
131
59
231
245
26
103
95
164
293
171
68
233
143
225
207
219
102
255
299
76
237
126
274
89
277
1
241
17
86
288
129
231
11
164
118
104
58
296
121
172
82
99
190
61
68
97
8
197
217
118
123
13
247
267
119
127
157
63
53
290
24
295
263
257
215
75
198
265
51
290
147
194
243
66
64
35
12
56
71
174
114
79
143
45
231
21
19
250
155
253
147
49
78
298
160
65
277
59
88
125
83
116
255
23
109
277
237
119
161
276
190
208
103
253
126
108
4
75
12
168
130
82
132
278
218
3
151
194
184
204
55
267
23
297
35
147
25
236
291
107
134
88
234
44
67
213
209
229
111
182
11
20
299
190
279
123
7
189
205
114
92
72
292
14
141
300
77
179
293
280
189
233
88
118
161
125
73
86
206
178
200
134
97
265
188
26
194
18
227
120
286
77
24
109
212
176
112
201
34
23
201
243
226
194
208
282
276
281
15
262
145
86
136
222
290
133
194
129
221
10
193
4
103
108
108
290
157
115
198
124
254
157
123
244
165
177
83
77
285
190
254
85
165
68
107
118
23
150
275
209
4
234
28
137
211
156
140
57
138
209
256
85
150
11
274
260
280
20
249
134
204
22
221
73
101
265
251
176
237
224
66
183
156
6
137
285
237
130
262
69
274
211
245
197
35
97
288
148
132
234
140
120
76
52
36
170
181
267
240
221
254
129
61
258
41
5
58
122
179
220
10
185
291
42
180
87
153
83
156
183
146
282
211
196
30
192
193
282
192
83
68
122
112
225
181
242
254
258
35
277
180
7
240
288
206
84
126
238
174
37
97
5
96
260
19
54
37
63
128
283
278
281
227
173
137
39
216
227
27
107
7
21
99
79
49
288
153
269
30
54
155
268
133
14
202
98
208
37
257
187
237
73
273
219
63
176
51
53
174
294
22
263
172
187
221
251
274
119
280
94
124
83
84
74
267
269
215
213
284
189
229
104
61
4
102
22
225
110
31
24
121
211
144
231
64
143
86
160
105
201
174
56
73
298
157
97
19
203
103
60
71
259
254
54
34
168
15
160
149
300
279
66
216
212
161
83
175
110
141
145
78
208
85
260
77
297
32
212
88
206
63
71
151
132
168
286
58
79
57
190
157
76
224
22
186
163
235
192
112
124
8
220
82
78
43
205
222
28
70
135
61
218
89
44
285
69
273
96
195
28
109
195
152
256
106
186
269
115
2
270
74
186
68
251
53
269
249
155
112
34
74
153
155
59
232
42
154
187
206
17
271
208
4
173
109
152
170
115
198
189
25
91
52
275
3
227
18
237
149
171
164
211
137
217
175
288
165
87
121
195
236
169
262
8
151
259
214
111
180
112
272
103
224
116
209
281
7
146
246
179
271
77
74
259
37
261
141
136
261
286
72
173
254
162
236
71
173
155
111
78
87
159
147
241
138
105
163
265
88
42
112
154
185
128
216
52
111
248
184
30
237
226
192
223
119
226
289
50
212
49
9
98
239
114
139
88
225
134
176
248
263
126
68
20
205
187
62
197
34
99
54
197
97
115
230
102
210
245
176
126
106
37
49
85
218
117
65
298
292
273
68
76
287
22
280
122
87
55
60
185
244
279
125
298
58
51
216
170
13
82
116
11
201
281
148
152
216
175
89
299
147
188
298
217
206
14
120
201
299
202
30
78
223
44
97
21
244
154
259
167
133
12
179
292
236
257
116
139
279
162
53
159
161
248
97
236
285
274
222
143
31
94
282
16
286
200
96
4
181
214
184
216
251
260
210
99
184
244
15
191
198
99
192
255
123
74
30
129
90
48
131
222
87
206
228
43
262
12
213
11
158
237
272
89
126
79
179
57
263
225
38
264
145
37
137
168
27
173
192
86
160
277
175
246
161
200
288
284
124
177
116
141
17
127
135
261
198
50
58
199
207
92
99
144
60
45
110
180
26
46
8
77
270
97
159
266
231
284
70
92
238
237
100
271
65
36
74
85
103
228
41
23
124
238
296
3
69
223
190
90
81
248
190
247
262
163
9
62
232
272
103
106
82
74
152
43
228
217
129
54
53
34
66
33
4
272
254
17
279
45
89
172
272
47
22
28
142
136
219
165
126
33
236
268
57
199
188
239
83
153
37
217
28
275
291
5
61
73
285
113
208
270
243
240
7
280
240
117
293
255
247
223
68
181
291
264
105
60
87
246
68
69
277
187
171
243
25
22
182
145
159
123
182
62
176
165
216
10
22
239
99
246
177
47
275
126
119
87
204
67
268
121
233
87
223
40
289
16
103
42
117
2
8
260
83
199
187
178
137
293
71
225
31
196
176
65
150
155
84
263
236
53
128
43
91
242
27
260
196
79
182
256
108
181
15
297
103
257
88
17
38
103
42
112
135
141
142
34
179
153
93
58
212
91
238
191
199
68
16
2
288
188
91
143
152
162
125
97
175
116
241
65
87
268
89
194
148
57
133
116
86
236
213
257
75
112
57
13
47
185
36
264
99
257
33
228
75
214
268
202
241
30
222
159
160
248
278
208
14
140
54
205
103
161
255
6
16
125
236
258
203
23
71
17
36
23
220
184
102
79
167
70
8
128
227
271
20
229
260
20
105
227
188
46
86
162
68
15
190
79
144
98
14
168
193
204
5
264
251
103
153
245
164
231
44
224
215
79
141
287
220
266
190
83
12
158
55
46
39
290
190
128
100
238
194
93
167
298
18
237
71
131
51
115
286
173
85
113
207
75
163
206
235
243
25
30
17
26
255
76
241
38
256
267
123
241
194
84
97
39
135
89
224
261
123
296
80
51
209
46
109
6
23
81
68
75
202
124
240
158
39
63
198
247
168
56
91
82
122
251
225
165
1
294
193
287
277
300
126
138
67
97
269
24
276
133
122
147
121
2
216
123
231
84
256
61
106
228
118
70
32
258
81
103
296
48
254
269
131
294
274
66
101
44
33
203
6
201
294
122
188
231
181
27
51
223
79
260
130
76
7
239
115
219
259
134
206
258
47
163
197
32
149
223
19
210
157
223
252
137
41
208
258
284
181
106
254
146
288
120
215
157
15
238
202
181
21
298
168
147
248
177
18
189
258
136
105
113
170
63
228
182
137
251
218
60
212
196
212
60
105
9
160
292
167
256
278
18
98
38
142
30
132
199
167
143
289
222
97
118
225
88
120
193
227
11
245
64
138
5
245
20
115
102
162
33
251
26
150
68
144
117
126
248
44
208
47
161
16
244
265
107
190
10
131
284
67
27
77
128
225
238
147
180
215
3
83
39
176
156
110
36
233
255
96
257
214
133
179
79
126
252
21
271
53
3
282
238
191
50
34
217
101
206
7
58
298
184
76
242
128
59
271
168
81
17
83
256
188
150
68
230
109
255
258
91
143
235
297
236
94
137
111
207
68
121
199
26
101
175
213
23
270
183
267
267
271
197
178
72
213
240
67
103
170
235
24
123
39
258
185
286
145
37
182
24
19
250
193
100
202
268
33
210
153
16
225
202
298
273
297
115
288
214
53
216
211
43
179
250
98
274
263
243
49
111
52
107
276
41
24
195
298
232
35
139
11
238
249
70
224
264
208
265
20
119
88
39
85
94
132
142
179
251
49
198
295
218
163
235
72
188
28
62
12
167
93
151
225
286
117
198
148
76
61
41
229
289
99
145
187
196
264
65
270
230
210
280
163
120
272
68
215
84
111
136
143
156
203
154
111
123
126
121
203
26
167
97
204
200
115
9
276
156
129
58
136
140
271
200
231
246
2
11
149
204
47
67
29
10
262
205
181
246
247
82
155
217
50
202
204
153
127
87
277
19
59
70
105
281
173
205
30
258
296
110
176
135
160
121
270
293
119
131
231
154
176
109
146
48
141
215
129
111
164
214
32
85
231
116
224
259
103
95
165
12
173
77
30
11
253
50
240
217
120
150
44
204
79
144
283
25
141
84
46
19
205
141
28
64
298
204
257
36
118
280
66
17
48
65
4
140
174
292
19
109
8
98
111
62
257
38
221
268
103
208
91
79
65
116
289
39
203
106
14
104
249
19
255
241
183
236
212
118
224
38
101
51
293
299
226
168
167
226
300
253
295
59
296
107
193
183
219
120
189
287
201
186
111
77
184
35
240
276
188
207
110
43
144
203
286
184
110
140
20
8
161
216
241
191
297
139
67
200
196
299
112
283
221
46
272
266
273
91
61
197
258
272
155
53
231
144
101
60
111
202
130
220
212
158
52
106
146
295
230
60
231
73
221
272
83
248
172
154
136
174
54
73
16
214
148
168
176
123
79
206
217
216
108
249
5
195
138
157
295
108
183
122
42
237
262
292
259
167
108
12
177
213
126
38
193
148
295
11
114
33
2
217
113
4
198
171
36
5
144
175
28
64
13
37
59
289
177
114
202
31
224
107
261
76
23
73
87
211
89
295
63
50
119
191
281
7
43
155
162
154
225
246
232
5
142
70
166
261
104
265
204
54
82
144
189
102
146
11
139
92
1
109
299
169
117
228
96
245
233
39
147
212
96
273
157
270
184
244
17
125
181
103
62
26
177
179
259
236
4
27
97
68
95
220
76
71
226
101
270
147
28
27
264
92
41
84
298
255
24
297
119
291
61
57
209
299
275
219
221
204
140
156
5
6
221
69
141
113
36
130
46
223
155
148
223
91
31
110
65
38
297
110
90
22
113
220
59
57
88
16
60
142
137
279
87
65
233
169
16
175
9
150
165
224
150
162
201
47
12
27
68
158
181
57
220
286
2
160
17
234
41
77
57
286
19
151
213
246
236
7
33
79
124
61
79
82
221
124
75
139
247
28
103
192
128
170
34
123
225
106
183
212
101
182
66
191
276
129
127
120
125
188
242
36
168
242
221
274
198
227
110
27
233
89
87
282
50
135
194
157
145
85
142
290
72
92
241
103
135
110
61
119
105
27
95
120
299
289
222
238
64
50
179
271
129
62
202
129
145
89
3
247
81
14
140
42
130
27
205
42
76
88
35
121
3
55
251
41
208
81
65
169
49
114
237
229
227
224
16
97
38
211
291
38
193
45
171
80
26
17
189
231
242
234
82
36
132
2
19
219
17
258
228
92
25
288
56
27
196
197
242
105
260
212
54
159
224
15
134
73
226
185
205
90
9
163
237
251
233
63
123
86
233
262
235
179
139
2
265
205
157
228
167
209
11
240
114
85
291
273
160
220
158
266
16
173
19
222
175
254
279
140
89
120
264
42
188
188
161
95
175
29
86
98
74
211
245
142
288
172
66
238
33
147
53
183
163
127
227
215
204
160
224
61
270
44
266
139
239
55
9
132
233
62
227
138
75
73
108
272
152
13
160
224
96
73
147
66
21
274
101
269
44
130
146
93
260
65
108
266
72
11
241
6
230
233
195
249
68
213
94
152
165
256
80
198
113
47
38
17
128
120
256
129
205
118
18
100
208
220
292
43
176
64
62
266
123
117
46
223
209
10
214
288
298
106
240
145
139
260
199
61
295
219
289
89
168
182
39
102
70
227
254
205
7
275
197
198
145
282
29
74
294
93
182
115
222
211
233
86
173
285
147
71
242
179
286
102
32
3
162
169
279
1
192
66
12
261
286
218
70
201
47
136
141
284
281
118
102
115
179
56
240
112
204
182
14
254
204
133
117
282
109
65
120
190
244
204
231
282
43
7
179
237
166
74
289
114
10
38
291
222
79
177
41
208
35
196
211
121
70
135
288
137
29
146
29
121
64
274
163
116
22
198
273
208
182
233
250
115
56
285
130
71
222
52
166
86
112
134
252
60
3
160
281
42
283
255
64
295
238
63
281
228
223
156
300
182
215
138
103
193
226
213
270
118
39
81
22
149
139
104
217
294
258
285
27
263
248
55
248
113
231
257
259
297
258
63
57
71
211
129
277
69
116
233
21
156
201
16
128
121
200
106
239
143
222
41
63
178
237
145
132
221
12
52
199
126
120
155
35
186
104
129
229
178
31
59
136
290
223
77
145
287
95
77
275
219
256
244
56
187
111
2
132
81
250
71
79
223
2
16
115
253
229
143
14
98
284
248
288
283
89
204
38
207
110
185
193
280
116
135
206
58
198
157
152
37
62
235
258
247
236
95
198
251
186
197
94
278
212
280
95
287
116
80
87
112
105
4
80
130
165
230
127
263
242
50
259
30
105
210
168
227
296
146
144
248
261
163
18
31
229
270
257
196
169
109
288
239
218
199
98
161
91
15
288
11
265
251
201
31
72
157
70
177
208
212
139
12
23
216
98
143
267
207
257
97
158
160
278
203
250
153
220
71
140
93
70
60
102
184
36
200
213
81
12
287
158
258
236
48
288
70
171
244
246
137
178
214
208
221
171
118
211
289
81
203
23
219
165
113
150
90
146
40
107
92
270
46
155
179
119
72
183
208
224
193
272
29
151
47
180
44
55
86
197
236
45
178
46
237
150
108
29
294
168
44
177
10
163
276
6
182
65
6
226
46
270
175
173
134
194
55
258
1
110
297
106
149
250
121
277
215
177
198
176
81
187
120
77
157
122
184
133
231
75
23
52
206
293
240
103
286
200
276
68
159
297
139
158
23
109
92
176
207
228
193
190
47
255
87
36
215
59
187
147
113
17
192
103
31
94
293
223
33
133
60
6
193
14
162
280
26
102
133
115
281
95
14
219
29
152
299
190
214
212
118
248
291
110
113
106
255
105
102
152
103
166
185
251
248
87
48
171
55
38
293
152
140
245
29
224
142
206
100
246
8
20
110
272
218
154
207
17
257
48
46
25
195
46
41
237
206
13
242
257
3
137
150
226
236
107
251
167
66
38
18
246
98
236
123
283
148
261
281
226
126
156
6
199
140
25
22
91
101
288
18
108
219
251
66
226
236
72
9
296
6
261
70
86
184
192
278
134
15
97
224
283
223
154
208
204
160
240
160
231
271
208
246
62
167
254
77
45
75
239
184
231
255
141
147
66
174
258
272
46
192
234
213
5
177
220
153
62
169
90
117
230
123
48
221
102
139
250
124
283
199
242
196
151
120
199
32
23
147
299
85
252
223
294
297
92
122
104
116
12
115
90
124
130
216
279
103
50
269
231
184
159
282
28
29
300
187
54
244
152
231
123
157
146
87
158
14
292
118
45
106
57
184
4
170
234
150
294
46
187
15
51
17
262
222
33
249
53
236
298
114
291
191
77
32
255
279
282
221
191
228
185
273
67
227
97
81
287
293
174
158
11
285
113
72
99
256
93
48
53
95
193
208
121
298
26
197
81
166
210
176
294
94
70
73
284
182
176
19
143
273
142
58
259
146
225
175
206
53
266
245
14
293
46
230
281
160
19
243
48
3
282
178
28
164
245
130
106
197
134
106
175
222
254
112
156
171
68
287
2
265
238
106
97
173
35
34
139
226
260
101
89
178
74
96
237
31
145
92
185
138
140
21
167
202
75
54
87
208
249
26
265
44
92
243
32
252
22
48
168
175
67
208
183
159
66
120
5
77
167
83
192
23
21
204
124
251
29
183
43
166
263
4
41
237
169
83
240
183
287
44
237
234
143
188
25
300
14
286
114
89
103
146
159
232
146
155
154
54
247
27
147
51
291
17
74
47
204
40
59
231
256
268
31
228
60
262
205
127
27
85
210
47
194
262
55
134
17
54
300
26
268
236
80
151
176
103
159
118
230
182
276
292
111
228
31
166
286
213
232
175
266
137
199
228
247
250
88
268
111
51
63
186
200
34
97
93
161
59
176
12
176
201
88
80
170
120
168
196
25
134
24
235
260
178
65
265
242
178
295
292
194
16
107
83
224
118
113
89
242
18
75
35
286
138
93
89
86
70
15
12
278
268
100
17
193
166
170
80
271
72
186
238
101
120
81
116
41
123
104
48
74
175
54
177
102
229
259
191
205
128
55
41
238
26
271
218
21
161
119
17
230
65
151
258
94
65
161
255
222
166
79
122
117
265
35
209
90
105
280
184
214
273
279
276
70
177
268
75
102
292
145
177
219
241
269
66
80
34
106
116
167
104
134
280
56
166
11
244
212
198
223
178
48
88
281
113
143
62
110
14
215
154
63
294
193
231
90
173
185
284
267
293
192
127
64
26
185
86
248
224
279
24
108
256
156
3
277
68
230
106
176
218
136
128
191
132
214
151
62
231
64
262
245
235
192
182
292
238
274
214
60
21
212
8
167
246
219
129
247
175
279
69
213
158
122
50
11
259
296
54
74
110
242
155
253
46
238
142
105
28
147
259
157
244
162
125
82
182
294
47
283
83
93
113
140
62
55
16
247
240
220
243
5
114
33
177
114
130
130
183
147
251
182
208
247
43
284
126
104
128
271
9
194
165
256
104
235
247
78
268
46
39
101
245
183
152
102
266
80
171
199
101
240
55
144
285
23
244
70
273
123
128
2
297
215
277
138
298
34
111
100
143
20
80
17
65
162
172
100
260
211
167
214
287
270
27
81
32
277
97
31
98
231
44
122
140
168
104
123
197
283
154
171
101
287
237
50
213
267
190
218
65
226
122
201
250
243
139
36
53
142
8
1
18
180
228
40
249
89
104
220
38
115
151
97
210
138
142
140
254
169
35
170
178
270
214
78
151
148
107
157
80
13
74
38
274
243
78
153
104
297
56
41
141
244
83
269
22
43
116
211
273
267
135
156
128
49
231
235
251
10
73
176
175
160
124
168
114
237
263
23
290
170
93
184
99
145
118
25
17
131
23
131
256
20
118
38
139
95
195
222
71
152
43
272
144
145
18
182
278
56
44
224
187
124
125
115
290
200
22
130
147
140
127
226
79
116
136
54
86
163
277
86
91
209
82
236
160
196
184
47
123
170
57
26
243
222
57
215
294
248
216
246
11
52
110
285
155
283
145
95
236
144
235
6
224
11
102
138
109
197
48
25
215
79
75
174
217
183
286
226
55
137
183
225
195
236
258
116
264
48
190
23
10
248
68
45
174
147
201
30
221
105
84
300
33
46
133
64
11
256
272
208
179
119
220
184
122
135
273
210
42
75
145
62
244
233
245
111
182
124
261
223
294
98
91
102
20
294
290
105
235
294
17
197
211
209
111
155
208
104
239
269
74
130
229
199
123
21
7
220
18
45
39
185
286
46
79
178
35
40
4
87
238
108
257
281
133
260
88
72
97
185
81
86
133
139
260
9
254
292
133
8
250
143
70
73
295
274
205
288
209
45
272
283
89
202
86
273
35
278
174
224
209
296
166
108
137
33
43
240
99
259
143
36
184
204
134
172
85
81
42
184
65
24
210
30
98
256
30
147
212
56
34
38
183
27
96
279
3
279
180
204
4
216
6
21
43
35
97
272
96
137
99
9
273
172
292
59
76
298
237
108
152
103
216
226
15
241
95
57
168
3
252
57
113
274
29
53
152
19
177
11
141
71
46
28
123
285
240
22
52
171
88
219
254
142
133
134
143
187
224
246
165
138
163
82
182
123
128
296
81
128
209
66
23
291
217
31
200
10
132
124
142
152
11
234
229
174
149
76
87
119
191
65
105
196
201
99
220
300
43
264
264
291
112
9
270
211
295
271
124
79
65
6
229
56
160
269
140
111
215
230
78
44
186
38
226
130
104
42
7
143
133
219
151
62
128
43
77
47
248
106
65
80
30
116
232
243
171
53
222
41
31
38
137
208
146
281
117
15
74
59
21
27
113
180
89
54
162
228
166
189
151
279
269
254
252
74
248
131
288
109
70
194
57
235
57
84
296
118
50
175
114
93
116
141
100
7
49
165
215
288
201
72
108
173
164
12
226
198
114
208
259
125
198
11
181
181
123
179
93
252
264
230
239
76
298
36
66
58
274
145
106
18
17
108
268
183
191
34
164
153
122
134
88
225
235
148
33
49
45
50
46
52
6
112
23
129
135
172
234
173
248
55
95
75
279
245
237
265
125
47
150
23
2
226
194
36
134
200
133
59
25
222
125
10
52
196
202
193
80
11
19
114
39
67
298
245
292
298
210
143
245
90
87
170
49
20
193
129
292
50
267
298
216
297
33
87
84
203
100
19
266
224
250
164
289
136
292
100
141
85
243
245
69
168
36
100
39
293
18
165
26
89
177
144
15
110
236
160
96
291
16
263
157
202
203
281
254
204
129
146
31
147
217
128
39
126
22
212
289
168
213
64
182
24
68
126
55
257
131
119
294
77
137
45
272
220
110
27
90
176
286
54
109
237
89
185
252
73
175
103
179
135
223
282
297
28
61
129
60
130
264
188
145
10
289
31
152
235
199
115
160
37
266
58
253
62
292
37
17
225
66
68
167
180
25
254
174
262
135
5
12
203
195
191
30
223
296
16
216
117
17
93
167
6
108
135
230
208
10
266
9
255
21
254
273
101
31
107
109
190
82
196
226
31
125
77
256
197
217
149
253
54
295
48
179
292
267
75
77
29
246
184
132
291
221
64
120
24
127
99
268
26
17
254
283
264
1
134
89
31
154
116
211
174
260
154
27
201
64
20
197
99
173
191
72
283
244
219
118
298
140
282
258
254
147
21
204
167
269
119
18
203
281
49
195
186
134
188
168
7
189
260
29
43
127
156
82
38
270
143
92
54
154
136
29
272
119
282
6
21
62
135
120
22
174
199
258
91
254
99
58
40
90
113
198
250
54
298
274
236
149
289
110
15
246
228
164
175
36
97
153
219
142
187
86
151
101
240
115
101
195
66
38
229
290
276
82
82
215
21
185
224
92
296
59
29
157
51
43
207
273
51
278
120
148
289
104
51
235
78
167
144
219
256
177
203
300
219
74
176
41
244
61
289
85
290
72
142
258
208
18
16
96
107
51
111
203
256
261
189
203
49
88
91
247
121
112
167
272
130
228
149
295
257
263
118
261
219
159
269
91
266
228
252
162
136
159
157
226
59
268
256
276
273
36
173
77
156
228
147
187
168
8
85
249
167
31
246
212
298
92
42
118
236
141
219
233
137
110
115
220
134
109
183
66
183
79
285
74
102
27
84
19
198
102
209
273
55
189
178
156
255
294
236
179
276
174
267
248
277
159
268
87
239
275
59
6
298
246
78
234
19
261
7
4
54
71
221
14
48
9
229
270
158
177
162
180
139
267
126
26
44
32
47
30
30
169
177
150
281
176
41
217
235
190
299
299
164
70
39
87
75
270
220
39
91
45
114
81
82
283
119
99
126
265
16
279
90
157
14
226
165
129
148
49
8
18
275
255
245
140
279
93
267
78
218
50
94
14
195
129
264
155
107
187
100
227
125
107
25
92
206
33
264
284
263
108
55
171
62
140
146
236
10
32
40
33
69
223
61
287
39
112
84
28
131
254
69
252
57
58
193
253
217
176
53
188
189
154
44
43
4
79
113
233
286
20
254
276
295
65
286
84
294
199
19
257
41
6
283
48
168
37
130
269
129
1
130
218
140
278
268
68
140
239
296
93
205
70
257
63
198
210
185
120
165
97
69
279
34
142
53
12
86
241
26
28
114
280
109
300
226
297
14
13
85
7
137
122
235
240
34
150
5
168
285
170
260
298
205
75
197
144
25
67
150
70
134
51
162
274
216
213
74
21
238
88
174
39
60
58
132
64
233
27
260
55
171
181
195
252
100
87
277
127
169
204
297
62
51
260
231
94
128
156
252
149
9
204
224
169
170
46
260
29
35
274
252
116
38
67
266
6
104
187
127
88
132
284
275
246
127
183
169
298
76
151
209
111
70
280
214
66
137
130
62
161
4
145
224
262
181
229
206
186
196
261
86
256
223
165
36
274
270
254
42
296
245
153
170
211
113
119
278
253
288
245
139
240
164
104
173
80
42
100
108
89
222
130
5
177
139
177
174
159
132
55
197
32
167
36
15
279
164
57
289
189
195
10
119
292
130
170
233
95
134
187
6
223
278
34
73
131
235
34
18
146
290
298
298
167
300
12
50
175
263
241
233
224
202
9
8
135
31
154
287
204
58
220
257
261
90
96
285
266
39
296
234
226
267
26
65
268
105
44
195
76
146
236
70
275
219
3
17
125
82
270
98
150
113
53
142
166
212
280
234
223
162
115
19
44
167
31
247
53
180
272
15
25
100
77
34
151
134
194
162
291
207
8
257
96
138
56
22
198
237
170
298
142
40
214
84
44
105
168
229
199
275
51
100
160
187
165
124
40
124
224
246
295
61
84
151
2
90
118
17
96
97
16
43
41
215
76
236
72
79
122
107
72
241
184
261
58
280
98
60
274
58
243
223
189
50
1
19
75
178
165
17
296
225
284
220
179
230
33
166
260
190
231
277
125
296
163
247
36
154
89
182
173
159
243
287
245
91
93
60
189
35
43
189
231
49
143
52
227
113
258
167
116
84
191
155
74
283
199
270
231
94
43
36
24
90
30
239
171
270
122
300
285
156
102
257
242
4
197
10
221
22
125
185
219
51
235
39
3
47
131
138
153
107
246
7
290
89
296
248
249
62
33
204
20
250
135
91
283
90
103
71
257
142
224
272
41
172
44
251
255
124
143
296
244
223
35
92
54
78
280
171
27
28
275
257
227
107
108
57
108
157
117
154
69
226
226
78
8
112
16
22
231
220
68
278
137
191
102
172
51
160
157
282
167
10
221
152
274
117
164
164
63
291
151
39
276
50
71
27
159
215
17
139
200
299
84
34
128
15
265
196
1
6
190
294
219
52
189
50
241
62
195
177
102
181
145
244
209
173
167
286
253
95
289
135
118
290
263
279
91
153
118
164
94
167
165
95
62
121
143
240
243
152
186
88
99
259
9
184
268
251
189
204
206
24
245
204
128
64
125
248
106
41
123
265
130
149
247
111
282
171
143
287
198
158
85
83
179
110
2
153
300
264
136
256
131
262
142
15
276
52
213
218
121
103
153
155
187
287
111
219
281
244
201
163
291
244
25
202
220
6
226
231
41
9
274
266
250
3
265
284
87
60
1
28
43
242
70
160
47
99
287
158
275
121
262
275
268
216
60
128
150
229
289
195
211
247
275
30
7
269
123
38
3
33
181
168
11
233
267
300
290
268
38
276
114
243
159
11
55
128
162
103
21
31
25
265
193
82
37
46
115
197
222
105
37
110
275
50
1
201
211
162
16
280
32
18
62
200
58
90
204
184
211
34
291
94
177
162
26
129
217
38
145
223
187
83
6
128
125
51
12
20
115
218
123
284
220
114
100
136
193
58
80
292
71
199
284
68
203
272
203
77
11
267
134
32
272
142
132
219
210
240
19
