6596
149
114
82
243
266
300
186
3
253
262
248
294
212
198
284
41
32
160
260
141
209
71
160
34
14
154
218
145
141
32
175
147
109
136
267
263
133
159
267
268
208
147
15
188
92
267
284
86
190
281
63
169
50
135
155
197
152
9
237
44
265
208
38
160
177
119
265
200
13
180
239
162
172
266
179
138
79
98
5
283
212
119
143
185
41
101
290
61
161
220
300
207
73
175
177
203
65
300
20
91
272
216
251
2
84
264
210
61
49
116
45
11
75
222
288
160
230
25
177
198
67
168
110
2
78
271
132
62
98
286
26
127
286
161
97
70
262
48
205
212
168
208
11
260
204
119
5
140
227
88
195
13
18
141
242
138
52
63
199
107
49
285
24
290
62
259
28
17
184
138
49
121
192
9
224
134
90
217
174
129
80
99
79
286
250
257
56
21
135
21
193
110
290
89
2
269
258
218
235
189
236
285
34
60
84
167
144
149
101
202
96
141
51
71
23
96
138
117
258
44
254
156
2
210
264
28
1
153
47
223
134
198
280
213
4
203
4
190
282
23
210
92
148
190
9
2
283
241
269
128
199
108
30
132
220
253
23
201
83
201
67
58
25
288
102
252
245
163
48
278
172
278
69
3
259
95
8
90
288
252
83
79
128
112
62
235
241
52
6
96
78
88
168
214
255
48
103
265
223
126
143
78
279
25
291
164
112
82
263
206
222
195
3
52
232
139
232
112
178
211
217
106
55
138
73
48
284
150
54
40
100
130
258
232
75
295
280
117
171
138
217
188
79
107
214
75
110
124
112
192
100
196
259
27
34
2
183
131
51
94
240
64
250
217
264
290
12
37
268
188
69
62
38
152
120
8
283
235
83
2
89
282
30
113
126
42
149
49
19
77
271
274
219
65
290
164
207
96
216
43
82
157
74
192
216
108
78
140
135
18
42
120
32
243
153
14
35
168
276
160
71
195
149
174
269
55
223
146
35
291
171
95
59
129
9
116
150
73
106
4
186
174
223
130
254
232
49
6
203
54
170
108
17
155
265
123
5
8
5
159
266
179
88
81
169
232
117
286
89
159
25
153
264
113
210
56
157
19
238
181
93
150
272
19
18
229
42
77
55
107
209
142
191
258
19
218
77
252
274
6
274
258
288
35
45
185
188
270
175
135
49
292
166
200
180
249
214
291
204
36
243
179
99
226
199
49
2
18
100
157
251
21
81
5
47
183
10
195
133
293
279
35
247
139
135
85
217
96
11
67
3
29
241
220
18
27
98
280
226
273
114
252
264
172
214
198
209
126
16
25
193
288
137
204
22
31
128
148
259
92
141
94
190
205
12
102
226
248
120
144
24
258
188
13
238
235
269
178
186
182
255
187
277
180
45
53
103
5
83
155
137
220
209
85
272
32
149
274
12
192
183
224
290
129
7
213
114
129
118
200
4
272
48
160
137
244
199
58
161
296
213
237
115
47
195
21
178
253
78
285
181
52
17
155
83
98
112
227
23
196
7
260
179
190
178
202
213
118
284
33
249
59
49
164
27
288
24
50
163
234
189
267
143
40
234
131
256
154
33
107
282
234
260
197
247
271
28
182
210
93
171
110
213
150
292
84
62
264
160
290
5
237
294
64
152
236
291
216
142
71
118
136
166
108
144
268
261
219
51
149
22
263
229
178
254
66
184
138
253
203
96
95
74
65
286
171
269
123
210
175
159
256
17
185
218
284
201
10
273
194
289
95
108
133
108
210
214
119
15
43
115
72
89
243
186
100
286
57
118
181
231
284
20
276
29
173
153
86
110
189
121
94
21
153
161
106
29
229
205
101
225
259
126
240
167
178
119
60
127
138
110
173
17
85
57
235
65
111
70
190
217
270
136
41
214
35
140
38
287
32
252
95
272
286
212
286
282
265
153
263
242
253
130
249
190
164
33
63
81
143
273
211
28
26
179
168
95
211
19
29
3
177
283
145
193
31
67
46
161
293
125
286
163
113
4
53
44
65
49
175
236
38
279
43
123
258
130
263
254
249
268
288
243
189
179
226
41
83
104
252
109
23
117
258
200
260
131
95
72
99
40
54
70
277
261
108
242
258
241
2
75
114
269
299
30
249
28
216
163
224
55
221
155
87
126
28
277
30
29
159
82
93
253
232
177
30
198
145
144
122
122
103
46
226
74
48
106
288
141
253
290
96
219
3
122
22
107
37
38
293
250
291
33
102
95
158
106
202
228
88
284
265
84
178
275
228
82
91
220
123
131
95
190
170
112
58
233
38
270
29
168
229
187
107
123
188
88
238
234
261
198
20
160
252
241
148
59
51
126
91
35
60
178
93
67
289
104
91
247
278
289
183
54
75
58
138
188
166
156
95
73
20
193
207
70
234
202
94
160
188
241
34
25
253
145
179
176
228
188
128
142
238
16
86
93
102
130
103
164
208
283
227
55
26
89
126
82
98
57
132
51
212
265
128
31
284
129
144
75
67
87
23
32
128
244
233
119
210
238
28
244
198
178
144
135
147
266
193
169
93
135
32
133
106
145
293
112
147
84
8
111
163
194
95
173
228
252
70
18
205
223
74
7
105
211
35
224
175
16
155
183
124
283
64
193
273
59
182
77
118
247
298
262
92
247
203
149
234
32
6
205
98
213
48
115
215
117
136
77
144
105
191
84
60
60
279
236
290
89
162
280
99
175
236
187
82
197
283
230
165
148
81
45
19
147
268
152
235
94
286
6
1
161
296
238
217
239
123
193
75
119
32
216
160
232
7
117
55
146
243
38
202
69
115
176
298
287
88
137
271
246
298
293
264
294
172
174
12
177
244
191
55
269
244
249
68
292
20
40
13
15
146
35
84
114
96
122
9
36
94
28
24
25
184
227
197
146
64
202
58
138
263
57
113
104
1
66
121
138
300
128
82
213
258
274
1
200
107
70
295
35
171
77
256
78
62
7
261
129
276
248
31
287
138
267
92
294
146
27
145
214
241
80
65
137
92
205
56
124
44
176
106
238
179
12
123
167
16
76
87
258
37
24
41
94
162
199
74
240
198
254
109
3
250
249
9
22
210
16
152
102
45
56
204
84
99
217
261
210
162
107
136
300
90
71
84
146
134
107
21
265
91
160
13
175
295
292
269
224
200
226
119
69
275
153
262
283
131
53
175
243
184
11
161
42
189
170
117
141
223
37
95
296
296
186
167
173
232
75
115
109
280
270
113
288
4
191
115
36
227
45
258
50
73
102
178
7
156
219
182
206
149
15
58
291
278
18
270
286
45
288
268
214
25
162
232
238
154
257
19
263
232
165
212
149
252
126
194
258
172
257
55
209
193
102
58
228
187
13
44
50
224
111
227
152
158
275
50
291
58
181
268
241
146
92
271
116
195
184
299
267
190
269
250
299
166
10
212
191
150
104
186
22
104
42
77
64
184
96
95
11
184
203
60
255
288
14
13
221
288
103
37
195
274
80
143
288
165
120
79
183
131
115
53
15
266
179
162
147
152
141
141
146
299
274
55
87
152
198
11
165
27
290
277
5
19
120
121
68
183
195
144
158
116
226
25
298
7
107
62
94
59
197
232
35
141
112
218
183
214
237
128
152
39
37
7
12
171
106
84
116
244
173
93
269
153
126
260
40
76
78
111
25
72
160
290
48
161
34
283
265
240
131
78
86
111
212
47
175
194
300
81
233
195
25
240
153
170
98
92
285
59
13
194
47
8
140
210
59
248
216
116
214
149
115
270
269
206
228
99
26
160
229
276
95
199
204
211
212
194
288
265
261
277
46
74
105
233
75
43
5
278
292
211
225
155
15
80
12
140
202
136
14
228
187
128
38
191
58
68
163
214
295
74
219
37
284
186
233
217
154
2
166
117
199
200
138
230
187
248
75
220
104
29
261
110
17
229
159
137
84
205
25
218
189
5
42
144
220
220
82
180
219
234
4
70
284
115
132
94
103
299
127
213
95
278
32
276
172
159
181
33
184
217
11
158
8
296
136
45
204
22
292
219
199
228
265
122
12
146
36
96
165
271
158
130
20
220
226
186
124
65
49
225
88
86
257
68
285
196
250
134
170
202
280
210
131
255
256
59
7
135
11
134
205
236
268
24
296
3
54
52
287
45
102
204
268
178
42
159
281
187
61
181
169
156
229
248
290
226
165
222
86
182
235
140
65
226
106
271
14
26
163
53
284
119
186
276
218
256
191
224
270
93
275
26
171
72
132
245
249
105
107
183
142
133
132
81
173
103
42
241
85
241
34
127
26
210
257
73
61
272
287
207
138
266
295
21
2
291
65
82
100
60
63
167
98
47
14
225
207
267
125
291
223
13
218
53
179
71
21
63
267
234
102
11
3
222
92
296
70
32
284
242
211
100
27
220
69
265
95
41
184
186
6
106
277
159
163
299
182
79
178
210
257
27
104
123
219
39
103
40
252
176
271
93
147
24
204
274
156
67
22
176
213
36
6
78
136
243
225
57
132
73
127
229
7
117
131
263
244
33
275
180
82
119
180
115
122
197
134
159
198
37
142
117
159
125
171
141
222
219
25
127
15
11
257
11
159
260
77
87
108
29
47
84
11
172
290
140
183
183
40
136
53
54
300
206
119
189
50
263
227
148
154
107
11
117
75
219
62
251
209
164
1
55
183
206
210
289
87
164
231
128
274
7
160
79
247
130
142
292
209
124
272
125
198
279
115
85
238
282
157
45
264
176
261
215
149
139
59
78
127
158
89
102
287
23
116
45
93
180
233
157
158
286
229
191
102
232
256
113
29
279
27
178
13
125
136
206
20
150
113
221
74
253
206
179
92
287
138
296
275
193
49
45
126
148
113
64
8
127
231
66
235
81
110
148
177
83
82
202
35
144
102
138
197
56
186
77
234
85
282
253
235
73
134
237
253
71
65
232
102
217
64
265
135
155
169
231
74
154
33
256
155
228
289
84
141
212
268
30
177
131
283
234
255
127
148
48
104
210
113
48
137
224
191
221
6
276
55
173
78
227
227
169
245
30
100
10
198
275
50
39
125
119
66
158
57
138
108
36
63
19
129
55
103
224
242
228
191
152
185
94
75
67
52
214
106
149
111
53
150
245
78
12
214
229
297
91
1
155
229
68
126
169
80
55
157
3
261
55
7
296
162
293
60
30
210
265
101
124
180
201
213
227
64
250
31
282
178
287
75
288
49
73
59
111
271
49
186
38
199
111
228
229
298
158
5
123
199
215
207
228
45
293
256
262
88
97
269
69
198
71
211
280
22
300
10
69
126
200
48
194
187
120
82
63
180
59
258
263
252
178
121
202
31
56
23
245
277
2
106
17
192
265
148
215
271
180
150
7
259
113
26
17
116
15
253
232
65
37
219
211
187
144
105
174
86
274
63
157
19
265
198
189
144
26
10
269
197
105
2
297
46
217
221
250
158
34
198
74
295
208
8
9
124
281
274
278
285
92
30
285
108
42
249
87
255
115
151
225
83
53
240
63
63
78
43
142
69
161
96
194
143
225
205
63
187
175
9
269
135
195
185
21
35
217
67
217
216
138
193
70
85
54
249
210
158
206
137
259
166
294
57
43
81
261
213
27
97
168
24
290
117
258
218
176
155
235
270
48
18
111
197
236
74
212
178
199
94
171
159
179
62
149
43
227
207
164
5
197
96
222
212
16
24
161
117
136
259
178
275
5
146
182
135
120
241
120
82
187
52
225
275
172
300
69
173
15
288
188
137
91
225
187
28
32
179
288
295
13
79
285
9
205
36
36
189
12
175
259
205
135
238
96
11
227
80
284
124
92
234
156
91
79
217
259
257
291
140
170
9
251
145
293
41
95
111
269
41
59
35
21
248
131
191
292
176
249
149
66
222
190
37
158
11
192
158
39
258
212
273
164
168
53
232
21
91
25
140
107
7
261
87
93
92
286
9
246
243
29
275
40
60
171
15
169
198
12
294
83
268
299
281
95
133
63
206
94
216
33
120
87
130
205
300
285
282
118
71
152
222
5
74
90
32
134
68
17
68
92
193
3
299
134
29
91
110
13
37
123
104
45
126
166
151
240
42
168
157
31
99
129
77
59
157
276
263
257
36
205
253
26
152
245
168
288
138
214
93
249
107
210
192
209
132
136
96
248
153
39
108
273
80
259
229
129
265
278
129
190
236
83
274
24
176
117
60
98
74
291
284
51
299
89
79
160
151
11
234
164
74
156
157
55
6
99
110
68
51
94
132
167
256
30
262
226
135
34
296
202
117
156
7
151
292
56
191
111
234
70
5
32
34
181
299
105
37
152
217
297
184
66
12
89
281
245
266
127
202
285
113
186
196
156
175
7
204
9
40
277
35
296
70
166
61
41
231
46
295
67
270
253
207
79
83
130
281
180
235
127
178
15
112
232
265
272
6
258
96
3
12
161
143
3
269
128
4
139
300
217
271
24
19
24
200
297
276
199
20
144
171
71
249
96
24
212
64
100
34
80
273
130
138
52
174
3
96
54
269
211
164
287
249
239
258
248
187
188
52
74
261
260
300
234
180
300
270
131
108
180
115
33
214
144
298
212
1
248
4
6
112
30
248
202
217
241
160
129
126
264
196
24
248
13
176
238
177
128
94
62
205
60
9
232
176
134
210
297
263
234
209
31
259
112
164
81
180
110
162
58
298
63
205
110
154
210
50
68
217
7
157
123
187
297
255
88
57
127
192
174
212
300
64
262
54
103
91
118
286
288
269
25
117
13
222
185
250
30
62
150
155
219
60
62
222
64
222
197
26
161
180
290
297
256
275
48
254
122
162
279
215
178
226
270
103
293
147
82
267
259
181
97
259
107
93
144
253
81
64
130
240
145
105
176
141
85
221
48
247
121
180
167
270
218
111
49
269
38
205
282
142
8
169
234
258
247
41
132
150
11
245
5
110
32
253
244
291
236
211
4
94
38
254
179
122
9
115
87
73
2
52
191
92
167
234
179
56
82
70
65
261
151
255
154
201
137
97
89
201
245
132
150
155
29
235
203
90
53
73
252
9
86
141
74
27
31
219
38
54
217
271
290
261
126
260
251
49
76
293
188
235
13
260
26
110
98
70
258
156
176
96
79
206
183
67
213
184
168
284
270
100
279
257
50
174
53
291
282
265
247
233
212
173
252
197
269
49
169
60
252
51
70
283
77
104
292
294
45
249
295
63
83
111
276
247
229
95
293
214
131
191
89
174
251
129
212
186
154
259
87
185
32
189
18
169
226
271
57
283
99
174
25
279
52
15
29
61
253
98
71
203
61
285
35
180
275
286
138
123
53
254
117
281
220
62
167
153
60
263
42
84
94
243
184
169
87
6
181
148
254
161
252
37
148
26
56
283
191
135
125
274
260
17
255
98
236
218
79
99
270
52
277
36
84
209
126
147
143
204
49
292
155
268
108
272
285
12
248
19
8
186
51
73
129
127
267
155
155
179
28
139
130
243
54
5
57
68
20
205
209
174
275
66
116
273
244
103
97
7
138
95
267
230
208
131
45
293
136
198
273
117
75
274
141
271
272
154
287
101
6
42
24
44
260
262
40
173
71
229
69
101
214
286
8
183
141
70
113
195
90
39
181
38
118
298
195
257
60
269
16
83
182
185
153
242
220
285
56
192
127
234
219
263
13
156
75
159
34
258
60
275
68
207
23
12
1
282
262
218
14
4
208
154
63
188
293
101
105
194
38
129
162
162
255
258
154
187
131
278
266
252
89
134
106
58
99
261
201
237
83
133
159
109
81
261
89
6
3
2
248
87
112
270
152
48
186
201
289
192
259
153
79
25
300
41
285
45
207
163
50
225
57
149
274
44
132
41
226
169
17
228
192
129
78
86
129
225
207
182
108
117
241
156
138
55
218
279
272
212
42
80
99
10
176
230
248
289
265
237
237
75
275
248
183
46
195
241
261
190
155
215
214
67
154
136
276
143
65
125
203
234
45
12
37
43
197
17
74
12
35
109
167
283
218
290
110
296
289
98
194
270
63
204
48
47
201
92
117
172
14
191
187
133
111
32
112
59
234
199
111
67
135
30
46
98
132
269
28
134
176
107
48
244
164
160
190
267
295
198
11
268
234
196
82
12
45
107
285
244
49
192
102
161
204
23
108
132
185
207
79
102
126
166
242
262
2
92
163
252
229
175
298
73
84
110
292
130
185
27
162
183
157
166
204
286
191
91
194
169
215
9
248
13
24
46
298
184
185
186
164
137
120
234
92
118
18
289
235
236
105
278
176
92
247
246
270
280
61
115
54
134
226
18
299
234
118
41
58
85
1
225
236
140
199
205
117
34
58
152
288
123
282
37
208
202
6
88
177
279
24
31
179
296
85
168
27
225
89
241
76
132
205
75
200
230
255
183
282
288
224
196
199
253
113
285
36
299
200
241
93
237
258
204
10
259
253
261
219
245
242
24
88
198
110
42
196
71
41
47
109
131
115
148
107
297
80
10
170
85
14
292
238
14
15
256
244
157
138
153
297
22
198
253
251
202
243
19
161
66
270
131
202
259
247
11
258
76
248
107
119
126
47
63
222
4
80
19
262
68
48
67
179
232
147
34
219
228
138
32
178
82
140
4
151
164
264
203
95
191
98
188
62
167
109
231
277
186
88
68
238
220
131
14
70
69
10
23
25
140
51
92
61
204
116
84
250
67
260
274
256
96
206
258
261
170
174
209
285
43
2
158
158
133
214
123
170
294
163
210
111
52
165
125
84
196
71
17
68
106
232
14
181
26
251
12
110
193
271
75
111
165
1
13
160
199
209
279
278
18
275
50
162
86
234
217
213
102
37
239
200
120
23
108
81
204
1
140
284
71
257
287
132
87
239
107
207
42
105
167
257
14
119
105
201
149
33
68
167
43
273
34
268
144
264
186
114
271
208
239
190
37
234
136
298
256
197
90
154
162
167
225
112
103
40
109
138
25
13
116
186
191
74
278
124
68
172
28
109
279
274
218
122
189
278
203
116
22
168
209
35
247
156
91
188
46
87
140
172
236
154
249
78
77
19
66
45
149
37
116
284
127
268
255
112
213
37
271
64
163
281
232
175
210
8
187
270
89
163
267
282
184
168
81
249
281
248
37
32
205
24
265
215
158
105
43
212
13
283
72
58
297
124
133
64
203
17
76
220
119
189
15
204
114
4
151
243
145
192
151
130
36
266
118
219
197
184
240
132
132
33
204
29
153
34
144
34
119
224
91
165
15
162
47
11
10
145
242
10
85
205
199
113
258
208
72
240
176
176
216
265
207
111
39
146
196
214
128
162
4
40
221
244
274
172
277
288
298
197
189
133
171
70
208
291
120
178
62
35
118
289
205
230
77
249
70
51
287
25
40
280
209
10
3
236
171
147
259
160
141
132
135
172
7
90
30
95
218
83
289
251
254
212
187
200
268
102
273
1
182
104
212
287
138
223
29
71
108
242
212
220
119
190
151
30
175
206
109
149
182
17
220
79
159
56
288
131
48
293
141
55
285
210
165
159
126
287
246
181
73
282
228
155
165
263
228
300
4
180
94
170
277
77
253
29
108
261
228
69
102
189
249
252
99
230
23
291
253
230
270
271
147
191
66
118
39
5
156
237
39
87
209
221
145
193
168
233
107
75
204
33
255
181
275
214
152
254
59
235
155
293
153
191
167
206
56
34
273
64
286
68
42
94
297
76
129
299
212
207
96
207
244
292
229
277
23
54
179
293
53
55
211
59
219
31
78
200
251
203
16
202
260
174
31
162
258
300
147
199
263
170
77
171
145
251
243
26
134
140
294
58
5
124
152
181
176
96
172
100
183
298
295
223
4
37
229
132
285
10
169
69
214
199
232
153
1
6
156
105
243
63
255
99
247
270
31
57
108
160
100
223
152
64
223
140
148
119
260
60
147
159
230
239
150
215
35
137
184
55
290
49
45
41
273
166
135
135
63
252
127
145
178
210
284
290
18
131
84
171
279
1
37
189
211
225
263
106
74
170
107
259
189
34
278
187
252
284
68
173
76
213
155
105
64
21
116
62
226
185
273
87
26
228
118
101
25
61
167
62
143
288
84
125
153
69
6
16
237
241
222
20
88
250
107
196
188
80
248
170
170
174
63
292
45
298
82
54
164
73
24
222
49
227
233
34
172
264
126
200
229
238
61
185
27
57
226
200
124
184
47
172
6
123
176
15
97
106
5
87
12
167
198
55
141
227
58
8
28
81
192
258
65
206
168
76
142
185
257
76
158
129
184
33
196
185
286
66
285
293
297
162
210
19
114
107
169
52
290
31
95
139
104
205
105
234
57
134
242
296
213
205
245
86
163
92
91
85
78
217
246
30
169
254
22
296
235
66
145
172
259
51
270
255
201
263
208
80
9
294
285
132
72
284
99
75
232
42
95
104
46
100
168
123
189
174
92
149
83
284
300
111
194
100
295
226
233
25
177
38
223
103
194
114
180
194
80
241
183
76
50
215
222
66
207
15
218
104
262
44
44
47
201
12
286
212
190
41
263
32
222
285
277
167
232
108
164
225
59
148
175
79
188
227
232
277
260
241
274
267
288
87
165
255
192
35
150
61
277
284
158
239
129
238
84
41
291
164
88
124
128
86
5
180
73
248
87
196
252
109
295
115
163
30
225
195
49
122
250
247
223
213
214
123
10
32
280
177
46
207
209
165
202
192
100
71
197
189
75
63
12
233
90
289
229
278
298
238
32
218
296
131
45
199
267
290
185
59
164
219
170
107
120
68
275
22
29
298
211
4
280
112
86
265
78
86
179
236
185
87
117
12
73
36
280
64
265
250
170
1
78
189
119
193
54
289
229
217
81
295
30
194
24
270
41
195
122
44
22
258
217
265
185
231
212
141
224
27
114
21
166
114
297
205
111
188
229
108
280
241
34
269
282
204
280
51
293
79
77
215
109
279
136
223
63
112
13
175
300
257
195
35
248
130
258
226
280
224
278
241
85
182
258
283
162
196
277
79
44
251
20
144
167
96
236
88
247
246
124
211
112
167
47
73
131
204
267
87
190
122
116
232
63
126
247
181
7
241
118
76
130
187
143
122
295
156
179
192
214
120
296
220
233
129
238
248
132
58
182
130
31
201
19
296
241
10
204
241
198
220
276
162
271
55
129
51
267
18
26
59
39
241
217
107
243
252
241
164
84
127
60
182
276
41
31
36
156
212
6
127
14
5
46
193
228
197
93
133
260
127
152
155
278
41
74
234
232
30
15
235
64
201
291
287
284
248
121
219
45
173
21
187
258
113
115
136
258
158
251
31
191
131
173
222
65
235
58
18
64
186
45
279
57
254
86
155
182
30
116
16
188
78
236
48
169
71
136
62
21
269
262
115
181
116
55
290
167
248
278
12
26
46
104
207
136
218
145
151
18
8
147
12
21
243
264
207
288
203
83
243
85
252
155
119
140
54
213
131
178
150
176
234
223
134
207
236
185
269
103
280
240
23
277
209
63
60
82
253
160
260
8
92
49
159
268
109
123
79
218
51
192
36
102
73
296
214
116
275
151
87
159
99
122
282
238
281
122
124
299
124
236
141
38
123
270
53
112
48
6
157
117
276
167
82
50
129
103
97
243
193
128
169
75
128
138
29
236
121
271
105
111
294
29
230
282
167
55
115
147
72
33
179
259
95
13
131
154
123
299
135
114
181
15
111
286
141
132
97
159
216
31
15
51
56
188
161
216
60
249
66
187
207
164
202
50
120
131
125
139
14
170
258
29
54
102
226
80
161
182
9
161
71
18
273
119
176
117
145
32
202
179
252
179
67
82
224
115
17
76
277
55
21
292
127
214
159
14
216
64
193
282
262
239
299
94
208
231
115
298
220
196
29
133
150
45
36
265
71
77
4
58
238
10
232
172
18
257
214
31
277
294
205
294
139
216
254
271
62
30
157
206
32
155
135
37
207
53
116
47
141
285
120
74
128
54
236
244
3
162
270
152
287
181
27
50
59
85
189
223
98
145
4
297
282
272
261
160
108
280
130
110
78
15
14
135
170
51
202
58
259
34
103
153
3
58
114
204
6
199
87
149
192
32
300
257
235
285
77
83
234
81
268
147
49
115
134
194
132
98
286
30
92
111
208
120
127
27
174
195
127
253
230
291
65
162
112
160
19
91
104
177
64
245
80
213
28
34
85
158
32
269
100
169
194
115
195
31
261
250
243
225
63
246
86
222
1
137
223
57
70
41
183
88
237
96
118
166
142
149
227
113
290
113
265
214
188
88
185
274
173
275
103
186
187
130
110
283
144
296
235
1
226
24
114
245
19
218
55
182
126
155
287
31
157
111
273
85
64
194
74
242
146
269
71
292
246
133
97
82
288
169
111
276
228
45
274
268
94
112
161
98
25
29
113
257
226
260
120
252
103
297
47
124
174
247
80
95
245
209
197
258
208
251
256
71
38
243
93
154
78
56
96
126
270
297
160
24
65
256
43
35
126
182
36
137
235
204
46
297
223
278
263
71
243
92
228
237
207
109
144
258
131
90
237
91
58
181
282
42
117
250
198
215
140
275
203
159
33
41
51
198
140
88
6
270
164
85
206
201
261
140
257
296
11
155
93
278
267
260
218
251
86
99
287
103
90
114
36
89
171
296
235
134
243
13
77
179
298
299
279
264
239
201
120
19
30
180
14
78
73
145
169
275
156
83
182
143
170
190
289
227
269
252
207
243
39
208
244
25
152
276
18
149
271
265
241
54
29
2
105
227
184
67
166
156
225
269
234
290
160
194
209
217
113
56
239
52
26
135
181
190
19
161
179
246
223
114
56
153
43
223
112
215
180
171
96
45
102
178
291
300
188
30
157
121
134
191
143
52
166
194
260
132
39
212
229
269
85
216
168
270
192
90
51
62
233
65
71
92
196
197
36
55
10
281
135
126
37
155
262
79
99
191
28
166
61
296
92
25
96
251
253
3
257
162
278
255
152
172
75
276
168
24
38
109
250
23
282
148
4
121
287
31
178
19
63
193
148
28
125
218
107
76
205
78
107
45
87
243
104
58
200
128
140
43
200
217
244
200
99
50
18
102
180
67
7
43
60
202
6
298
293
51
164
82
190
42
152
40
111
126
234
284
146
5
219
56
81
17
30
233
299
273
203
112
37
197
92
300
207
124
180
82
271
79
81
228
130
37
235
164
70
164
116
137
113
156
191
281
209
286
259
75
86
55
107
181
133
86
68
295
94
149
210
10
257
145
83
286
63
266
162
252
130
20
275
105
264
216
275
158
250
42
21
291
132
14
293
253
251
180
195
16
209
63
240
63
192
241
234
275
290
178
73
281
164
167
212
250
103
91
70
30
276
293
39
143
96
225
243
226
259
268
147
99
205
30
272
182
10
143
18
5
58
219
229
43
34
10
172
35
104
215
290
79
173
15
31
159
271
288
56
41
259
224
272
247
269
27
255
253
265
64
93
278
124
60
101
194
23
278
80
75
26
147
142
137
287
229
154
242
77
117
165
219
17
8
116
230
297
77
259
214
271
47
255
71
155
97
207
179
136
175
82
14
72
71
199
89
244
181
263
189
278
86
257
182
44
132
5
273
24
25
34
37
272
37
11
143
148
71
9
159
59
256
49
190
154
152
113
161
154
244
228
83
132
279
83
119
253
267
72
113
162
7
292
135
285
32
259
189
24
186
79
54
72
34
210
6
162
87
71
168
132
193
33
36
13
270
176
108
108
263
106
185
169
114
80
262
170
109
249
193
134
257
90
17
272
64
228
192
113
235
202
182
225
282
15
280
44
59
254
8
193
295
230
242
116
80
94
253
252
39
160
287
134
265
102
130
215
249
101
108
215
74
239
228
173
289
122
122
209
267
256
144
130
146
88
26
294
219
187
59
35
251
26
207
276
165
149
6
210
73
46
148
68
75
69
163
107
176
214
194
117
65
75
224
124
158
129
235
218
221
42
56
81
277
132
261
227
122
229
140
223
190
124
35
292
32
175
122
168
28
76
288
214
147
92
242
204
63
14
59
209
256
240
235
83
33
211
119
171
135
186
199
155
226
214
115
111
48
3
83
166
288
107
230
36
291
300
215
67
282
160
294
130
289
207
124
17
165
258
217
36
138
21
48
16
266
127
271
131
82
225
6
151
5
266
20
156
63
264
162
41
63
103
87
267
194
45
189
293
85
82
122
202
10
70
281
195
145
19
148
190
236
188
136
258
241
292
68
38
280
247
239
37
177
273
265
135
284
53
11
16
263
299
235
11
10
217
81
264
184
142
135
128
233
101
186
239
243
256
140
222
165
72
22
46
147
189
19
141
105
164
43
65
299
138
295
57
22
112
265
78
300
75
223
119
226
198
234
124
217
122
74
30
30
282
70
266
182
193
283
43
44
181
278
1
234
216
7
155
244
277
34
107
204
149
265
12
1
297
186
264
79
191
106
136
213
189
104
79
143
299
186
205
249
79
149
270
146
247
28
249
74
222
143
266
111
208
199
64
278
16
148
131
135
247
295
179
291
281
191
282
155
42
24
257
133
267
260
171
268
156
269
127
175
216
41
70
91
209
283
53
300
126
289
241
299
84
52
59
246
141
74
61
255
228
274
298
97
273
165
127
14
43
165
44
104
295
115
185
12
25
283
71
246
233
250
5
128
283
78
211
295
18
49
232
6
230
53
56
170
142
91
156
216
273
250
267
195
81
170
181
9
113
260
245
213
79
278
276
100
235
198
202
165
209
109
52
275
39
273
180
200
233
120
290
39
104
234
68
69
156
210
93
198
295
163
55
153
22
7
126
215
53
188
234
157
251
80
137
276
180
53
242
106
102
258
5
50
294
102
25
265
152
46
67
268
262
236
4
245
277
224
96
165
24
12
266
14
130
257
258
298
106
181
292
70
92
286
133
18
56
199
37
157
269
242
71
204
86
153
192
105
299
52
203
52
131
44
49
62
247
71
92
21
83
238
221
178
70
129
101
100
65
