6600
160
255
77
219
91
118
152
193
293
50
218
147
269
142
64
178
215
227
22
219
16
92
236
220
203
186
17
291
231
221
106
183
283
248
110
169
285
172
247
189
67
286
23
282
271
85
231
126
289
222
228
95
70
228
250
117
173
64
105
49
81
190
282
234
96
151
202
45
153
259
57
108
3
278
141
287
191
74
208
105
108
52
255
124
71
290
85
248
204
238
7
290
262
11
104
117
225
25
66
28
274
281
237
274
137
64
83
21
183
176
141
278
46
195
158
63
69
102
212
191
204
277
234
216
88
48
154
91
207
242
221
68
147
170
14
299
209
288
284
124
9
231
59
280
130
97
96
243
115
51
148
193
196
172
271
263
288
187
271
18
109
157
251
79
152
26
294
192
276
265
99
283
231
172
100
127
175
280
147
128
76
2
132
59
20
71
121
63
118
95
153
86
68
1
138
156
268
129
245
230
112
148
157
42
104
133
56
180
118
89
171
181
224
126
113
38
283
89
269
34
39
255
100
6
176
170
72
148
35
87
111
229
244
57
109
236
268
203
277
6
198
252
68
167
263
180
127
100
42
167
81
298
229
130
86
279
222
279
47
241
203
213
32
185
215
93
103
130
191
30
209
255
240
262
274
121
127
141
155
204
76
192
24
200
143
254
220
297
65
134
86
210
206
137
207
43
229
256
118
11
290
215
158
92
80
108
293
164
60
164
18
107
226
275
253
186
66
127
142
220
232
207
250
294
264
256
155
82
82
133
44
24
300
13
254
88
96
253
283
159
269
236
27
217
244
126
154
231
235
192
89
117
189
181
137
102
217
14
292
292
28
285
123
119
112
281
41
207
45
219
5
171
181
56
262
208
280
297
96
19
196
121
190
84
176
137
187
259
115
290
106
172
113
120
214
147
281
94
84
221
181
243
15
71
47
266
3
173
247
6
290
287
106
244
282
193
261
61
141
283
109
208
45
152
121
283
84
229
163
250
51
42
108
169
232
6
143
196
234
155
169
156
273
55
282
47
86
147
36
22
227
159
129
166
145
141
292
49
72
256
192
128
30
271
217
286
60
175
95
126
2
49
58
243
92
51
148
66
248
22
83
124
138
77
186
263
104
258
94
135
238
253
162
168
273
215
121
171
195
106
13
237
141
118
28
7
169
284
209
242
74
46
235
168
281
263
93
243
290
245
119
70
287
230
246
286
87
208
17
67
164
246
173
299
88
235
42
10
296
177
290
203
96
225
76
214
193
9
123
216
133
232
142
147
50
115
98
208
138
110
59
247
87
41
216
191
126
219
184
14
202
135
89
124
131
151
126
219
175
227
12
38
135
115
56
113
4
85
114
212
27
107
134
153
165
176
72
171
168
146
152
24
218
86
191
84
139
22
46
261
184
127
144
67
57
31
187
33
171
267
255
249
78
287
107
75
144
255
37
230
124
198
246
177
264
240
141
207
55
51
251
63
279
100
124
51
145
224
242
209
60
85
187
277
79
102
281
188
85
127
175
296
2
240
203
268
18
38
210
133
180
173
251
137
78
250
78
143
230
59
164
20
10
190
147
184
148
240
157
103
136
133
233
168
41
216
237
209
170
3
199
223
202
292
120
190
67
207
137
135
235
296
248
14
117
86
36
53
35
192
170
234
89
277
195
300
238
40
60
233
158
117
252
54
35
236
231
130
217
195
202
94
226
69
115
140
217
244
178
265
32
109
265
297
112
36
236
122
52
32
281
159
224
66
66
196
262
18
146
154
84
42
75
290
245
269
11
106
148
266
80
175
210
166
142
278
45
223
89
195
212
51
131
13
100
284
213
146
4
93
81
208
51
159
244
228
157
110
285
117
221
223
81
222
205
205
20
25
216
194
102
299
31
172
119
146
117
204
140
262
202
233
35
281
135
172
108
89
161
225
280
11
200
169
101
288
115
298
261
212
212
153
204
53
94
212
145
98
83
152
2
125
32
150
188
92
116
171
272
25
29
180
264
240
258
244
186
86
98
181
128
22
137
37
98
162
121
275
119
214
112
67
219
207
154
144
15
66
54
129
286
86
92
237
203
169
102
278
289
87
20
95
13
187
284
250
254
82
91
120
188
23
74
116
101
83
103
155
269
177
172
134
203
281
294
295
84
276
223
266
202
131
236
38
129
168
165
269
21
180
207
181
234
77
52
125
32
44
195
154
245
215
182
266
122
227
83
17
94
295
135
73
56
34
245
170
20
54
280
266
197
257
120
78
269
288
275
129
63
236
210
101
254
74
66
120
192
257
103
32
286
291
62
246
283
43
72
165
120
114
187
277
38
195
244
93
194
288
166
115
159
104
215
203
282
23
289
131
102
28
147
8
23
61
152
285
288
126
114
74
109
237
134
170
12
167
96
9
23
145
149
241
61
228
168
36
172
258
82
151
35
231
184
53
74
282
8
13
159
155
40
274
176
240
113
65
103
187
204
136
128
39
24
190
114
124
267
6
78
96
239
258
174
208
191
120
293
157
109
27
238
220
120
156
128
270
239
154
116
199
8
282
179
49
224
78
13
271
73
91
212
30
105
278
78
294
105
95
167
135
264
132
62
85
300
197
194
30
247
55
67
101
140
235
163
180
9
106
154
139
75
76
279
213
123
87
273
153
202
178
290
140
205
180
26
80
115
226
210
177
133
198
192
51
143
70
84
176
243
1
294
89
198
183
200
101
166
33
256
216
167
166
283
299
289
210
50
9
156
246
248
29
134
17
3
83
191
107
167
261
76
281
260
174
16
197
1
164
238
139
179
176
197
232
257
5
114
85
187
201
255
267
52
142
262
25
133
17
38
243
133
104
9
267
293
7
168
24
94
3
269
265
28
27
69
57
242
202
16
225
226
82
57
171
3
257
59
149
174
300
151
135
185
30
263
35
235
194
69
84
215
171
287
188
299
253
50
258
194
39
204
207
197
197
247
237
200
251
262
182
152
288
177
42
215
204
177
124
169
165
70
252
255
233
89
213
99
33
23
293
11
105
273
271
10
279
159
281
44
292
84
3
24
209
23
27
202
119
174
198
153
219
288
159
255
267
252
283
261
297
171
98
153
107
20
220
180
294
91
296
217
93
210
261
209
173
48
5
132
237
28
243
67
21
23
205
16
147
257
149
44
112
122
232
51
267
183
284
277
59
232
255
95
24
181
219
246
232
4
196
150
41
203
88
115
219
295
20
10
219
121
37
56
241
156
69
160
245
140
185
153
149
129
234
137
96
256
273
300
145
140
19
133
26
83
45
94
200
177
133
135
272
207
168
155
169
89
217
115
265
205
200
255
180
180
203
79
196
278
294
163
156
152
102
117
21
227
113
186
17
256
28
97
204
150
294
201
239
85
44
290
62
25
10
177
12
284
120
28
220
8
269
271
163
270
171
75
270
12
238
4
54
128
290
107
119
31
277
2
112
3
190
185
8
147
228
218
282
232
298
138
8
22
28
105
49
242
118
146
296
185
251
257
279
171
202
228
114
76
128
36
169
77
61
192
101
195
272
288
95
79
224
104
68
235
64
93
247
79
50
255
166
197
29
136
268
289
114
144
250
199
46
39
214
113
93
61
250
227
150
249
143
151
253
294
41
254
113
229
278
161
184
163
37
8
97
52
244
39
174
72
106
213
203
224
279
95
24
210
172
249
37
280
245
250
285
49
157
214
64
38
271
65
51
143
112
75
126
179
240
117
152
68
39
63
43
37
180
167
67
109
101
32
174
292
203
52
29
104
49
191
277
93
126
232
267
52
54
208
134
62
128
108
83
294
100
207
73
266
292
1
172
43
187
271
215
229
3
169
237
16
161
123
187
296
276
126
156
9
33
34
275
9
1
236
12
197
275
81
80
75
90
20
58
186
39
206
214
73
233
43
260
5
242
235
19
10
20
283
201
282
176
24
295
171
229
34
10
208
155
98
247
236
269
162
53
150
146
162
189
163
36
200
45
61
22
165
151
90
285
296
23
142
219
272
207
246
76
145
152
162
18
20
179
20
276
13
43
47
8
9
296
68
21
86
209
289
232
42
8
38
13
247
8
140
55
127
57
38
170
122
299
21
132
29
62
202
145
164
36
287
192
254
163
81
4
200
216
77
178
250
285
297
180
166
9
187
94
11
288
113
26
294
246
230
6
268
116
65
138
90
156
290
59
186
286
57
162
108
157
124
238
279
30
171
52
19
40
293
117
54
183
76
22
277
212
21
45
8
146
283
178
173
161
163
246
12
212
35
106
30
266
34
70
27
85
293
245
134
62
92
203
262
137
128
107
38
115
12
173
226
265
125
181
241
161
191
98
232
273
98
278
34
20
264
176
53
215
3
238
29
124
218
169
111
122
12
126
87
100
170
168
90
9
4
17
153
93
208
149
155
21
128
219
274
132
100
241
125
188
215
4
136
160
139
293
280
242
74
200
162
179
87
70
33
45
258
8
48
134
53
160
9
96
146
48
258
107
249
286
161
34
199
137
18
43
58
251
186
279
128
102
160
149
240
62
16
274
117
270
262
202
189
22
293
162
78
77
58
260
284
73
124
15
82
208
135
289
61
91
211
91
146
144
85
109
230
264
90
121
107
282
64
45
115
107
100
209
271
291
18
29
228
114
274
213
69
2
102
215
229
36
128
287
56
63
11
216
247
82
41
150
261
105
274
134
35
26
235
131
57
97
171
134
133
102
174
77
189
172
110
296
260
164
10
5
25
240
32
269
227
100
30
26
126
207
270
75
298
69
204
111
190
54
213
237
189
97
178
213
258
300
136
215
202
223
230
87
267
290
89
37
231
1
2
192
239
34
188
242
288
141
156
142
217
134
72
144
88
20
110
294
258
283
28
45
78
195
295
158
223
268
111
69
165
203
201
283
148
8
259
211
44
147
173
155
12
23
129
282
26
300
128
239
176
50
204
148
61
19
18
104
88
231
39
186
39
187
37
200
271
138
198
152
268
154
249
16
17
180
28
243
290
146
122
119
212
203
179
38
198
70
73
282
18
186
200
189
207
109
296
103
264
157
215
249
104
192
102
44
174
197
72
80
158
86
84
82
180
122
66
161
267
142
246
87
131
223
199
199
80
290
227
20
69
174
6
284
45
295
139
200
174
243
47
166
240
161
102
243
271
226
112
73
68
218
121
240
200
16
81
206
124
32
175
48
116
278
264
110
238
248
37
250
39
30
42
32
7
132
42
246
54
232
36
285
263
78
150
190
202
262
43
142
102
133
86
261
36
293
182
147
217
19
68
7
221
25
93
80
286
32
91
210
214
202
280
110
206
159
241
78
85
152
128
98
267
86
29
84
54
232
264
86
244
10
206
79
257
214
162
207
244
139
98
27
62
18
105
201
244
207
26
238
73
12
86
249
37
226
25
288
241
226
207
222
152
148
119
167
174
87
281
278
190
187
110
197
230
26
73
81
261
106
131
276
128
11
254
41
40
281
252
111
49
119
101
208
138
43
165
201
144
140
34
88
137
224
75
243
61
282
151
195
113
232
60
206
4
281
273
152
121
134
80
201
270
169
179
281
14
96
54
124
274
206
29
276
84
28
49
27
23
279
212
188
109
271
210
219
293
176
71
113
146
211
207
226
269
129
100
118
181
287
256
96
190
6
159
1
125
142
37
119
282
228
4
130
278
220
99
279
164
252
290
122
226
80
164
264
212
263
231
99
300
118
56
27
155
263
132
143
236
279
119
176
187
4
24
297
43
226
174
180
244
23
267
137
24
180
166
47
178
112
69
67
37
235
242
142
141
13
71
229
285
160
236
260
248
270
241
68
274
62
15
77
98
144
232
187
212
100
190
65
75
184
97
159
31
247
45
100
253
33
149
105
201
29
187
97
218
72
202
4
244
10
26
28
142
180
109
189
57
196
151
272
272
51
130
143
189
140
111
92
127
130
141
54
90
226
26
127
165
29
30
184
183
150
197
196
109
42
225
2
250
48
175
20
24
26
278
173
113
73
199
106
260
86
44
209
172
112
92
59
224
70
288
239
4
113
40
1
144
29
249
36
236
97
125
60
188
182
294
113
263
212
287
195
294
178
20
250
124
2
38
166
247
179
208
263
124
93
287
18
24
195
38
34
144
107
214
37
245
57
14
135
199
287
184
176
294
95
3
98
157
258
194
203
287
78
15
76
280
177
136
286
201
133
144
140
250
235
141
90
143
82
87
231
265
56
198
153
91
168
107
200
40
177
286
237
145
144
208
295
119
254
96
256
149
225
63
22
33
274
34
196
192
277
99
52
77
164
213
71
41
271
194
234
169
242
167
202
247
291
271
290
1
167
228
160
6
11
94
80
49
131
65
41
111
144
259
137
100
171
62
122
236
164
112
174
186
33
122
233
265
222
112
209
232
195
263
18
85
102
242
130
54
296
186
274
93
157
150
23
184
28
122
32
33
194
208
220
139
274
43
72
145
277
191
48
205
128
190
190
236
153
51
110
200
151
204
41
139
288
262
97
2
230
162
97
53
199
83
45
144
299
26
108
13
169
159
12
98
155
286
82
109
268
53
179
213
269
173
223
40
284
69
33
221
122
33
196
135
166
79
19
50
172
196
229
246
281
67
197
28
20
203
218
97
209
48
111
27
222
118
56
103
244
58
142
108
60
37
167
20
189
200
203
165
159
19
199
282
277
216
286
294
23
171
109
89
212
37
39
140
73
212
239
35
48
198
19
185
240
57
300
179
267
262
298
60
159
125
168
281
137
235
224
274
53
156
175
208
127
227
148
299
30
253
227
114
99
248
130
106
239
111
110
242
275
140
104
30
288
180
251
145
147
63
196
160
177
90
17
281
59
67
211
273
24
246
105
97
289
291
197
276
291
212
275
156
60
248
72
2
135
44
117
165
61
148
262
2
130
35
145
8
233
293
3
239
35
66
173
203
87
192
153
228
79
171
200
75
191
9
291
187
210
72
57
265
188
167
61
198
71
255
278
292
82
9
135
147
252
20
130
97
256
279
275
56
183
63
104
299
7
286
157
194
35
41
88
168
77
105
258
162
271
269
202
241
228
179
141
163
92
58
199
170
120
232
155
228
149
19
218
153
57
20
242
286
175
175
294
240
13
206
82
201
263
274
119
89
274
93
76
163
55
246
59
50
69
233
196
172
175
255
121
185
177
250
1
117
53
172
289
248
203
15
195
41
283
245
254
154
124
59
160
280
142
42
101
43
141
121
256
111
190
239
75
289
81
248
159
35
112
116
211
246
187
80
135
22
41
95
38
41
221
218
179
93
294
126
293
298
123
72
140
236
14
144
20
255
22
256
144
22
244
119
68
289
9
178
19
224
207
55
14
192
15
180
285
219
204
8
78
69
212
252
121
48
70
172
240
46
231
11
281
14
88
299
146
37
109
69
232
57
67
266
162
272
203
144
114
94
221
280
14
261
245
118
28
240
85
101
78
214
105
197
175
102
214
240
149
74
5
7
129
282
206
49
16
185
278
295
84
233
42
200
127
288
176
60
298
90
119
134
247
22
39
90
156
180
108
179
11
42
81
67
8
297
91
226
71
157
61
278
213
261
10
66
79
215
283
46
232
13
220
238
125
21
129
117
7
99
11
119
280
59
166
263
210
47
16
37
110
64
203
7
276
147
213
93
103
145
126
119
22
140
239
159
295
96
188
228
256
70
221
243
12
190
124
297
270
128
112
43
84
217
260
288
262
239
160
267
93
167
170
56
17
284
293
286
144
201
17
115
5
97
101
260
204
101
272
15
17
293
135
262
209
291
23
191
126
181
230
282
192
246
83
163
98
151
200
28
184
179
83
39
144
100
75
81
141
249
231
157
59
230
267
288
55
250
65
237
175
285
106
206
138
168
245
113
169
245
206
65
86
254
251
227
68
144
211
129
136
19
182
108
164
79
186
259
109
40
300
286
54
73
236
126
99
47
266
174
287
150
212
71
70
247
101
174
58
268
265
194
11
179
283
290
42
94
129
217
147
272
223
260
189
84
226
284
253
56
2
42
184
17
297
139
95
277
48
274
252
37
217
284
27
291
15
276
73
155
252
226
290
256
154
21
144
9
143
225
116
275
27
122
71
261
103
156
66
255
238
34
137
217
277
18
46
157
251
224
30
52
8
51
162
75
137
133
111
186
95
67
293
178
148
136
9
120
226
279
190
252
14
240
243
213
173
30
211
115
261
224
63
1
106
99
183
221
120
105
281
224
121
46
194
5
59
123
256
244
211
90
143
228
172
68
138
145
109
241
85
140
47
138
192
285
19
300
236
292
180
51
108
181
181
117
61
19
239
199
200
135
79
235
181
125
45
34
151
242
274
162
300
238
273
283
58
107
259
216
2
276
71
184
189
13
40
110
50
238
274
176
50
16
14
113
274
201
224
230
144
89
105
149
169
126
36
128
7
280
146
178
93
258
7
104
264
176
215
169
131
137
130
149
148
300
185
276
29
151
98
115
204
205
66
253
141
199
117
298
232
233
150
104
223
54
79
156
115
49
194
292
270
181
168
52
112
138
251
297
244
58
247
69
136
203
237
179
277
82
211
231
61
238
298
290
274
233
15
271
22
110
152
65
262
244
277
77
208
284
140
115
265
252
120
218
137
187
37
174
135
167
81
172
220
239
114
291
171
260
143
117
13
152
32
103
216
111
172
197
297
7
190
47
65
231
63
173
221
204
149
279
88
178
18
8
57
180
299
230
228
193
19
182
94
115
170
133
286
107
128
18
74
131
298
52
168
70
174
290
131
105
291
17
299
7
72
149
280
153
242
167
235
168
47
159
153
156
254
245
156
72
72
13
61
187
213
231
61
27
4
218
90
112
222
155
229
190
192
180
136
283
168
99
236
277
68
124
183
114
75
69
36
143
265
172
195
221
42
261
250
220
206
201
71
176
177
155
43
299
265
72
33
24
84
174
280
293
227
273
26
295
251
143
260
14
255
69
82
100
35
38
192
61
286
130
207
117
49
280
232
39
180
102
30
137
230
29
77
231
91
265
10
159
124
230
269
215
93
230
192
102
253
11
212
251
176
43
235
93
168
291
174
163
3
91
181
108
224
130
280
30
54
207
136
118
110
191
141
204
213
224
90
270
133
16
119
230
88
166
225
204
171
89
259
225
294
76
121
275
147
293
101
178
251
26
183
16
128
120
46
86
269
126
170
148
299
100
160
284
205
9
183
137
78
241
1
102
158
94
105
189
109
68
56
234
36
195
144
124
60
258
122
28
84
49
256
35
175
171
222
70
83
109
29
141
189
223
220
221
229
206
196
135
178
266
253
91
10
218
79
200
72
166
113
82
196
119
168
129
283
189
172
3
208
53
95
133
192
182
135
204
249
90
155
171
193
291
80
247
142
204
55
38
6
21
299
125
128
138
169
249
112
188
77
122
237
129
102
83
160
76
182
120
115
140
152
240
13
252
127
49
47
197
77
182
216
238
101
294
158
125
242
125
174
267
51
44
59
191
263
205
252
240
220
91
224
236
289
59
93
244
194
49
189
182
110
159
100
260
140
282
193
233
72
264
150
23
217
138
8
172
104
274
296
223
237
216
245
54
62
279
189
96
162
43
287
248
156
218
3
138
294
56
261
26
157
176
230
92
223
71
256
205
241
139
240
177
177
42
58
262
104
169
182
124
287
182
159
36
190
214
252
215
112
14
165
285
207
177
232
292
247
104
125
53
56
181
63
142
243
101
89
163
140
184
160
20
290
214
105
141
295
248
260
110
112
177
119
98
29
104
220
146
48
198
296
21
139
156
24
201
16
266
148
77
260
279
195
286
46
91
241
100
30
83
134
283
7
30
147
60
195
227
107
199
254
254
47
136
224
239
243
203
54
143
17
184
8
7
156
171
129
81
214
74
117
182
292
147
96
242
171
246
154
91
54
275
114
181
79
80
293
181
101
34
109
151
128
176
174
40
186
62
177
102
75
213
264
154
76
241
86
210
98
38
251
31
127
72
220
229
186
167
102
157
274
172
291
72
110
83
178
230
59
53
82
190
112
282
63
261
191
206
2
236
242
215
232
230
83
256
65
220
92
205
13
88
259
282
233
278
50
27
193
207
291
277
263
246
135
119
133
123
208
199
243
108
32
12
148
161
240
12
125
173
208
109
10
266
60
30
204
256
243
61
281
293
120
31
187
103
215
284
189
119
88
27
83
246
239
166
240
124
86
50
218
188
73
69
148
162
229
41
295
208
291
187
39
295
274
152
173
172
167
180
209
154
43
77
277
239
215
220
216
280
134
246
28
47
296
219
103
185
82
163
201
214
86
43
260
38
225
57
6
296
168
277
264
103
187
161
116
111
21
185
138
156
89
203
21
6
156
22
107
40
244
261
78
22
144
41
85
88
170
50
264
31
288
192
200
293
125
45
195
155
170
12
294
291
12
96
127
254
190
216
3
87
59
132
65
203
185
205
120
34
187
7
261
261
202
133
95
296
28
117
183
25
23
282
120
48
26
142
87
116
124
146
136
275
19
118
196
234
13
296
246
222
6
219
57
226
113
160
25
245
75
114
214
225
258
110
12
11
95
186
113
185
141
258
131
160
109
163
17
118
214
145
26
199
258
94
222
8
177
203
188
185
229
49
295
151
25
271
63
206
300
263
286
95
82
14
49
237
164
123
16
273
136
58
1
221
55
277
60
65
59
269
266
25
6
126
81
48
141
173
26
257
204
123
21
142
113
291
110
120
250
220
67
245
184
28
205
26
260
146
76
164
18
51
255
276
157
171
17
11
15
179
156
53
50
197
12
110
72
284
118
13
227
111
108
127
72
87
196
47
98
246
20
153
54
75
161
118
173
181
198
269
183
196
228
122
75
3
28
188
296
13
259
36
25
203
62
125
12
163
72
38
256
259
76
93
234
162
244
37
10
86
127
127
249
4
98
73
77
272
150
248
36
109
298
248
168
169
148
204
98
267
198
207
262
64
281
206
147
277
225
233
199
141
254
248
128
72
79
279
240
207
106
218
196
185
148
2
53
139
279
172
237
167
266
181
16
272
286
295
74
127
135
259
280
140
181
109
254
45
50
282
195
134
110
180
60
221
241
236
45
248
12
119
4
266
150
90
264
198
251
157
291
213
184
129
4
158
120
229
58
206
91
79
197
73
129
300
232
261
289
268
210
269
178
289
135
141
72
142
207
174
193
5
242
191
221
27
200
122
278
111
9
147
248
76
205
31
221
83
187
6
199
235
27
128
263
195
162
200
270
285
148
78
11
239
197
46
289
152
136
15
297
297
251
262
40
244
93
202
255
192
166
158
254
100
25
243
136
144
110
211
256
213
151
216
113
52
155
239
233
274
40
123
246
86
253
268
125
20
125
214
205
34
230
203
104
147
286
25
74
21
207
24
229
261
204
151
211
16
201
152
151
110
19
258
179
28
227
128
188
287
168
102
167
202
149
257
16
289
207
83
257
26
215
117
203
59
256
147
264
232
71
163
103
62
82
280
176
43
117
221
110
252
7
169
122
63
299
147
240
169
19
206
265
9
118
10
298
131
98
297
107
97
165
134
89
86
270
3
285
7
208
69
39
189
49
22
191
274
281
90
96
16
8
68
146
228
68
232
141
197
260
276
203
192
250
202
221
101
265
177
89
73
167
31
46
197
83
201
290
45
253
95
83
269
270
269
191
195
53
277
36
127
62
152
289
20
200
38
284
203
44
220
209
170
95
247
122
108
10
61
34
165
160
189
20
150
87
130
111
16
54
217
238
81
61
273
48
251
89
199
97
49
121
134
195
160
167
291
110
156
138
276
295
256
124
40
162
8
260
246
112
108
203
74
198
34
149
69
202
19
55
256
3
141
37
178
229
168
258
253
209
265
105
144
259
16
252
63
245
225
51
152
256
175
103
122
6
109
286
96
289
172
129
222
191
55
34
152
209
116
169
148
292
196
70
154
297
12
254
255
206
24
187
78
140
12
240
241
144
153
194
141
92
80
112
142
103
206
148
115
86
243
141
53
147
215
91
43
220
25
201
144
36
158
174
83
86
133
203
76
153
142
241
54
264
25
113
26
97
115
113
102
41
227
271
131
151
65
226
171
157
197
146
155
298
295
38
257
87
268
7
46
224
223
256
32
274
170
188
163
48
6
223
238
114
227
190
10
98
157
274
79
273
136
295
2
192
139
98
156
263
145
223
203
88
29
280
281
197
197
197
96
214
131
295
101
284
87
45
18
59
300
299
149
128
294
124
257
128
141
164
94
6
293
174
180
207
199
154
156
206
136
257
34
27
20
104
84
171
157
194
111
283
287
32
77
150
162
2
185
267
254
157
151
167
104
134
153
89
244
61
113
290
81
250
43
76
54
60
84
226
31
290
137
238
220
82
264
147
256
259
171
20
15
95
25
280
76
67
181
45
293
199
212
186
223
199
264
277
217
145
152
202
262
221
89
9
84
38
132
260
269
83
248
100
94
104
87
211
51
274
8
236
150
191
4
68
292
209
247
156
87
143
28
147
141
67
37
201
233
163
59
35
59
204
49
274
192
36
157
149
123
282
144
90
162
93
136
97
156
90
274
239
278
219
170
239
240
266
215
8
292
29
279
26
243
23
3
243
124
141
174
68
247
168
285
207
110
109
280
247
295
157
254
182
36
212
71
79
112
12
134
181
69
188
191
9
60
298
158
158
17
92
210
166
169
172
211
55
137
207
113
162
235
10
211
41
76
175
146
209
241
152
197
172
267
218
279
129
173
126
246
210
218
127
204
34
225
252
13
253
128
41
185
153
195
10
264
112
192
57
264
172
296
134
187
260
215
242
36
17
72
132
142
117
213
246
208
296
45
215
280
195
262
226
282
29
127
86
98
217
48
137
220
235
249
94
170
211
294
299
211
203
65
191
8
277
226
13
230
44
189
69
230
181
22
49
49
289
178
176
89
9
63
9
55
77
186
76
205
212
175
59
163
288
64
267
134
62
194
151
20
128
199
99
145
106
12
219
269
130
111
278
269
85
47
229
187
116
113
210
134
256
251
12
55
295
285
31
265
147
64
143
73
199
216
299
229
30
96
251
10
81
34
166
68
233
41
197
155
21
42
1
131
188
205
177
153
157
73
212
239
240
179
130
43
50
272
11
271
103
234
42
261
126
193
115
233
246
80
99
165
231
229
160
203
198
96
61
44
167
85
44
37
117
112
251
54
6
21
111
18
99
237
224
287
50
276
119
276
20
266
138
2
142
140
156
7
91
104
30
174
300
67
39
128
65
291
126
252
54
178
274
131
159
268
20
101
128
212
130
34
197
33
149
123
75
157
97
132
182
190
189
20
3
3
32
286
129
222
86
251
54
79
261
21
278
194
56
238
111
13
210
114
229
172
272
51
66
120
171
148
278
288
48
257
145
214
274
161
123
284
223
4
260
274
87
142
231
21
163
144
127
247
299
122
100
231
297
242
234
275
138
111
199
111
88
275
127
277
144
117
106
142
249
117
150
274
71
46
39
129
210
113
73
269
195
71
199
3
161
266
3
210
279
260
28
163
20
101
159
105
25
242
99
175
108
132
153
157
279
284
184
136
233
157
250
100
49
246
252
259
176
297
49
161
74
102
49
298
22
36
208
141
23
259
247
286
193
6
230
197
250
207
129
41
50
88
91
232
46
251
83
97
274
237
209
172
191
288
267
166
155
28
33
30
123
70
190
159
3
275
71
20
87
194
63
148
66
174
184
11
24
165
295
297
118
265
16
73
277
194
115
98
267
147
192
294
19
229
64
129
79
269
223
132
17
203
27
121
128
254
98
124
187
80
116
243
225
45
228
154
97
218
27
18
188
284
70
84
85
213
115
23
261
91
19
163
186
17
257
294
71
105
200
246
169
11
34
9
147
1
56
299
79
300
53
141
232
287
63
175
147
117
287
269
194
84
80
149
65
291
106
37
57
3
235
85
159
78
25
68
113
76
193
256
15
54
26
161
122
53
103
228
47
122
120
170
26
47
222
131
286
65
190
155
207
130
60
294
287
120
153
77
62
73
274
64
122
239
267
61
89
235
219
156
212
277
152
145
43
145
28
156
244
108
181
151
36
184
151
59
203
283
299
109
217
144
200
156
184
54
115
132
175
238
267
171
250
20
27
124
34
55
193
127
290
237
165
117
290
20
74
11
3
195
50
220
126
98
68
19
2
149
177
96
115
119
29
214
210
126
92
110
99
44
94
16
169
162
27
271
203
251
133
278
149
213
52
147
155
212
27
140
199
79
151
159
60
73
86
239
128
55
198
44
292
3
238
137
141
40
278
249
41
238
103
52
189
222
199
12
230
270
155
37
134
69
28
228
18
245
201
182
205
130
158
107
210
129
239
253
90
218
265
23
265
108
30
143
201
228
125
299
78
116
182
215
197
129
296
103
23
104
193
174
189
20
199
37
48
81
57
210
68
176
80
149
157
39
257
114
145
32
73
191
205
34
117
73
209
33
44
174
71
16
262
180
206
259
224
73
43
112
54
139
44
33
168
55
13
18
5
166
201
205
192
222
215
34
283
279
48
83
184
160
222
73
278
6
223
293
230
272
171
86
69
37
241
51
242
55
43
184
112
59
298
264
104
256
95
31
159
231
42
41
246
228
275
39
151
88
236
229
58
83
265
295
83
112
6
21
247
9
24
85
59
277
125
238
88
221
149
163
298
165
109
104
68
30
103
225
46
81
86
15
217
172
253
6
203
31
58
53
296
218
158
179
85
41
285
83
1
270
182
283
269
11
279
265
15
86
285
124
135
71
136
175
48
168
198
109
92
71
284
234
243
271
67
49
27
208
165
106
281
157
93
88
222
14
170
119
54
9
228
18
216
179
259
145
269
17
177
292
163
204
68
232
97
185
265
229
83
249
177
212
261
127
197
102
289
62
31
258
255
9
227
16
210
45
77
229
78
169
138
11
186
299
84
290
230
45
118
108
74
7
57
143
122
268
76
149
6
233
291
206
28
