6617
240
197
258
294
6
189
245
107
238
78
49
121
64
209
19
123
19
153
58
117
18
287
153
94
209
219
243
32
150
74
43
207
230
65
267
7
169
123
133
128
266
65
69
3
100
154
108
42
286
149
220
130
146
44
226
8
254
130
112
263
139
10
33
283
49
193
58
72
1
20
121
187
287
174
130
61
121
57
118
190
198
64
154
199
153
218
93
208
208
292
17
165
224
34
76
46
120
99
150
26
162
77
169
231
46
258
114
109
94
135
3
275
89
222
162
24
225
279
300
211
61
191
143
150
129
258
174
189
250
40
106
25
177
54
35
124
185
74
103
167
38
215
98
281
96
21
6
99
7
200
266
75
300
110
184
64
138
224
178
16
103
226
247
269
261
272
149
227
94
187
109
84
21
44
64
192
140
237
96
206
29
67
103
13
87
9
188
3
129
251
138
11
245
82
267
228
12
235
70
83
257
275
284
192
269
178
35
265
265
16
146
286
54
155
136
130
228
255
150
87
297
140
173
51
92
22
115
58
142
177
74
203
79
239
94
216
236
24
255
222
75
268
273
59
298
2
210
48
177
137
106
14
284
191
63
142
148
205
18
257
185
228
199
14
45
258
300
170
282
256
191
296
89
90
69
91
111
113
188
120
117
259
100
188
201
289
272
34
226
279
151
207
206
40
155
265
299
201
209
22
161
108
101
156
148
120
275
229
26
155
27
261
284
80
248
83
170
216
81
173
41
23
297
67
243
95
18
26
4
158
63
141
194
76
288
184
81
195
299
289
280
35
10
279
101
114
129
99
198
295
142
248
266
158
78
225
61
59
256
39
258
210
96
212
84
77
63
117
53
37
149
146
127
20
300
252
280
146
59
13
283
207
108
262
130
148
154
52
175
238
235
198
197
50
72
157
220
53
130
131
228
281
234
220
60
248
133
288
137
280
199
168
234
75
181
235
137
138
56
10
237
197
75
286
57
185
4
176
208
178
90
193
179
205
124
99
33
98
69
193
84
17
148
48
80
281
132
133
289
244
227
52
257
97
196
35
120
80
132
122
286
208
250
66
176
41
260
251
270
79
58
234
298
188
94
79
291
249
194
57
122
94
79
290
264
91
47
231
271
54
141
226
165
173
29
78
135
145
78
43
94
42
75
112
216
157
198
234
119
34
159
254
109
196
105
111
170
257
156
169
134
217
44
39
269
269
6
47
245
142
206
231
125
17
285
244
298
260
40
29
123
238
115
183
19
44
204
115
230
229
162
266
269
194
32
7
128
274
261
189
92
182
62
255
147
297
32
10
224
204
278
96
218
110
33
76
88
231
158
61
132
37
96
4
262
231
278
260
286
286
141
111
77
173
15
210
162
151
180
134
150
135
4
286
133
149
193
79
21
102
59
8
21
249
217
13
236
55
263
22
164
13
158
204
97
2
257
101
75
277
84
171
17
242
129
91
262
88
219
95
171
119
28
215
1
177
98
216
48
53
147
42
51
229
42
231
280
160
247
27
113
167
131
87
108
253
214
215
291
261
54
35
92
135
155
149
215
162
282
218
264
192
72
279
40
81
146
143
70
210
105
159
287
267
270
252
71
31
114
174
28
94
155
228
253
171
86
4
35
50
107
255
144
32
259
3
141
92
182
177
131
205
288
83
28
116
13
223
249
261
158
43
259
123
205
72
189
54
64
37
179
158
268
189
33
144
38
153
24
3
263
179
254
1
133
225
111
109
25
73
227
251
98
73
117
49
166
140
148
38
200
208
280
148
190
198
220
100
171
42
283
90
184
90
175
217
134
47
53
220
73
241
254
236
262
94
203
32
138
107
88
271
127
40
51
241
77
4
60
82
233
178
148
241
88
207
143
277
24
27
206
277
164
19
252
171
123
194
219
173
167
206
168
93
16
273
32
81
23
208
147
263
195
87
154
77
240
197
131
241
75
233
170
255
175
151
97
290
99
135
174
118
220
133
172
97
10
162
123
45
210
224
127
103
120
87
212
135
300
19
205
47
266
261
71
71
214
27
147
153
178
78
164
162
86
108
182
190
199
70
235
64
41
73
98
239
196
83
193
276
131
9
173
286
127
198
127
241
130
230
6
182
298
124
102
97
5
205
265
7
4
63
36
268
130
270
270
92
165
37
265
244
281
96
243
114
152
133
60
236
80
68
190
203
286
47
49
130
197
239
125
47
110
178
283
140
295
225
138
270
113
56
163
157
138
60
169
39
172
193
85
29
219
95
234
250
153
234
11
292
89
182
135
86
153
116
185
121
108
220
277
191
259
7
55
11
202
18
160
297
239
277
200
61
280
65
295
18
217
176
297
191
14
114
132
12
112
204
88
253
59
45
3
67
237
177
241
115
136
179
136
85
272
191
276
103
143
239
231
159
164
24
14
241
57
250
61
59
100
242
272
4
18
43
197
88
249
78
20
248
143
212
28
90
84
114
215
98
160
172
281
158
112
28
107
159
106
296
17
284
273
182
89
122
65
35
25
81
29
215
144
222
66
81
269
45
142
182
247
204
152
215
237
103
169
99
201
107
108
287
106
255
162
245
146
99
258
178
108
54
277
23
39
90
161
17
244
226
98
270
239
64
64
187
35
63
165
77
187
51
91
165
242
191
50
112
212
62
41
193
7
82
77
197
295
187
261
263
274
169
220
61
135
269
226
116
105
101
2
171
294
201
50
54
257
132
3
81
286
75
107
286
276
192
205
89
214
105
29
291
278
216
51
240
59
86
276
55
291
7
114
233
82
139
252
154
128
85
55
263
39
68
172
124
145
107
125
230
101
114
123
232
55
217
95
129
241
219
22
194
256
8
13
81
174
42
201
215
221
184
255
128
260
287
178
217
168
193
121
187
264
183
184
141
273
233
13
32
157
250
228
192
200
228
186
172
162
197
230
190
271
282
179
215
281
168
276
30
251
211
195
263
11
94
135
227
232
48
209
99
169
173
21
283
19
57
176
228
233
255
80
289
157
290
83
61
185
39
160
223
130
153
137
70
279
204
212
174
244
30
145
264
239
80
144
99
11
156
217
20
8
61
223
170
137
195
166
5
6
283
114
199
265
40
267
212
212
254
61
14
78
18
162
214
252
147
21
38
261
240
120
299
146
163
183
185
274
252
196
41
47
16
84
204
267
136
154
201
278
10
224
271
107
61
283
280
42
198
288
183
50
197
201
207
32
96
197
70
118
125
182
3
197
234
168
145
285
186
96
100
131
235
181
230
285
277
235
207
202
83
180
148
297
156
190
181
62
247
222
262
164
183
275
40
266
91
138
193
274
244
242
144
134
228
67
254
258
234
257
105
87
198
228
76
153
140
176
206
45
121
49
84
205
297
274
108
81
165
34
138
264
93
168
285
292
158
219
95
193
205
35
29
70
243
212
268
267
68
111
84
163
237
214
155
218
193
58
21
77
238
219
164
86
177
26
117
243
272
118
123
181
116
200
123
40
3
1
130
132
154
95
110
42
86
4
189
3
298
269
247
45
266
228
28
234
249
125
11
129
72
81
277
72
156
81
52
64
85
218
11
111
90
39
241
15
279
182
145
262
68
136
298
176
155
120
175
130
116
93
294
258
211
123
102
26
118
72
38
91
40
99
242
284
196
8
207
185
73
105
113
116
287
256
153
241
257
147
274
131
137
80
285
1
263
200
165
230
186
19
240
107
95
127
183
64
235
74
139
88
204
46
158
157
244
267
101
198
70
85
92
239
139
125
211
175
144
25
55
257
102
95
105
280
20
271
7
190
3
283
257
181
70
154
61
100
65
81
273
270
68
50
22
86
96
281
151
203
85
299
37
201
59
282
290
241
138
10
110
228
276
122
156
160
242
280
202
41
101
82
50
85
263
81
29
160
110
122
121
36
90
187
238
268
104
111
124
246
276
65
153
6
233
180
17
180
48
28
269
25
196
58
115
291
140
30
225
286
118
90
287
284
30
120
57
91
108
299
30
133
143
28
250
94
184
142
115
34
209
132
78
164
209
17
246
87
34
66
256
266
213
65
102
224
145
88
13
84
107
217
230
86
83
240
133
55
32
41
178
31
219
6
16
104
290
97
238
62
284
114
113
60
249
87
191
145
249
212
178
66
28
87
8
265
63
256
189
211
185
37
125
125
154
105
215
241
47
158
237
215
108
248
269
243
256
168
160
139
18
166
148
111
67
200
200
99
167
275
247
252
172
140
238
252
74
205
220
133
32
9
63
257
9
119
105
284
176
134
118
192
263
164
290
13
103
172
50
44
145
18
256
131
169
138
201
222
137
219
295
81
266
280
83
77
83
99
180
178
233
61
106
152
278
233
265
107
128
136
122
257
218
45
186
126
299
23
209
85
259
70
10
32
73
254
198
27
45
24
72
242
63
4
265
131
129
14
140
222
190
234
26
145
113
157
108
119
7
34
204
122
290
22
149
267
17
116
232
58
34
49
211
32
108
277
18
257
233
24
165
46
107
273
272
296
104
258
152
261
249
84
228
68
156
58
2
157
263
181
281
174
207
29
125
53
3
41
177
245
68
182
255
97
241
195
273
210
276
87
54
289
160
2
33
176
82
126
192
130
141
114
60
191
127
196
267
261
146
195
299
275
233
184
100
267
28
3
282
45
232
99
236
94
171
130
33
38
138
192
73
6
73
122
237
228
94
236
282
147
190
199
69
130
11
89
29
274
232
119
1
3
12
132
280
281
153
57
49
47
106
274
238
204
83
54
263
90
145
32
68
257
170
283
116
232
203
252
104
212
30
267
239
39
162
224
20
109
150
142
107
99
235
60
289
243
39
153
295
265
17
52
162
178
105
63
192
30
67
52
40
268
107
39
137
280
266
204
3
158
179
120
16
299
298
153
300
93
168
189
176
259
23
162
7
78
157
39
292
257
100
138
53
71
159
158
50
112
141
241
179
24
239
117
110
103
96
89
237
85
17
230
204
156
86
27
2
57
192
14
248
133
103
250
260
80
157
6
85
175
279
204
168
46
169
229
176
190
88
151
158
68
147
216
246
129
31
241
186
195
57
154
270
13
230
70
221
181
46
60
298
168
202
67
199
73
226
157
254
238
291
38
79
241
102
71
126
233
144
195
285
288
39
16
155
144
209
113
144
181
28
228
217
87
286
176
63
177
261
242
8
44
216
274
70
15
144
184
221
241
153
231
201
277
115
64
29
85
248
136
263
141
217
218
257
15
175
20
51
145
49
68
76
273
143
55
62
184
46
79
58
36
256
189
109
283
254
80
46
278
160
195
65
199
269
16
169
255
71
239
225
209
294
8
17
49
114
208
191
50
83
101
92
293
289
116
282
221
179
142
174
127
34
110
269
127
281
228
230
4
272
117
53
238
183
250
277
229
102
149
17
27
211
103
82
69
80
136
203
66
29
222
273
273
140
38
109
271
80
185
196
146
12
172
41
200
171
25
256
83
159
183
243
29
12
96
133
207
151
8
177
272
255
55
82
235
110
294
124
256
284
298
204
297
200
141
250
30
266
136
51
189
109
54
16
297
281
187
177
205
130
77
252
225
290
106
112
197
81
113
228
294
5
146
162
39
136
218
244
106
100
211
131
257
153
226
264
70
65
97
159
146
179
113
56
270
69
83
48
297
61
111
41
94
51
247
227
176
108
56
290
251
145
144
177
16
235
102
140
279
18
281
169
67
72
138
141
173
269
141
130
228
22
248
88
5
2
90
50
97
286
95
225
194
203
257
84
129
163
121
190
13
130
253
201
277
133
237
133
172
109
69
92
4
68
72
145
252
228
17
271
92
224
125
293
45
3
92
97
188
152
181
295
116
12
295
164
291
142
138
68
218
299
52
276
218
257
148
109
115
97
9
130
276
150
68
177
249
219
294
221
60
105
238
181
65
116
234
181
208
144
3
152
132
43
242
63
30
276
84
258
155
165
37
204
212
291
275
280
271
149
18
229
61
84
172
91
113
19
4
43
21
70
290
108
75
224
135
232
243
200
90
47
63
279
197
149
26
146
115
4
110
243
65
152
147
285
204
234
291
8
262
227
94
257
180
42
78
86
200
202
158
129
294
64
287
281
230
249
124
239
168
144
76
129
13
90
266
220
27
119
228
233
62
51
294
109
14
142
104
271
17
267
116
151
64
271
59
69
59
75
157
300
133
147
130
72
222
128
293
285
136
183
27
80
81
97
1
157
143
160
10
90
284
50
210
78
138
13
162
51
47
219
105
268
243
161
48
252
84
49
144
155
263
121
5
160
260
46
122
194
234
104
197
288
64
43
215
267
261
231
241
86
231
223
115
204
39
120
278
180
95
202
191
175
34
229
151
219
157
57
62
113
245
270
94
188
191
195
237
180
295
243
272
89
229
2
280
97
109
150
157
74
177
201
45
267
86
124
250
242
27
1
257
81
56
136
109
213
169
156
20
28
218
23
14
138
194
154
51
11
86
30
125
195
229
194
134
192
104
235
211
251
249
88
158
181
146
266
56
26
186
192
109
42
298
3
21
127
222
193
284
212
269
132
152
279
240
207
104
272
179
64
213
23
253
71
264
53
275
176
97
144
290
2
202
63
263
300
92
260
188
219
41
245
30
247
137
297
293
113
23
148
236
106
228
34
147
100
69
152
183
127
237
284
290
242
272
173
244
105
189
193
15
185
112
297
244
103
124
39
79
52
281
49
177
193
253
6
91
17
157
192
284
72
185
296
69
109
265
176
5
204
90
54
242
34
238
15
296
278
164
151
224
24
4
178
128
266
235
15
273
245
248
177
22
257
135
252
173
134
64
20
96
249
189
69
42
178
235
113
265
93
71
129
98
107
1
91
238
278
300
242
251
224
171
101
109
121
261
155
299
82
271
278
296
50
15
77
103
256
299
108
293
228
242
121
280
212
131
175
76
229
297
182
63
14
265
131
120
116
142
4
159
30
70
127
116
209
27
295
3
150
12
148
3
39
279
76
66
36
54
153
262
2
105
256
235
49
189
83
74
72
62
182
249
150
39
218
218
204
176
195
83
147
104
217
135
259
108
206
212
251
267
241
299
136
160
101
42
216
286
89
112
193
206
211
226
249
279
211
5
224
48
153
32
104
121
89
192
164
151
164
25
266
177
187
146
51
219
104
89
19
203
38
159
116
126
276
53
45
156
232
204
290
156
100
60
77
263
6
106
57
165
237
31
33
178
238
234
80
276
239
117
203
129
165
144
79
95
227
122
40
88
27
105
119
156
53
54
5
274
52
52
272
233
52
258
50
213
19
255
1
197
259
136
171
32
228
22
273
128
293
15
15
29
59
89
72
13
127
175
101
4
35
124
233
127
4
156
259
157
113
124
276
207
261
69
54
73
112
192
121
44
18
80
151
129
293
25
55
145
222
272
283
26
15
95
251
249
196
116
238
273
207
182
241
49
154
38
243
72
37
89
115
119
113
86
223
88
237
208
216
133
5
151
202
249
179
275
43
141
12
279
132
108
147
154
92
33
95
254
88
252
47
276
212
75
215
122
293
167
67
212
45
24
5
216
214
60
277
42
281
221
205
181
126
289
268
24
287
105
151
103
99
234
79
171
175
185
171
80
300
232
145
50
17
13
46
191
92
29
163
6
29
188
106
278
149
212
103
260
285
49
112
1
244
166
127
272
7
43
191
188
111
193
108
184
214
283
45
263
108
59
15
64
217
139
77
31
53
124
178
1
280
229
87
115
205
70
125
159
198
7
18
131
7
177
290
149
195
244
256
188
280
267
172
127
266
247
233
158
96
271
159
48
50
152
37
10
114
47
229
150
137
25
168
132
129
181
91
53
25
168
24
221
43
230
80
239
201
185
217
202
206
128
53
213
75
49
182
276
240
195
298
36
178
193
248
58
188
297
258
102
226
29
181
274
135
6
285
200
284
156
289
273
93
243
237
82
135
112
298
14
196
248
162
20
267
239
123
2
114
14
41
292
93
113
12
212
175
42
207
79
299
69
43
243
169
62
113
199
102
296
204
281
4
13
108
59
244
37
231
112
255
149
41
90
9
59
190
87
96
12
206
152
12
70
227
212
160
238
286
294
203
157
173
279
86
220
247
2
27
267
258
26
281
273
49
160
142
184
49
43
52
109
238
263
246
168
51
49
160
45
120
51
297
257
49
176
13
186
271
267
66
114
63
35
38
85
221
34
26
55
282
45
122
246
63
130
275
16
141
111
101
82
193
172
36
212
139
109
168
124
300
63
216
6
149
222
194
63
115
128
296
215
23
287
41
252
290
131
88
200
262
11
175
24
298
164
248
73
240
10
282
69
14
277
290
72
134
124
30
208
121
169
254
201
290
172
248
60
252
125
165
222
42
96
226
186
51
148
195
235
267
228
136
157
3
70
157
271
9
197
44
42
168
55
255
160
57
11
1
133
50
10
33
52
203
245
215
179
216
108
82
71
88
282
58
166
234
50
170
41
286
254
159
210
196
88
146
121
98
251
149
227
27
278
149
76
39
273
295
237
281
278
182
295
244
297
215
16
134
73
6
292
162
253
273
165
260
64
295
94
85
234
134
93
64
166
170
92
229
233
178
295
246
252
48
248
136
264
89
261
295
90
21
146
176
284
134
289
42
277
256
291
60
148
199
40
119
30
247
162
200
300
258
79
225
20
194
92
1
6
101
12
273
104
235
82
2
134
226
191
143
228
94
53
68
278
35
102
228
245
187
270
173
224
122
98
212
226
169
67
288
76
198
114
138
180
77
105
57
251
99
73
110
76
17
49
192
74
105
127
137
104
64
211
248
212
98
92
72
110
264
281
264
238
6
245
214
124
55
204
185
82
113
93
127
136
273
54
262
16
277
94
4
115
41
24
138
252
18
178
203
106
44
163
97
109
53
181
154
30
125
91
259
83
290
22
179
297
196
80
195
275
226
251
218
231
221
111
59
241
270
110
18
216
188
149
46
198
223
224
157
20
107
269
46
87
45
191
220
291
177
260
192
55
170
163
155
160
284
57
125
62
103
297
189
289
276
148
8
173
51
222
153
112
26
185
230
218
294
259
263
213
111
77
133
77
285
280
76
263
108
208
141
83
190
145
149
111
292
188
34
291
184
287
203
198
210
65
257
173
47
136
284
284
246
167
31
116
72
75
80
255
110
262
97
100
116
43
72
66
191
181
289
50
168
225
150
245
106
126
242
244
126
162
80
71
285
116
249
224
100
23
178
128
253
267
93
151
168
79
66
120
184
160
77
96
106
185
160
28
19
257
274
275
75
246
104
291
171
49
285
295
117
260
247
116
283
202
36
181
186
248
57
293
80
107
124
258
155
131
102
2
214
290
267
228
99
84
49
45
153
166
286
133
26
19
134
265
188
236
78
203
96
250
171
293
295
163
71
21
80
228
108
156
126
63
238
193
248
64
278
42
68
134
246
44
112
93
299
242
213
215
294
99
109
103
31
285
285
292
123
172
288
102
195
98
203
256
147
28
267
83
92
76
219
63
122
40
14
44
76
24
233
165
13
161
140
38
296
107
148
185
73
26
231
131
197
164
16
161
273
29
35
296
206
225
115
140
165
230
181
2
53
104
48
101
137
91
7
196
49
194
287
28
224
180
53
163
128
132
142
143
296
51
164
1
107
114
77
271
11
211
182
121
154
186
76
237
230
101
120
128
294
287
95
187
34
101
103
21
149
203
56
294
45
45
90
68
21
37
101
148
46
76
252
184
163
191
208
46
130
125
216
70
241
262
7
248
253
176
85
102
194
37
198
59
131
94
275
264
87
227
35
26
41
287
70
261
236
30
101
227
160
149
244
179
115
102
8
180
268
181
60
186
288
143
149
141
44
132
83
16
286
242
162
181
87
196
174
27
90
26
244
130
119
245
267
272
166
231
94
11
69
268
122
150
181
39
117
283
26
127
123
132
57
233
30
298
76
255
283
146
8
130
135
245
204
162
1
255
46
254
37
205
264
259
238
55
12
99
279
292
232
18
34
58
207
124
70
19
261
253
151
234
141
108
232
211
213
148
221
8
164
119
2
118
265
114
183
289
145
9
200
138
272
86
163
54
122
79
247
46
255
202
290
166
265
255
153
47
201
119
180
140
274
172
257
236
46
285
159
267
207
86
113
190
79
192
210
120
100
108
266
130
279
163
287
239
179
228
20
185
48
160
144
102
255
154
258
53
256
290
251
239
68
201
46
188
60
18
98
268
18
241
188
124
46
88
108
78
188
201
229
292
238
111
283
48
147
165
264
267
187
194
107
13
274
1
155
60
18
157
297
185
127
154
221
299
238
171
110
43
74
89
293
122
99
117
187
96
106
129
63
113
283
81
52
110
258
174
108
122
250
283
77
81
136
99
124
218
121
110
145
129
133
279
174
215
225
144
102
270
202
247
254
250
233
284
263
253
16
121
140
108
9
133
212
300
236
93
250
12
299
296
111
244
7
151
197
192
82
273
121
34
150
251
298
87
209
158
7
274
88
85
217
30
159
7
121
147
235
56
56
162
185
295
292
196
252
239
130
5
170
223
46
172
47
38
83
32
297
9
207
257
227
264
57
235
297
19
24
263
82
38
219
5
194
90
203
227
265
141
260
275
67
61
109
255
68
205
62
42
111
181
110
222
211
104
294
184
69
81
274
252
153
243
257
40
210
278
13
90
236
216
97
15
19
28
128
187
248
145
239
144
122
39
34
55
45
103
261
292
48
210
226
188
23
26
163
63
26
81
207
255
38
213
209
232
212
164
63
72
140
41
22
236
263
248
172
43
242
30
245
155
117
17
146
145
141
4
45
86
136
31
18
151
153
99
257
190
3
248
277
249
62
178
195
276
117
261
225
179
10
226
31
200
281
217
155
173
168
175
96
265
3
191
122
106
156
228
149
124
94
285
70
9
158
181
20
207
25
111
86
212
293
77
19
75
293
106
225
200
280
248
169
259
32
252
143
182
37
188
59
260
162
152
151
16
56
139
166
80
162
55
282
290
133
42
245
153
46
13
39
279
246
248
64
157
4
144
254
211
10
15
96
250
39
292
94
74
31
147
12
106
68
44
255
164
125
106
211
129
256
216
100
234
183
155
231
5
235
86
179
74
184
219
3
267
183
288
85
193
16
7
119
28
53
289
59
175
145
255
55
181
74
273
23
246
118
247
124
263
184
192
185
217
201
279
280
229
293
19
141
110
189
99
157
47
288
139
161
60
81
183
47
11
90
157
198
13
227
242
67
33
56
163
182
4
117
134
222
156
145
197
130
170
22
93
277
66
185
102
146
152
62
284
86
125
97
14
7
9
102
44
109
284
109
249
176
35
224
170
71
243
278
233
151
33
16
31
53
53
208
270
233
264
32
159
182
99
220
219
210
262
194
171
207
115
238
194
174
120
279
141
41
233
21
116
61
159
229
168
299
50
117
70
297
203
147
66
127
296
186
272
168
209
280
99
220
7
1
259
165
196
230
39
176
74
296
237
268
93
143
237
280
194
258
234
29
162
122
83
10
191
186
138
52
176
27
180
225
275
157
107
140
286
88
179
87
150
192
251
162
11
230
71
98
38
142
255
264
299
136
129
203
63
44
5
232
183
216
219
75
155
249
104
78
291
85
147
37
30
3
266
286
120
273
257
176
109
178
264
103
35
81
220
141
285
257
67
201
28
257
35
209
85
79
285
49
137
31
55
164
133
253
255
257
167
251
234
1
61
124
177
294
28
253
165
63
11
281
216
269
4
34
129
143
133
50
268
275
283
78
128
273
27
91
292
272
107
124
41
237
171
74
179
24
242
57
118
283
159
12
277
140
135
260
177
11
174
212
145
12
126
164
300
117
52
177
71
259
73
154
185
282
189
21
210
2
183
133
286
124
198
82
280
80
204
239
92
165
12
198
115
6
167
280
107
292
156
99
65
121
194
130
166
159
100
216
30
15
183
83
144
238
232
92
52
294
298
274
130
99
266
161
62
80
211
259
164
73
79
265
178
294
215
191
189
157
19
66
291
46
232
15
294
22
100
241
238
300
166
132
127
272
253
110
116
110
1
98
252
27
182
285
281
245
188
298
58
236
178
40
28
291
152
150
134
180
292
253
254
154
274
80
22
119
178
184
109
270
189
48
233
232
176
134
143
204
292
103
293
164
296
259
232
224
215
295
131
31
14
154
170
80
124
164
288
33
135
53
297
62
143
286
156
140
64
151
64
118
172
47
233
14
238
97
227
214
194
77
204
196
155
158
141
287
153
179
61
179
29
222
92
69
139
61
32
193
252
139
65
232
104
187
194
72
45
141
104
97
77
73
261
141
113
120
71
268
211
232
27
111
148
214
141
94
216
10
218
136
100
173
286
130
60
257
166
127
280
137
170
269
210
176
5
178
286
134
241
116
226
246
43
269
96
21
145
256
24
288
78
106
54
50
204
294
255
216
14
36
93
283
273
273
172
236
100
101
124
209
55
227
130
112
81
226
190
4
56
204
287
102
71
35
92
245
80
218
143
155
292
262
95
207
232
40
145
181
247
164
42
151
118
201
184
179
45
11
168
214
61
128
125
60
148
36
239
89
27
230
6
14
41
64
266
165
154
142
40
289
52
152
37
138
100
69
96
255
175
275
298
71
57
27
292
109
177
39
212
25
230
161
37
32
144
274
155
119
202
59
158
235
64
123
118
148
244
19
1
30
277
32
205
214
40
224
93
93
40
73
148
294
143
187
93
33
169
32
7
242
90
21
43
176
47
172
3
290
244
164
278
102
68
245
188
83
253
80
57
272
170
3
259
212
93
120
260
121
120
47
232
19
70
244
201
39
235
49
240
117
53
174
295
19
90
57
248
72
58
79
198
229
49
83
7
97
271
41
52
198
300
42
243
284
264
166
133
288
138
245
257
110
62
24
50
21
152
140
208
103
161
40
297
88
97
229
95
107
294
105
183
280
189
193
12
73
219
20
101
15
226
284
244
100
137
2
156
205
113
235
1
131
26
154
285
88
2
58
81
273
195
140
178
190
12
42
70
261
102
253
58
94
232
259
33
131
97
260
42
7
56
132
244
57
263
100
279
279
64
102
298
298
97
79
40
280
277
199
165
135
257
50
206
143
122
52
152
195
280
102
92
123
186
292
40
72
261
297
280
246
283
22
186
279
277
115
35
5
281
77
189
190
83
203
81
290
11
144
265
205
252
171
300
72
31
186
69
239
222
170
57
267
98
189
96
82
41
31
238
135
295
62
155
148
32
296
127
46
118
206
103
51
197
66
154
93
287
282
232
273
90
255
66
81
38
222
272
129
260
116
33
178
186
181
66
115
33
277
145
221
216
113
282
113
33
297
116
113
121
60
152
177
122
148
218
241
115
128
70
261
136
164
276
92
28
277
12
87
195
142
266
178
29
49
228
253
188
219
163
31
293
121
98
86
197
24
17
18
166
131
10
173
144
54
200
229
243
200
255
194
7
228
11
267
12
145
57
31
127
275
163
153
247
158
118
289
50
72
131
281
64
16
23
235
10
68
195
54
111
106
254
77
47
284
75
209
295
197
265
45
282
163
253
131
57
243
283
171
243
282
191
148
12
298
118
265
101
2
27
264
180
3
86
2
198
70
242
231
297
2
264
197
152
264
149
80
84
147
133
150
209
3
185
172
235
268
64
162
131
120
41
60
234
249
199
143
225
31
138
55
238
163
11
231
4
279
205
96
221
183
177
291
85
62
72
108
254
282
19
148
66
25
300
151
4
208
176
105
244
281
25
132
73
199
225
54
10
241
78
262
204
53
285
4
36
176
266
214
290
296
173
163
28
196
289
24
99
169
240
74
6
299
139
193
291
200
180
221
145
140
163
290
94
271
130
192
296
282
272
9
228
252
79
154
102
27
297
181
270
228
48
68
58
220
105
137
76
216
56
287
148
251
179
60
216
161
206
17
9
26
20
21
264
27
36
269
95
285
269
196
43
83
95
65
17
81
61
261
66
170
125
141
180
260
65
223
14
146
296
190
5
154
79
275
136
34
262
88
170
247
135
134
96
59
146
69
71
112
297
97
160
200
149
288
146
230
93
169
173
103
22
254
246
205
283
147
109
82
113
123
274
147
282
169
38
89
51
143
22
71
155
35
239
279
182
195
88
185
64
243
108
254
266
218
154
90
142
164
262
113
296
255
22
291
118
47
202
184
260
33
212
250
229
265
147
19
2
11
174
71
119
162
12
246
204
14
56
83
46
201
86
66
150
209
137
223
199
169
47
216
74
192
66
288
199
132
294
238
111
293
212
239
173
299
111
259
5
144
283
271
257
224
274
127
7
97
124
5
57
287
190
223
80
186
166
196
50
206
271
167
197
224
280
91
89
43
253
33
288
44
208
213
209
25
155
95
204
209
123
13
210
297
247
203
279
244
147
214
237
285
126
183
179
159
261
276
110
158
193
279
231
142
173
55
175
257
22
140
205
212
137
224
6
115
137
4
37
161
249
30
42
90
42
204
178
171
208
250
157
63
224
140
9
240
99
134
176
207
81
150
121
3
239
127
113
253
83
108
53
247
200
111
143
274
173
70
34
72
133
237
25
245
286
214
253
221
82
280
151
141
36
191
275
107
196
240
176
255
242
25
60
288
31
133
117
230
121
52
107
228
254
206
231
260
297
176
64
206
90
92
104
218
229
116
245
232
175
158
248
201
209
126
162
63
124
199
241
276
196
257
297
212
121
50
218
264
97
98
135
271
178
130
45
294
75
87
236
121
28
270
44
291
228
198
99
270
23
236
153
6
271
239
104
234
59
60
142
259
79
14
180
192
70
291
170
298
266
235
205
24
155
103
71
143
35
256
2
291
161
252
44
163
176
225
253
240
197
221
211
287
160
208
269
207
273
120
240
65
86
229
41
82
198
51
38
132
236
271
72
7
157
38
173
23
162
38
63
44
145
155
12
271
270
260
11
181
54
151
88
9
129
143
111
157
204
249
191
53
188
203
235
84
248
53
118
194
103
203
64
154
220
286
21
241
151
77
115
135
14
211
13
248
97
188
152
