100
-409 -382
322 239
221 -324
146 304
293 -288
-414 354
-299 -5
-16 437
-26 227
339 -492
-199 -110
270 -210
86 327
135 -273
196 -273
400 131
-145 -460
-394 -388
-405 -459
-63 428
451 -20
39 399
-46 45
-157 13
162 181
-178 -237
122 324
-303 223
-482 355
94 450
-205 3
18 -295
-489 -293
56 169
129 -85
211 -38
491 -139
-286 -186
274 43
-254 -315
29 297
-11 -484
-169 -169
-124 498
-251 429
-395 20
-274 -387
-159 -471
-409 305
221 -216
-259 -278
400 -95
208 410
189 -65
-207 -302
-480 -487
-428 -35
-3 93
500 486
8 -264
7 394
474 -235
-369 -401
91 -279
-206 -8
416 141
-26 183
-371 -401
-320 363
-183 30
-447 -45
-271 390
320 412
-193 -429
-320 356
346 -190
-386 -171
403 -35
-164 108
389 -128
139 126
475 -151
-296 259
-342 -259
108 233
-253 285
267 230
-270 -423
133 324
-107 87
174 -35
-489 415
46 -289
-143 -449
448 134
-479 -104
257 169
-388 293
414 -216
-310 100
