100
451 441
-113 -164
191 -73
79 184
2 -290
115 -433
-485 -363
-209 62
-92 202
-122 325
32 -290
111 365
-381 383
-226 345
-93 431
-303 188
253 113
-224 -400
-223 303
-121 -160
94 -113
-169 291
422 178
261 20
462 -464
295 -424
-455 -108
347 -29
-496 52
-455 167
340 466
422 -375
91 -352
49 -129
389 150
-97 33
-82 289
-295 -74
174 -352
-70 -405
63 49
7 18
-198 226
-200 328
41 -478
-160 -354
-164 440
385 333
-128 -378
440 -273
-413 -196
207 47
-231 32
431 -191
153 442
454 363
196 -500
-210 371
-429 281
57 -100
228 313
-223 -157
79 335
45 207
175 82
439 -147
-296 -123
-261 411
-350 324
140 -224
428 -356
-100 57
-464 495
-424 -381
81 44
342 -299
-72 -121
479 -36
-394 -369
225 462
84 492
306 391
-21 -118
258 222
260 -174
-448 210
267 -196
132 -104
-57 -441
172 -64
-209 11
61 165
393 -401
-345 154
94 -422
-493 -10
-157 100
198 -103
-237 191
-488 55
