10000
-463 275
-159 -328
393 422
-40 420
354 234
-320 -376
15 -280
213 29
-256 269
-391 -41
250 150
-72 -410
-270 202
-102 -21
1 407
122 244
285 -247
-350 275
140 209
-494 464
-268 396
-472 436
-13 276
-206 -228
-425 206
182 -202
-229 -325
352 315
483 415
-338 88
-146 -322
458 -202
-103 -459
-294 416
-194 39
-155 401
-205 200
265 500
301 -158
-62 -242
-497 -146
85 155
288 -409
174 449
-462 -183
-179 256
-436 -181
-339 284
-422 -333
-133 -354
-208 -341
316 257
476 -45
-190 -176
-23 325
-447 -333
212 339
6 -12
42 458
85 382
-9 383
-295 -33
-425 -74
259 414
-169 316
131 -478
-96 436
409 266
-100 -381
435 -222
47 -458
-476 100
-205 -384
69 323
-8 51
-253 308
456 -124
-200 -167
-262 -346
-87 -326
-233 284
-312 -462
-121 244
-238 64
-394 311
-495 -116
302 235
60 -44
103 -489
413 -156
-206 -53
237 -468
-366 485
-452 -280
-348 393
433 -164
91 90
495 -135
-484 -112
-139 3
-500 112
-252 336
403 -27
-130 -18
228 -305
-211 -63
105 -319
-150 49
-139 128
-417 475
12 -499
-56 -118
25 361
-177 -275
279 -480
-346 -361
119 392
486 -227
80 -242
315 221
-93 -217
-58 -26
345 -309
-482 367
18 -233
331 -376
111 260
139 199
-283 274
-355 -155
-172 397
-87 -6
69 437
-445 -151
-168 -452
477 -288
472 43
-398 -143
112 -476
-431 440
471 -192
414 274
-281 259
-207 22
-163 -32
-275 297
458 -141
89 -126
332 -242
301 -203
438 381
148 -37
-54 428
-261 -475
119 78
-8 472
-449 222
-118 268
-33 -449
457 -336
-486 151
120 -46
113 189
490 404
459 207
277 484
-248 267
13 -83
451 -311
-457 -87
-476 -377
-83 -411
-386 -398
168 -118
2 -65
289 339
252 335
-257 322
-262 -403
411 274
186 -257
-233 343
171 -152
395 -280
62 382
199 219
-198 -375
-272 -124
-344 -452
88 -69
463 170
-47 123
-134 162
166 238
294 -95
-429 -342
-212 -464
-184 452
-329 -22
378 195
-351 186
199 -86
98 -50
286 -71
207 85
209 134
-308 7
43 -113
477 -317
331 -234
148 -210
-449 304
96 364
117 168
-42 -331
321 179
341 -356
399 66
-289 494
424 424
-200 227
-283 -360
121 309
169 -190
-98 420
-238 365
484 -34
-68 -6
61 113
-158 352
414 -476
57 180
-420 -425
389 351
150 -349
-338 -107
485 -235
-420 444
-421 450
-139 -343
484 -84
334 -432
-183 163
-103 179
94 -397
52 64
413 279
-497 -265
23 255
413 401
459 86
385 -131
-235 281
94 297
-246 -62
-112 104
-159 460
340 236
163 274
232 -268
212 414
447 328
-184 -132
142 405
-140 50
139 43
190 417
-7 373
-64 -147
409 -426
3 -245
39 -400
-295 99
-231 -433
205 221
499 150
183 471
-169 -11
-148 -499
82 -396
328 228
135 350
394 -75
-65 198
-9 134
472 225
333 296
428 -485
350 -392
-265 -207
154 225
123 314
499 20
368 173
-405 -52
-244 314
-203 194
-397 -211
-413 260
-184 -469
-430 401
-252 251
-135 -195
-125 456
-46 -296
361 -317
-26 -272
-314 -454
268 -386
143 236
-80 -172
-413 -274
-226 -328
-225 411
-53 362
482 210
-14 444
-72 93
-330 392
-440 -59
298 69
78 -415
287 148
-57 -210
-408 234
-204 -261
13 104
349 297
147 198
-8 -413
-228 -76
-344 66
-349 170
445 -54
465 -235
109 -351
344 -458
81 435
-180 316
-115 -422
378 -437
161 338
12 -447
-451 -499
300 188
133 436
-323 -304
-215 67
-98 92
-392 -177
-435 308
-122 -177
164 328
64 489
-429 3
-406 -325
1 290
466 441
301 382
141 -267
-190 210
-184 -198
408 -126
-14 -159
-293 -305
392 -230
-323 257
73 297
-492 -293
294 151
-277 -105
-309 493
358 -62
298 -472
174 -273
-143 83
240 224
-47 169
-82 86
178 -124
15 -402
-188 -373
496 226
429 256
-28 116
-410 42
373 417
42 -405
-290 238
273 -182
475 -12
-470 337
-92 -287
-63 -229
-78 -183
76 -441
236 395
458 -236
272 230
-383 61
498 46
-424 -458
-347 168
114 500
-83 218
-206 -303
-198 -44
-253 259
-221 142
-492 -89
312 500
-281 172
-475 393
-344 100
88 50
-53 -386
-380 -165
-111 172
338 -151
-191 16
-487 -420
-390 43
7 101
-260 -45
-360 -153
-284 -465
226 -433
140 -125
342 291
-4 307
-166 222
-323 -430
-449 -105
198 5
-207 65
6 -12
254 -183
333 -424
487 -8
224 387
376 -55
-218 -410
-27 -238
-112 -306
-69 490
-175 443
-61 -434
-446 122
350 186
352 354
197 -251
-222 317
-205 172
445 -240
-209 -376
63 -396
289 440
30 -106
296 -354
125 -229
-429 425
131 276
-177 -182
-124 80
-310 246
279 -286
477 -296
-458 69
305 -301
-441 -351
-166 73
120 -77
-288 -311
-72 -344
412 90
29 252
-338 -297
-221 -368
-12 271
68 409
-141 112
432 284
352 413
244 -100
-85 -354
28 27
-351 131
482 -276
395 490
320 429
-61 -435
345 307
388 -225
-232 287
-448 -46
-46 -285
308 -151
-167 -250
453 176
-461 -246
41 -28
-309 33
-289 269
-243 -377
470 420
-323 -487
427 -263
47 -94
-395 97
-13 482
211 -245
-256 44
-249 302
-113 -13
12 262
-161 203
143 304
225 -465
248 317
-45 -10
-31 -80
-200 -17
358 243
146 163
-416 -154
61 -26
325 314
-311 -95
-499 79
126 25
489 -74
-350 -390
355 -186
278 -147
480 -35
-326 -32
-365 -188
421 278
453 -2
318 -61
395 81
25 -420
-113 46
-84 -149
-137 -299
495 386
-435 98
185 217
-140 161
41 -168
201 443
443 477
-105 461
449 -476
-14 -490
183 328
-48 -275
405 237
198 -195
123 179
499 363
-76 -171
-301 452
-53 404
37 -315
-149 180
-324 -143
323 435
-288 -168
65 -179
147 471
227 -144
-191 -284
-136 102
387 118
-433 -100
-220 -377
268 -384
-73 148
372 122
-449 284
-256 -466
-133 -175
163 -31
88 -274
341 386
-41 21
358 111
-69 256
289 31
-318 -353
-455 229
455 -255
42 377
351 -427
267 -22
250 -19
-286 -276
481 -222
-381 118
-240 -122
454 -385
-137 -71
-432 -142
-479 19
-410 176
-284 -82
-312 -427
-103 -329
-462 349
-82 -48
100 379
39 357
144 353
218 -28
53 -485
-320 -54
-399 318
128 -133
-470 94
297 -419
-67 35
-298 401
218 -386
443 -116
13 -436
40 366
151 413
-396 -60
470 415
-375 399
-459 203
-247 -135
-486 239
462 -325
168 367
462 211
81 403
301 -193
-280 -480
46 -118
17 -224
-366 -119
274 -168
-1 -101
-108 234
64 217
-26 293
53 -149
397 -388
-199 -68
-455 387
-180 -231
-21 -414
-490 -140
-349 -294
466 -388
231 -350
-261 52
-212 148
16 -235
-237 -402
-91 6
400 339
500 -198
153 344
166 409
98 -297
373 -348
-35 -474
-306 -386
-232 312
-490 173
130 302
84 -125
401 -258
-119 450
245 424
-86 -448
-425 10
114 359
188 -247
-313 -46
167 128
-447 494
68 -147
-148 -498
-11 -18
361 -71
450 475
-101 70
167 285
-470 355
424 162
-419 -142
-336 153
41 -253
-144 402
240 -471
-316 -74
-153 55
-93 -18
6 81
-184 212
-113 -42
-453 459
-351 124
-311 290
368 236
21 78
-451 -300
-448 -148
-302 24
88 39
-344 -292
-421 -356
-320 235
419 137
169 -90
451 -498
463 -168
-331 -65
55 282
-7 224
-324 -312
-283 -476
-212 61
461 -250
-146 93
-22 462
306 -341
-169 -300
-451 487
-1 -178
-270 372
125 -212
175 41
314 -227
-218 -326
87 -173
-50 467
-130 336
-175 -236
-474 -247
-253 62
128 -252
402 -126
456 -267
213 -173
210 -53
-56 155
-278 -322
149 299
149 -256
-19 240
-246 -325
294 -160
48 304
-170 94
-44 445
-1 287
-103 -108
-439 207
196 352
-325 228
318 -470
-459 400
188 84
413 49
-252 -44
-399 440
-385 44
-27 262
107 472
0 162
-362 372
-106 -331
-109 -258
176 197
386 -483
242 305
433 6
-56 -353
481 412
442 -60
232 -249
-185 419
57 -250
387 496
-437 -447
-452 -431
-277 -173
361 -19
-374 116
-31 470
-321 -66
-303 482
-176 -217
181 172
-213 -152
-7 207
-401 -10
-465 361
-289 -376
-457 97
463 40
32 363
143 -381
-442 -110
-112 -241
110 -207
-235 -443
-404 203
-291 143
-34 -445
-294 -227
-449 229
305 193
477 252
397 -257
179 -285
217 -244
-452 227
-446 -259
472 -221
58 -167
346 197
-88 -204
-368 -345
-180 252
-445 -161
191 -202
327 -20
-276 386
-215 193
423 128
131 472
-426 -211
335 -71
183 -87
248 -178
-145 -496
-292 463
299 267
-395 337
361 -190
-56 268
123 7
-134 140
-493 -39
-390 -344
-222 448
111 -33
327 -470
442 -392
229 -46
-4 291
176 73
-128 -446
-494 471
245 -232
-371 482
-444 -75
43 317
201 -103
-236 -188
-11 -313
-295 11
-273 -435
-460 294
143 -500
111 -393
29 -294
-245 312
-120 486
-406 -268
-404 -447
-458 270
-83 299
-6 475
434 22
-114 419
23 193
484 23
-409 229
321 -430
99 455
-287 -117
-465 349
378 -225
496 86
54 -478
386 -243
192 476
323 -90
215 -341
288 316
396 -119
-14 -12
79 -281
-327 443
318 -396
454 227
-52 -423
305 -356
-287 -282
-271 23
243 367
70 484
126 -257
396 -252
-88 -61
56 245
84 -195
-324 -43
-307 331
-300 -481
478 -285
432 -309
-41 -39
227 94
-365 340
227 194
-203 237
35 -162
-241 -188
-446 361
405 -222
29 -280
-86 223
45 -28
238 -464
-227 100
-466 257
-278 484
-165 336
232 -393
57 -266
-302 118
-107 101
248 -431
198 40
19 326
276 212
-207 448
103 213
392 375
-394 418
297 -189
-461 445
13 -24
-295 -77
355 -118
-81 32
80 262
-274 32
18 302
92 -377
221 -277
-405 -450
-482 -181
318 -284
285 -378
-295 -111
466 -245
440 78
-237 -109
-467 -99
-464 -191
-370 -439
471 -191
-69 7
253 485
281 340
-370 61
271 -396
164 -178
-94 -320
326 -461
-197 -392
-74 368
-403 -38
-118 -496
-480 -155
-10 -441
-352 270
489 76
-8 66
350 -82
295 -460
310 440
-227 -210
-253 49
241 -133
360 -235
199 342
27 323
498 403
292 24
436 124
-315 110
-269 263
-217 277
-332 -36
2 -494
245 -144
464 95
-490 42
161 -70
396 165
-336 31
4 -446
23 21
-207 -444
-127 2
473 216
63 -492
229 -97
-241 -12
372 346
159 -100
-324 -18
434 -24
-179 -98
-137 454
-475 -222
348 344
371 -355
-303 366
-93 -69
211 245
278 363
257 -179
-85 239
-490 -438
65 73
-483 -466
-81 136
-129 17
-50 323
1 316
370 -161
355 -297
351 -456
-491 14
59 136
263 276
190 151
124 91
356 411
-406 119
-100 -252
-276 -407
-302 -261
475 50
373 112
346 199
-176 142
-257 221
396 -217
100 185
188 -418
138 387
-228 259
227 -171
196 -428
216 -110
73 -283
-407 -16
390 481
185 291
156 352
96 212
104 -168
-438 -60
-377 -82
-243 -299
-1 -360
53 268
-381 151
-389 -74
-496 334
136 -169
281 7
-271 174
-488 -365
-274 -342
398 -8
-257 475
383 280
440 128
-329 123
-353 -403
-1 -363
-392 255
62 152
62 493
270 427
-190 44
359 397
154 -413
179 259
141 -359
-179 117
246 281
-297 421
-244 -175
-418 270
151 -389
-403 -386
-490 233
52 -70
-455 111
-390 -152
116 347
-409 86
-35 76
470 -146
-436 185
-383 -93
42 120
-497 -124
-43 -105
-139 109
-149 44
110 -326
-97 -159
73 -453
246 416
-104 -490
118 -277
-153 137
243 -243
-21 384
271 203
215 -282
-63 -172
-3 -118
-460 -342
75 64
-303 -293
427 -412
450 -79
-249 -57
164 378
-341 361
487 440
-172 381
-258 -432
263 -483
-411 -234
202 120
119 389
-358 -49
226 414
-238 173
80 -92
-250 104
-362 82
-69 -114
-440 470
237 361
-398 226
-269 -205
72 442
419 -231
-434 148
124 7
204 -280
-481 -311
289 53
-291 444
-178 45
-161 -254
-166 -340
243 -54
112 73
-313 440
-86 405
470 318
230 11
-500 -146
464 -450
-310 473
-447 -277
418 228
236 -12
-334 364
94 416
-253 -365
9 73
-297 85
-186 -52
-337 422
473 -41
89 430
-489 350
-370 -121
398 -404
-135 -484
79 -34
-308 158
-229 -66
-268 -177
377 -473
-230 100
275 162
-87 -147
-377 -100
408 -470
262 -60
174 -28
111 444
-29 118
-209 -337
-237 309
-135 -182
-171 60
139 351
203 157
-4 -238
-230 -386
14 -356
479 -168
-342 368
-287 -442
-373 -316
285 318
-326 90
341 -346
59 109
441 -63
143 -91
469 80
286 472
-371 -237
212 -375
138 -95
491 90
431 -290
402 -170
382 -393
497 -303
-31 -105
-474 -266
327 -197
71 -381
23 -304
68 415
-81 -108
77 -9
-336 -236
-125 372
-496 -345
-270 -313
493 -142
303 -47
-75 37
-152 -67
-493 471
243 70
129 456
-7 431
-21 -470
-272 -407
463 281
-105 -208
417 -467
428 70
121 52
0 -28
202 354
-165 -50
-466 267
100 -111
342 -183
492 -306
-32 -499
-406 -171
212 -165
125 -205
489 274
-2 -427
98 105
290 354
-64 -83
181 -169
490 -132
125 403
-250 168
427 122
-324 370
410 -71
150 -450
449 -169
304 46
267 318
-483 135
-116 -316
-339 63
491 -9
196 145
-27 237
-457 -393
321 189
-88 -367
34 93
322 388
148 31
10 18
-126 242
288 -313
-244 206
74 113
-405 -91
176 -120
-367 -53
237 -6
215 -255
-364 -406
123 43
-471 495
89 232
245 -165
467 442
-468 189
206 357
-484 -363
-359 45
-265 184
-141 -353
-293 104
299 495
147 380
-265 427
484 -490
-96 32
-386 -481
193 -330
-290 -417
211 -152
349 51
161 298
-271 156
249 -162
36 -216
-339 374
265 117
119 -359
376 -474
-397 20
309 102
-154 -177
391 -35
326 -459
86 -207
-91 -267
-476 -285
-481 274
-286 -246
-83 -167
254 39
-299 -477
299 -405
366 292
312 -195
161 167
-432 -319
-371 372
236 25
-414 -260
102 248
364 70
318 -125
479 -212
-312 -326
149 371
457 -181
-94 253
111 -451
-287 -212
214 -176
391 21
-66 -328
138 50
-22 498
-319 -478
-339 1
7 -425
49 -314
-421 162
404 -361
-77 -357
309 296
223 253
-352 477
-316 -99
-75 411
114 -59
311 -147
43 64
120 -92
-234 439
44 114
-210 392
-39 -437
495 460
-446 -148
130 432
-146 22
311 98
-356 -483
97 -406
145 -153
8 220
58 -69
-204 17
423 -105
478 159
409 -333
207 357
499 105
210 190
-337 -299
373 -335
154 249
477 72
-84 -478
-230 -115
-164 7
74 -140
-330 -269
184 -464
175 -64
-383 249
-132 -83
21 303
-75 294
143 134
434 -106
-457 -140
72 477
-500 484
-274 31
281 -82
-91 -420
-122 -61
236 -110
316 -396
-13 -364
-27 -439
-351 -440
-25 -142
-335 -297
443 449
-200 -177
267 450
210 -474
64 -172
-239 -31
61 438
203 33
-4 369
-391 -467
269 70
-491 441
-170 154
279 480
417 143
-231 -374
-337 478
134 319
-252 -440
388 -311
-171 477
-469 236
-477 -304
45 -131
424 -434
369 -171
52 -407
-112 -207
-301 -84
140 133
200 -208
213 -146
201 -377
391 -323
-484 -371
-198 471
-257 -13
128 -15
-139 -441
-210 167
359 -358
156 284
382 217
-498 496
382 -482
-91 97
-63 -135
494 490
-223 228
438 -77
-26 126
278 474
-478 25
-354 448
346 -45
-248 139
298 221
-429 138
-431 166
67 -306
105 176
139 -129
-244 107
-432 -395
166 395
-108 -4
95 479
138 490
215 -119
420 -402
-362 293
71 306
15 250
-485 425
283 491
-160 130
60 309
-100 257
204 -246
451 -267
-67 -61
164 -31
469 488
304 -343
-465 -32
162 -245
182 260
20 -277
-237 -448
355 71
-454 2
-192 -484
211 -264
-377 425
428 312
210 450
184 488
46 -414
296 405
-476 427
438 -354
-120 -359
-390 -43
67 -443
70 495
-396 122
96 -129
-230 374
-192 -60
-45 250
-329 167
-189 429
162 -253
-410 239
-10 311
-324 51
432 -231
-20 151
439 -111
296 165
213 -278
-166 493
251 -208
310 -235
483 217
190 181
342 -207
-47 367
-14 -212
-475 -347
-222 387
299 316
313 -107
-180 -12
239 -18
-495 38
-410 92
471 182
-109 -131
450 -94
389 -66
-436 -14
56 418
110 302
-3 60
436 95
-147 -72
-240 455
411 174
261 245
-241 116
-102 371
458 498
-68 -5
267 -240
-259 379
-350 345
-45 -207
-161 36
166 -54
10 -116
435 -494
460 470
-175 -249
70 311
322 -203
-447 329
104 -408
-221 131
-312 -332
-421 -492
251 -191
41 146
-371 429
265 48
-26 496
28 132
62 -23
-200 -363
-400 -139
299 153
-449 -349
-318 -15
64 -72
469 -407
417 213
-436 495
-172 -82
-259 47
-375 -329
31 -247
-310 -466
473 73
154 30
-490 317
248 -292
205 194
383 193
-20 424
-34 -352
117 -232
454 -406
-393 213
-69 -120
251 -103
-97 -397
38 440
343 -349
120 27
357 -277
213 257
437 -259
308 -407
-496 307
58 321
-144 263
-115 202
321 -108
492 140
212 -9
-398 -332
-179 430
436 -259
-433 -276
-329 -164
-492 38
465 -107
-61 165
385 454
-415 -281
-202 140
-431 472
-489 -92
-203 208
84 -1
258 241
480 273
-129 174
471 252
271 -162
-216 -281
-83 261
280 -333
-226 86
-87 444
-499 174
79 -32
421 -66
-36 -196
-339 -236
-91 -24
-351 146
166 183
-43 154
-399 286
-301 -249
-437 -9
-107 -130
-267 462
93 432
119 -311
333 415
-200 420
411 404
-188 -58
-175 -278
334 450
429 335
-168 165
-213 284
-439 -221
-72 -452
-296 -330
-307 357
-217 144
259 -167
175 284
208 -346
43 491
-230 -490
363 -112
-94 323
-153 -394
96 466
-10 314
-62 -31
253 -444
155 4
-378 394
61 323
181 -289
-406 169
-43 -115
355 -447
240 49
48 -131
241 -249
-40 -345
376 401
12 -375
482 -259
-154 283
214 467
229 -198
430 255
61 220
132 266
144 490
413 4
244 45
133 -420
-491 251
258 247
371 -338
252 102
482 -493
498 8
-448 -44
-252 -415
427 -171
234 249
87 494
96 -367
-110 -310
-326 303
449 -372
-143 -500
169 47
-73 -426
-360 -360
-102 103
45 190
489 136
480 -257
437 186
462 -196
12 18
84 457
328 259
204 -324
248 41
192 -431
-291 -36
-174 -317
-230 -245
-339 461
-6 -363
-426 430
435 -83
-215 -78
-310 -372
-54 -128
-270 -178
-452 312
282 387
45 -371
486 -208
481 -122
-148 -303
439 -85
-245 -454
147 264
-96 -421
48 469
-406 460
235 -320
95 378
74 -426
125 218
137 -136
-217 347
-471 302
-97 108
-232 456
290 -457
255 170
-144 -49
-418 145
66 202
3 187
-466 -174
-497 -175
-38 -363
248 -436
-56 -14
-240 -484
-411 -344
-250 -113
-362 -453
317 371
-13 -183
84 485
-213 152
339 347
286 250
303 441
-304 -253
306 183
-128 360
-7 69
-34 -415
100 361
-33 24
328 -304
-210 41
456 89
-463 -107
243 237
-411 -266
-32 213
374 294
240 421
-120 470
399 -58
-408 280
237 142
-371 222
372 -127
-417 -335
-349 -229
-350 -143
-317 -221
96 -47
368 -159
-363 -441
423 -199
-42 42
-421 -86
-456 -103
63 -280
-68 64
267 422
-387 -335
97 -469
-377 -163
244 35
-31 135
-489 -228
-425 338
271 -251
-63 15
111 253
-106 404
405 -342
410 436
452 -431
426 206
-308 -70
329 -129
424 -100
-69 -485
-135 180
67 -21
248 143
157 -251
42 -474
60 477
-239 -400
-257 -26
128 225
162 -384
265 483
-210 441
-95 -204
-204 -334
131 118
-331 446
-90 -211
-7 -248
-492 -254
-170 331
72 285
-458 118
-425 196
183 -409
379 386
73 104
313 4
-242 -207
-137 438
345 -480
-236 -158
20 -17
186 469
-168 -485
442 -236
163 -274
-149 -192
-247 -107
-452 -155
296 -339
146 366
45 17
361 133
295 -201
482 23
-217 -273
-214 -136
-59 -56
-104 -76
-95 -241
-158 -189
-336 -250
485 -339
271 -155
183 452
-70 -222
319 296
-356 13
-333 -222
455 -26
-433 -326
-315 -250
3 77
319 -435
-239 245
-193 -370
-310 4
98 86
-202 58
353 -286
-256 -424
-213 117
77 -358
146 -476
224 -399
-280 -276
-345 -61
-18 12
-419 8
17 -468
104 -165
-500 -258
490 -317
127 -176
-4 470
-500 436
375 -218
345 -482
-163 423
-138 -146
-54 58
-121 0
240 39
-226 493
-364 -130
271 -60
144 413
-468 -178
312 45
96 -246
-290 366
164 -407
-77 -3
-446 20
414 -418
-464 381
17 27
-40 17
-488 401
-210 -326
-331 -305
190 21
-208 -184
345 372
-453 -121
-166 11
-458 331
485 324
-298 217
414 -369
270 40
-84 -170
469 120
-422 -176
354 345
188 78
-72 256
39 97
123 -143
-429 -96
-474 101
-364 -156
-331 400
-211 -448
289 191
-477 -135
-182 92
378 149
-304 444
-73 476
-277 328
32 461
228 -429
242 -45
-169 -219
-302 -365
-3 -288
-254 387
-321 375
370 -163
217 -135
-455 77
-223 -394
-196 -317
-385 301
138 210
-243 -262
-179 -214
452 243
90 325
-52 -416
-378 -411
242 -144
195 447
48 233
182 -71
-310 -422
-116 445
491 37
456 -338
482 256
-347 -213
-333 222
-206 -60
491 -2
-320 156
-486 367
330 24
405 -264
295 139
-451 32
-177 187
386 57
-224 -200
-343 -467
294 135
-141 -407
-157 -474
-410 -22
103 333
-414 355
463 295
-470 -281
-486 -163
345 -329
-24 -485
307 -120
-23 367
351 242
225 -56
-67 -164
-359 38
-195 489
54 -73
-256 -381
-252 178
248 197
215 43
-91 208
-261 461
241 -45
250 62
131 293
-452 -252
-120 -34
-87 -334
301 363
-245 -420
80 -131
-346 149
301 -467
-72 -268
-77 119
67 478
-213 -151
-317 313
128 -151
221 -495
-372 137
144 454
71 -432
80 79
319 232
276 324
-380 -204
5 36
271 -228
75 -304
-8 -136
119 -139
148 -169
154 61
424 -349
438 -235
-387 16
276 267
369 -410
190 409
-360 -112
-370 56
-198 91
-39 -334
-77 -300
-318 -61
-451 -34
453 71
-436 295
28 -103
499 322
70 -197
373 -256
-353 218
-436 438
-160 -275
281 193
-440 -457
-186 275
-71 37
-139 334
-7 403
-27 136
32 -275
-330 -204
123 -471
-116 156
-151 399
-445 -148
144 -236
497 -169
160 -385
357 50
183 -110
-370 318
389 157
428 331
37 -424
-421 -59
211 196
276 -48
-90 -382
-222 -421
-104 -271
361 -196
-164 -365
254 -474
281 -421
41 184
-241 -282
136 -50
134 144
-290 459
-92 -82
22 -260
-172 391
-20 -331
27 125
-357 387
-162 -301
234 173
44 250
-58 202
110 183
222 -182
-319 -386
-98 -431
21 -75
318 476
288 49
-17 -370
-245 178
-500 151
323 186
-232 -24
-18 491
-116 452
345 143
387 -91
205 234
420 -197
-204 -15
14 378
447 366
-403 -127
201 -379
-16 45
-148 370
-137 61
355 162
206 -408
349 -3
216 -379
-493 337
-382 162
-432 -394
-489 176
345 -217
-70 -192
482 -46
116 480
-173 136
152 -463
-29 -357
-483 -154
72 387
-318 -373
-426 -279
79 -282
-243 6
22 -383
455 -457
494 123
49 -122
359 -476
-177 -266
288 -71
212 196
-478 -350
176 59
-171 -119
-334 -308
444 -127
-487 -300
-95 351
-12 -261
-464 -439
-301 -122
-238 -355
-101 -163
428 -470
284 222
-162 270
-94 185
-329 -271
-64 -181
-316 -266
-97 170
-125 166
150 185
-336 -14
139 -10
190 -292
-5 493
-263 -409
-360 65
-481 8
-431 314
24 399
349 65
-303 319
-96 -397
214 -460
136 21
-137 333
393 120
-23 22
256 479
90 455
276 -222
-266 114
-291 -105
459 -158
-87 183
102 52
4 -258
123 -301
473 84
476 162
248 430
477 306
178 29
-441 -494
279 429
-230 -230
-454 250
-488 -4
-300 111
-178 -457
-227 55
-384 -269
356 -329
-142 415
-179 -415
-313 -337
375 432
-33 105
-169 -442
456 -154
46 312
44 -63
371 -138
478 483
213 31
20 267
31 -462
-79 0
49 131
175 -426
60 181
30 -333
328 287
363 -15
-115 -485
301 -150
108 4
245 -418
497 -166
-214 228
284 -140
-438 295
361 -185
-481 -330
-434 234
-140 237
-10 -421
-49 356
-491 58
-306 1
465 -5
-48 188
36 -153
-318 273
211 26
-111 471
-207 125
-253 -73
220 -263
-404 319
388 -153
275 197
289 -226
39 -204
-249 278
369 -311
-71 219
145 -318
493 -388
-376 219
18 -64
-40 193
248 -66
270 390
389 -419
111 -176
-157 -459
-266 -261
452 34
-124 162
-324 -158
-66 296
-298 -109
336 258
110 -29
438 -169
68 -166
203 193
-199 72
-285 415
130 -423
-136 167
-312 47
218 401
463 -233
124 -302
90 -124
-342 442
-289 244
-173 46
-388 424
469 62
343 -153
-70 192
-222 280
-322 355
177 -219
-286 409
298 71
58 -182
300 -410
-242 -403
-172 273
214 456
345 221
180 -24
60 -263
490 201
-375 -84
93 137
336 228
-128 -355
-218 196
-441 246
-51 61
140 349
207 -188
-232 -44
-177 229
9 373
194 -486
94 -251
-194 82
234 265
412 244
106 -353
342 -234
-292 -444
-425 227
247 152
228 342
469 345
-209 420
-410 -482
163 284
-400 96
42 -377
118 -328
-94 -486
-251 142
-318 331
43 451
-410 -195
118 352
39 -145
4 290
-26 215
228 195
377 -176
58 -373
-308 -246
-55 -117
181 -350
292 360
-77 82
-253 363
180 112
-313 109
23 -381
248 139
179 -152
-215 500
413 -489
-315 92
257 78
-20 444
455 -107
-126 88
-69 -317
-202 -180
249 80
-226 414
-45 291
-402 278
-4 -273
114 -195
-194 -476
13 154
398 269
123 179
32 257
469 -487
-289 115
-300 -237
468 -282
411 385
110 316
-480 -213
-494 300
346 -316
-381 471
227 366
-495 472
379 19
335 -147
291 37
33 229
31 -386
-318 -143
253 373
101 332
-395 27
-356 29
-312 285
-237 291
245 -395
122 -149
-279 -137
-319 198
321 -106
-55 372
20 -83
431 -338
-85 113
469 -3
69 227
140 -346
-203 -394
186 -190
135 -463
-153 11
236 411
-469 -392
493 366
-102 367
295 -317
344 328
134 129
97 210
-412 -134
-1 -223
-309 211
0 -21
458 432
-498 44
-231 251
378 -395
9 166
-27 7
347 -201
-216 -1
62 368
-304 406
-96 288
-152 1
-366 -270
-336 -50
-194 -2
-104 -149
-49 -46
-467 -450
368 85
-79 416
-183 280
-431 -278
48 204
-496 134
-216 -190
187 413
-334 21
165 395
50 389
307 -113
-230 -351
-336 151
338 444
412 190
-470 283
-74 364
-8 -404
-229 412
5 -261
-58 -264
-368 407
-382 454
49 35
326 212
439 -258
-436 333
-304 192
-44 408
-209 -145
-486 -258
-126 -341
-367 408
62 -38
-119 50
-212 -96
-423 30
311 232
334 58
-453 460
-28 -236
-6 -424
-212 183
147 121
-413 -147
-487 114
-380 -393
205 -195
469 214
135 -238
-287 -431
-165 -235
476 -38
-45 89
489 262
-149 -246
-484 -79
-73 -332
-439 341
-467 483
146 -81
36 4
-147 114
186 129
141 -453
24 -37
181 -17
195 -457
340 -458
-332 208
-468 -363
20 -416
107 463
98 351
386 305
23 324
381 439
-219 -372
408 -62
-287 158
254 -207
-31 330
476 -218
305 -424
223 -287
-107 181
368 123
83 -87
-269 -439
64 166
107 -486
-467 -146
-297 -67
494 -134
81 -3
17 -321
269 14
397 497
272 402
-264 482
350 -428
-315 -204
311 415
-490 229
-248 373
62 -7
111 54
-253 -32
42 -108
73 125
-465 360
265 457
41 243
108 -22
329 428
137 382
71 -403
263 -447
206 390
-442 360
-133 65
287 -245
-114 54
419 -266
-495 -208
-384 -474
389 -303
-245 363
-186 -346
-471 -190
-79 117
-253 327
373 -357
381 302
85 -73
-452 393
-329 298
-349 17
-363 380
-351 -49
-286 -213
-233 20
272 211
92 72
-13 -473
-409 -218
-431 -187
-293 -285
480 -102
-263 342
77 -319
-472 301
-29 488
142 40
-184 359
33 -55
-431 -104
340 267
-22 348
324 472
425 -325
-407 -191
160 284
-214 432
380 -344
-11 332
-164 61
-254 177
358 -344
-426 -160
-218 -213
132 41
-446 176
-65 94
-99 -138
55 5
169 -399
44 -161
-128 -36
401 79
115 -458
-163 425
-13 183
-390 210
-96 -485
-193 31
-470 478
-44 175
301 -391
306 -146
68 -6
10 488
428 -288
342 242
213 143
389 -291
270 -169
278 66
308 287
-208 -137
-372 -397
-190 -220
-222 -402
491 -297
-162 333
-182 -9
-185 -285
466 430
-283 -35
245 -304
134 330
476 -184
221 99
254 34
274 -392
-457 -152
-145 58
235 137
317 -247
414 -169
-389 -430
-349 79
20 -76
71 379
355 -69
14 -62
-461 -394
354 242
306 -25
253 168
-485 -322
40 -50
-388 91
-362 138
-309 -358
-430 -364
205 -128
-488 -468
278 356
3 -287
-57 -52
220 -68
-440 269
-40 -72
-70 -326
-285 326
-269 -292
-61 335
-59 -4
165 333
427 209
-241 -138
171 -132
-243 278
-446 -198
90 19
170 -428
377 462
-248 414
-142 331
-421 277
-104 -259
435 -123
184 -38
173 -59
-224 195
-315 -34
-40 -141
-346 151
-192 -89
-100 -216
287 208
-274 -136
276 -13
473 -432
488 472
-219 -82
-493 -148
153 423
192 -485
-201 388
121 274
51 -266
-204 128
-153 -346
-88 191
100 119
-452 124
-56 21
417 -336
-493 407
-62 81
260 213
276 466
340 189
-79 218
-107 227
355 -317
-322 -203
226 -281
150 66
-417 235
206 -484
-157 -498
90 -89
-401 31
461 -76
-134 381
-426 -118
-290 311
452 208
82 249
-206 354
-61 -155
-489 236
-204 112
-312 19
456 -157
-267 319
-84 -448
-419 204
355 -309
-224 131
397 -389
101 -35
-234 137
210 -267
-239 9
-291 214
94 41
-396 162
304 -107
433 359
313 -211
486 402
-268 -496
360 139
322 409
1 152
-294 -34
402 42
-21 -470
-453 358
-107 175
170 446
201 -158
67 352
-14 -332
-136 8
134 -185
-344 227
-434 307
-459 179
-427 144
-259 -71
-212 -273
-463 361
158 -172
163 357
-264 -483
-105 49
-397 223
431 480
-355 -9
103 -27
-61 205
144 387
221 368
167 8
-78 290
119 -322
204 -217
-483 477
-7 -479
301 -173
-344 59
-241 -166
421 -479
-180 424
-376 -215
77 151
193 196
380 34
-165 142
-365 -426
269 73
183 -386
-327 -390
136 69
-137 384
272 398
-142 116
285 369
-441 -1
435 342
249 -443
284 -176
-127 271
-303 -362
258 143
494 414
-173 256
109 -230
-163 -240
363 8
-499 -327
88 327
160 -284
-50 -18
-71 -270
363 -207
-443 479
16 -255
-428 -380
-197 -463
158 412
131 208
-145 -95
-312 172
352 -238
-138 -391
-277 -340
95 232
368 -252
134 -480
-344 178
-116 40
-167 69
-442 -276
-138 -498
-79 -110
-64 -239
247 84
-84 -211
316 419
-342 -228
-499 373
-435 -364
-314 -363
-457 463
-359 -320
-146 -89
16 -48
-278 442
-387 -287
127 -37
-261 373
-182 263
-451 -110
82 -418
474 -167
294 336
272 -157
-131 77
-177 -33
433 431
292 165
432 -368
-291 -395
170 -454
-317 73
329 166
-206 -402
80 -30
-336 -337
407 -370
486 248
49 -250
90 -239
-69 -74
95 -382
-105 341
-27 263
-118 -327
35 -402
262 -334
32 229
-92 -200
267 173
356 -390
-336 286
112 -11
210 -381
225 -73
12 22
-418 389
-87 -107
-457 -229
-426 -479
186 -176
486 155
-62 317
388 65
298 -303
-13 -50
-210 479
378 414
35 449
-365 -38
-491 302
-401 258
249 240
-456 467
247 -499
-146 -146
-24 447
-193 388
-107 -285
45 -8
136 304
357 -231
421 -235
-481 -206
-248 108
-396 -400
-209 119
151 124
322 -301
-273 354
220 432
361 -173
-346 -264
-11 -117
364 -78
-328 500
-314 375
-208 -43
121 220
366 -126
295 -323
423 184
-322 -240
-279 26
-75 -412
-484 112
32 183
370 -355
99 192
-348 -17
-408 -144
-267 287
-452 -476
8 198
-391 333
491 -379
357 -344
310 250
-342 -353
269 7
218 227
-99 292
163 -498
145 455
60 312
-25 106
-300 395
330 -215
149 454
199 57
-88 -64
230 -294
419 -37
-218 99
-45 -203
74 388
-346 51
-90 -361
431 -453
456 29
-38 358
198 378
-133 -38
245 15
331 -288
404 430
254 -210
373 -74
151 23
98 182
-118 -229
490 22
380 487
-106 -406
-153 107
-462 228
-247 424
-328 356
14 347
362 49
-13 148
-285 -481
330 452
-413 -198
412 -141
-414 375
-248 326
-234 475
259 -234
-237 -464
-456 -21
-179 -36
-149 -224
-191 -306
-223 -359
-52 495
269 428
254 136
-133 -481
500 128
-225 -466
410 217
222 494
468 59
-304 -170
213 -108
63 -348
-133 312
-338 -244
-5 3
-12 -257
-93 -237
-249 -72
-222 462
-260 196
-447 187
222 -421
195 350
-327 -214
309 -325
-84 -66
-223 311
92 -120
-482 -479
448 -225
-114 308
446 -382
-384 483
-51 -494
62 -365
490 242
-146 59
345 322
369 -110
-480 388
328 497
81 410
-336 236
-42 456
-448 198
50 -5
-301 -43
115 -246
-146 -101
38 293
-70 -420
-343 -189
-236 200
327 -270
-208 284
-317 -24
424 282
321 110
105 429
-248 448
-187 69
18 -401
-266 -134
264 1
-192 377
-407 270
83 -127
478 324
87 -489
-394 28
-80 80
370 -40
-95 -42
59 319
-469 -437
-323 -233
363 409
177 -308
371 -212
51 -140
99 -61
149 291
412 -94
-204 33
-179 -21
428 478
434 408
211 132
-213 90
225 -240
-494 -276
375 -361
-100 473
-367 -334
30 289
465 122
-388 26
144 -423
30 109
297 167
477 -363
-111 327
-85 390
409 -432
442 3
-357 -247
-265 191
-31 -11
-73 161
75 481
-375 -327
-330 -364
1 422
-499 407
-67 -153
-468 -193
-333 331
316 -130
201 234
-21 -96
324 -119
413 354
-243 -352
-357 476
392 263
-242 -162
-451 393
10 -98
405 108
-283 223
-292 -198
79 -54
411 14
171 -333
-394 11
-462 279
-32 -171
69 -381
472 -271
-75 315
354 393
-8 -290
-356 48
259 153
360 236
-429 6
-443 209
-65 60
470 -396
-377 -337
-337 -244
-111 -263
263 391
-31 -104
41 -401
-182 444
79 -163
66 332
-279 372
268 -333
-434 152
-54 -89
93 480
-147 -143
-398 -479
-293 225
-106 114
-500 -428
202 181
-214 -285
156 21
209 -489
174 -449
-89 122
112 156
-12 197
-478 -134
135 345
-114 -490
372 288
-146 58
-484 477
127 -75
-246 413
11 330
450 -67
-313 -475
335 -12
-353 427
-112 174
45 170
-120 -81
182 -32
-459 -99
394 -220
346 304
144 -482
28 337
-13 389
23 -360
-34 46
329 156
6 -456
-124 411
500 353
-335 129
-302 183
-118 -70
256 -63
229 438
467 138
366 -303
-283 323
308 -237
-55 -231
314 153
192 190
225 -391
-439 22
-255 33
-347 -208
-398 167
398 -255
184 380
220 468
-423 -155
342 47
14 255
-315 -43
-213 -417
316 -431
432 289
352 289
-280 159
-262 -327
267 -84
-393 -370
314 -264
250 75
346 64
-54 340
429 14
338 98
269 -76
-31 -86
324 373
342 -446
-184 -341
-406 310
261 -19
-58 -329
-179 -198
-358 -237
26 -109
358 478
-82 397
122 -315
189 -443
-190 260
-442 -332
401 352
61 -439
-424 472
-97 250
274 -74
-166 5
19 -113
-241 203
163 115
96 298
-326 459
170 -330
21 -349
-129 -279
281 59
-165 231
-46 -451
-485 405
130 -397
348 378
10 50
193 248
-362 446
-319 -230
-420 32
-185 286
-295 169
264 -367
362 446
359 439
-132 -358
279 269
-68 -141
-313 211
-487 225
212 -255
59 279
292 -35
-132 -2
-120 -300
205 -143
459 -109
-291 -367
200 203
316 24
22 -95
348 90
-255 -27
-441 -408
-395 -5
-474 231
177 476
-403 84
-280 239
-353 -435
-134 421
379 183
177 353
-34 16
-97 335
142 -45
460 166
408 -250
-486 -55
-315 231
78 281
32 202
-23 290
208 61
59 208
-201 446
-307 345
-414 -41
-206 -247
465 -46
-477 -485
58 487
18 -140
-374 379
262 -378
399 -417
345 -22
411 -65
183 237
-441 -487
-315 375
112 418
-466 81
363 -282
488 308
-135 -140
21 -62
479 199
16 -372
472 -260
-419 25
-245 -122
-180 -271
263 -451
106 -311
-164 -157
-202 -495
-463 48
-279 -295
75 21
63 326
280 -220
-235 -244
20 322
-107 327
-258 -74
-387 187
479 377
175 -307
397 -446
-348 233
477 341
-235 -384
165 463
79 -47
389 -381
22 55
-55 -267
405 -56
-278 122
-415 427
-291 157
428 -221
-242 -358
79 272
228 -249
-364 -438
-107 18
-365 -390
193 346
-130 -82
-341 -87
8 -326
215 291
323 -244
-20 -179
-243 170
-391 103
16 -177
67 -101
-35 -500
374 -486
262 171
137 79
-388 58
-38 424
7 46
-294 95
289 86
172 -41
369 -272
227 446
-50 -494
-63 -444
386 -219
-59 -249
-68 355
423 480
477 378
310 -99
-325 247
-394 468
468 311
-84 -30
-342 -97
-436 187
119 453
472 406
204 -205
152 -318
-70 -28
-35 -410
384 43
-494 -179
-380 145
-160 372
-254 349
281 25
-412 195
-2 78
-340 -364
-255 -361
450 -201
-244 -146
88 41
293 399
41 21
254 -243
299 111
-445 215
448 -132
473 -497
-50 29
-137 -442
389 -195
30 -307
131 -176
395 73
-126 -29
112 362
456 -208
-427 314
-20 -185
182 385
206 47
-431 -150
196 -424
-91 -492
220 -467
304 -298
-212 62
312 68
73 -9
-41 -25
-150 -220
343 420
97 272
26 104
-377 401
483 195
-114 -322
76 -315
201 -319
-469 -105
-484 -326
432 187
52 25
-168 415
-325 4
43 -120
-286 434
205 -345
-9 -97
8 -492
-298 488
309 -196
-247 243
-73 231
65 322
274 -82
272 147
-232 342
-179 -29
22 -340
79 -59
390 374
103 92
164 407
403 -52
-476 45
433 -444
95 193
412 -347
74 103
477 -265
75 146
-311 47
-402 468
48 137
-124 -42
-457 202
267 18
284 34
450 -309
336 40
-442 -254
-357 -134
-405 133
-61 -235
82 14
262 -311
465 344
-79 77
-451 317
-201 415
-98 161
140 -218
-492 272
-472 -255
-382 419
358 -455
15 -452
463 124
-31 38
-239 -56
415 235
-449 449
71 -305
-220 21
-52 395
158 -285
-4 -499
144 -374
129 3
-308 -11
384 429
-403 -484
-18 268
-64 -370
460 86
142 -283
71 -228
39 2
462 -325
-116 -237
96 112
-68 -191
-460 247
1 -128
-171 -51
120 82
-153 380
-326 20
-295 128
423 -24
80 -114
31 190
-436 -284
-77 -147
-251 -143
155 338
-350 164
311 -240
331 48
313 380
64 -329
-248 -54
-94 -159
146 -329
101 247
-106 -43
220 295
-113 -335
280 235
466 43
425 -372
-94 135
7 471
283 225
-234 -471
-471 -62
92 428
-428 179
-249 353
-86 116
-247 160
405 -334
273 165
127 355
-158 -116
190 -375
-190 -411
-422 -94
-148 78
-339 -499
456 12
-91 -184
-271 -469
-407 121
-174 -317
391 100
353 238
-494 274
25 302
4 -241
57 172
-341 -427
474 -248
273 -310
-106 -5
499 390
-260 -94
-265 275
-42 478
-480 -294
123 -489
-471 103
254 -230
-35 -156
-7 -480
411 433
186 409
-133 -285
-491 341
420 -309
120 -107
-131 432
14 181
368 -405
-490 71
269 -211
-130 -195
-217 -419
-216 -452
-456 -258
-20 -27
-424 343
194 415
425 398
115 -185
468 107
352 374
172 389
-494 455
304 -454
419 -18
-65 -182
286 123
213 -145
-19 430
473 -118
342 398
173 -247
-488 -313
351 -169
-72 -309
1 234
-63 375
-200 -142
-445 -376
48 -483
406 320
-454 283
-134 67
-32 378
-16 -112
433 240
472 44
340 -488
110 199
12 -96
469 439
-28 120
188 -342
402 440
114 466
-207 315
-453 284
-239 -302
172 -88
7 -490
-287 -44
397 497
-466 199
-176 95
2 -260
83 404
-381 -27
459 407
-388 -159
-325 -376
409 258
-14 -432
321 378
212 135
-157 -417
-176 -272
104 -366
-229 216
-188 153
385 498
181 249
-350 -383
-362 -202
28 213
-461 -174
-353 253
91 477
-2 304
-16 -288
71 -336
220 246
496 262
30 -79
-61 317
35 110
-246 254
-424 -151
55 -361
414 -9
-22 108
-389 -118
-165 -114
126 -312
-247 -128
1 -171
-454 493
22 -291
368 485
-178 235
11 497
-383 -297
125 362
450 383
-192 488
-219 265
427 -63
-144 23
497 -232
2 73
-7 398
-91 -194
485 -384
199 240
-460 387
-163 -22
-223 142
-227 478
-210 79
-137 65
395 47
-381 -168
99 215
288 470
206 -456
-216 73
68 77
-424 -161
-228 129
-296 -59
-312 224
-425 -208
-373 447
141 470
-412 461
-176 426
-288 384
-260 52
-496 -436
299 228
62 138
-412 -423
-164 209
12 -466
-393 211
468 369
-466 234
-205 438
-245 -422
-231 121
-18 180
209 35
176 118
-198 37
333 207
-158 174
175 -58
-465 21
-425 180
206 -209
348 177
329 -263
228 -70
132 -341
338 469
-487 81
197 93
421 317
369 77
11 -449
-192 -262
-184 -322
109 -261
-429 -327
75 -317
17 -426
196 27
71 -337
136 -494
-212 134
358 -478
-221 400
-410 330
-383 116
-351 194
-127 92
156 498
4 88
-3 149
33 -80
-338 54
-294 255
-482 259
-292 435
-159 312
49 4
-255 136
71 -84
-409 -414
-98 308
-146 92
-122 -391
-464 -214
314 475
125 -143
-165 -464
164 382
-340 263
300 -223
279 -38
-384 385
346 6
191 376
-34 -474
235 134
235 -31
422 474
-210 -104
-469 204
-233 -81
-102 479
-147 -371
435 -470
482 204
15 427
-4 63
24 -99
-295 -260
69 -440
68 -434
59 134
-358 61
-132 472
139 -217
220 -402
-91 355
222 417
-275 76
359 83
-14 213
344 35
169 -457
368 444
-387 -205
-386 87
285 89
-243 -320
44 -366
398 40
77 355
377 -196
-470 -388
429 -323
-356 385
438 0
139 -253
-16 302
52 225
-485 -450
495 116
209 -277
435 126
-339 -45
265 76
-7 -222
298 278
-254 -132
-72 306
172 67
-109 -432
-429 -134
139 205
-170 26
-344 312
-165 196
100 93
36 59
-127 -226
-94 -416
-220 291
44 -279
167 -22
-95 405
-405 -191
268 -202
215 65
5 130
3 -158
20 65
-332 -139
-460 306
415 132
230 -388
247 35
-37 -312
-101 -405
357 93
155 145
-249 -85
-278 -58
-383 -365
-153 2
141 -278
-352 90
-196 -384
-13 399
-370 331
-171 -167
8 -417
99 495
-459 180
94 -27
-141 -104
-405 -341
-487 -207
-307 79
294 -304
-388 -107
-78 18
348 225
-21 146
-211 -49
-456 -179
-274 27
35 425
116 -281
0 212
-365 330
468 498
128 -179
-185 -235
-249 59
-144 -61
-187 -47
15 -451
-342 0
236 430
488 359
-407 148
14 -239
12 230
-388 160
-364 -227
347 18
-175 335
-90 -359
-206 -231
294 485
331 -281
294 -84
-301 -93
320 -43
6 -299
-37 -147
305 256
-279 -394
84 228
-5 -10
26 -496
-3 -403
-326 -31
-102 -114
426 487
-413 335
44 281
368 -274
-177 73
334 308
228 -345
-3 262
-243 479
-372 87
-470 37
-74 -278
440 378
-94 477
-418 122
-102 211
-344 -343
-25 -477
-231 -298
285 334
161 455
110 138
473 243
356 -122
485 422
-398 -489
416 213
-224 323
-473 124
20 219
-133 -205
170 -73
-315 145
449 -76
-16 -225
302 -207
450 -257
196 72
-167 -302
306 -428
-405 -8
-275 -86
-138 -134
-261 -251
-98 3
359 49
4 175
-498 -448
356 -486
-161 -172
461 120
-314 20
309 -135
-177 -98
153 -95
-471 -232
472 290
181 342
-71 281
-420 -367
355 13
121 -167
286 93
185 -112
-211 18
-88 14
344 -349
-61 441
86 377
-401 452
403 142
-316 152
5 -294
-498 88
440 354
140 98
-129 -231
175 400
-335 -347
-298 159
460 208
6 269
-174 -432
-188 -284
-413 -92
433 -228
235 -180
-225 352
-358 -159
-148 -381
-309 28
-357 169
407 237
207 -490
308 57
-53 -108
182 -305
-366 203
-41 -366
-85 352
20 -86
457 491
-423 201
77 -107
-22 334
128 161
-234 446
-460 126
11 -94
-86 -47
316 -342
289 -117
452 -417
35 -496
226 432
-6 98
380 -348
-233 -151
-151 -494
-15 -167
292 -441
325 -61
-156 148
-282 -233
-155 -324
-450 247
-473 -6
-490 -68
8 -37
268 -389
-47 376
-493 -26
-458 -363
6 205
160 -143
-174 4
322 24
436 -388
35 58
-122 60
-417 -470
133 369
-380 -284
324 345
52 -44
456 379
428 149
-28 -11
402 306
458 -147
-487 143
306 286
-192 4
-405 -265
-182 23
385 73
-80 -252
-433 -410
-215 162
-82 453
161 60
462 -457
441 -463
-489 73
-57 -293
223 289
-107 -64
-17 -221
-446 103
448 385
251 -140
62 282
-180 -332
116 -351
109 -453
369 -44
295 -77
-198 226
-259 -443
-374 -484
477 329
-9 -232
499 250
-216 -360
-267 -194
-171 -281
309 127
191 361
107 -185
24 360
274 -421
421 -4
-119 362
-81 -44
380 145
293 -114
314 -485
-241 193
64 74
5 69
-196 -19
239 -446
143 67
155 -363
108 144
184 199
-289 -263
-57 312
178 -107
-253 -483
-448 -319
-497 333
360 -37
-500 -224
-292 450
246 -499
336 -338
260 412
-155 157
-62 -334
449 -118
-185 -459
-205 163
384 -190
-312 468
-248 263
80 -450
431 -295
324 240
-397 -130
462 122
494 314
-225 -128
-434 -73
334 -59
-98 108
-317 -216
-225 210
157 380
35 103
-252 204
-225 367
-76 381
-454 -464
-303 -46
-448 -151
-478 177
-402 175
-111 123
425 318
-77 -421
161 -286
444 383
-185 -374
-366 -286
-295 -202
-228 489
310 -358
-35 458
-362 -286
394 490
-499 -80
56 438
-314 197
113 210
-113 -444
-379 154
423 -55
28 478
111 32
-252 -33
270 -204
93 -244
-277 246
26 -27
387 214
115 -267
378 236
-224 29
274 -115
-259 -59
397 163
354 219
-185 374
-401 336
12 129
305 436
-362 477
-256 118
-323 456
189 -292
-408 74
-300 -474
425 143
-89 251
-98 0
-19 114
467 238
279 200
-67 -16
33 -97
-179 194
-129 -333
220 -376
80 62
207 425
491 24
-59 -154
-29 313
-44 193
184 -472
-335 276
-425 264
-66 -266
-371 407
225 374
329 295
-239 500
-463 177
322 -431
-138 -373
476 -66
-482 -355
-301 378
-208 -190
-390 -38
396 -498
497 -339
-169 336
246 -66
-7 152
-372 -187
-394 387
14 170
75 -222
45 341
-121 114
-352 -51
-497 -277
-409 355
-258 -21
239 -45
40 -255
11 -486
133 -385
-131 -312
456 -182
276 350
-397 310
-382 155
-305 200
472 -259
-464 -52
108 162
-92 414
237 -392
266 -182
-214 -439
-134 -276
-213 122
381 -353
-247 -385
-191 309
-30 76
-75 -103
-139 -492
317 -52
365 -167
221 -295
464 -102
273 28
85 210
109 -116
288 -315
447 -33
415 -439
242 117
151 -113
-442 -118
-129 404
-68 291
-98 360
289 -87
58 -85
-209 -240
327 -45
144 444
47 -165
61 433
-241 433
31 -64
300 -381
-448 221
399 -155
-354 -408
-373 351
114 203
22 56
-77 -479
-255 -244
8 102
-61 117
-189 -337
351 252
-382 353
488 196
-195 369
246 -171
-347 73
-493 -53
-17 355
-367 87
180 381
-322 -118
-474 -334
122 -61
-75 -334
-356 -321
-163 -74
-213 -262
245 -106
23 -382
-48 -276
245 328
207 -110
449 -398
-127 153
427 411
-93 -241
-32 -144
344 493
310 347
418 259
-37 -322
-66 -215
-7 8
369 436
480 149
163 -491
139 -287
219 -120
-239 126
-18 248
326 0
130 331
368 289
343 393
-91 -170
57 135
321 260
-485 -443
-411 -263
-451 -440
-94 -154
449 97
322 215
-233 196
108 -405
-95 -241
187 -440
-59 244
164 312
-203 429
-136 29
-77 -291
381 -107
-412 148
-44 -495
-12 -449
-157 81
495 -377
411 223
372 245
68 -437
-229 -293
-186 74
-247 -466
-459 401
69 -248
-214 -128
-162 125
31 408
390 -405
386 -469
234 -56
-101 -150
326 -420
-424 150
-251 460
-402 343
-293 122
-189 260
-434 -57
453 242
192 -379
-452 -327
-253 -3
393 367
-310 460
49 -112
-110 -407
363 -492
-261 333
-186 -467
-301 -63
-49 -98
393 186
165 278
56 -383
212 444
430 193
-452 67
230 -123
-78 32
-89 215
58 -126
335 116
-471 -348
411 48
453 -233
-221 -106
329 -447
217 295
387 -132
407 -90
439 -92
206 -252
317 -401
110 -489
-13 218
-312 17
258 385
-182 -72
215 295
-317 -303
-385 268
-40 34
211 225
281 317
207 299
317 -321
-161 -356
-140 430
367 -386
315 200
26 479
8 178
460 272
60 280
56 153
387 -92
241 451
315 260
202 487
256 -323
-174 281
-398 -393
354 188
-400 283
-476 -99
388 -1
223 -62
-57 -391
-126 193
-64 198
-151 41
-165 5
4 -150
221 -454
-238 -134
-396 -438
-329 115
427 485
-68 147
300 -417
392 -345
-498 228
-48 465
498 -28
-238 486
88 149
-50 -98
112 158
346 354
-186 -267
-101 76
-195 -298
-54 -60
264 -43
154 438
249 462
-359 304
-32 -314
397 251
121 -408
-247 107
119 485
472 130
-186 -475
-499 -312
-181 208
298 -34
-306 163
-253 487
-404 397
294 1
307 109
-120 -104
-313 166
-246 -192
226 337
258 254
-281 -470
-276 -478
-478 -192
-85 404
207 -206
-238 443
-413 -424
234 260
61 -95
500 -7
448 -497
42 172
-263 -201
-33 -141
-46 -385
443 488
249 321
212 265
184 -121
-153 301
-325 163
262 424
270 -464
140 273
454 328
-255 79
-234 418
395 45
-92 -16
127 379
180 -125
-117 126
11 137
-265 -143
-416 -212
55 470
-386 -340
447 -466
-229 156
481 -76
5 448
-166 323
-89 313
105 -113
170 64
192 7
486 309
-283 -244
391 -158
-193 -272
193 -487
-52 333
203 -423
225 -228
466 -349
124 364
352 -288
-452 -421
-474 30
422 -18
270 -283
-311 -169
293 452
230 -159
474 -398
410 200
473 -235
343 -319
-19 -465
-303 -345
314 306
-160 346
-19 69
357 497
-267 -329
353 385
438 238
97 -471
-157 105
229 -219
390 -335
-123 -42
307 373
271 184
-172 63
-425 -110
13 -431
-446 -63
500 -331
315 459
286 -80
-475 -382
481 -209
478 -55
247 -76
194 80
380 17
-303 124
-481 -3
-315 -149
137 382
-137 413
121 -402
-399 -180
91 57
351 -216
148 -115
-154 298
343 146
-34 291
-438 117
-283 -420
-5 9
50 -241
74 -314
-23 246
175 -105
441 -445
-220 117
-431 197
214 338
469 483
299 -98
78 -274
74 110
-456 425
336 -164
401 9
389 173
-274 171
-164 -79
-281 -209
369 -482
398 7
109 -432
51 -255
-127 -150
387 137
-342 369
-197 22
-60 153
-426 127
423 259
364 279
229 280
-249 243
-32 -370
-465 -89
177 -63
438 -288
-63 341
328 -49
-109 -266
349 89
-119 -434
436 246
-388 -231
-214 -214
295 392
-307 -173
-47 -420
379 331
365 -176
-341 -438
86 -47
-315 478
402 18
128 -483
149 -134
-463 358
-171 -12
107 291
72 178
-345 160
-18 -325
-35 472
90 76
-466 202
-217 -150
317 -449
-27 181
-57 -306
-314 304
275 -142
-117 9
-20 81
122 383
-114 -56
258 153
-458 131
-351 170
302 -182
336 106
462 9
-310 -51
245 -44
257 453
-192 -81
-209 272
-267 449
-349 -36
197 45
-175 -224
21 -487
-494 331
430 471
494 -129
-455 358
183 -125
257 273
30 -272
63 393
461 80
-13 295
-226 200
-42 300
117 -348
-315 -149
-304 367
282 489
-17 491
53 -185
-434 -254
130 441
-45 -482
-188 396
278 -181
383 205
-48 90
-155 -385
191 -45
-41 72
217 497
93 443
-131 168
299 -472
-426 429
-93 82
-191 489
117 -471
-232 308
-135 -93
206 133
168 208
-187 -282
-119 -1
-166 -156
154 -227
-477 160
-2 -201
6 416
88 -469
27 179
-317 -123
161 -412
-182 -277
-361 60
-336 39
-239 -472
-442 -271
110 -13
363 -316
-350 186
257 -64
342 26
291 -69
372 174
313 -234
-378 484
347 348
158 -490
-361 -322
383 -56
331 78
-160 -475
162 -426
404 384
60 471
-336 -202
121 39
248 -83
250 337
404 197
331 -480
172 -182
-193 -59
258 416
204 -171
-500 -478
392 -233
-94 -234
-201 21
-403 482
299 -116
-489 289
381 -209
-307 84
260 -225
-164 286
239 -40
-75 41
149 -239
235 435
380 118
-330 361
371 -207
-154 -240
233 -321
481 -300
440 497
-81 -258
-421 110
158 -133
228 15
-437 387
-37 -212
4 -133
-61 58
453 268
462 -337
-405 -2
-348 275
-223 -311
-57 -136
-18 473
256 8
-209 22
-359 94
409 492
-359 -421
487 62
444 -468
344 181
-371 497
409 -288
431 -420
385 303
-394 346
37 -476
202 -338
78 110
-240 -299
167 224
-443 366
301 137
-291 -289
-477 -101
-86 466
478 228
-379 211
-36 465
-121 -395
-442 105
-359 367
-335 441
231 -111
-140 -417
-244 -383
-394 -81
104 414
-113 -347
-149 -385
-141 494
-11 -16
454 180
-242 -65
494 -234
-394 184
232 196
471 20
484 -73
318 111
192 -67
-167 -331
-212 -82
-485 -15
-255 207
-250 -48
-419 94
381 40
164 99
299 55
389 427
306 170
31 338
-337 -252
-250 68
-192 -110
-308 416
-225 -181
171 465
-38 412
419 196
-139 343
500 408
140 -302
464 347
-484 274
467 -318
-293 451
237 -314
30 260
285 -205
-191 409
-226 171
330 189
467 -456
-418 273
50 346
-341 -253
310 299
-152 348
298 98
64 -190
-280 -87
93 -65
-190 -102
-291 -167
398 346
-403 224
318 -134
-197 -395
491 59
-487 118
-184 358
4 185
-355 -286
92 -92
-4 -216
301 32
-331 302
-418 347
-204 -287
47 -126
377 418
146 342
487 -62
-13 -61
-249 -234
440 426
-267 -360
-310 500
389 -349
-284 -165
-419 -51
46 -79
481 159
-201 269
-288 -100
47 313
121 -394
355 123
-300 391
-206 -453
-112 -170
414 -371
286 -41
-264 -52
-104 -20
-310 -40
-296 -181
317 -197
-432 -298
56 -295
251 -491
-278 -154
261 -496
438 -440
-324 145
-322 -32
-135 -11
-372 -346
-120 -431
-335 84
339 -157
-134 225
210 -364
197 -419
229 428
406 -203
-439 346
-215 -446
-354 190
346 399
-351 158
-390 -326
-260 -208
-373 424
-439 -443
-396 -119
-331 -94
183 121
-347 117
-90 -190
-475 233
90 358
-206 -58
-234 353
148 305
-208 357
76 -225
-312 -153
275 356
242 -130
249 -182
239 237
9 387
78 198
-191 219
475 465
156 -199
-103 -203
-385 -278
239 314
115 -22
52 -365
-77 -280
57 -281
-287 -100
108 383
337 -60
276 387
497 423
481 -451
440 -475
-458 -273
-246 -314
303 467
132 -105
201 -273
177 -437
-472 105
-48 319
125 -131
125 -298
1 -16
-162 -70
275 440
-424 -76
-372 -434
206 -345
295 -469
-118 96
-485 -223
-353 369
23 102
-341 236
-142 382
350 463
-214 98
-334 -354
-360 -136
-253 161
-288 -16
464 -414
-154 38
248 2
275 185
60 -39
96 -234
125 0
-220 -274
410 435
-389 -333
131 471
193 24
184 -4
69 395
220 -498
280 147
-343 -120
-349 -422
39 135
-315 -344
-195 48
-336 53
64 262
86 228
463 345
270 -400
-11 -349
-9 331
-368 -430
-103 -77
-384 -377
352 -442
5 -62
354 269
225 433
-182 -417
-241 267
322 -307
256 -233
-397 369
-311 282
-477 43
-378 -237
347 382
-155 -215
257 32
218 -45
229 475
93 65
-75 -469
341 -134
-213 -90
473 324
39 -33
102 268
86 -425
-427 -397
-332 219
-447 23
7 133
-363 168
108 -124
-157 -130
-149 60
-419 12
334 73
207 7
-432 85
-120 83
-2 -316
6 -28
-357 -274
7 -231
-143 -453
-332 265
241 369
376 -97
-220 365
470 -293
142 -105
416 43
498 -326
126 235
-315 387
-393 -287
427 7
-100 359
-138 10
459 499
-39 -39
150 361
278 16
22 111
-105 -353
-28 -426
-322 -439
-25 -110
400 59
-496 -475
125 -454
-413 -352
186 490
-285 349
86 -236
207 -282
264 -128
270 -380
309 124
-284 185
170 -470
1 -32
-219 398
392 -129
463 -229
-375 -69
-25 -184
-86 -431
-102 -152
-29 -33
-266 -443
306 276
-17 342
475 -184
152 434
-324 345
-364 -410
-348 -31
-195 -286
57 -256
-427 438
20 135
-191 -226
-461 -283
307 -358
-381 234
-61 453
353 119
-251 272
5 -168
313 435
333 306
376 464
-305 -415
295 160
-177 -10
204 342
-122 -43
499 -464
-42 71
-423 -145
356 417
352 279
213 -340
310 -89
197 -8
-53 -334
-353 -25
450 223
260 350
-105 225
435 -314
458 281
-392 47
264 -84
110 -178
108 -246
-298 -462
447 -78
22 -444
-300 101
-5 -19
113 247
301 -349
43 -273
-163 487
-489 418
-285 -22
-466 -354
-373 158
474 33
-261 314
-209 -261
-181 -167
-409 51
-66 461
442 69
-453 168
-110 138
98 23
82 124
-412 -39
-424 -374
495 -186
-363 91
293 -344
179 -102
-409 -261
-37 -344
119 291
395 -111
444 -26
395 -316
195 -263
-153 -152
-221 8
270 286
-173 126
-455 389
-497 138
290 -81
353 183
-165 9
-311 -489
266 289
147 465
-492 425
131 -243
414 488
264 309
355 414
333 444
-231 -319
-315 -42
-40 464
241 354
-128 -1
-250 -483
-137 -212
350 -85
465 -370
-227 -341
-432 -139
-387 -41
-246 173
-332 -395
397 176
235 107
118 374
205 7
86 -326
-373 208
-131 358
94 -216
-393 18
266 -26
-374 -118
484 307
-280 -260
274 400
115 -136
-454 -250
-215 -120
170 -372
238 -199
-274 -101
482 -182
-471 -431
2 437
-48 -500
377 188
-2 -284
-273 160
10 293
425 88
-378 166
-2 486
363 -81
443 340
205 -178
136 -404
167 89
-414 -372
-257 482
-13 -228
479 -105
-497 226
336 339
-221 2
-486 -85
421 450
498 10
-377 -36
236 111
88 397
452 -459
-476 -456
88 -195
205 -73
54 221
-383 451
435 176
-232 -483
-252 286
-233 -125
267 -5
-423 453
418 -125
-230 -386
-493 -482
252 -493
314 -365
-56 -139
213 377
277 -387
441 -472
234 -404
-261 -115
171 -227
2 -147
158 -385
305 319
111 -404
1 32
103 -151
79 -111
-30 -32
38 -273
-234 7
154 326
-463 -178
-391 -338
-378 386
-80 77
-406 397
316 -146
181 -325
441 -17
446 223
282 -404
425 483
236 135
-63 151
-128 -261
323 -7
6 -231
-221 356
-432 -455
-482 -388
-264 -47
454 89
405 446
-191 153
477 -179
-435 499
351 -390
70 497
457 425
-225 -13
177 -383
-210 -36
50 -26
-299 38
-7 -88
93 119
100 -443
247 45
-115 4
358 -437
24 238
10 267
194 -249
431 -303
-371 -60
-275 420
-337 89
-273 8
-94 -413
-442 -293
1 -361
494 -400
128 410
88 437
306 -440
147 85
-50 366
335 402
-162 -63
458 -31
315 -343
299 289
255 -197
171 -410
-498 446
-359 -257
104 384
-77 -26
382 -257
467 -82
189 10
-500 492
51 32
134 -77
333 -389
209 -430
419 326
-106 364
-71 411
263 -305
-241 196
315 93
-393 189
-279 -394
-373 -91
72 182
-252 -32
306 459
404 -260
-57 102
-360 109
-75 -276
469 -26
342 315
-85 -42
-461 -331
402 -277
28 -472
-360 -205
77 233
-302 -412
-200 238
72 -484
-217 71
-469 -187
-323 -488
342 -288
-75 83
-113 419
-146 421
469 -301
370 74
-190 -12
-431 -129
-45 61
-106 -302
-198 -389
120 -77
-390 -332
357 -129
176 -1
179 350
3 82
-381 11
-22 221
-495 -216
-113 184
102 425
423 467
-33 -484
28 208
-397 163
335 -459
395 214
-235 412
405 275
-115 434
-86 -329
-290 41
-375 93
-492 -133
-487 298
-364 -228
-182 -219
-114 -193
-417 22
256 482
-66 310
-309 30
-427 -110
380 -147
327 289
333 -99
-200 449
368 110
-240 -82
-215 -375
463 358
-400 132
-104 -246
452 398
-40 119
-212 143
207 -234
206 381
-196 207
-264 -149
334 -359
201 425
140 -301
-112 -160
212 254
-343 247
199 -160
115 -470
-191 340
200 371
231 -336
498 -202
76 -181
182 319
429 -170
58 328
-484 467
-57 -340
207 -380
130 -392
-450 276
171 65
-184 381
221 143
-22 389
453 237
131 -176
299 111
312 435
-211 -103
-328 176
-200 178
481 402
-91 218
-32 387
167 184
29 -325
-305 -279
199 -205
370 204
-494 -77
-343 -420
103 135
148 447
418 77
214 129
206 235
79 -117
436 -325
-380 -333
-475 449
254 166
-338 -339
326 435
-389 159
58 313
-343 500
265 -57
130 230
-68 -268
268 -380
-332 143
494 -103
77 435
-370 126
-298 -190
-133 7
-195 -128
-497 -16
109 -266
-321 -165
10 -67
14 -349
-4 -397
173 -38
360 -345
227 98
-403 120
-371 -148
-29 -35
-160 71
-308 186
-419 -78
113 443
130 -41
-315 -197
69 -451
481 364
-486 212
-23 350
-378 -356
274 -381
-403 -217
-267 384
341 -426
204 497
89 46
-152 261
34 -268
-14 268
442 -287
-221 460
112 65
-158 247
192 -432
-223 420
229 -412
-495 -427
310 -261
500 -200
499 96
185 -460
-143 120
251 -61
130 315
-88 368
214 -186
493 -128
121 -33
315 -139
474 -179
-195 -248
174 -378
339 115
201 469
428 367
-394 114
286 -285
348 235
-97 164
-193 321
-266 500
146 276
-458 -485
-6 -242
-431 -218
-240 -33
-270 343
454 -492
-495 -483
479 -465
399 -177
-384 -79
-24 -330
-459 396
-311 178
418 -38
167 -295
-326 -181
-277 -247
-60 57
411 -307
-84 -434
267 -164
182 134
490 95
18 -355
-375 216
-406 454
221 -37
249 58
-162 -496
309 -327
-52 -418
63 -48
-128 -157
-319 74
62 -224
-277 -462
-437 15
207 328
-418 -40
236 -23
-281 -90
-276 -234
371 -446
340 -128
-229 92
459 18
253 371
44 381
63 -202
317 497
-470 -293
-254 100
159 267
-118 -367
242 -108
379 -288
191 377
-71 -381
-391 -75
-238 -287
-257 242
-325 20
-6 -467
-112 25
-210 263
464 -287
3 450
-158 -165
447 -376
-492 -491
295 -345
313 -2
-160 446
-192 115
-496 -414
298 98
-262 34
-360 -314
-306 -278
-340 -262
-99 -377
-330 469
-346 283
-479 -400
419 487
281 343
118 162
-95 494
-421 -34
83 -428
-271 -45
401 -350
487 -295
74 -469
426 -489
-344 115
255 -430
-323 -386
255 -284
-2 -77
-216 224
405 232
-396 -294
-112 386
-233 190
-17 318
-322 -201
350 -189
264 -389
-433 47
110 -386
-500 -205
-30 -124
102 437
-84 -54
-189 -113
-109 471
258 230
473 455
297 -368
-438 195
-58 -401
-289 432
-220 -49
91 257
495 -473
2 384
417 389
-323 169
-205 29
366 -195
-321 -396
363 400
-132 402
455 -407
-32 -253
311 474
231 137
-9 -389
-170 -278
69 -50
-98 141
-169 -22
475 9
-396 192
-482 -218
-208 -332
230 300
302 169
301 88
-143 -303
323 -277
-147 88
-143 -141
167 -278
-494 186
361 34
149 480
-461 -69
-109 -24
-165 -234
376 -415
-345 -175
-198 10
14 -470
373 -412
-29 -158
-304 -221
-83 -353
-427 -139
437 171
492 -54
-438 -162
81 471
-409 -243
-114 -8
-212 -275
-496 244
-16 172
481 32
-432 44
-240 65
98 -377
476 387
-364 345
-253 -472
342 239
-458 421
-496 -497
339 -7
414 -254
368 -86
494 -446
-432 263
-490 -305
263 -42
-3 -1
285 -302
41 -418
379 451
-338 265
169 101
-98 -17
90 -463
75 77
-471 198
-478 -166
-485 -409
-281 257
327 479
419 -29
-370 -82
-156 -190
210 -189
-272 305
108 144
-369 -90
357 355
-84 60
126 -108
-474 13
242 52
-373 -491
-371 -434
52 385
111 -87
-75 403
-255 375
-336 22
43 178
454 122
-324 439
-330 -200
-143 -353
285 287
399 -401
362 -301
431 96
-353 404
-262 281
233 137
-38 27
-448 443
455 251
163 -111
277 237
-409 -80
-443 75
-458 -473
-233 -8
205 -236
-279 269
250 -294
293 83
287 38
-379 -409
479 403
168 250
323 -329
-290 -176
-78 319
-2 -26
443 -48
-50 422
395 -103
38 -191
235 -316
184 440
356 -341
-386 291
259 109
253 160
13 2
386 447
261 388
317 30
-297 359
123 466
107 22
-465 -8
264 -172
-443 -329
333 -233
-301 -223
246 188
-364 -21
-320 -66
270 -268
-491 286
-329 129
-251 184
183 14
-261 130
-97 145
366 143
-66 485
410 -203
-487 406
11 164
-370 311
-160 -50
238 -469
-38 138
161 -74
-90 -88
123 -423
390 -164
-268 -265
-385 323
-109 -62
-252 64
24 180
72 495
-163 303
26 335
-500 -41
-137 42
-298 -121
178 -60
402 183
-171 372
-134 -131
473 80
290 355
-35 -332
261 489
-313 349
156 495
-28 106
102 -274
376 24
-4 -439
-231 -360
-247 8
278 238
-89 167
-198 -384
209 122
-332 -310
-342 -324
-85 -473
-425 -56
-175 15
-285 -439
-473 -265
489 -447
-219 -456
326 -359
-266 258
-426 -264
99 114
-71 -352
115 -400
304 65
115 469
-65 -323
354 279
-409 256
-3 440
-392 247
-76 486
-418 -390
266 -402
204 -132
-1 83
345 -404
180 -143
337 -118
30 385
-118 40
-267 366
429 -197
500 -427
79 -313
-236 -427
-62 -17
-256 -164
-435 461
-46 184
-359 199
227 227
164 -401
-440 -304
377 51
-432 -440
417 -434
280 -126
409 -197
-403 -16
-124 134
283 -474
153 -130
-356 -202
-101 -296
161 32
427 -319
201 367
-338 78
413 -382
79 305
-89 35
415 217
140 418
-495 212
249 -369
141 89
-383 -276
296 -243
-478 -137
-251 -44
-73 262
130 354
244 412
-384 -296
-451 -16
363 -289
481 48
-200 88
-217 -294
-114 484
24 -53
201 -178
-156 -465
-325 330
127 75
-150 -191
283 277
442 -32
430 412
-295 4
465 -296
416 265
-320 336
-394 70
-294 -98
234 140
-448 -323
-32 378
286 -481
-281 -323
-307 345
-138 -159
67 -103
343 162
401 283
-170 -241
158 398
88 238
99 351
361 149
416 232
-381 -23
-367 -306
-44 271
455 237
186 -215
-489 -251
-481 -90
-325 -410
-48 -9
290 -462
99 -227
90 237
-212 62
171 -227
-491 399
-136 457
-197 -134
-16 169
-7 280
184 -4
30 -18
469 216
48 161
-192 -461
368 -67
-429 -429
44 -481
-435 -335
225 -409
330 -182
-181 -154
213 455
11 -25
379 385
193 -217
252 164
-191 -246
420 -274
291 -472
-298 -191
126 150
171 358
240 -242
290 -354
109 -75
500 40
434 -489
37 243
-162 289
-415 42
340 -121
-96 438
136 335
-258 82
312 61
378 177
366 -372
47 -139
81 -164
298 -23
380 -401
171 -433
-157 -500
433 -156
-56 -147
274 -148
303 -92
-212 -174
453 -163
397 -49
-224 -383
148 85
81 466
164 -418
-381 -456
-327 -376
471 -5
-215 -190
-396 2
256 -355
65 94
472 -302
126 -151
205 -376
-275 -12
-430 -33
45 18
-405 -405
-467 -265
-9 -376
447 386
-132 -246
281 -72
237 306
369 -293
-356 249
39 -383
358 -190
230 276
-48 -239
482 224
219 448
240 -125
-176 186
415 414
-15 -432
414 1
-241 -243
-446 -470
-200 7
-239 162
-375 -330
-356 139
307 363
273 -112
-65 208
-91 453
-167 266
-210 367
-259 51
174 -375
356 32
79 384
-462 -413
274 121
-178 63
485 194
-177 -118
402 -262
265 -361
-393 332
-451 -53
62 216
317 -498
188 484
-215 -469
-337 467
409 237
335 325
96 103
-286 306
125 143
340 169
-476 -430
-50 219
-403 498
-212 -144
410 -432
153 -267
25 299
-282 48
260 152
-387 -15
223 -456
-262 -21
237 336
321 141
310 123
-40 220
-50 -353
164 215
260 -430
-496 120
-360 96
150 -7
426 -398
-224 -351
-286 494
-479 -492
18 439
251 486
-387 -146
-349 -431
-320 387
-63 296
316 460
142 -245
368 463
-54 113
13 -278
108 -428
431 -350
-176 321
-481 -417
-34 -137
-130 373
286 307
-19 -117
-314 -15
402 -447
133 -122
-328 39
-438 426
418 -112
30 266
281 -123
186 475
-15 -411
223 479
-177 -463
-357 -229
-149 289
96 205
132 -131
-409 -417
337 -156
286 292
-71 -109
23 351
2 361
-216 -33
225 412
483 -251
-91 -10
445 340
-359 314
-53 -272
405 -336
-446 185
-394 -393
-370 171
-193 266
-116 235
230 -300
-441 182
-431 274
-488 -76
-333 44
430 187
5 292
-314 111
53 -401
466 -497
-213 -462
-266 362
156 -65
187 -126
-392 -407
-372 146
151 33
138 -111
474 -220
-217 -449
-302 -275
45 -64
156 480
353 71
-127 -83
-392 -43
4 56
-223 1
-11 184
-284 -85
290 264
-268 -28
358 228
426 -42
485 -65
-374 20
-105 -214
-85 469
145 25
-489 -384
-187 116
480 234
-453 268
239 -497
285 -363
381 -303
224 306
456 408
-424 199
72 -448
-219 -367
411 -460
-352 -397
-408 485
-152 156
25 374
142 32
-60 160
-439 -377
133 207
-310 -353
-321 -35
490 -59
3 270
-55 -98
-125 -187
475 -383
259 -119
210 470
-52 161
-302 -418
354 37
-133 -44
348 -249
74 352
-157 -485
-442 116
-392 -96
379 402
147 232
-419 101
85 307
-132 98
284 -395
441 -57
-475 -34
-476 -6
-57 167
-318 10
491 248
-329 -355
289 83
-27 272
438 -69
-265 -220
250 314
-109 -157
-232 -286
-436 17
139 -495
140 -153
-445 -375
192 -181
362 -377
362 -194
-7 379
-138 455
-52 4
476 374
-193 -267
410 -257
-185 137
-148 -61
284 273
-219 -70
88 -263
413 -477
310 -238
-400 -486
-264 -424
111 249
-257 278
-298 182
480 -10
-337 -170
87 168
33 -465
242 400
455 -383
0 246
302 -63
18 -73
88 444
393 -187
-196 -30
400 180
69 -18
-25 65
-340 -119
-420 -463
484 79
126 -324
34 -110
423 -233
131 -136
-286 277
-225 241
-86 58
-73 17
-375 226
-441 57
-267 447
144 392
236 -179
-415 -459
-425 -188
190 46
325 2
-385 455
-222 176
-167 -159
-264 470
488 -289
-104 -24
433 487
-328 482
-460 -411
-305 293
-54 474
146 425
415 352
-72 -230
-189 204
269 -322
-223 35
-251 286
275 -330
-459 -476
-76 10
-18 -12
382 308
246 319
466 159
-55 -171
-448 362
113 -351
-476 -359
-434 -416
-402 -204
-291 -311
-241 -255
-15 27
16 425
-424 -382
229 371
-396 -204
-435 -166
166 -271
364 140
344 -306
52 -203
-143 187
-273 -316
338 178
-332 290
-214 -83
457 67
-235 95
-307 326
31 -435
-439 424
472 -310
-75 397
465 24
95 420
-32 -244
246 126
-340 12
20 257
77 -144
230 -213
-309 -409
462 434
-177 -293
-85 199
-436 -236
154 -238
156 2
451 -81
-143 -23
403 -69
-411 318
443 -212
436 -221
-182 -46
-377 286
-441 304
-198 -427
-325 -338
266 134
141 -44
5 -247
115 -111
292 -97
-491 -44
440 100
5 -449
-66 -110
-384 239
419 239
-143 -474
220 -178
421 -477
398 -79
307 -78
414 -221
103 -415
287 330
-287 72
-216 -7
-209 311
200 88
204 -346
-443 309
191 -251
414 2
-20 -410
-351 410
463 -258
-327 96
150 -378
345 316
151 -128
-313 392
-284 308
460 267
-394 172
-284 -66
-67 308
-265 147
1 92
69 47
-290 -25
162 -151
149 31
258 114
-308 487
180 190
-93 -220
483 -391
-471 418
138 166
126 -299
82 363
292 -136
108 -404
-50 56
-363 -484
194 -215
422 -161
-370 237
251 50
166 -15
-291 128
-104 -235
-171 -167
470 -44
-143 -486
-219 -452
-469 -107
451 228
3 -325
-46 -223
-464 398
10 392
-292 -36
-49 379
86 -462
-169 356
86 -498
-35 97
421 -248
-269 -42
1 33
374 323
33 94
232 318
45 20
27 93
329 -444
310 -453
158 -493
-139 -60
101 406
220 286
65 -394
243 -329
-314 28
180 478
0 432
-491 45
121 -381
5 45
52 125
270 51
213 314
-376 -108
219 461
399 -221
-240 137
307 -328
108 -112
443 28
-369 491
83 402
-81 -118
-40 -333
-484 116
145 66
355 430
-267 395
-391 343
-368 -47
-11 -455
-99 58
-375 -495
57 3
342 80
-147 448
146 -33
73 403
303 156
-347 -466
-34 273
11 430
-486 -447
255 -43
148 158
19 -373
335 108
-265 131
127 30
1 -348
-14 -328
463 -490
-113 -402
49 451
12 -74
125 35
-53 303
-277 437
44 498
-174 171
486 -434
-470 -254
-309 265
-343 178
323 343
-194 -48
26 -101
-235 376
-69 160
217 391
-77 -129
477 442
-435 -200
-56 -143
457 417
-154 -336
-363 54
333 298
108 -473
-35 363
-389 1
423 356
-230 -1
25 -122
445 -133
5 -276
-447 16
-261 324
-435 215
437 52
469 -254
-298 -250
-388 -149
388 273
-244 277
-187 -142
335 112
-2 -398
-355 -146
436 -451
-486 192
-337 396
-469 287
-308 -146
-110 -183
-377 -100
447 9
127 120
25 199
-467 366
136 -32
-250 223
-189 -256
-231 -399
-426 274
253 467
310 400
-144 426
-147 360
-82 -407
94 170
212 -342
58 56
420 177
-479 -66
-256 -312
-169 -20
-350 165
197 102
-231 195
85 -17
89 -106
-211 -380
-190 478
-219 -473
-181 -367
-389 -228
-40 -311
-173 270
-42 12
388 153
425 -152
-410 -456
-232 -428
405 406
43 -432
-411 -208
84 -77
-270 471
-120 -138
-242 -401
-496 -227
180 15
-297 -298
-166 -452
-330 81
-436 198
14 214
-249 -356
185 316
36 445
-40 470
-368 -273
-49 -279
-313 -395
-240 164
474 450
-278 -204
4 319
183 -55
-375 328
-204 -205
-73 332
-153 272
-91 135
435 364
431 -54
228 340
280 421
-163 195
123 135
369 329
-83 18
-312 -125
326 -494
482 -359
53 -337
489 234
-386 -169
404 347
-401 39
-128 115
-480 52
305 465
-363 -389
-341 -378
348 -155
330 152
86 279
369 12
-426 170
-323 491
235 314
287 147
393 -412
-57 -378
-444 431
-257 -268
-188 -43
-40 63
46 -289
431 475
225 -46
378 81
215 497
-30 495
-272 -484
14 -121
-38 169
258 239
261 408
-412 472
-183 -145
163 375
-149 -372
-145 208
-377 -158
222 204
-411 144
-395 129
-441 -107
325 -94
102 3
302 -174
202 238
339 -68
-442 -10
205 -67
390 162
37 -160
-499 240
-30 -136
127 385
353 -240
282 -240
-160 283
23 254
-149 -335
467 369
-215 -385
-474 -164
-200 212
125 -334
382 -231
45 -75
311 454
-486 460
-79 224
363 427
-189 -266
54 455
-265 -170
-461 -78
-482 -456
462 -4
479 404
-290 -258
-210 -392
-350 236
-370 -437
113 183
-243 -129
-195 164
39 -239
-152 7
401 -371
-475 122
113 233
34 -358
-101 490
32 65
-466 225
95 -209
112 -283
-259 -441
-83 82
-24 146
-100 -116
233 -43
81 270
-205 56
-152 166
340 454
-28 416
-346 8
-471 -186
-292 233
-91 493
91 -366
9 83
398 -15
385 25
278 432
16 -376
-221 -386
-318 -66
-362 -236
332 -157
325 -318
-200 438
421 -293
371 -392
248 385
35 -185
172 -144
116 -170
184 -459
-258 162
-485 -179
-80 218
43 255
282 114
277 -380
204 356
211 -143
-487 350
-182 481
198 233
-241 -51
-425 366
185 278
-338 -22
-383 119
409 89
89 -32
203 2
-303 -455
490 -259
-489 -168
-286 -420
-222 -22
-218 15
91 117
-257 279
-355 -202
-37 11
-481 27
-132 361
-94 -74
45 -103
-216 327
124 -236
320 -105
245 321
-279 339
278 247
-209 -218
488 14
-375 400
-431 -109
-218 70
497 461
-199 5
-475 -412
177 -480
-135 126
-192 275
39 285
-77 -449
-321 -214
-103 238
-291 -275
9 -426
-78 434
109 165
-107 292
-333 492
-178 -245
-382 -289
-87 -313
-314 302
344 -305
-137 -71
453 212
213 219
-281 -303
-318 77
88 -58
8 153
-104 -424
149 -72
400 436
146 431
432 -439
329 268
-425 -311
-63 435
-398 485
-181 242
175 222
139 93
-381 -274
-421 347
319 -437
173 385
150 164
424 -296
-84 291
351 -4
-107 -185
363 62
-268 -246
237 476
212 453
-414 -44
-298 146
-162 -369
-412 -302
259 395
322 -122
196 132
138 -450
-241 453
-180 -222
-449 -31
-202 -132
-404 259
-198 146
168 453
-46 -102
-45 281
271 456
5 -120
-457 189
-488 368
170 465
-491 126
205 151
491 321
-292 225
62 103
-114 435
-484 -302
-69 -303
-240 -152
-101 -241
-137 -58
-75 33
272 -92
-491 354
237 89
-174 19
-75 -204
86 269
82 -130
6 57
-254 -256
459 -97
285 227
273 -241
-257 -121
350 -257
204 -130
-101 -254
173 -59
-406 44
483 -149
133 10
492 398
494 94
60 -376
28 455
410 55
-344 132
-288 -329
195 43
-23 -477
157 433
-213 -27
-406 29
428 423
454 88
397 -251
-323 272
-308 288
-408 -386
-181 -469
-347 -231
-172 294
177 457
-387 175
32 276
125 237
264 148
-209 125
-1 105
-427 -144
-55 -500
-491 -365
338 -82
-86 391
169 -127
-360 12
-73 499
361 -474
177 287
-477 -110
-329 180
307 404
266 438
-378 -316
176 -422
443 114
354 289
-273 -98
204 -134
-29 -49
-123 -443
-475 205
-245 -146
-359 -266
-1 493
18 359
-207 382
153 -96
-54 152
-290 436
-474 -413
469 145
-295 -82
14 36
-273 415
-430 160
14 104
-75 -368
344 121
130 167
-424 36
-465 -63
-466 -120
324 413
-388 9
-435 -194
-454 -273
143 111
82 -70
266 -366
-444 -135
-42 341
-364 441
156 96
420 178
-302 -209
276 475
-30 -439
-67 61
-108 368
-477 269
-135 335
21 243
-271 -290
341 130
-108 54
-288 -106
331 378
-243 -434
-441 296
396 101
-315 436
151 -376
115 373
-34 382
-402 -196
-263 471
152 448
-288 -343
-186 172
97 -105
118 46
341 -18
229 343
207 -382
263 -28
438 474
-362 137
282 331
-472 11
-110 380
-282 409
268 -309
8 53
-144 65
-273 320
106 -221
259 -135
401 393
-400 -285
-449 123
-45 -219
222 -373
-301 15
342 155
-453 -17
321 459
444 116
-433 -33
224 410
294 22
-140 186
-156 358
245 -127
15 -482
-208 488
224 476
-494 165
-76 185
180 -205
121 -270
147 -277
396 34
-164 76
120 -224
-183 -296
68 -469
-306 399
388 -128
105 484
-62 476
114 330
-142 -83
477 -464
421 361
345 388
94 -75
348 -278
433 369
-42 -13
165 -29
-438 -139
-463 -424
-54 -57
43 232
219 -215
19 -197
-343 -180
103 -382
136 463
-372 -403
-438 -238
326 191
223 -447
450 -183
169 89
-425 -211
42 -229
423 114
489 207
-68 -62
-443 305
-419 -183
-157 -498
-374 1
37 -465
-62 123
-127 -308
445 -377
176 -338
114 191
-19 -388
314 79
312 -185
40 78
-232 303
253 261
-17 188
429 42
41 -101
-322 -498
85 200
478 12
-175 -36
356 176
281 -100
211 -127
-226 106
-30 -249
393 -403
-426 -52
185 -424
168 -466
-410 429
-311 496
165 211
0 -198
-221 481
37 171
65 452
77 -455
210 275
32 -135
202 -49
378 -213
-390 460
237 16
-5 202
483 186
-453 83
-84 -272
55 -257
350 -14
-308 179
100 -293
-57 -12
103 -422
422 197
102 117
371 314
217 -162
249 -8
-186 -122
96 -52
-215 -83
377 -266
500 407
-463 -60
30 55
436 368
-365 321
-226 217
-212 245
-177 71
-183 390
498 427
391 446
-296 398
-185 -170
-343 58
214 480
209 6
425 132
25 43
-72 367
286 28
21 -146
200 -419
-407 85
-346 -375
491 -396
-203 231
278 -166
-149 321
-62 -181
-134 -98
167 -121
-104 132
407 51
-427 -9
-217 -140
-349 -59
461 238
-253 258
-277 -362
-127 -73
-456 -133
428 -402
-222 485
-489 497
478 361
392 -311
108 -168
210 357
-375 281
289 315
-85 -253
-198 113
-429 -295
-24 333
-72 226
325 -184
-178 168
250 -387
-155 -401
36 -403
-304 -488
210 43
-248 78
63 -384
-247 -372
347 -102
371 390
406 -79
183 -471
-273 -219
423 487
-249 -110
143 188
180 436
179 212
-246 -405
-110 347
144 197
343 371
421 434
-346 54
269 -169
331 -406
323 -111
100 -76
35 321
-125 -124
-185 32
303 -9
100 348
-43 170
378 95
-279 83
-219 -77
-466 46
-215 -141
-432 -308
124 -213
-444 -240
-261 180
197 12
-124 -429
409 -427
-154 -420
347 -258
309 477
183 446
185 415
-357 -395
259 457
470 491
-229 309
360 310
-18 -246
153 -457
-221 110
-346 444
-375 414
-429 -13
381 -137
298 50
397 -138
155 379
-295 -292
69 375
297 -73
359 7
-470 -351
419 -251
328 438
179 -303
-113 -351
-404 73
-480 -242
-215 -442
174 153
280 -33
345 -445
235 -246
371 338
258 -163
-349 240
-200 207
-191 223
-195 382
-68 334
455 52
-336 -220
-219 14
-493 -238
344 -258
-150 105
-24 -92
-237 197
380 -86
-450 55
76 -266
-221 40
322 55
165 134
-383 -462
-336 -344
-366 -373
439 -243
-93 -116
6 -66
-317 59
1 -179
-318 -371
-246 380
-403 364
-208 -395
-33 191
151 279
290 -52
25 289
309 -100
-280 -439
-32 -203
-245 92
-142 -125
114 476
-103 416
-444 123
-161 437
-241 289
327 -105
-392 105
-75 187
-107 -1
490 247
-327 179
104 109
-371 -337
307 330
367 -218
-208 -452
-250 0
-236 -436
-486 443
-413 263
479 400
40 -408
-175 -357
-128 256
-135 -228
34 -348
485 -332
-45 -247
-173 -416
-141 -268
145 485
-241 -456
-161 -425
388 -390
94 84
319 -368
311 261
-292 451
299 98
-255 -32
136 -34
-180 489
194 205
285 -285
411 209
-105 -109
-444 -263
-199 333
-380 190
-28 -100
273 220
474 16
204 12
363 -467
457 283
441 15
73 -255
301 -238
-194 -10
-387 185
-370 -288
333 -155
70 266
-166 239
-346 -260
78 413
-306 247
42 -406
-293 -271
-300 -352
-458 400
-43 25
-313 411
-411 -20
129 -494
55 -290
-256 -172
103 -190
-236 285
-318 -125
388 13
-115 477
23 -72
184 -117
-359 -331
-181 6
-455 341
-157 313
-96 363
-80 473
269 -118
-459 108
-227 -234
-325 409
-167 -385
497 -118
-310 405
70 191
204 449
-453 -456
-110 487
280 3
-37 -500
-108 -130
-166 22
447 169
2 115
393 -62
370 -332
-202 353
316 166
143 -313
345 -108
252 -182
-172 40
-185 397
375 -128
-445 -220
1 491
432 112
-424 -471
-202 -283
326 429
-393 -332
70 280
-492 -435
444 -494
-193 493
164 6
48 -73
471 436
266 306
227 -299
-424 -305
-132 -190
-252 476
-203 134
158 -411
425 266
139 -2
446 -384
34 -429
-326 -220
184 467
-409 165
118 166
-433 -489
-181 -217
-18 487
211 -207
195 124
492 -79
203 410
257 -448
-393 -429
489 -159
-496 243
-60 293
-231 226
-309 332
344 -472
-444 491
-207 -58
407 267
387 -187
310 -148
354 133
-232 295
-76 -449
-99 -365
215 343
-446 -270
495 148
411 -399
361 392
231 116
-102 -405
366 236
292 80
-31 -246
334 253
-336 164
-229 -469
-83 350
-346 122
-223 31
459 -123
276 -203
-466 -2
427 -352
206 167
-100 275
304 26
-387 131
322 150
419 425
-31 168
484 -442
49 390
451 -77
-314 473
227 8
382 343
-12 -500
-42 227
238 -212
-34 -59
-6 -224
-460 226
-200 -469
-273 -464
196 460
-197 -164
210 -267
-411 329
288 333
-33 374
181 -286
191 295
8 123
-231 260
-118 -45
281 214
213 302
-242 -144
122 489
461 -1
271 100
441 -267
-218 -134
-427 -119
-291 -244
-247 307
188 -491
-218 169
-459 139
202 -96
436 172
-309 319
112 217
55 -225
7 -278
-347 -13
350 -85
247 -281
-174 348
-441 463
390 481
-154 460
24 223
-407 158
180 -117
90 441
-270 214
138 -437
-315 110
394 446
-314 455
440 244
443 174
-270 -441
475 -400
-449 -494
-195 1
-222 -487
-232 362
187 -361
159 388
273 -386
-458 27
178 481
175 -172
183 242
-416 215
208 301
-429 -202
365 216
80 -451
85 -254
282 10
43 396
-332 368
300 -138
-499 243
-279 -306
-267 310
415 -102
-180 63
-1 382
112 -448
291 -324
-305 71
-238 174
-455 -385
-459 -245
57 128
-410 -244
8 102
142 -432
-468 79
54 -470
166 176
392 -113
-314 -152
-6 -137
47 -235
-433 -437
-495 343
-163 -350
316 -368
242 495
-393 239
155 338
345 -10
-158 -304
98 -410
-97 380
54 49
238 -144
59 185
-78 -337
-251 -315
131 399
41 -279
-120 -423
-411 230
-90 -195
-20 26
-124 352
34 287
151 197
-158 494
-77 475
152 -187
0 -2
93 -286
-50 82
48 90
455 -54
157 93
-475 -322
-186 249
-430 44
-236 218
-456 -144
266 126
6 -330
325 382
185 169
43 43
91 2
356 135
6 -360
469 478
140 -89
-454 -295
54 -78
488 -176
243 294
-368 415
424 252
-13 89
-309 173
327 -257
395 365
-388 106
443 198
-214 -244
464 88
-11 371
383 394
-449 66
-138 11
-433 106
-231 -19
-237 -452
287 -427
-356 -150
445 -464
-331 -203
470 162
193 22
-97 -193
49 -212
413 258
279 295
-92 -67
150 208
-182 -24
-159 371
258 149
-359 -134
-26 -480
309 -447
-432 -10
-149 -415
-198 -276
-137 226
15 39
-477 157
-224 423
-183 -37
-447 305
-360 -349
361 311
496 234
-272 -448
195 373
-145 -235
264 214
459 263
-426 40
153 214
315 63
285 -391
-192 410
-422 134
394 -184
-51 -483
-448 399
-201 -163
-405 62
299 -409
-230 -496
-219 380
257 -247
-188 -31
309 315
314 -485
-344 -29
141 -87
-400 -63
-341 -477
-313 249
216 401
100 -155
417 -365
-412 -244
-429 -46
411 240
-189 -237
316 -131
-243 -173
423 69
135 -156
1 381
462 477
-48 385
-240 -416
-28 -457
453 120
-487 -391
499 -426
-414 195
-395 -464
-293 65
-340 325
-33 -349
-174 -370
255 -341
-443 43
-377 57
-301 128
-412 402
-354 357
472 -260
-359 303
295 106
296 -273
-261 -439
326 -6
495 108
-398 423
-14 181
155 -16
299 16
-248 317
36 -277
94 -221
119 -142
-39 245
-257 -402
-277 -76
238 -297
393 33
-152 177
33 -24
-464 439
-370 -210
105 174
157 273
-273 440
216 -375
241 36
305 -135
242 -271
-458 -294
491 383
-92 352
395 189
409 91
494 172
-354 -295
273 99
-360 391
-485 -260
110 -317
-174 411
219 93
93 -369
373 -430
-212 21
-323 -265
-262 -337
113 -311
-466 -19
266 412
223 -55
480 -88
-41 437
-324 -47
-23 70
-493 -418
-494 -436
-298 -145
-315 -8
294 -6
127 -275
440 -457
-28 250
118 469
237 -393
-112 250
-359 -367
-84 19
-310 -254
-106 485
386 -469
167 -442
111 134
375 207
207 424
-414 436
205 -158
-494 -314
385 -39
464 479
185 147
439 -357
254 -368
-260 389
-164 -160
-18 43
-339 15
464 5
72 478
318 142
-134 73
-10 -161
277 -154
471 -367
-80 -464
-68 -19
-316 294
295 392
-147 -161
-65 -190
-490 -478
157 324
385 180
-415 -295
-56 -423
167 32
-490 -429
305 -148
328 -214
-82 51
-38 -115
458 -293
-16 487
201 104
-323 -328
-260 -8
392 9
344 -148
24 248
-43 -315
196 -178
-166 60
-209 332
-195 -64
-85 -77
-134 -341
428 -181
-51 -386
95 -96
-195 454
304 448
83 362
495 1
-103 -144
-135 187
-64 359
186 299
-215 -178
-416 423
224 -420
-341 491
372 -494
-74 459
-234 -471
-301 -149
-254 383
-166 333
202 185
156 73
299 277
-345 447
141 340
195 -132
-494 -499
60 328
-226 15
-304 -93
308 354
96 364
121 269
499 -178
41 -423
179 489
-399 177
320 -71
250 -474
202 92
150 236
-410 -366
-92 48
245 471
-213 -347
-120 -256
288 -24
137 352
-304 395
10 357
-189 119
-310 367
-497 419
43 124
225 -325
59 468
-15 278
-146 426
380 -251
-373 238
121 72
379 -443
386 236
-366 243
-168 156
-26 273
327 -308
-10 33
-469 3
67 -359
440 -355
17 139
-194 127
-122 -299
204 -297
168 40
492 176
211 434
463 -299
-3 108
487 -382
120 -418
484 -25
467 -17
-141 -448
291 -436
-163 246
-440 413
0 331
103 303
-233 402
-76 118
-248 188
187 -199
-209 276
-399 442
166 208
463 496
-390 191
441 -82
47 -295
164 -357
175 -245
-361 -437
-10 220
244 -292
124 489
382 413
54 -25
104 180
379 209
89 312
260 -425
-53 263
-182 176
-493 -68
-353 466
-454 -275
-122 301
210 476
-332 115
-61 82
18 176
-225 -482
-164 -363
289 -159
-258 304
-101 357
485 -333
348 271
-208 479
-121 -258
421 52
-342 444
404 -477
171 56
223 -353
438 -89
-101 154
115 317
-97 29
-139 -60
372 -302
-281 82
461 385
239 -230
-480 88
472 107
473 -268
386 -385
403 73
213 -328
-109 138
470 52
-246 131
-9 -216
376 -185
29 81
373 298
142 73
-348 -354
-99 90
-110 318
-453 279
465 -402
239 154
-198 82
-193 77
-407 -234
305 383
-373 -478
267 298
211 176
-74 -56
349 172
-266 180
16 88
-218 410
-229 175
-446 -337
222 419
-422 -298
-204 209
165 -195
-345 454
360 474
-257 -341
-466 251
279 220
89 429
187 169
-275 -138
-425 -98
92 -484
300 -415
167 194
318 -235
414 320
-23 -98
-255 -247
-34 354
-352 -292
219 362
391 23
-11 -325
368 -363
-1 294
91 387
330 273
347 -37
-77 -288
267 217
264 -25
82 -159
132 498
-297 356
194 366
371 -424
-469 -455
-181 388
268 -73
108 -427
43 -421
-471 -98
-444 108
-350 -377
-147 -150
82 31
105 339
-172 105
108 126
-391 -143
-303 -435
-279 255
-93 -426
-379 -349
-35 114
-368 481
-114 193
418 -92
302 -484
314 -41
459 380
-292 13
-406 -145
424 -402
-199 391
-491 411
-49 190
-293 -128
-277 -320
-83 24
266 30
264 326
-15 482
-90 -50
38 480
32 461
12 390
-78 -133
-185 -459
489 -431
-42 104
-138 275
-114 481
-380 392
-87 -151
-144 -82
345 441
-190 -17
-169 -45
202 240
184 451
142 272
312 367
35 -129
-463 -306
-50 142
-37 230
-399 366
198 82
90 274
193 209
-208 327
201 20
-6 -394
-500 85
115 326
-274 168
420 451
458 256
395 -337
-467 -22
96 -390
-148 -289
-70 474
101 10
-79 -412
-464 -313
351 320
-352 310
196 -381
-248 427
152 301
-402 -61
-323 -292
-332 -39
461 -378
477 444
-130 -457
-476 -297
94 -381
-322 -225
-117 173
69 57
-287 -485
-29 108
289 -402
-288 -332
-140 379
-375 -363
-116 492
205 -362
-21 -166
212 -175
-311 -264
-440 83
236 272
112 -483
160 -230
-388 349
-293 -55
135 -117
-197 -451
140 3
212 -104
436 -408
438 -349
57 13
298 -148
418 96
-231 -404
-37 438
-415 -186
63 2
181 -400
-298 -43
6 -387
475 88
-104 -433
13 -492
-123 -74
489 4
-343 291
471 -407
-311 -306
-328 206
341 -262
142 -154
-56 -269
203 -176
-222 399
-370 -163
-247 202
41 117
-459 149
23 480
-456 -116
493 145
-191 468
-134 -440
30 -442
493 -358
-213 -104
-440 -320
-79 -213
-195 138
262 64
291 74
-177 259
-328 -23
-19 171
-263 10
-310 340
-259 497
17 -365
263 464
-133 159
-347 38
-349 231
500 42
-494 33
-327 -365
421 -275
-377 442
308 463
371 -443
-91 -360
105 437
-132 -326
-154 287
-99 421
-92 -361
355 203
117 221
-413 -317
8 462
301 -388
328 -150
19 388
308 -179
158 380
453 316
-134 464
259 -298
-92 69
244 67
-39 480
-439 461
387 147
-43 -28
-438 -416
398 -448
-452 -151
210 -430
-234 -134
155 296
354 -246
349 -380
-253 -435
-341 35
-338 280
-316 -393
-424 242
349 -294
-64 70
11 429
-86 115
-361 -381
486 -207
224 198
-124 -225
-477 -265
-190 305
-386 -380
339 -413
406 158
460 -186
-112 398
244 140
-118 -73
219 81
197 -104
31 -317
299 269
-9 30
138 243
419 90
79 364
295 61
452 -357
-358 249
-252 -140
-473 -470
-276 -166
-408 -93
170 410
-285 58
-390 170
493 -418
279 356
-77 -266
130 498
-228 -168
-57 442
-41 312
-317 -148
178 -299
-82 -442
15 325
-314 -338
-222 -108
-445 -397
89 -136
437 218
-46 215
-407 95
257 72
360 238
462 49
-215 365
-484 -152
418 237
-153 358
-4 260
129 230
404 159
-239 164
-349 107
49 -395
143 -162
360 65
88 -285
-436 394
217 438
-37 -356
-391 -395
229 486
122 262
311 -381
193 199
-59 -88
247 274
-79 -212
299 -47
-78 442
-479 362
163 -341
140 289
-463 481
322 402
153 371
-317 172
-270 299
-268 242
-273 187
414 220
-361 -198
-2 147
441 -425
397 146
254 57
-101 99
-253 276
-259 9
316 -422
458 -209
82 -180
-48 72
389 -178
362 -26
453 -32
-378 472
361 -341
322 -393
373 337
172 35
393 -29
-175 -280
290 -84
-97 374
-317 -429
-300 -297
271 -97
93 217
-349 481
-251 133
-138 59
-49 -295
101 13
-242 198
403 -260
239 -199
14 229
349 306
325 -167
287 -354
-1 -492
482 242
-156 471
-272 -408
338 192
119 468
492 -220
-19 -107
386 330
-229 301
-59 35
-46 -79
153 -225
110 438
-63 -475
8 -119
208 125
46 479
-36 -321
-490 127
-87 243
308 -420
-447 -244
119 65
36 -381
-202 355
-13 -477
-27 324
125 80
-156 442
325 445
-76 -287
444 97
-429 -408
-159 -114
-88 -337
198 43
-422 -346
-205 -164
37 -208
-186 308
423 336
396 174
351 -409
-473 414
395 59
284 -383
-361 175
-340 -164
319 -489
371 29
134 -164
207 -77
-3 -341
173 170
155 -355
285 428
-248 -235
-9 -129
-468 -305
292 285
472 101
-201 386
-61 142
-476 336
-108 69
97 339
455 -251
-87 -462
-472 -16
33 149
469 -287
300 317
262 329
454 -54
452 -83
-306 -456
-415 376
-193 -465
-109 233
487 233
-195 41
-259 -464
-15 -463
493 -194
135 495
-57 18
302 108
-222 216
479 -305
-390 32
265 17
-354 -47
400 -439
-190 9
-401 141
-306 221
-34 -411
-22 -495
55 -220
-143 -238
326 444
273 175
263 -227
-375 -400
-91 -60
-161 -225
-219 67
-194 -183
36 367
-245 -114
-168 288
-474 -249
-74 56
270 -248
230 -123
352 37
-219 -4
-419 -278
-471 12
-149 149
-490 132
-385 241
291 11
-72 -295
-189 -410
-494 338
207 327
144 421
190 -9
-169 401
-467 442
253 277
439 302
93 243
391 19
150 -454
223 142
54 212
-18 232
312 245
-469 366
219 394
-465 -303
166 -124
-63 -396
426 290
391 441
249 423
-198 397
-215 -459
63 374
337 27
33 375
46 163
-228 202
389 85
-334 -43
-444 155
-337 142
199 -383
-156 342
-184 -196
295 -236
381 283
138 -179
-151 343
344 1
-456 169
-239 -489
474 -101
447 277
-41 491
167 400
-367 20
-338 278
-28 148
315 -134
-403 390
-482 328
124 104
-411 197
-150 484
34 -264
-369 20
-351 461
58 -407
125 -123
327 -314
307 -449
159 325
-303 169
325 -224
261 -315
-40 -493
123 -69
-350 245
-288 217
408 -19
236 -60
327 417
412 -454
-159 156
401 483
-472 -232
466 308
170 195
278 -291
-483 -193
-25 445
-258 127
394 -393
-492 172
-223 -397
-382 -69
289 -270
69 -397
-211 -420
-26 72
200 -183
-60 -143
54 -145
286 -283
480 -384
-417 276
-401 246
-128 -245
-418 283
-7 227
-188 -218
362 -144
123 254
302 -475
-6 241
310 16
434 -105
327 393
370 -499
-236 490
-338 -201
309 5
78 -309
-485 -99
249 318
476 206
115 97
336 46
-165 55
249 249
-100 -275
-307 149
471 -291
366 381
286 -460
189 351
180 -251
-90 139
495 224
-268 -122
-295 347
124 -148
-212 -418
282 313
433 -168
-470 -146
-221 -134
472 38
274 -458
246 -368
-178 -289
-321 -218
135 321
357 395
148 104
-242 258
-184 -16
174 27
303 -380
498 -83
206 -408
-307 -454
-18 -422
405 224
407 -234
-497 163
421 -362
-49 -353
-257 185
251 363
372 -189
130 -199
145 -364
200 162
141 -55
-497 -118
-330 217
151 -4
349 442
109 442
-80 396
217 83
-164 -66
259 -308
-235 71
284 -228
239 -251
480 -268
-46 -280
396 121
-185 203
224 67
455 -276
-69 -52
-490 -168
-397 18
-201 293
-232 386
25 44
326 -151
-470 378
-265 -196
-325 -321
307 396
214 -334
-396 -156
-469 158
-349 -470
248 393
133 263
144 -411
-257 -253
-63 -130
-294 -462
133 -372
-106 195
-329 -416
384 -226
-395 -33
356 -457
286 -92
31 342
-349 -428
-486 -60
450 -182
-307 234
-11 -367
447 4
8 -43
168 -182
-144 134
-325 -395
-414 -444
8 -103
-141 271
-156 421
-58 -436
83 273
-324 17
200 201
51 -372
431 -126
-280 25
377 433
494 147
229 -435
-476 57
481 -450
103 116
-216 497
-388 426
150 48
-474 -180
-424 -470
126 -457
-174 -137
-454 54
-217 237
121 -56
53 311
-183 -265
-249 -252
491 10
-150 -155
317 260
446 188
-492 131
368 173
328 238
43 111
29 -110
139 377
14 -111
-455 65
322 -150
-202 189
-394 -347
-429 -119
-267 -188
370 -416
-419 -330
-317 255
-328 112
-323 -201
-388 95
-180 -200
67 472
465 -96
-154 372
-193 -255
315 54
-450 293
-454 -454
198 392
252 -83
-295 352
-154 178
133 177
22 444
143 381
87 142
-441 365
-182 -25
114 66
99 235
41 -246
49 -415
266 228
466 -257
344 -434
-233 -465
-140 162
50 302
-133 -379
91 444
239 -177
176 -201
-409 309
-38 -116
-462 61
-111 -365
11 -230
-109 423
-88 -345
-174 370
-168 -335
173 456
-473 -377
-58 -315
153 5
-278 -487
-30 223
-158 -70
-261 -260
65 36
-439 -131
-498 -334
226 -456
330 221
-293 261
129 488
499 -129
390 83
-179 -291
324 -328
471 415
-464 83
-336 -282
262 -52
180 334
456 -323
299 -134
-435 -265
426 207
-415 226
424 -206
-21 228
-409 -140
-300 52
-173 -376
-142 157
-464 326
200 302
-230 -182
176 -492
-249 100
209 220
427 -306
232 454
111 147
-150 -440
-317 461
158 281
-201 225
280 271
-74 -464
-25 220
-83 -130
-393 389
-134 -40
8 416
-202 -156
186 169
-265 257
-187 472
-210 -149
-34 -154
33 286
92 -119
143 -251
-360 -295
-284 -70
-119 -259
-415 -293
-148 114
-402 186
-198 -47
358 414
273 -161
293 -171
-28 -7
-225 19
-246 396
-475 77
304 38
-275 135
-236 153
223 -16
-477 430
-68 352
-32 -2
-424 -288
16 -485
-159 374
-104 -65
-13 -53
-262 -370
370 151
391 313
-359 -380
19 -396
-314 338
162 392
369 -284
54 330
185 -151
332 -138
-360 94
301 303
500 97
-68 -459
296 385
119 -97
-357 195
-292 276
428 -369
-435 -477
62 215
-17 -91
54 -374
369 -26
-224 284
-444 -397
378 10
244 -358
388 -14
-254 -427
25 -11
-9 -74
-223 -335
471 -130
-146 229
445 -445
-367 112
-468 -44
-399 439
210 -191
412 307
-424 -196
-465 -345
50 264
262 2
-196 228
-260 430
70 -375
-76 -362
99 -82
-478 -37
23 437
416 118
382 142
-95 16
-470 -324
-65 398
-93 -444
-350 473
486 -351
-101 439
-438 -176
-433 -252
373 -419
431 43
119 305
-336 -157
7 48
72 245
-85 -475
496 367
-495 -286
188 235
-330 163
-390 94
100 -142
121 53
343 29
-150 -170
-248 -427
-94 -98
-237 249
-210 -418
483 -256
44 492
-154 -394
60 7
-59 486
-17 -446
123 100
-144 128
207 494
-48 43
-432 337
331 154
-317 -113
419 -470
303 -87
482 54
129 -370
498 354
409 367
108 34
-471 -432
-130 -398
493 30
1 -439
-36 -279
-41 171
-431 -194
339 -68
416 -151
-374 -443
-16 -352
71 112
231 74
500 485
-444 -499
-389 -366
138 151
39 -335
-454 -446
-251 278
317 418
165 -266
395 380
391 170
-364 421
-395 266
134 283
-129 -50
52 151
-439 170
330 230
-18 -75
-134 -417
368 248
23 -473
311 -299
-111 12
221 -433
289 49
397 -223
-287 -278
-468 -153
-400 -361
329 175
-8 268
-194 399
-54 494
-140 16
218 12
177 472
450 380
-22 212
-358 188
125 279
-281 -420
-303 252
39 -123
-87 -57
80 483
297 -376
87 370
-192 -263
117 -419
-85 424
44 -401
-274 -336
-105 -264
-172 282
-89 -269
-159 -50
441 339
-305 -44
181 471
354 22
214 -238
-496 474
-36 386
197 -144
498 -89
-17 -151
-172 298
473 -260
242 499
472 252
-296 181
430 454
89 488
48 -221
472 -254
235 -133
-421 242
52 -372
481 -359
276 309
-153 231
-409 -207
-73 223
473 -455
-75 135
434 -346
338 -409
-306 -195
112 14
30 -319
99 -464
-368 -358
-276 -3
366 138
200 332
-409 -466
69 -209
-381 19
-327 -366
-360 -298
205 -28
337 208
-370 -445
-161 -263
-202 -310
-302 405
-54 -175
-486 317
-108 -304
62 -254
6 -346
-232 165
129 495
-353 -79
94 400
295 -400
-264 -88
-251 -255
169 -423
416 355
-282 -44
-186 383
37 392
270 -188
245 -17
-424 232
-347 419
267 -339
70 360
180 -218
289 -44
331 179
-357 360
-271 -433
3 72
210 -158
-312 139
-145 -438
-71 -39
281 51
-126 393
-440 357
-214 203
-372 147
-415 -255
18 209
-201 -230
-254 -58
-455 47
-54 114
-345 -232
-385 -431
485 484
240 427
-246 186
275 -44
-256 54
360 127
119 -362
386 480
-141 292
344 106
110 -404
251 -242
-326 -451
395 45
9 319
-184 -459
215 -262
89 -291
307 -89
388 253
215 25
-138 326
84 211
-213 427
34 411
-483 -3
-40 -455
-6 351
63 233
235 210
167 124
-269 -170
62 -290
-169 -35
-160 -435
411 86
-19 459
366 -54
400 -203
-394 236
69 -458
-99 -476
88 -287
-331 50
-268 294
475 299
-218 419
-275 436
-218 -250
77 425
-64 440
-22 283
443 52
-195 -168
-403 318
-440 126
-300 -333
-146 -172
-68 -350
-15 104
331 -69
458 482
-258 -284
227 -78
-403 386
165 -30
247 -274
70 -16
113 270
311 -121
-452 260
-98 362
90 335
302 202
-205 -17
262 -356
402 -446
-78 87
70 320
-94 -53
-383 -240
-459 -31
-249 149
-376 244
204 -292
401 468
57 358
415 -231
-270 -91
-121 -353
-311 236
65 -299
360 -412
-117 458
-476 170
-338 -24
-86 429
-286 -162
139 -136
482 -244
-278 -16
226 -453
263 151
-308 -342
28 -388
220 161
-191 222
74 -238
394 362
65 -259
278 253
268 -390
410 493
165 425
161 -124
-444 -418
-396 179
-101 -66
-426 -349
-359 472
481 -355
-403 111
-400 -125
-424 486
25 -98
204 -156
441 -268
10 361
-117 -79
333 411
208 400
-303 426
139 399
59 -276
