1000
-354 -84
-386 -136
388 117
-112 -91
2 388
-439 -340
-384 -445
-419 -189
189 -182
-87 465
462 -107
-367 -54
250 -103
49 117
-270 -207
99 354
-215 -46
-402 457
-471 68
-310 -487
-81 295
-373 451
-57 166
495 -204
126 347
-34 -322
320 231
100 282
448 125
-245 432
369 -424
232 307
-416 146
44 178
86 -355
71 254
478 -424
287 150
20 -437
43 -281
-246 63
-63 195
-1 -449
-445 328
-191 403
-70 63
207 -172
111 373
-446 -29
-52 44
-263 -24
142 -41
-183 373
386 -416
-179 173
-186 451
-457 107
-2 258
247 -231
30 368
-205 -352
-370 458
445 368
54 335
296 217
-252 -285
85 -20
431 -260
372 -437
-117 188
237 137
-370 330
87 -22
4 167
-396 -206
-52 -432
-60 -58
-33 -308
64 13
197 -7
185 210
158 165
-50 468
-62 -331
39 103
-456 498
-396 338
173 29
-464 -176
-265 12
-338 -159
321 -206
245 82
135 366
157 148
-278 -287
-396 26
452 469
384 -288
250 375
135 33
453 -275
-79 500
-332 245
378 -297
-241 390
467 347
169 384
451 386
-331 -156
-342 -1
-78 -16
231 84
-255 347
318 222
-192 429
-239 318
-468 281
-304 -139
323 270
101 -316
-473 -153
-3 -393
-51 -368
-223 360
321 -41
2 -106
258 -395
295 70
416 147
-376 -480
57 -103
-142 -387
-218 -243
448 -455
87 -30
-226 -455
461 -368
3 -50
386 303
194 108
-231 -276
-336 -235
-231 369
-410 -243
-233 -441
401 -100
442 98
-144 -7
384 242
-57 -209
203 -485
-278 -350
448 110
74 261
248 -253
-301 465
458 -446
-101 179
-209 494
42 -54
-1 -390
-388 -307
-44 -68
-201 -288
230 -373
-25 -28
-94 155
-145 500
-392 55
-402 188
-155 -46
102 -4
306 -488
-20 447
-249 -107
-291 -295
403 -118
-456 322
60 -324
292 -288
33 150
-24 -438
68 -146
-432 155
12 -110
-329 -150
-133 -272
-51 399
183 470
313 200
103 -201
286 155
352 160
475 -84
435 325
290 -459
70 -421
-290 -54
2 234
-407 -7
-122 -332
275 -365
69 -219
378 -500
-180 166
147 75
481 -206
-159 84
-485 497
16 -116
-305 -491
-287 482
-344 -33
-327 23
423 -256
-293 169
265 -203
-393 352
122 408
-96 -105
70 477
295 189
201 -178
97 -147
-426 -136
12 -152
311 -190
38 -363
122 -386
230 307
65 -86
115 132
364 -143
0 -350
409 -252
96 78
-20 -233
-91 -108
76 -8
321 6
-290 -153
-307 -269
-211 -407
100 -241
-210 292
-278 -25
200 -213
146 82
299 47
206 376
446 -366
-99 -22
251 -25
241 -293
100 384
-472 -394
399 -131
-410 267
-271 371
196 -477
-367 -205
90 45
463 -348
-419 -205
-360 -96
-186 -22
-74 212
180 243
-173 41
-480 137
-415 -219
-360 372
263 228
-307 201
35 -239
-451 136
-326 -366
-431 60
-308 498
-87 4
281 426
18 473
489 -305
-98 -188
-348 209
-237 437
-500 -433
-229 -67
137 -405
142 414
465 -334
67 228
-402 -290
158 27
28 -236
64 -401
5 303
75 261
-93 435
108 38
-238 -373
-120 -202
36 -319
287 -175
330 -40
340 230
275 91
-97 324
-214 305
-340 0
305 -158
188 -458
136 136
-427 488
475 156
-409 249
50 -62
485 -490
-75 365
-169 215
471 310
11 317
409 461
230 260
118 -485
105 105
-411 244
386 -62
201 406
-150 414
-445 440
407 133
90 -88
480 -283
-391 -101
67 -279
-239 496
-432 300
-500 -407
494 -384
-381 456
-355 265
-283 366
344 185
349 113
-336 -116
478 389
278 64
-112 -266
94 226
167 -415
195 277
297 -109
-441 -251
321 232
367 110
-248 310
-345 -215
-472 -223
-445 -384
420 379
-323 207
500 220
305 447
-427 -286
431 -215
-295 230
-362 62
-221 290
248 316
-391 -492
360 156
-286 139
99 48
-152 236
486 -18
-425 66
-97 335
-433 95
-14 -122
-472 -81
-55 -446
276 -498
-390 293
-338 -256
-457 -227
384 107
-343 401
-89 496
-134 -94
247 478
32 -308
367 104
53 78
-136 -461
81 -387
62 -137
42 -310
-158 -383
361 -235
-394 -333
201 -4
135 -101
397 -144
127 -65
-162 -341
99 -492
-71 422
-404 -196
-58 -112
-20 401
139 -467
35 238
-7 248
-312 -485
-388 -450
-232 409
-378 409
-68 -427
91 -372
-122 -198
499 -489
-74 -191
-203 295
7 -307
-152 284
-176 -222
416 -411
448 -37
390 347
65 -445
-228 496
-464 68
-267 -311
-241 8
-72 -178
-69 -433
195 477
-117 145
-349 -412
159 345
86 -270
103 116
292 326
-175 -492
435 226
-123 439
50 -423
-238 -249
-367 -194
-331 -17
394 -102
468 425
122 -423
491 -394
312 -447
338 254
391 -10
76 -46
-13 -138
-261 480
-48 -143
42 -40
141 -231
65 -383
108 -8
-92 90
-270 208
228 -337
-2 353
180 324
416 266
198 30
424 -474
218 -318
106 -138
383 -248
-444 -393
384 6
461 152
-97 193
309 61
367 -428
81 -145
435 -455
338 -173
420 -214
-75 -348
-53 19
410 -477
162 -495
-147 -28
-46 116
-333 132
-50 -89
-366 268
321 -301
-488 -52
338 294
-333 258
-273 309
-330 -153
458 276
-383 -424
-471 -387
260 213
26 37
-460 -61
100 -111
399 404
-118 -129
51 367
-41 -208
279 -93
304 -85
144 166
-450 5
292 -249
-181 332
319 -293
-427 17
-151 322
-476 -9
193 198
-231 231
-124 378
-112 -430
-283 473
-87 -101
-169 393
20 133
1 -111
-342 132
201 -401
224 -355
481 227
280 -249
-297 -108
-176 493
219 55
93 -104
301 -83
151 127
298 -72
438 -380
126 207
-101 209
23 12
-23 485
-441 274
-83 457
-235 173
495 -448
407 -316
-371 -376
-211 -361
383 -243
-347 -141
233 349
-222 -468
-440 390
-57 -467
497 -77
-161 -237
21 0
217 139
-225 268
-218 -417
119 -207
5 -247
-443 400
92 189
407 -479
374 -194
364 138
-193 -113
-179 -335
-297 174
484 164
-273 -57
-95 61
-422 109
132 -53
489 326
355 491
-446 317
117 -181
-20 109
98 100
379 -385
-496 -161
311 -426
-168 350
-307 285
44 -379
122 -63
24 88
36 115
-233 76
314 -197
449 275
-221 -233
377 -426
-354 -323
24 442
45 165
322 -302
170 -257
68 -389
-25 -412
237 243
-368 -148
-85 214
366 -296
105 63
410 -92
-352 -94
-371 -229
418 -27
-387 -30
-72 -19
-290 197
341 -133
414 -35
-360 -124
337 435
125 -20
452 126
480 82
-149 -123
291 262
-346 75
-240 -5
182 145
-382 -51
-306 -400
-258 428
198 19
43 231
-12 246
310 -400
425 -62
-328 -472
-113 -24
-425 297
-181 -459
438 -199
351 344
-480 -124
-88 -152
-118 -266
187 -346
-246 496
-159 0
40 11
-429 497
-112 -108
143 -148
201 -49
389 -42
-218 -153
1 234
-156 453
219 -437
108 -240
227 -375
90 24
450 26
-432 -331
-39 -445
68 483
28 -411
341 -497
418 414
-190 -62
-275 -333
21 160
-122 -31
135 -68
-448 -96
-279 -40
326 -270
467 440
-454 2
448 -91
-261 116
-487 -369
323 -445
-354 -20
-315 44
-355 65
-369 405
-93 -472
-326 -2
-428 452
198 143
-342 -63
329 412
87 -221
43 109
-464 321
-325 494
211 74
-338 -329
-403 -169
-342 400
26 337
-354 68
-225 405
86 -74
497 311
10 -164
479 -236
-201 413
-431 83
-358 162
350 166
-468 -157
162 11
-495 157
-416 277
377 47
-477 365
278 447
407 462
-258 80
-447 -65
208 50
-457 -128
243 -276
117 218
-318 -175
468 -184
456 454
57 358
476 -495
478 54
475 108
484 130
99 222
-454 -385
272 430
236 336
460 186
-260 -329
228 349
359 -84
360 -17
-122 -152
173 381
-212 406
-292 298
192 -413
469 -148
-258 255
150 74
-85 457
91 -89
363 -400
268 414
375 -498
486 -449
487 -35
131 -282
-3 340
159 -396
26 97
-239 -129
266 -415
-200 233
443 46
351 350
-248 169
-432 292
278 -116
424 450
-450 429
68 -404
-499 -44
495 -179
431 267
-498 285
75 -385
-135 -482
52 218
299 399
30 -355
-233 -453
205 343
-330 -487
331 -281
-468 -460
-260 410
-412 -184
312 322
96 489
-82 -499
373 -368
416 263
-101 154
-102 -17
478 -318
10 392
267 -217
-120 7
423 -189
-249 -178
-301 206
117 -145
-20 -26
-190 -101
-414 477
-351 -48
-285 438
-313 -497
433 98
-271 -29
213 -224
123 262
-33 119
-203 237
-444 179
-446 -338
186 -190
66 -460
342 147
479 126
394 109
36 -303
-172 -255
152 -14
-107 88
278 -25
250 466
159 -136
30 -356
-206 294
485 232
278 -271
289 -315
-276 -459
-46 -345
-1 -273
-292 -199
318 330
114 -217
-293 -346
-348 139
457 268
1 -271
-368 136
97 218
301 -83
261 356
-80 -191
-36 401
-77 -240
107 -179
-365 -272
-428 -212
97 -494
-277 -33
150 5
273 103
-178 299
-297 -104
78 -218
269 140
-59 117
-398 16
105 -288
314 -102
275 -114
98 -152
183 -110
127 -154
16 -239
442 404
-324 -102
68 -393
-287 -307
-238 164
-480 432
306 -148
451 363
61 -297
399 -334
-361 -211
426 -15
-92 192
262 366
5 -41
245 478
494 -338
452 47
-439 -8
-401 -168
-482 106
303 78
368 212
131 63
-114 140
-467 -173
163 -77
155 168
163 -469
390 -307
361 386
358 -408
-35 -400
303 -310
-262 -217
437 -357
-226 -241
15 248
-125 -287
-277 -59
-459 409
-436 -474
-5 -294
473 167
-331 -197
-272 -352
-318 -76
-423 449
463 -487
29 -224
334 -473
-143 -458
184 -153
-469 -399
423 418
77 -102
259 -356
-51 65
320 92
-329 217
15 269
-413 148
50 -394
-112 -482
-76 310
103 433
391 -342
-339 -423
301 -270
466 160
109 479
-187 479
-409 302
-208 48
-467 459
-256 52
-168 345
30 346
-81 68
436 -487
-77 -491
128 -435
25 -437
430 496
469 95
285 -328
160 279
-165 125
-425 -6
232 293
-478 -252
129 -179
151 417
6 -480
21 -181
-497 -131
195 -362
241 -75
-495 480
165 499
-417 389
183 -269
-187 -414
-444 172
-95 98
-332 194
434 358
465 48
89 -497
450 59
-314 -202
56 82
-15 282
-413 71
236 283
-43 -63
306 -141
418 312
368 407
31 -182
237 -391
-497 -357
