100
-472 315
91 -377
381 206
-202 -24
309 -386
166 186
-91 -207
-148 439
-62 -184
1 81
329 79
409 293
304 11
334 -105
-202 461
-178 -450
43 304
-109 -109
441 239
-193 83
-150 472
278 499
137 -416
-98 -350
142 -340
328 172
-222 -148
19 371
-255 359
436 -117
-116 -313
-232 259
99 -9
-189 72
85 480
-242 -438
268 -282
-391 -331
390 -440
374 333
-177 -137
264 -422
-168 160
232 -137
-317 -398
-193 -475
292 -40
-406 -101
-414 -102
-212 -1
401 55
-292 108
-133 465
-165 -230
-142 -411
472 435
238 -141
235 -167
270 175
85 -445
407 -358
-352 497
466 152
241 136
401 153
-325 177
-149 -469
-363 -250
-494 -68
491 -244
-14 336
-497 -322
-144 134
-21 194
395 -89
-429 -199
483 -423
-497 494
-54 -459
-476 187
259 424
199 487
179 -346
-198 -188
-35 134
23 219
53 439
171 -95
-285 222
116 21
6 -43
-4 -291
-303 194
-287 393
219 -319
-379 8
486 -114
307 49
241 -123
167 314
