1000
-487 -161
-254 -151
-300 29
-421 73
361 -33
-215 -171
-242 43
-494 -49
113 -431
125 -452
-234 -330
-128 -150
37 270
-72 5
-488 -214
142 445
298 356
294 143
317 393
-446 259
114 41
34 -459
340 324
-352 -39
-499 -14
21 -278
-171 -221
314 340
254 -112
-241 -401
-440 382
-36 -163
203 -170
-439 -202
-445 -174
-380 13
313 86
481 -328
-222 -452
-293 -208
-68 102
436 -428
217 232
-158 -449
304 477
99 29
-19 305
-129 201
400 -380
5 89
-367 195
-186 -51
369 366
261 -236
-474 -357
-61 74
-434 101
-197 -382
-62 -41
296 -101
215 -308
354 -77
357 171
343 -21
457 122
277 81
-158 -186
438 204
444 339
416 -152
368 -142
268 496
451 -193
-365 -305
-249 43
-477 286
278 -35
-97 -330
91 -103
141 47
-151 -369
-405 141
155 445
-24 -80
-113 -55
210 -47
-247 422
273 -422
183 -306
429 303
307 -250
82 110
186 498
-278 -493
-157 -179
-222 -10
-6 -97
-429 -96
-389 317
263 17
283 32
171 203
-403 413
-306 37
-310 -238
307 189
494 407
230 -497
285 -425
213 242
-227 -247
179 -399
-229 -328
474 194
-235 -307
294 425
-82 -28
17 20
-480 -375
-345 98
338 -215
-326 225
385 -281
-235 399
314 -499
173 -259
-368 337
-369 110
88 -218
-447 -211
-416 -39
454 119
331 52
393 -138
-455 158
381 -139
-218 127
-31 -147
-111 -199
168 -249
409 -326
-67 265
419 188
-262 296
-183 405
-43 -437
-299 314
291 -161
351 315
-271 53
372 -218
327 -142
465 -177
-468 -227
213 -489
90 422
224 -145
352 41
-376 41
478 -188
102 51
72 -63
62 61
458 -209
433 -364
-433 -47
456 336
-287 -304
-7 63
45 44
-281 -43
-265 302
-418 -78
-163 376
-215 353
-77 153
406 159
-143 410
-328 330
-427 -71
57 476
198 48
-246 261
486 459
6 -493
177 135
139 -81
-185 -205
449 24
-425 258
-358 -439
-174 70
403 -410
-218 -454
-283 426
126 7
39 92
-181 94
86 -293
216 -47
230 493
131 78
-294 179
-290 434
-479 135
257 132
-230 87
423 -83
156 40
13 -453
347 -489
174 383
-483 -186
-218 -479
-232 -142
386 454
-50 -323
-339 28
36 14
-470 70
468 248
416 323
-447 110
-197 359
17 14
-332 237
394 496
-166 -274
-144 -441
0 -381
42 499
-274 -389
219 -27
411 -210
-356 133
176 -10
186 -328
-15 -491
317 434
218 257
339 17
215 -373
293 403
-202 3
-333 366
-119 -158
-21 173
-241 255
196 275
236 -361
-175 159
460 -390
99 -439
-436 -205
-361 -3
35 212
-292 -10
-245 2
-424 41
403 -276
-151 -342
240 -71
-436 320
365 -54
263 482
67 -169
-414 198
-427 145
42 -287
-272 -365
-288 278
-400 -315
-379 -19
409 116
-317 387
-166 130
27 218
-47 -243
462 93
86 216
305 285
114 177
80 -148
248 -169
462 -279
-287 493
421 243
-11 -30
265 243
475 69
271 -337
470 150
-279 -429
124 -161
174 293
335 -458
406 250
233 325
-16 -369
404 -214
195 293
361 175
-466 391
-188 428
-306 150
424 -147
247 -214
279 -376
398 176
360 -182
198 -372
-462 -63
140 -63
-187 -480
168 139
104 195
-302 -60
-446 465
-411 -439
161 443
-457 -496
-142 -321
448 58
-154 -158
-214 -36
172 -338
13 -374
-235 325
280 -487
-55 495
89 -30
152 430
69 406
8 407
-417 -443
311 315
-445 240
-91 -77
-89 -168
-202 461
364 325
227 65
356 170
143 36
-360 45
41 -53
-104 141
-39 73
-305 130
-412 -24
-360 467
89 -477
-264 353
-431 -209
-499 437
239 28
-414 -139
-152 -278
-37 -466
202 73
-256 117
54 -172
-302 172
-26 263
118 -170
-108 -185
322 281
455 421
-381 -207
479 42
383 156
81 -146
-441 -465
275 -53
166 -85
-231 367
-25 29
288 87
-347 335
-133 108
-377 -135
-54 -323
1 -10
143 448
-299 -245
267 263
232 -196
-175 390
207 -323
490 -395
-435 237
-421 464
-23 -430
459 -215
475 115
500 423
-292 143
355 -73
-453 328
211 2
290 404
433 -444
247 336
-9 -475
-344 166
138 -76
309 -453
-353 -124
467 -237
227 -130
306 493
183 -349
-253 132
493 274
302 163
84 -266
339 -14
145 272
-321 435
-430 -144
214 320
-126 8
-327 -231
346 -328
-436 257
-7 -107
-130 -394
22 -313
487 354
396 397
-116 -110
45 -254
149 -472
427 431
-1 247
-84 16
-49 187
275 -317
-15 298
348 14
-412 -401
425 -405
392 -488
464 475
-94 -232
226 2
124 361
-373 235
-43 -365
199 340
-363 -372
-483 -37
100 11
-293 -58
-8 -108
-17 75
-471 47
282 258
267 125
340 -309
-233 255
464 -239
88 113
202 -48
160 368
471 -25
364 -24
-286 239
-68 191
319 325
-65 259
-487 20
-153 -241
461 178
-291 -361
206 -424
312 -281
-431 33
-162 -9
-278 471
-138 -255
-474 -210
36 411
-355 -351
-202 -201
-163 -461
-271 -212
-253 -203
156 -32
-178 447
62 -8
-178 17
-211 -155
181 434
307 -112
174 287
-211 -215
198 158
-1 -6
91 -285
-447 -339
255 -421
272 249
-401 -27
216 -410
-159 -146
-112 -407
124 122
-453 -357
-256 -418
432 342
-389 -375
204 -119
-6 -256
-498 282
255 -420
-319 -63
-55 -234
-144 263
59 375
-345 180
256 305
-73 -182
-136 82
-74 -119
126 -437
212 127
254 -279
118 178
-148 497
37 295
-205 304
-102 -357
238 156
453 437
-487 301
485 485
-375 261
316 498
-340 399
-454 -468
-178 244
221 -21
389 142
474 104
152 127
361 330
-397 -36
99 -214
289 482
-312 315
-105 286
-347 -360
465 -424
470 -427
-264 -218
-295 -56
444 242
253 -127
480 -368
344 -115
-131 264
-478 274
-252 204
31 366
435 116
278 -138
355 372
-156 -477
84 251
-45 377
86 -455
213 -120
171 372
237 -233
-346 371
-474 59
-111 -164
266 174
-214 -114
174 292
-359 -281
-268 -76
387 69
324 -270
-174 476
-107 249
465 476
-225 -480
144 284
-89 -247
-179 383
-134 325
470 457
-275 -210
-395 -35
371 -125
314 -360
-70 -381
-273 365
350 -231
-150 -3
-106 -91
-496 165
107 -154
-203 342
476 462
-409 -150
-446 373
-46 -172
-11 145
289 -482
110 -332
-421 -264
-386 339
-408 -15
103 140
240 -148
-414 174
-274 342
109 -89
-74 385
-381 133
-78 -429
83 -96
-196 -58
173 350
-111 461
95 120
261 75
303 253
-207 -440
492 470
-114 -488
-238 361
377 397
-370 126
48 -9
166 337
353 497
-83 -351
-305 94
459 -491
-36 -336
-56 368
-39 86
438 131
275 -386
156 81
51 383
43 -335
-94 80
28 -174
397 -420
-186 -141
38 -472
460 -242
-378 42
434 -451
17 -1
-133 120
-166 325
-23 -432
428 -479
314 374
-106 -86
286 147
316 -34
-406 -108
-384 -346
-483 -346
-214 479
-84 269
55 -4
-278 360
-148 -83
350 -412
346 95
-323 -179
-90 198
6 -156
-229 309
-178 -465
-46 308
16 216
-200 -325
351 162
-427 -453
-199 -216
-299 319
-279 466
113 53
15 334
-150 473
24 -243
383 -338
277 -86
21 -364
-410 106
230 228
361 122
411 -215
316 -128
345 -481
122 26
-291 -25
-104 -25
-340 -493
441 103
-82 -193
-277 -85
-309 -48
136 350
156 433
-78 -171
147 -292
-217 -184
-90 57
116 -61
132 -273
-282 -420
84 -455
-22 192
481 17
189 39
322 52
-144 154
496 265
34 429
-118 -227
483 -385
-344 393
375 39
251 -117
93 76
36 -77
118 -60
419 -64
317 131
469 -279
-412 289
-87 286
-213 -330
-349 -122
418 -49
-251 325
-253 282
-415 -435
-400 -454
90 -150
4 -13
323 -44
279 106
-228 -11
138 182
-260 122
430 -216
43 323
134 -272
20 392
-326 -339
200 -171
-153 254
-285 -11
-470 -9
89 7
400 174
-115 -69
371 -239
-70 -132
-74 -414
170 176
31 311
18 357
498 -60
-359 -465
361 -182
98 -173
192 -473
-411 -179
-459 -21
-145 399
-304 331
-208 164
-82 263
-283 80
-280 -299
353 150
-217 255
-215 -386
-329 -485
-204 -323
438 -264
-20 -130
462 -91
441 174
323 -277
303 233
-407 284
-260 -206
38 -327
424 -371
62 400
24 215
330 194
-260 205
312 250
-454 76
256 -326
334 134
-295 -169
-449 -299
-417 -455
-52 12
-68 -381
213 -88
-48 -481
355 -230
467 39
304 -67
-450 143
220 -127
-12 -369
241 -187
120 -484
116 40
-30 361
41 -271
-384 -286
-193 423
-66 -377
-27 215
-99 -36
74 -290
-165 105
-322 -372
411 -37
177 -479
484 -265
85 -229
478 -6
-393 -427
466 351
-27 201
88 -392
112 -306
-243 -135
-446 -135
-245 428
252 379
-367 -317
-479 -313
77 -262
-73 -4
299 3
-435 -14
-338 -429
105 60
121 338
-25 478
-158 -170
452 -288
325 3
396 -412
-383 -51
-171 265
-232 -80
-135 446
293 -11
-168 -168
484 253
-176 154
-427 -479
-334 32
11 415
-442 -178
-104 248
484 329
172 -392
-398 -448
-66 -170
-479 -429
495 295
-373 -110
269 321
298 -311
395 -93
493 -189
-317 216
36 342
-10 9
-279 144
-57 81
-448 -432
-75 -338
-374 -191
258 -390
226 435
312 -455
16 -230
136 -38
371 -119
-35 -300
332 491
-325 -342
128 287
66 -26
-208 207
357 -329
-244 152
493 477
97 24
233 463
349 488
-339 -460
-126 307
198 -395
-136 -147
-332 14
-10 -311
-20 431
14 -495
287 -212
60 -401
227 -137
-190 47
-154 323
317 -496
-42 -74
53 -480
471 391
72 -43
-222 180
-52 406
153 -383
-3 234
346 -79
366 113
480 -223
22 -232
-146 -329
-199 -131
-74 462
-316 -134
-368 148
-32 -364
107 219
490 35
430 465
-183 -33
440 121
443 -312
-318 -427
-114 282
-463 108
-482 469
448 202
358 63
-174 -410
279 326
10 256
273 335
-484 79
-394 421
350 154
-301 259
-331 -235
-284 269
-211 252
401 39
-386 -294
183 147
472 89
-319 229
122 -164
-468 -491
-489 -363
-394 -351
208 -254
-476 -425
36 253
113 -481
128 203
-409 -330
-202 -101
-202 396
446 -328
473 180
357 -485
-1 472
-413 215
-225 260
191 -345
-282 -26
393 387
-172 -451
-493 -230
-456 296
-331 -439
52 -379
