10000
-96 169
183 -188
-428 -22
277 -86
219 -60
168 -145
-267 -58
29 -220
281 -440
-66 191
-112 491
-153 -207
-25 -234
-347 -133
-478 189
-285 -42
218 20
249 -369
-40 -178
-103 205
454 21
-395 -33
-195 -19
-498 137
400 38
-461 -375
-229 -416
366 -411
-420 321
132 461
107 428
132 -108
294 390
-243 345
225 451
-316 -499
-478 384
-233 424
322 -220
-73 136
98 -311
76 360
-442 88
-206 -188
-423 -95
437 410
142 333
-274 -280
-41 266
-443 -62
302 -178
-338 -32
-412 180
-129 421
-8 -159
432 -466
-364 -262
398 -469
223 245
97 -34
-14 148
482 -360
152 47
446 -262
-459 375
-253 176
-443 405
-10 -152
-95 -411
-157 126
333 349
-30 -195
252 451
115 -32
-476 81
89 45
426 198
381 91
424 -423
472 -443
-486 239
-479 207
17 -345
389 203
252 61
356 -50
482 -465
-459 127
-430 -468
-239 -272
-59 476
55 -172
394 -255
206 294
-73 45
-369 490
-151 418
-415 -478
-460 2
305 64
-491 -115
401 69
369 95
-214 274
323 92
-115 -88
437 -434
-484 206
229 57
-49 -487
205 -53
-207 -137
-155 56
25 -4
-365 -133
-61 282
-133 -411
-360 52
-76 -6
-125 -245
43 21
-320 142
414 408
197 -264
35 -418
-184 64
284 -469
-162 -149
-365 373
-495 485
31 143
206 -180
-288 39
465 289
392 239
258 -447
-344 406
172 147
-408 335
494 119
38 485
408 -485
-229 392
94 345
464 -57
183 -194
96 500
-478 -3
-101 -114
-81 -459
-187 -363
-224 69
169 -86
449 -77
-14 -116
136 135
-213 0
-372 420
137 116
491 -61
-305 67
-201 395
397 269
303 -319
460 -480
48 -253
471 -38
-237 328
-64 228
-485 496
52 56
459 -102
-224 434
-77 461
281 37
134 -66
339 -169
-50 303
-151 89
412 317
-28 -492
499 96
246 126
226 379
-368 -417
438 454
-452 -189
-425 -411
398 22
197 -413
228 -151
308 -418
348 135
-487 -311
187 -104
400 22
-193 -203
470 306
20 274
-483 272
-392 -76
379 266
329 -153
287 -222
484 -359
-77 175
176 -195
323 -126
279 447
-9 10
224 -316
75 -63
-166 -31
400 315
407 -238
243 117
-314 -7
182 -319
-61 -479
-70 74
-35 -454
90 124
-126 116
-2 -104
-130 408
389 -20
-413 102
-23 264
132 467
-438 -200
305 51
-386 355
222 -340
37 89
-333 5
-226 404
107 -323
259 79
-42 431
-321 454
114 -284
-157 -411
-488 -393
244 -427
61 -181
-149 -225
-24 402
-258 106
-188 -103
156 -184
267 263
-191 320
-444 -81
334 -331
-1 -280
331 -136
284 -85
260 -489
-434 -303
-90 -455
-244 -278
380 -145
-5 -40
446 -213
-359 -491
215 405
183 55
459 -169
-262 344
-108 -27
207 -473
254 -270
322 376
-223 94
-303 144
-171 63
172 -19
-320 123
103 174
183 -314
102 201
162 -455
-288 212
-290 439
-86 434
-100 267
64 186
-81 305
369 184
73 392
419 453
-148 173
390 97
-264 -301
43 -151
-317 -199
-146 263
-64 323
-343 -116
349 -277
-484 -363
338 45
149 -426
-438 455
186 242
-129 484
316 486
40 -401
7 467
-64 215
-36 69
-99 360
294 150
409 -104
-312 488
451 140
12 -291
254 425
4 -395
131 398
-301 -244
484 302
408 -414
-356 232
408 -322
-192 216
364 -30
-80 -75
-48 257
40 -471
-46 -227
477 -105
146 -69
-51 -244
-117 -108
-182 403
-312 -167
401 335
-406 -355
-278 142
178 -443
224 -312
267 167
30 454
134 49
295 -150
-42 270
334 30
180 -23
-152 -250
426 -264
296 -257
226 322
362 -294
-30 50
-41 52
-416 22
213 -402
344 408
216 -430
211 317
-127 -407
434 -212
122 -454
-282 65
-410 -98
-325 53
-258 -234
-241 34
-146 -190
41 -169
-224 174
-424 -335
44 254
48 -275
-299 -354
298 244
-92 476
73 44
-274 -476
427 -135
58 142
415 114
160 3
89 309
-41 -122
-14 470
283 407
437 284
-71 -229
-168 388
-29 346
330 295
176 234
-220 107
-128 -201
-64 103
-14 222
333 -476
362 298
286 441
321 -489
85 91
191 22
115 270
191 148
380 -456
200 291
-496 25
164 232
346 -432
149 104
389 -396
94 433
104 -483
277 -332
46 113
-397 -421
-335 383
67 353
199 -200
201 56
368 -132
-82 431
-267 151
-64 -445
-130 325
488 -404
17 -140
-335 -169
-272 83
-173 40
302 -4
-427 -19
-221 381
-439 -108
-381 -304
-208 -414
-258 125
287 -156
56 -318
-440 -431
-495 180
-467 113
-126 493
91 376
260 -379
-70 427
-343 492
297 -393
50 -197
-422 96
-116 -468
-417 -42
-377 389
-216 263
-173 170
403 -490
117 -384
-216 -261
-49 235
-84 -387
73 -226
261 -359
-57 177
437 -319
-461 -238
283 -256
92 315
425 232
-375 204
-455 -131
373 -66
-151 -302
-74 468
-250 284
281 119
-102 498
457 445
144 359
401 -106
187 111
301 23
-91 -170
-452 463
105 -297
-358 -122
147 56
-2 -373
183 -144
-302 196
-156 -400
-414 6
23 -296
-415 -184
-19 -148
-304 -72
4 324
94 -313
264 408
349 443
215 -113
-283 -85
65 -87
-341 122
-341 1
-342 -130
53 -292
13 190
337 278
353 61
457 30
16 129
-16 98
-351 436
194 -480
282 468
-148 278
484 -254
251 -4
336 45
-34 -195
-276 212
233 260
-363 -268
-361 -268
-408 468
-289 266
-401 375
276 -248
65 66
269 -17
392 -471
415 338
96 -131
-97 405
218 469
316 134
444 327
-126 382
304 -445
328 -436
-73 436
-104 -465
147 -262
215 325
-66 146
1 332
203 -157
-350 -213
456 -466
-121 180
-475 441
-157 252
20 216
-355 -170
-164 69
176 -127
-359 -479
302 -329
275 174
70 463
20 -375
-96 -17
-328 -300
294 -466
-172 272
333 440
498 454
-402 -183
-359 464
-331 -448
-142 490
-16 -280
-460 433
-365 79
471 152
-343 -34
419 -110
-214 162
-253 -228
-373 322
-368 494
247 479
447 278
402 -383
488 -259
-443 209
395 158
18 252
172 -263
147 113
142 94
395 119
-224 -396
-441 -289
-121 73
-162 64
318 -87
-171 -78
-248 199
-167 54
52 -474
-333 -441
239 -258
-407 113
405 -296
-382 153
241 -458
132 -309
-370 -488
149 -213
114 428
-60 331
323 346
-99 -183
-383 292
-235 -61
-55 -298
398 351
378 68
-448 -370
-83 -372
9 492
77 -445
327 390
-405 -361
-36 210
-218 6
-239 -303
176 87
-402 399
-276 -185
-21 435
35 114
95 435
464 -276
418 395
-41 -379
-174 166
-327 -14
-426 -188
249 -283
-135 466
264 -438
-225 -484
27 -30
48 199
-474 60
212 181
240 -323
39 -428
-313 76
-333 331
-91 -478
252 359
469 -71
296 -114
-87 44
398 -315
203 -124
-241 274
66 -113
-177 -137
248 248
-107 44
-9 110
312 426
-95 -273
-415 -474
-63 350
-344 197
-292 -252
-102 -64
-109 -404
129 125
144 -413
-340 -58
240 299
192 -193
-447 -320
-117 465
-15 -265
186 316
-5 316
460 -289
-54 53
-440 147
402 -217
188 80
152 -456
5 -22
-56 -346
420 -83
-38 142
-95 355
-241 -306
-169 424
-485 80
346 174
328 19
-210 387
-432 -125
54 304
-319 -179
-348 96
-63 -475
197 405
24 278
159 289
-323 -246
-460 -450
39 295
-325 383
87 -28
284 -310
346 149
481 437
437 411
207 136
389 9
89 305
-374 215
-339 -248
274 -197
242 141
84 -217
-324 206
462 69
-387 -131
-133 -240
462 262
-157 366
-2 -29
-79 -342
98 -109
318 -250
364 392
375 259
422 61
-467 173
-347 -439
-42 102
378 59
0 -222
-365 -31
-87 -240
436 -439
-232 -282
249 281
124 199
-497 86
39 281
322 382
280 42
67 -58
332 -74
-202 378
-347 -48
411 479
-402 -398
-439 190
192 212
181 237
-160 -364
115 -170
-204 245
-39 265
52 -203
-372 398
-463 385
-263 -20
-224 -186
431 490
-400 326
-446 428
-491 488
369 336
472 483
442 -153
-202 68
391 450
481 -282
-170 -390
-257 65
-374 194
414 -335
-215 -172
376 437
91 -283
-112 -115
156 -254
-261 -268
0 -288
157 411
-286 -31
127 358
109 -56
-385 311
290 32
-394 -81
222 -472
468 148
-484 -13
-442 276
-263 -386
73 354
-206 -218
-295 155
-385 77
-407 406
-497 -379
-330 113
460 -6
-202 -129
-441 160
-327 -188
-378 -146
-317 272
487 332
37 143
450 489
303 -295
309 99
-6 -124
-278 35
-32 -257
298 203
214 474
255 -465
196 312
-122 -183
128 31
-98 481
-293 428
-226 -207
-22 -184
-230 -195
-125 -281
463 -130
-301 92
162 -262
390 59
-87 -482
-217 -40
-432 4
158 -122
-427 -174
198 44
238 -120
-301 191
347 -266
-462 -417
-178 271
157 -348
178 171
-391 -64
456 279
447 -129
344 261
-149 95
-214 119
-122 268
60 -27
318 278
431 -146
-73 -411
-38 -288
-244 -220
-212 268
-314 489
112 305
324 270
391 413
-494 -458
-448 288
79 178
438 424
31 -189
72 -454
291 -496
-116 -387
-308 -185
495 -3
452 -422
-370 326
486 -365
27 419
-463 -272
-159 455
-89 -82
-495 -437
401 419
-55 -108
336 385
478 160
346 -1
-478 -165
80 -276
250 476
-426 -469
-198 23
60 -379
297 61
499 362
316 148
166 -178
209 360
-173 -437
-168 438
-303 390
-158 -239
302 93
162 332
174 145
44 394
-432 -105
-323 -255
343 -78
125 133
396 -392
-398 369
-119 371
111 418
24 -46
-10 -490
-305 -111
48 480
-439 -277
19 -1
-377 115
-295 -350
496 15
-311 -477
-456 127
-435 -359
-39 -8
-348 293
330 241
10 -500
17 131
441 217
178 -188
178 499
-333 68
-34 137
-144 -7
242 -99
-291 457
468 78
436 340
411 -438
167 136
115 -322
17 457
52 249
215 175
258 380
469 -66
-300 -251
16 -95
95 110
277 491
236 25
-312 -225
234 -267
397 -80
58 -449
-129 -317
-160 -414
-291 -28
69 73
-482 -301
310 284
236 157
211 -383
-374 -490
-12 -411
320 242
449 -4
135 -211
116 41
31 -472
487 -198
-40 56
280 248
-483 -134
436 -11
-177 174
-422 -68
164 -106
-26 -259
-398 309
457 147
-37 227
-94 -469
-430 495
-408 473
-379 72
-486 -133
96 -84
150 -469
171 481
372 221
-315 372
466 485
318 342
-404 260
-300 237
-131 172
431 -426
-386 372
483 -226
94 -123
-90 312
361 -123
156 246
7 -274
-142 33
-494 -473
349 -184
420 186
-140 401
-284 -476
-197 363
-103 -347
160 487
-427 -489
75 -328
185 362
348 -361
-477 429
-82 -51
-451 106
84 150
-136 71
-176 -92
-98 -55
24 -114
-261 39
-323 202
-351 97
345 171
-293 -3
448 90
280 -335
-111 3
-111 415
-345 188
-306 132
-430 276
-92 73
-368 -430
14 -276
377 -176
130 485
-34 428
-68 62
-208 -121
88 72
97 -405
-400 -12
163 -446
-338 183
98 83
-268 166
-16 -365
-404 -401
-79 346
46 197
-48 -45
-398 -246
2 76
452 -349
237 -410
443 53
356 234
-127 146
258 -475
-391 228
344 -320
3 53
-6 385
-353 220
154 54
233 385
-336 319
-163 378
-320 -448
-288 -95
-81 57
-389 364
-286 60
-232 -221
463 70
-409 499
153 -236
-357 -153
240 59
-277 59
184 -54
103 -297
383 -153
-29 78
451 -290
82 -20
-107 -53
-11 282
-170 -85
1 99
-385 189
-23 -289
-213 -440
-34 403
-367 -368
-448 49
-141 404
-415 379
-349 -248
291 -96
468 -101
-286 175
-492 -200
-102 35
418 152
232 93
51 174
-164 -384
303 370
-495 338
-42 -97
137 43
-143 351
-162 115
-96 203
-160 -216
-57 50
-250 -125
20 -129
-297 -46
348 -488
402 253
-374 -419
-398 444
229 -55
10 387
386 494
38 178
-286 -135
-308 266
15 490
300 224
105 71
313 -286
293 -256
-433 457
-397 115
124 166
-135 -255
120 424
-230 -60
276 -227
34 42
-55 171
476 110
1 34
-455 461
330 38
-375 63
-158 -71
128 491
249 -299
-55 260
-498 487
-337 325
224 -227
288 486
184 264
350 433
-461 -425
-61 -221
-92 -447
-139 -449
272 -173
229 385
145 -232
33 -259
-135 491
499 72
302 -384
177 -389
-194 471
492 -22
268 339
238 -196
437 491
200 390
287 109
162 222
134 -474
348 189
496 -289
-137 -2
-161 -212
-157 -19
-49 -176
-26 -415
42 338
-279 367
-389 -21
200 124
-293 -396
-178 -460
-32 -229
75 348
245 -499
-223 37
-261 260
-285 -363
44 -111
-143 150
193 185
-199 421
-188 75
465 185
-71 -373
222 375
-118 -163
-102 32
441 162
-41 -470
-433 285
-97 -271
-239 -33
-51 339
-54 -375
169 -294
-107 197
340 374
330 14
467 402
130 -375
-141 168
-257 35
415 132
-395 274
-498 -88
344 349
198 -209
-270 420
480 464
348 -146
-493 -331
421 79
470 50
25 140
-276 -279
226 -108
-218 -242
70 -310
40 49
-368 354
-74 -322
343 -377
327 -85
-193 -460
122 -212
-334 -38
313 106
-54 320
237 -435
-78 -345
431 -211
364 463
459 418
-442 -285
-108 -158
-408 128
-189 365
-411 413
205 -170
-334 -324
-268 149
-1 -86
284 -166
-36 -382
382 -312
-427 117
-33 325
172 -36
-254 354
81 206
248 365
-297 321
185 288
-101 -262
69 -377
-425 -377
124 50
303 -391
-103 -22
99 -493
345 -451
47 189
206 -87
-323 401
93 -482
-455 -60
215 119
290 -84
115 32
-375 -158
-312 87
-337 38
-96 -461
-133 -381
-425 119
-157 -16
-385 238
-317 -454
331 -482
468 -471
383 407
494 -388
445 203
-104 137
134 323
324 -459
449 261
102 229
-293 103
-419 -53
-39 -200
-205 -317
-197 -353
-4 -426
-123 428
181 388
-274 -394
187 410
57 418
133 39
-73 176
62 236
-62 469
-481 151
213 -271
357 -184
-258 -227
-475 60
-378 156
-188 163
351 461
445 -494
45 49
185 321
-147 440
-465 77
-210 191
-19 192
0 84
-70 -333
-416 344
-9 -340
-406 -469
2 -112
-133 -155
461 422
66 -204
386 -44
50 -280
183 -431
52 -349
102 -311
-444 361
261 -52
-339 -132
170 -478
351 93
101 -306
439 43
250 337
318 44
-245 -7
463 -208
-234 -186
153 -291
347 -437
-391 -101
306 -226
46 -263
-498 -323
-223 -54
12 -276
-15 409
-335 260
-169 -297
33 315
321 -482
336 223
264 -297
403 -135
239 340
235 72
-201 129
204 -197
399 47
353 428
-473 63
467 -198
268 -433
-355 240
299 -308
-262 341
-189 -492
-338 -48
-61 -269
224 -190
414 -124
341 491
140 322
-225 251
-91 225
214 397
392 345
71 -234
167 195
-61 -368
132 69
-254 -10
27 265
-301 27
483 237
-240 -331
365 193
303 150
212 -47
-88 371
8 -98
-2 311
-241 -70
272 -5
488 287
-79 340
491 -23
-263 276
-129 -92
-369 173
-177 389
478 -139
418 -66
454 -396
-108 7
-67 450
-267 -445
238 -152
45 -166
272 -109
269 -454
317 -191
-303 -199
-320 59
399 -37
311 -105
-264 410
-375 -35
-230 -432
445 -318
19 -410
-51 312
-9 -343
137 160
-404 -295
285 -135
156 335
-333 -248
304 -100
-93 401
-129 125
-18 -463
-73 305
-285 -11
-14 -210
-145 287
18 -500
-466 333
-218 316
6 142
235 34
-376 247
195 198
216 -124
-320 286
200 -252
171 -303
289 -364
324 14
-80 328
-239 -155
263 -90
-173 494
-274 -493
361 186
-304 -113
-398 -298
60 -411
-396 -79
274 235
-314 -172
264 -144
-165 157
-428 -311
-388 -460
-419 -248
70 61
269 -477
-488 119
-178 392
112 413
56 -49
-63 -158
-126 468
350 201
439 61
40 287
94 140
339 302
456 35
336 -249
264 461
468 -141
464 146
-249 -410
-318 -5
84 9
-322 15
-177 -329
-357 215
-467 488
171 -93
67 -277
290 -292
78 242
48 22
-485 377
82 35
-436 -85
-414 240
371 -169
-56 -499
-352 236
-446 -151
75 -392
-228 -228
-269 -331
-491 164
466 -487
329 -282
367 459
-354 -341
400 -387
368 489
151 -323
-199 -400
-299 -42
367 -218
-166 -41
-174 67
-354 210
101 220
475 334
-464 422
142 -47
15 304
422 -170
186 174
244 132
95 -162
-419 -332
262 19
122 -53
-91 440
465 56
310 190
-281 -408
40 158
-203 475
-255 -303
436 295
-4 364
-93 -466
-309 115
334 337
31 363
43 -3
-216 -358
-49 44
213 -467
392 -400
-186 -294
-490 74
108 360
-202 36
144 306
-47 252
297 -71
403 270
-232 -265
46 476
280 -495
284 -321
339 126
5 459
-45 -79
-255 150
123 -336
223 92
-316 -478
463 -392
-305 277
74 -316
-429 192
-194 -388
-346 -271
-249 -283
483 -424
448 433
212 -138
171 -340
-162 -488
32 -293
56 -341
-232 254
-162 382
-202 -396
329 448
-133 -216
187 125
-13 73
69 -129
-67 -415
257 300
93 342
-324 1
-420 1
-221 -272
172 -134
-138 -332
172 -51
342 -48
-345 469
419 -41
49 -2
6 -356
214 187
-272 -311
421 -58
25 363
170 301
303 -465
-76 436
321 427
-445 -492
436 -135
-485 -4
-17 -21
37 26
-176 305
427 -431
481 -258
38 80
-459 -135
107 -1
155 -457
105 136
44 -483
136 -1
85 150
-12 -437
-130 263
178 -81
413 -459
57 103
-17 486
132 437
-312 16
149 -188
372 421
200 -301
-432 64
43 173
105 -79
-219 171
-136 337
174 -148
272 -349
-452 54
-234 11
217 219
218 -4
59 447
-238 -394
30 161
-138 -193
357 -47
-299 -252
-173 138
111 91
-20 -331
-100 105
181 110
315 424
269 214
-101 383
339 -87
197 466
-63 -444
236 199
233 182
401 -83
297 -145
-108 124
-279 -272
234 37
-426 -476
-140 -149
92 -71
-167 379
386 -44
479 -46
-79 277
-215 255
-213 387
-128 -23
-455 -275
87 -265
-120 -110
107 -41
-281 298
-69 388
-411 151
354 -407
432 364
153 -231
407 210
18 189
-416 -321
-38 -30
162 -193
-236 -108
-143 206
-27 -153
-142 12
30 253
-422 -455
254 500
347 -191
224 -143
-256 -195
177 -151
312 414
-91 -353
-187 107
-67 -315
268 65
-143 391
321 -370
188 -210
-167 66
357 -256
-201 -31
-241 -385
-420 -116
481 -451
-474 337
-441 -345
358 -454
-419 -434
259 101
-97 274
-247 281
320 -242
-452 -348
222 355
78 254
-366 73
-146 165
329 223
-315 352
464 178
-94 488
-111 -242
263 -152
221 -345
4 51
230 325
384 -346
369 336
210 -500
75 81
380 -426
-263 204
-390 -210
-416 292
-280 55
-420 41
-95 -111
195 -131
-489 490
389 261
-355 -209
-162 -441
441 110
472 -408
-358 -58
297 -365
-251 148
-55 321
-113 -473
401 423
-217 -66
261 390
346 -131
-18 192
-252 234
323 -126
-437 474
115 -293
-300 163
-47 52
64 211
-347 -228
-155 90
-29 -418
224 498
-150 317
123 -24
-410 54
141 267
81 -219
83 -389
-434 28
108 346
-289 -141
412 322
89 -279
-208 -379
-373 290
314 -72
-499 -207
108 260
-161 10
110 -317
-217 186
-185 -68
-498 81
-156 322
176 191
452 -293
-6 46
-210 -278
292 -431
477 76
-471 405
-329 33
167 395
281 -403
307 185
391 183
150 275
-40 389
-486 4
100 -172
-420 467
274 55
456 -135
271 -216
-228 234
-80 -275
285 197
330 -257
27 -194
-29 361
493 -365
-1 406
-387 410
175 374
309 193
302 485
-193 -486
-66 485
-335 121
274 -327
-358 -162
-38 119
389 -480
-65 -240
164 243
6 358
287 237
-279 -278
-210 -297
441 -391
-63 -443
180 -380
31 146
487 -487
-140 -334
-398 -302
-234 -74
342 455
18 432
219 494
184 46
-494 -484
-390 -430
152 57
-145 -435
-487 75
-307 -383
220 -222
342 -48
-13 121
-340 -391
67 98
-412 -388
-310 203
-249 -304
5 -147
-472 434
328 -108
-441 -497
213 297
390 291
132 447
-216 -367
-176 249
-262 -151
294 319
-459 -464
499 309
46 -122
463 -122
-32 -51
52 -290
-269 413
-104 233
-98 -416
-362 459
185 177
178 -30
41 97
222 236
-366 445
-380 -99
288 -246
259 209
-151 -366
-334 68
-148 488
275 -149
-146 154
194 248
-230 -225
7 433
-265 -363
33 89
-83 -405
34 426
-348 94
241 -32
83 303
158 409
-263 154
85 -482
-40 377
-6 -499
-383 477
464 -191
-173 -214
52 225
-219 372
-213 256
22 22
265 414
-358 285
373 -11
481 116
-335 383
-131 186
-357 377
-84 212
466 97
-49 178
-428 -114
49 -16
-288 -71
-99 489
-148 412
174 -354
352 239
-209 -387
304 41
370 -38
322 320
-205 -224
-80 -298
194 -217
397 87
282 -147
-492 482
61 46
463 430
-390 463
-355 -373
135 336
-388 332
83 370
-122 389
139 102
418 -455
441 370
161 -463
59 -94
-345 -445
151 311
357 -402
-76 -40
36 462
-280 144
386 -98
436 439
-94 213
144 -261
-121 442
-96 -297
-372 -263
-500 387
-147 192
-92 -95
330 378
152 72
-435 -324
106 -290
-57 320
-277 57
-323 477
-15 -51
282 -305
12 -199
-446 256
-367 427
-470 239
-376 158
465 -491
-323 35
-244 73
304 -475
107 51
-162 -485
-42 462
-214 -24
-439 255
53 -364
-60 144
305 281
-176 326
-146 -51
-209 31
-182 -30
-475 499
173 -203
-340 474
-340 358
51 -147
-225 -101
-126 423
-399 -385
152 255
-447 392
-151 48
401 -143
321 50
41 455
76 401
-204 -388
66 400
233 -38
196 -364
-85 -288
-409 -235
156 -92
-392 132
334 -480
470 347
-392 273
325 273
-225 104
91 103
187 326
22 419
375 472
-488 -87
-307 359
392 172
310 -327
-366 420
-200 294
338 380
-219 383
60 137
125 66
30 -339
238 403
-369 202
-166 -333
406 87
-438 477
-257 119
-312 -313
-219 150
434 159
-325 176
-450 42
175 141
430 187
-299 136
495 -110
300 -297
-87 -424
432 -109
-307 -81
248 154
447 -489
195 -133
195 -352
355 104
302 -347
283 -44
-450 422
38 246
-148 -133
421 -145
-261 117
-483 91
-26 -49
-473 -94
-299 495
111 342
-160 494
-239 402
467 2
75 -245
406 14
-226 -172
-290 -473
-42 -295
11 -366
-469 373
205 -467
-74 -219
186 110
-194 439
-195 -389
-143 52
-125 -43
-456 290
-304 181
424 -287
-466 162
-321 -251
-276 -332
-304 470
-181 341
-82 -490
-285 -201
391 438
31 451
311 364
-440 -276
335 409
395 317
407 227
7 342
-461 -154
315 281
333 -263
-422 104
281 -456
150 276
-84 297
-229 -205
123 232
44 -437
112 -13
-70 -86
-40 -70
182 -115
150 -455
488 -463
-30 -331
429 -160
-264 -346
305 432
-195 325
-389 -300
-129 474
-498 -444
-478 -65
-101 -36
-154 -404
-372 -19
188 283
80 -108
173 125
-474 407
445 482
-307 -14
-268 -327
-464 -466
-479 -107
76 460
-224 -426
-102 184
402 -328
89 -72
-413 315
-485 -83
-111 15
109 -442
187 351
104 -46
311 145
348 200
329 119
149 -405
212 -76
-136 -188
312 210
-199 98
-99 395
9 -57
-39 -260
-289 10
169 -460
-404 -184
-327 417
112 237
239 440
-293 -58
-60 -300
338 248
165 -318
-290 -313
447 -324
-7 411
428 370
-18 -3
-483 483
-295 300
150 -427
-406 429
92 85
86 428
405 -382
18 -142
167 -50
6 4
-256 -117
276 481
361 -231
-227 -116
-174 389
304 -378
185 483
144 211
-54 44
-392 -7
135 312
-317 -70
-398 -488
214 -484
-118 252
-265 -179
13 -356
335 337
-23 -157
471 -433
-67 227
301 255
401 -121
-104 -386
28 -81
-483 74
-490 26
436 317
494 -239
166 -272
-429 457
16 417
-48 -256
-471 455
-460 -134
472 -472
-154 157
72 494
-402 92
133 -459
392 -100
-60 -143
463 -329
-452 -117
165 299
-374 16
75 -76
386 55
187 -358
254 144
-433 -254
408 156
6 -114
310 -2
141 -140
-275 -435
-220 268
359 -386
-105 13
340 -326
201 138
-114 495
396 -204
355 47
412 -159
325 101
-331 -491
176 -223
62 -35
439 318
194 -495
80 -342
91 59
-240 67
-334 -159
175 -403
311 110
83 269
-338 -294
-263 121
262 -5
-291 463
-61 -337
153 486
-5 286
405 -41
256 327
-87 -283
381 382
-457 -111
409 16
83 -151
204 -434
225 459
13 257
-438 -111
499 26
258 -69
112 -381
-393 -377
-299 -374
-492 -393
-286 -295
382 -195
-482 -343
491 -108
58 149
192 33
248 399
-126 -158
-265 -390
94 34
270 420
18 -192
465 -399
-131 -12
420 -420
374 99
-85 291
249 -425
204 3
-168 -389
-325 -10
-141 376
165 150
-44 -226
412 455
-252 -141
101 -371
266 163
-74 -83
70 -206
-310 -482
-301 -40
205 500
348 251
-87 341
-500 101
30 246
-268 97
-196 198
107 -53
-435 62
362 -224
-212 115
-357 18
168 -127
278 118
-259 499
-365 274
90 276
-33 -315
-87 388
148 -351
440 -321
-336 -380
-47 -25
-126 -500
-242 -279
483 -378
-139 46
-278 478
-369 231
-419 333
286 -13
354 -156
-135 -11
-447 -199
-45 -365
35 108
484 447
-35 189
277 272
145 350
176 -241
-382 426
-369 -453
-240 225
-83 250
457 61
156 -77
-77 333
-345 -115
-488 -478
-126 333
-233 -167
-93 308
489 384
148 214
-374 388
171 -41
-120 488
220 263
436 476
300 8
336 413
-497 -346
-133 -35
152 270
-163 -414
154 -255
-216 235
-362 479
-243 -395
-411 111
-149 491
-94 -20
212 -241
79 -224
-248 468
-127 252
-356 -469
-445 -292
292 390
-220 57
-65 117
-361 324
-362 -286
-211 416
-334 135
376 -480
306 -57
285 -391
195 -332
-80 320
-80 -453
-43 -96
246 -155
393 -181
65 -187
139 -240
-495 99
187 -323
297 -1
191 457
243 410
-429 68
361 -216
-307 43
63 366
420 -239
-248 -280
264 198
414 72
-273 260
492 57
-99 -436
386 -125
-13 176
-245 268
-143 -169
363 -53
123 -253
-136 46
327 -31
351 -177
-352 -465
263 -359
292 77
489 86
165 447
-167 -81
302 380
-256 128
302 367
-218 -234
-82 -148
187 396
148 -445
-450 481
-233 244
384 -299
54 -303
118 -467
411 44
-129 -359
398 -401
-369 425
-156 -230
243 -339
-474 394
-9 78
-130 -410
326 -44
482 -104
-396 39
350 -188
-77 27
449 98
151 221
-500 -198
-133 -234
404 -218
-268 -330
390 420
333 416
364 303
339 -450
353 -396
499 383
265 380
-4 -69
-304 401
-190 -414
-388 94
334 474
-239 236
-424 -130
56 -481
2 216
164 36
-360 -149
-383 357
408 -475
29 -37
126 446
91 236
-295 113
237 -136
-465 167
-224 229
-361 80
-411 118
472 240
-400 316
-302 -244
153 433
311 -178
-43 293
376 279
-476 452
367 400
-270 -170
-353 -13
-306 -21
321 -17
284 -403
179 -84
132 73
478 -8
-283 -141
258 -137
-203 -238
63 -103
314 384
-361 -108
-138 237
54 298
-154 -404
-175 -407
125 482
413 215
-89 99
137 -151
-450 201
97 -430
430 -280
-166 251
-334 486
389 460
-199 231
153 -185
-398 497
-383 -213
-222 -389
128 71
81 -386
-389 241
-271 -111
292 -481
-472 -298
467 234
-451 -427
-196 -66
-2 446
-229 -108
-448 -291
85 -193
-246 -49
-334 376
154 -87
180 137
85 458
179 400
-430 -363
256 -483
-220 397
-424 -108
339 -285
-55 -240
-14 -104
222 -248
-458 220
151 27
-262 -224
-169 -350
33 -80
-485 -286
-334 -460
358 -201
-178 -5
5 242
53 -22
-261 -479
498 -393
-470 426
5 146
137 -237
-110 -310
-277 197
-138 -406
251 26
-191 325
-401 254
-446 160
231 -328
201 365
-366 -286
-355 72
-200 316
-260 29
112 -146
-321 -140
-117 371
162 231
493 122
-368 127
96 -386
265 199
-56 5
-424 132
104 -72
227 435
-306 199
-298 -445
444 -50
-373 -444
-450 416
289 -295
-285 98
258 246
-351 322
-395 -246
-148 206
-489 -340
-372 218
259 324
-249 487
339 415
-397 -72
-294 277
136 132
-213 188
-164 463
-411 41
-36 -329
217 159
249 -281
-132 -266
150 -64
-448 -36
-431 53
50 -244
-52 24
-111 -396
315 -230
-123 38
-181 399
-7 -425
-445 -147
122 222
-300 -88
-115 -444
350 -455
219 8
184 -4
-368 254
-4 56
175 -7
54 311
157 68
427 -469
283 40
-69 -358
-193 68
-250 381
174 124
18 -171
399 -81
-137 -125
11 415
312 281
-500 -270
440 -144
417 22
434 -248
156 -354
362 392
-333 414
-11 -440
-360 -278
406 182
286 181
282 -89
33 67
-444 -231
31 184
-135 -29
-100 -87
-347 89
-186 406
197 -456
388 23
287 211
9 120
-209 330
-369 -97
366 378
11 176
214 295
257 286
26 245
418 435
111 366
-312 99
-407 -460
-337 289
-98 -20
-348 84
190 -463
434 -81
-311 204
278 -114
376 -198
-191 -453
341 244
309 430
5 -488
-113 6
62 99
-285 -308
51 -463
-237 275
-496 289
-97 -280
450 319
225 73
-186 337
361 -473
-115 252
386 394
176 244
-306 -383
-238 95
-265 -255
-211 269
175 158
412 151
322 429
-166 174
-130 -257
40 329
-319 144
-380 -234
-97 451
-5 456
-220 166
-98 281
241 -78
-192 -7
-140 -122
-389 359
-314 -436
195 -185
-89 -306
72 76
-306 250
-210 -150
-251 -11
-3 -40
183 127
294 -309
243 -183
200 318
-377 21
-459 38
431 230
457 332
490 -238
168 77
-381 -265
258 28
-213 36
-139 268
169 -330
212 107
-353 -320
440 -489
-108 262
-22 -39
-260 -376
-210 167
-147 482
52 -262
-161 270
-314 210
214 113
459 -132
-123 372
420 169
-355 198
326 81
491 138
-401 -313
-208 -59
-151 -129
263 -139
33 -254
380 -426
-419 -76
-182 255
-294 386
98 -286
-235 -122
236 -499
488 -155
-368 426
112 206
269 262
319 -207
-281 138
-446 83
159 -103
-288 134
279 453
381 -226
-247 -40
-459 110
-202 -144
-72 -419
77 199
-130 243
432 386
-277 412
-326 -173
-471 452
229 29
65 55
-71 -58
168 -45
182 379
305 281
-112 -9
137 4
256 -112
-483 25
444 41
-289 71
56 -153
-393 476
-50 303
-207 -246
-329 -43
-321 354
462 319
127 401
-152 -17
-379 180
-372 55
159 -76
145 326
453 -11
451 -95
172 89
2 461
-268 500
274 333
258 217
-208 419
300 232
350 -211
-42 218
-233 -290
1 355
312 -335
-338 -134
433 -212
-308 447
58 -27
-379 -163
-138 -129
-357 64
441 292
-385 167
189 -389
38 368
348 -454
123 287
-155 131
-293 -176
-67 380
411 -186
-125 179
26 458
232 -127
246 -41
-384 148
29 -428
-236 -284
-76 -466
358 -225
202 139
-26 -262
239 -139
-116 47
330 -418
-418 86
317 463
-367 488
-464 487
22 200
290 -206
-204 -43
-200 355
-75 -390
-132 463
236 -170
-403 -22
-469 127
113 -368
-62 -341
-440 406
89 -401
395 -442
362 -411
-13 -144
99 -1
204 -103
-283 -77
497 -8
-195 -160
365 -283
-329 -306
-378 -446
-235 -441
11 -129
-415 442
212 74
353 -480
309 -258
433 238
-479 461
228 -83
-187 -276
-374 -341
475 126
-23 -136
120 93
-40 -373
302 -221
123 -119
-358 -176
-121 387
308 -108
-82 312
-1 408
-437 66
328 -390
28 39
-287 355
-48 430
429 438
-397 231
-215 -41
283 361
288 58
462 -461
111 -242
301 244
98 -297
187 161
-430 276
290 394
417 61
-58 -50
-452 109
-15 75
-273 -229
299 212
-185 -236
-309 89
41 88
77 -248
-197 152
262 -346
-480 325
-264 41
-171 212
163 278
85 -208
-301 429
-110 377
-492 -342
-157 160
302 -302
-267 213
472 364
-498 280
285 -320
-307 128
-119 390
-461 -369
264 -55
399 192
62 249
351 -399
175 -210
-339 -349
-31 326
445 -143
-61 -317
361 126
437 -441
-71 258
357 433
302 -301
233 -43
108 -47
320 -269
-55 454
-326 -134
-489 -327
-215 459
276 57
241 480
65 247
484 245
-10 -157
122 293
61 27
-216 -442
-189 -288
-298 268
3 -264
434 -223
-43 -453
-362 -151
-346 -31
307 -477
444 294
-164 9
-115 237
73 -325
-383 -267
-499 -240
474 -374
332 386
83 -459
-127 274
-77 -17
492 86
-445 312
280 401
167 -189
-462 241
159 -500
87 -341
-89 -385
-159 422
344 159
132 461
-146 -301
358 -250
-207 386
9 -61
319 -152
-302 388
114 -376
319 -253
-229 463
-81 158
-433 465
-492 275
-118 -343
-293 -419
-18 447
404 44
332 133
-65 -343
-387 -207
243 -167
-346 90
-216 334
-477 -419
278 -376
-215 -77
144 148
197 321
116 -179
-390 -335
-253 398
-124 103
482 -417
-114 -166
-386 -29
-95 152
336 -187
493 -346
-381 -317
374 438
236 466
272 -261
-379 -193
323 200
-148 -93
-367 184
-81 -259
-462 -158
-319 131
-499 -238
453 257
194 -175
-92 445
342 250
266 49
-327 207
-117 -28
334 -19
4 -137
174 -270
-306 472
356 439
-489 -49
-407 312
-405 123
-252 -69
-374 29
-399 -351
-328 -489
-173 192
224 53
-245 -2
223 276
-477 -392
-280 163
-216 -39
14 463
-55 -270
-489 -32
130 102
-146 206
420 -412
-351 -307
-74 -5
357 -160
-454 -418
106 -11
433 199
-139 -68
195 332
440 211
-429 -133
392 246
467 -241
426 74
-349 -381
16 -211
420 227
210 286
-490 120
439 -232
-300 127
103 -490
-487 -262
414 41
472 -167
-307 161
-441 -333
9 289
-168 328
-245 -126
-95 -225
392 408
395 -199
-54 -134
-20 -321
-316 -159
283 218
181 483
-323 -495
-148 381
-241 313
192 -44
378 -476
-43 -98
262 -101
194 -427
251 -372
-369 374
-487 400
-440 -317
-256 263
186 -325
-249 484
365 -347
-288 -328
437 110
397 -299
-275 -487
40 -343
-13 -185
-239 427
90 259
-389 416
119 7
282 416
465 231
172 -316
77 -34
-129 395
350 -365
462 109
431 -284
-64 84
-416 -290
-496 -365
331 -262
-350 252
-141 -116
-180 271
-163 -424
-326 5
148 500
310 -393
-392 -396
1 -263
-161 207
-405 248
-163 -470
-255 -429
229 429
-79 356
152 -239
352 -192
-158 -84
-290 -320
-164 394
-319 377
-107 -339
-427 -129
165 143
275 7
-316 -412
-293 372
27 180
-98 334
-491 -272
-457 -498
-331 313
-487 -442
486 -234
-159 58
-86 -452
-191 86
-459 62
45 43
-265 37
-207 273
-450 498
248 494
189 -95
6 -70
415 449
-217 235
-391 144
411 -187
405 -2
-126 -378
101 128
-212 297
-443 247
98 -153
19 -478
255 -181
-346 363
-215 -99
-386 159
495 -220
394 -457
-1 98
-456 88
-442 422
-84 -214
259 179
-374 73
-232 223
-283 -5
168 -379
306 347
-352 297
-437 -422
218 -131
-88 230
78 -89
-323 44
-207 -109
273 112
-285 -267
122 -7
148 -385
4 -397
376 -32
-217 389
405 -234
-113 178
-115 257
-128 -122
46 -413
-110 -71
92 -456
-119 462
-308 -22
-438 406
155 -288
-290 381
-214 -388
190 239
-470 397
-500 411
62 -285
286 93
-327 10
-288 -310
180 227
365 469
-428 403
-26 -82
81 -175
91 474
495 321
175 -73
-366 222
-294 71
-203 353
432 214
-314 -495
370 366
-82 -251
-169 3
39 404
56 349
-171 459
-330 289
-375 -485
110 7
4 443
118 -260
283 113
-66 -425
-430 -466
212 -289
-174 -61
474 -370
-420 209
-490 -267
-373 -481
-255 -143
-361 -161
149 420
-192 -153
416 114
361 219
403 122
-460 -64
282 -406
-247 -453
-367 -475
-78 360
-440 390
59 -172
421 -193
97 295
-280 429
44 107
189 -482
117 10
-200 -118
284 139
-379 -97
11 45
53 -71
-163 -159
-179 254
257 236
-39 -383
160 447
-462 -16
-137 256
256 -134
-8 2
495 326
369 -465
282 366
228 -497
254 177
342 159
-249 399
-146 406
158 474
-255 -488
498 -217
-20 70
-104 367
-409 452
-454 183
-119 373
260 -303
136 146
285 252
140 139
-307 186
433 35
-445 27
-357 -9
395 460
56 451
51 140
-220 30
-383 312
259 38
279 26
376 18
-168 295
-186 -21
82 -163
97 -339
-130 -208
289 -476
-359 443
241 -407
98 374
-359 356
172 -318
-131 -100
126 -318
375 -358
443 -137
-272 171
488 383
459 417
-168 -332
397 27
384 482
-382 222
208 -147
228 -32
-428 -433
425 424
-168 349
149 -282
-288 -436
456 483
486 -349
-257 -453
-85 -181
-266 430
-274 -416
-131 -433
364 -479
-302 166
-7 -333
-347 -341
-245 -303
-75 408
385 128
155 -217
-222 -178
-389 -397
156 -408
-117 144
-199 19
465 -379
-228 461
-35 -20
179 79
108 116
412 441
97 81
-23 -221
-39 231
349 436
-458 425
12 458
485 366
485 317
-225 -179
-401 -127
-351 -372
-306 375
319 -430
-273 194
155 141
-270 -184
186 467
194 -219
325 325
-372 -225
-100 -55
-246 18
274 -492
-263 -148
-369 -90
-124 -399
25 -59
-470 -149
-418 358
-110 -195
97 -487
-116 393
-278 -69
110 309
-123 37
-281 457
222 97
7 -496
-253 400
413 -167
497 -489
-158 498
-465 -386
41 100
-79 349
45 -304
-421 15
187 397
441 -309
234 -389
-87 499
-314 -421
-179 -18
-39 -323
-5 214
-304 -12
-222 -184
-143 -211
-236 -24
-474 341
-353 -107
239 247
307 303
-470 177
368 117
-209 -279
-182 359
-127 -201
-19 -119
-131 405
386 15
-490 73
53 233
413 -2
178 422
-19 -134
301 275
94 279
-85 -75
63 -462
401 -11
-384 175
-355 498
492 259
-298 -380
-406 -99
-286 -261
-46 -131
-48 487
186 -404
-103 -30
326 -113
-271 -133
-253 465
-39 415
357 -340
-23 -322
251 -217
-86 -9
481 468
-286 60
407 -140
447 267
439 -79
-338 -454
-165 191
85 -29
-171 254
303 -416
-34 397
-322 -185
-197 -496
-60 225
295 278
-18 190
5 219
-422 -142
-331 278
-353 -262
435 425
-307 -401
278 309
205 -421
-30 286
383 202
-169 -403
170 -389
-26 -243
272 459
474 -330
-311 -308
100 227
454 266
483 240
-232 -359
94 -479
-458 -385
222 -170
-390 -366
-279 464
-433 -189
104 -206
-64 -487
-377 -178
394 -47
123 -252
-303 -492
238 -221
12 -166
227 -29
7 120
-21 -305
40 476
-462 459
-484 -141
-490 64
-103 140
201 -479
-254 132
349 -112
-67 32
-180 -394
-143 -306
213 -299
-433 -128
192 -111
243 -436
463 203
107 -260
408 497
53 -160
-302 338
460 -281
423 422
-291 424
-215 -39
-455 -238
-1 146
481 61
207 -175
-143 121
-453 -446
-79 116
-475 -62
-344 114
460 84
-232 39
283 -47
484 451
483 205
337 -475
-49 356
-475 264
-407 -446
120 -100
-314 441
-499 -10
-385 463
-397 250
191 377
-256 497
-35 -454
-28 -268
457 -380
352 242
-138 -500
-223 -90
184 102
-472 -407
293 -105
-96 200
179 39
338 -315
-81 -41
144 491
-91 412
459 -467
-482 -479
-289 -484
-472 262
-372 -488
259 -464
491 325
-387 358
-295 190
25 457
-324 -192
313 225
228 -331
-319 180
124 -448
-386 352
-372 61
-264 -42
-302 -489
494 416
104 127
497 444
-462 -297
-423 316
-493 -330
125 -472
-228 -367
-125 -416
-326 91
94 -295
3 378
96 263
267 419
355 -486
-171 185
205 420
-349 89
119 431
-364 -171
489 38
309 -80
118 400
274 281
372 -362
-110 389
432 129
469 -157
181 93
-421 -65
-479 426
-131 20
278 41
-156 444
-273 -57
305 -58
-122 366
429 282
-93 198
-94 268
-102 148
-204 -225
91 -438
-216 -343
-43 -109
-53 320
283 88
-286 -305
107 -342
397 -280
-27 -297
-41 -448
495 -254
97 301
-234 -195
252 -371
-84 43
162 -313
323 -184
-118 437
-107 172
393 410
26 -261
94 -471
477 370
77 493
-355 5
-127 -65
92 30
12 -203
464 10
-428 -315
-477 -189
-412 -245
356 -481
389 -266
180 180
127 -407
-159 -165
493 -102
67 -455
-351 340
-320 -77
-428 -36
-281 -418
-3 -474
-30 204
237 428
184 466
305 248
344 12
361 -285
349 -119
470 -215
-186 -184
130 451
87 355
399 33
402 48
337 -225
119 295
253 271
-102 189
-2 178
-474 -214
-328 451
126 56
-225 115
168 163
253 -422
240 213
-385 361
113 -263
120 -282
-35 104
414 -67
126 118
187 -447
-141 411
-424 65
99 218
-42 411
-367 -336
365 -248
70 -327
-178 -111
178 33
445 -59
313 -449
214 -243
-397 14
-404 244
242 -347
4 134
202 -413
121 320
-117 448
-460 -377
88 -3
-58 426
129 -281
77 236
-25 -247
396 -9
-170 -223
351 -198
244 233
-96 -61
99 -127
-407 143
-309 309
32 338
-57 149
-159 106
306 123
-120 359
-310 -77
428 -58
23 -80
-84 -4
18 420
267 -475
-372 91
-497 448
492 -107
175 99
-279 -151
378 441
-303 -452
418 -312
-11 -417
134 -325
-261 39
484 495
-347 -382
-267 -15
211 -326
-263 -474
127 -8
-335 -181
-103 158
-161 124
178 217
404 -246
317 363
-136 92
49 -326
-208 -418
-282 -79
-78 497
-286 -459
-425 -85
-27 -64
-340 -149
405 333
-58 270
123 -9
256 -475
-195 -325
43 -460
-191 -388
-119 471
-311 244
121 -241
-266 448
-357 -5
274 343
46 -355
-437 -283
102 229
293 55
112 -29
-54 -49
304 -448
371 -128
291 -160
-68 -9
-60 164
400 325
-230 315
73 375
382 90
-315 -10
-350 -395
194 28
-1 -60
-88 266
314 497
320 -396
150 414
-171 -240
494 -111
-227 -151
253 295
399 280
-295 -229
12 108
465 412
44 -349
-79 319
-299 174
-267 64
-401 393
-17 -345
350 73
387 -262
-236 265
-238 -136
446 -219
-53 -394
-410 375
361 -326
-404 257
-488 202
-10 322
-480 -293
33 -151
20 -55
-321 -365
106 128
-196 359
-331 -270
-138 -153
478 96
-133 19
25 378
385 -275
47 -24
116 347
165 59
266 460
141 242
330 -19
66 288
-486 450
488 80
-233 -134
492 -267
-355 -251
-123 -301
136 -444
-258 28
34 97
-244 104
-376 428
299 357
91 375
343 423
-37 -498
-277 102
189 -6
-422 -287
-299 209
135 244
-238 -340
-330 -294
80 -212
16 498
48 301
25 263
184 -332
492 -376
77 -227
-318 -273
455 -145
68 -1
328 215
-477 130
-464 90
228 -3
-234 15
-238 -195
-253 137
-487 490
43 -270
53 337
271 343
-181 252
-196 -165
-77 0
-374 -237
294 -266
273 -329
-148 -440
-477 -61
175 -260
-80 268
-438 299
362 -488
-400 -38
-382 436
-247 498
-139 254
-8 170
411 225
-139 -166
341 186
-343 263
428 -227
-411 -106
289 359
48 -160
38 -63
402 -3
100 -234
-166 334
-387 -275
463 495
-145 96
290 -284
161 82
-256 -163
486 127
-160 481
457 97
426 140
383 -270
-486 135
-351 -107
118 366
-437 -321
198 202
-16 489
-213 -139
209 -79
0 -300
469 368
-352 -119
-386 -261
-43 56
114 -452
285 240
46 252
96 324
181 -473
-442 -463
-457 -480
472 -275
299 303
250 -214
-40 -364
-419 -84
-229 -182
-177 -373
214 408
37 -251
-361 -455
-441 -265
241 -5
-81 235
-57 429
20 -177
120 -105
2 -497
402 -79
110 226
142 -391
114 -371
466 55
-222 -87
119 386
-205 -431
-468 -101
297 80
460 -309
-116 233
364 -469
-319 -43
274 -353
130 420
62 414
-89 34
-47 364
145 374
348 -488
77 -449
-159 274
-245 483
495 -142
-277 -477
-142 -249
-458 -381
474 69
-117 -41
177 154
-212 244
347 258
406 -247
-328 -463
176 267
-462 -153
447 396
-207 -62
35 -384
-459 -228
-314 -59
377 297
-86 458
-87 109
-212 -326
-264 207
-79 -156
347 264
-145 500
-468 -174
-296 -443
479 -436
-90 -110
263 -79
-121 333
466 494
48 474
73 -57
-454 260
454 433
102 -481
413 92
-401 -312
18 -275
252 -250
18 -195
-34 -143
471 -485
-282 497
-366 -233
-144 31
-248 -67
-162 395
-173 -91
151 452
-124 -487
296 -241
-219 428
30 483
-257 -483
-473 69
218 43
21 -85
336 354
446 363
133 37
-263 -320
-188 343
454 475
-324 468
-153 461
-379 409
-30 66
118 -347
-412 -48
143 -179
-213 452
12 69
18 -495
396 429
-382 -495
212 -310
260 -238
67 82
80 -192
-214 390
481 -220
-310 269
-87 -290
326 -113
-63 -371
-136 445
-260 288
-226 404
484 443
-180 190
-175 -290
-331 -82
477 54
413 -315
-295 -63
471 342
-117 -153
299 -346
-270 -297
-91 451
472 -109
-28 -63
218 111
-286 281
331 -485
-114 -178
13 218
63 -216
392 377
357 -399
-323 -406
37 150
260 261
370 272
-454 -296
-330 75
-319 157
-49 214
34 24
199 -499
226 -352
196 354
-292 -469
57 -391
-209 -438
267 63
382 -186
-310 377
127 -53
-99 -384
-358 -490
-142 -47
372 -493
-247 259
-448 306
95 -95
85 229
-92 299
418 -445
-318 160
-187 359
-266 -225
240 261
-18 -207
-473 176
431 457
131 -276
-150 129
-361 -414
-72 -372
272 -423
119 -463
-4 466
338 -455
-449 -460
455 314
-358 400
370 339
0 336
111 -337
-296 356
-126 -360
489 280
382 200
-80 -77
14 -364
-8 -341
278 -8
62 -99
52 126
447 390
-199 269
-288 -479
230 423
25 474
367 160
60 160
-488 -447
136 -164
1 -124
482 494
116 102
-4 -115
335 -489
370 107
-78 -391
68 -461
161 -446
150 265
-307 37
-383 400
121 30
264 194
-251 -128
-491 9
428 145
-25 -221
-339 -382
201 351
-332 146
437 -32
-326 -457
476 4
-423 -280
-209 52
12 172
440 248
-379 417
-208 -390
-437 -222
-92 -191
-477 -138
189 245
-132 -229
-110 208
448 82
315 -90
-486 -210
-1 -408
500 40
-228 -179
-30 -186
-102 227
-407 -427
297 285
-262 180
310 -462
-479 335
-246 317
-77 261
-67 92
-348 -455
-264 246
218 179
-197 240
116 -53
396 -164
124 -414
81 98
360 -44
463 -240
103 453
-63 -83
24 -239
197 -6
-485 187
-141 -200
-101 281
395 -433
50 -463
214 -410
-53 114
-446 26
-463 84
-250 253
-411 438
486 241
446 -416
310 483
318 -377
323 -74
-359 -231
-223 270
261 419
26 432
-406 295
346 202
242 -352
262 -260
392 10
-286 372
-433 -425
212 323
191 135
-3 347
-160 -345
-407 39
-170 -360
-218 277
427 262
-207 287
219 -500
388 -495
-321 -221
230 316
397 -342
128 -147
444 313
-465 -128
-248 -381
-236 449
316 -297
-250 287
-89 -329
36 360
-315 -480
248 204
340 203
-31 -403
-488 47
-195 392
393 15
-305 -492
-377 23
-484 252
-110 -302
240 235
-343 467
-127 65
60 415
204 -25
162 244
368 384
142 134
440 -6
307 -75
141 219
-286 75
-74 -323
8 306
307 388
165 -437
-397 -47
263 382
320 496
-253 -482
284 212
-475 -218
-60 -226
445 149
-139 -497
-495 -188
-187 435
309 -379
-359 473
465 253
21 -413
290 137
430 449
377 -2
78 382
-282 50
260 126
-144 450
-21 479
373 158
20 -317
-465 -124
-248 -266
-79 -389
-51 406
-53 -100
-66 -102
231 -337
-180 325
195 -256
125 249
-76 -66
-384 -1
8 461
371 -147
-329 332
441 119
-210 185
417 457
-143 -125
488 346
-252 -245
408 229
332 -451
129 -208
126 -468
-147 277
-288 333
-284 -304
218 -298
-394 476
354 -448
-35 153
-362 -8
111 -94
82 -75
322 -382
-6 -366
-171 -267
-26 470
-50 451
-357 461
196 -11
-401 200
-217 282
40 106
-142 9
-164 -21
-13 -341
330 118
179 -447
376 487
194 -140
-110 -254
-315 339
386 452
196 -361
-368 -18
-269 -231
69 316
-217 177
224 -359
313 -457
-138 103
206 -88
34 65
-74 -390
-496 444
76 -71
26 -203
-261 -498
-289 -280
-443 207
-152 83
346 54
137 194
308 -347
-223 418
284 -452
-41 -37
328 -11
-339 130
-369 -375
167 392
-82 435
397 -62
-297 -399
-325 449
-364 249
452 207
138 -137
201 -469
325 -177
-417 -144
436 424
-375 31
310 -469
-2 -239
283 -78
-94 -373
491 66
-336 122
-195 -277
204 165
185 88
-69 -390
274 156
252 264
389 319
456 279
-200 155
286 21
38 353
-108 176
419 167
-34 200
490 306
-411 -281
-224 -238
-106 -456
-484 341
-12 -356
108 131
16 -408
107 -193
269 75
242 -428
433 83
355 -475
-462 -354
-201 -253
-177 -383
20 157
-383 331
-144 67
-431 -22
-367 29
406 -35
348 101
-169 152
-450 132
337 -409
-442 -184
-1 235
469 -360
-31 -274
280 469
-233 404
164 311
-62 277
226 359
10 19
133 -225
320 -495
-93 486
55 349
279 -364
65 -396
317 -93
437 297
-442 410
-306 92
-351 148
-496 170
95 -232
127 350
294 260
178 38
341 -283
-258 147
-215 194
39 -236
-470 -78
117 362
-87 158
-28 249
272 -223
200 -348
-230 342
213 -13
212 369
363 136
-373 500
429 -201
-216 249
33 -417
-49 -370
174 -498
435 -99
-59 408
269 86
254 159
154 131
72 -205
21 -473
316 479
-86 -252
306 436
462 250
-244 386
-33 400
-294 -76
-54 -223
-66 -175
20 -317
168 -450
162 -474
-128 287
399 112
390 183
-384 -366
-111 181
-219 -361
125 403
177 -398
-250 419
343 352
-237 -378
-494 160
409 -144
239 -141
-311 -221
-79 303
-239 55
354 124
-152 27
-312 -268
438 122
33 -344
35 407
-274 361
243 -395
158 -499
-205 115
72 -339
-482 323
-106 12
-58 39
-150 -288
378 -157
-325 39
493 96
117 -193
-119 491
355 228
-38 -415
-136 -35
161 483
-469 -19
-278 -457
-273 -400
319 -343
-92 181
-171 -79
-272 -483
-187 -54
-1 -485
-274 -229
286 -239
-79 -177
-97 -354
-393 114
328 -380
52 41
125 -96
14 -73
-110 -186
-404 315
-92 389
126 -256
-168 315
339 213
-230 -386
-37 172
-494 407
373 -147
-438 -420
42 198
172 -116
-131 318
-66 -89
255 -353
-1 -196
-479 493
-208 315
418 302
-178 125
-78 226
-304 48
49 -466
250 484
3 271
117 292
-177 -383
-163 204
-427 225
-362 111
303 -274
105 91
-451 -121
-117 -414
-336 -176
-36 312
47 -358
107 9
-350 296
-286 331
-449 132
-73 453
39 -285
-164 -137
328 150
134 -69
-81 199
28 -412
-245 450
-106 50
-22 6
334 -93
428 -403
186 204
-359 232
387 -161
-466 356
-221 -411
114 -290
127 379
-436 -422
-8 -419
439 341
144 384
-229 34
-471 68
466 229
-432 454
152 298
170 -183
88 326
-21 -293
-462 -162
267 -489
-115 -319
-67 62
-368 59
162 67
232 45
-177 109
415 -467
-207 -142
-296 267
-310 -469
-256 -201
483 -370
-249 -486
-163 355
222 70
-218 366
7 -89
469 469
90 -20
-235 -355
357 454
-121 288
-124 242
-170 409
-53 -211
-93 187
-449 112
63 203
-317 147
369 493
233 428
-180 -336
-411 367
-184 -445
341 -121
380 218
-484 -443
498 -389
-35 -128
346 -8
277 -191
-461 -365
-154 -93
-223 -122
224 448
-32 245
201 -263
439 -367
222 21
39 214
135 259
-224 189
-454 389
302 305
335 288
73 297
2 52
65 -331
-379 121
271 152
127 -452
112 180
-463 464
48 276
-477 214
445 45
-381 -170
38 -317
-237 -260
469 -45
273 -132
212 -449
136 -385
-129 -233
-345 -302
125 284
250 205
159 -15
459 -493
-287 -143
203 360
115 -73
414 -42
478 410
-275 -119
-25 -191
94 -497
-23 -328
18 37
-271 252
-202 351
-241 -186
-142 2
233 341
-200 -118
-244 476
177 -237
-289 412
-19 307
294 -23
-157 139
-5 -475
-38 -441
58 442
-65 -356
107 298
-457 -417
-303 387
455 -171
-460 272
360 499
203 207
329 -213
109 -206
-198 361
115 197
-45 452
-221 296
-409 -500
-238 -102
9 63
465 -128
-244 495
417 445
318 226
-466 347
189 102
-447 -174
-493 471
-288 57
-71 -364
79 397
127 103
-56 52
310 -344
-218 481
-23 -114
417 162
-122 -384
48 -267
-213 -52
-396 103
-56 -202
-276 336
28 419
-14 -384
-414 289
-156 384
-15 -440
144 -440
176 385
-10 -406
212 189
-231 164
-321 -109
392 201
26 -365
-307 193
-19 225
176 417
-45 161
-489 -237
-248 369
-408 -92
39 8
-328 304
-184 -163
-212 166
-85 295
-223 306
-415 371
3 -53
-306 -496
372 472
380 -415
465 453
352 394
-491 147
-288 -265
-444 7
161 -17
-78 -128
362 -265
-140 16
36 -465
406 171
-183 -146
205 163
-282 -369
152 144
230 -280
-304 -152
-433 -80
-123 16
340 417
292 -128
442 -95
-178 -154
-316 280
-95 -250
337 189
-186 -401
435 363
-257 239
-399 497
496 -349
2 -237
-118 466
284 401
-437 -285
283 -228
98 380
-117 -142
149 -332
191 68
-135 284
155 176
-346 -294
-142 -44
-68 -125
11 38
-358 -273
-273 451
-214 197
63 6
388 -243
334 -378
152 325
-431 -420
-148 424
-265 467
105 -160
-436 437
-233 -434
-33 265
-455 -451
375 429
222 -291
366 362
373 -235
254 -205
-465 189
-184 171
-330 -14
359 -58
-385 -65
-285 145
495 327
106 314
-64 -323
-1 111
170 463
-271 -236
-43 473
-459 -328
-74 -304
444 -420
-440 466
-224 -300
-419 146
-216 -322
-76 317
106 -227
-31 -56
-499 -159
-291 47
-5 324
-233 32
-186 94
-63 118
167 75
266 -252
-495 -401
415 -325
-248 151
-178 147
-126 -265
-476 455
363 65
130 159
-349 204
-370 -330
312 192
-81 -245
326 -10
175 -91
-394 344
226 469
498 -85
152 -407
-482 3
3 62
279 -164
-71 365
497 -188
-475 321
445 -113
212 463
-19 -189
189 -289
-351 218
-386 -262
-8 -494
194 452
266 -438
217 441
437 283
436 278
376 280
228 322
149 456
322 -12
55 372
221 194
36 -312
-426 -378
-132 215
142 494
388 -263
-105 410
109 381
-430 41
169 415
-234 -234
-418 -290
359 -29
500 174
-49 142
-414 395
306 45
-473 -404
111 414
240 -129
-27 -279
-39 -112
488 126
-34 -51
-314 -349
269 22
91 477
-22 470
299 -31
-454 -223
404 -445
-452 -59
432 -19
-48 112
-135 326
-194 -483
171 -350
-429 361
222 460
-213 458
357 -372
127 420
-91 27
-36 386
5 409
138 420
-166 -101
100 180
210 -29
199 -481
-112 88
-179 -221
-425 -39
-471 287
182 -20
204 -60
-496 -422
-354 281
150 64
-46 480
-186 -350
42 -135
-417 207
-111 -280
-472 105
484 -140
95 66
-181 -264
-25 266
358 463
202 -437
83 431
-94 215
-186 -481
-281 359
-67 -18
-60 28
470 -21
-155 164
-443 27
-96 449
-447 389
379 -460
-71 199
-46 428
-360 -251
494 -463
-301 -188
67 -323
309 160
-167 -314
-35 -35
-299 -361
-238 365
-266 -97
364 -168
-157 491
-235 262
-116 97
-149 26
-277 -42
-392 -64
365 -480
426 -459
-266 -182
333 144
208 170
454 -293
397 423
-44 202
-391 -250
-429 -198
-438 -12
193 -111
103 226
-85 251
242 -35
202 451
45 -42
-140 153
477 376
351 267
-272 -407
-299 -354
178 149
401 56
-268 259
399 -427
156 -32
308 -257
456 161
-215 324
-310 -160
449 436
-64 125
115 -275
479 273
248 -215
-122 182
-202 157
-262 -137
-18 414
-336 450
361 -193
-485 480
-81 -448
-55 -398
112 -479
-472 -374
-50 6
127 -114
-43 312
387 -8
450 -333
-475 444
-48 109
203 -407
108 127
-154 170
-132 -278
129 -345
490 -368
-489 88
-449 194
38 -17
-166 -353
363 -10
-483 -85
237 113
477 180
341 280
25 454
54 -411
-303 -238
-469 168
-108 -49
-24 -378
406 -450
-493 -45
336 197
458 240
268 -389
-305 308
-449 -459
-222 -426
265 -151
-275 81
-256 -207
483 115
406 -295
152 24
71 172
369 -109
-153 473
1 -50
-100 218
412 -125
116 139
495 500
-52 107
-489 223
-450 -314
67 384
377 278
314 302
392 428
96 54
355 -158
471 429
369 318
126 -347
405 213
344 314
370 -446
453 -259
-490 486
-55 379
418 -366
-487 -164
-341 390
-266 -422
-479 -345
-66 -267
-354 -113
-284 441
54 264
-25 -423
-246 248
-116 -241
307 -389
-457 483
291 128
-248 235
179 387
-385 -123
-152 -389
64 115
172 57
104 469
390 103
-474 -13
314 -487
225 481
5 -13
27 146
-321 -349
258 -303
493 375
-226 425
375 128
134 -295
-439 -375
384 87
-9 -272
-24 314
-128 -456
130 127
365 212
72 469
-454 98
6 -119
-479 181
264 -283
-433 353
-249 338
-88 244
-124 319
311 -79
78 201
-151 331
387 272
-240 146
-316 -109
-445 208
463 103
162 -1
417 -165
143 -139
454 322
473 208
-303 302
-81 202
338 -21
143 -161
221 91
460 307
495 -150
-173 -470
341 -225
-432 372
489 -200
-483 -245
54 -31
-379 -261
-219 53
110 -289
151 496
-220 389
424 309
266 -167
-413 232
-282 -25
184 -40
-406 380
137 367
182 -321
358 74
156 -105
105 -96
485 109
13 366
-343 387
348 168
-212 426
-456 348
-408 377
44 -353
292 334
-93 113
362 467
376 -161
-29 -154
-397 406
-254 -162
215 -244
303 -364
-151 245
437 177
-66 -12
314 -107
374 28
-205 411
214 -217
-390 142
-90 415
-402 -352
-498 -406
-68 367
237 -136
26 -67
464 440
132 -195
-26 424
474 -240
153 229
386 -321
6 28
179 -318
272 -358
161 289
224 66
-154 213
487 494
-7 -313
-318 368
-462 -435
-164 262
-335 -236
486 197
-380 271
-493 118
-159 -239
52 -19
395 -71
308 142
169 92
223 138
394 -144
-435 -269
-431 -346
-170 385
244 -9
100 -233
181 -464
-234 -200
134 -5
105 101
370 117
454 117
-44 -456
423 390
-151 351
137 439
-197 -37
-247 268
182 -265
250 271
490 467
-93 -83
-213 -270
330 293
397 256
349 64
487 72
313 -440
432 -456
141 465
358 -223
-345 48
-456 -225
-6 -457
125 -458
-420 420
300 252
-394 347
292 449
-16 20
-250 489
-500 18
-450 -101
-488 -474
182 444
-159 -219
-139 -14
126 -49
-400 -440
-47 100
228 -412
139 359
407 13
246 398
437 246
-417 -395
-331 -415
-77 13
-354 -284
166 405
444 355
-113 450
-289 314
74 -462
-12 -361
85 471
179 -288
247 -437
337 310
-368 -171
492 -142
-143 -236
-268 -265
266 -159
500 188
41 93
392 400
485 -167
267 -447
68 -361
41 -155
142 155
405 -200
-77 86
-484 322
307 -466
-16 -62
482 490
298 -82
157 420
381 37
459 237
-223 484
-363 -69
396 -174
381 98
-103 322
-347 -140
274 -84
-72 257
-376 322
-15 -77
477 210
415 -271
125 -35
-14 -92
172 -236
-5 98
-226 -117
464 -421
-452 -98
-454 205
198 330
-31 -88
30 461
-380 347
99 -87
-104 -343
-267 -357
-74 -69
496 -349
199 -68
22 19
34 255
-7 488
36 251
-99 -423
196 -331
48 -459
-345 485
-354 227
-479 293
97 -240
409 -110
-30 250
-253 -292
-474 271
-476 -396
-399 464
451 -299
137 -15
107 -217
-464 -20
-40 271
-261 394
454 -496
20 -498
261 315
-87 486
330 -203
22 -297
-25 -319
-488 -320
-307 -186
387 114
-147 107
-265 444
-279 68
54 -64
418 285
78 -12
-123 414
287 379
-278 64
435 473
-110 441
210 493
-364 417
407 210
22 -250
-113 175
495 -127
240 -395
-479 139
-410 500
1 -51
251 -390
-438 278
351 408
-98 94
-246 45
-137 71
103 -143
60 -65
-365 -322
77 -480
-6 106
197 406
463 -358
-30 395
274 231
145 131
13 -384
130 -89
-185 -37
-421 -424
-453 366
-486 -458
-137 -28
204 -49
-433 -105
72 416
-108 -24
-154 5
-54 -232
478 -332
-483 171
-229 -485
-319 -335
302 -113
-210 -341
243 -216
-301 161
369 337
206 118
-75 -427
-241 -374
121 240
4 208
11 425
-268 -346
-103 -63
30 200
186 -366
-491 -425
-212 -22
-31 450
-301 -161
-10 -263
305 59
-188 74
-359 411
-105 -128
409 26
1 -248
442 399
-137 145
-498 -173
430 -484
-45 -221
-174 288
-302 -292
-23 356
-352 -441
-71 134
30 -396
208 -317
-22 276
-145 -469
454 201
44 301
188 103
-383 131
452 338
492 -48
-281 -256
-329 498
-61 88
-304 218
-311 7
-8 -228
85 -391
13 327
253 426
-100 27
445 -442
81 -4
-401 398
59 -434
249 18
-249 -324
489 358
-434 -399
395 -98
290 -104
409 -60
28 -43
-151 349
33 -130
-229 -2
264 161
-237 117
-118 429
-394 -259
382 -169
-234 -471
126 376
366 217
331 167
-298 -416
431 -202
-389 102
-55 -307
242 479
471 104
21 -451
187 -375
-150 19
131 -276
-259 69
-200 -110
227 -477
332 151
340 290
-342 318
363 230
32 94
-377 344
474 78
266 497
32 -375
381 -345
-16 -18
-333 -159
111 -194
220 -179
163 -423
-459 399
369 -142
468 30
-346 -431
-389 -187
433 -89
59 -319
-147 -2
-451 63
-421 279
193 -408
-441 190
163 354
-236 -114
284 280
-319 69
-397 362
-168 271
-157 367
102 284
333 279
214 -194
407 70
81 -40
-236 -401
165 -198
402 -120
292 144
-98 363
-15 -127
262 -96
-346 2
72 390
451 -139
-91 190
-451 306
-113 -481
-151 -156
60 -248
-387 -289
398 -67
-261 -406
119 454
-441 -401
162 -79
175 -251
-431 395
279 -301
87 -43
43 -128
461 -277
70 311
-490 -401
-49 -47
230 10
244 -175
446 -494
-265 484
85 107
-101 -430
453 466
-199 122
-66 -58
197 -102
16 -69
454 -273
-30 486
219 -25
-191 85
-285 486
427 383
273 -204
177 85
-280 271
109 -157
-96 -113
288 -273
273 264
14 -428
-45 -273
141 380
-104 445
40 286
400 -310
-384 -118
-119 36
143 -50
372 -210
-10 364
-443 -217
39 355
-204 -49
-5 455
-227 -385
-32 -230
189 398
-499 -162
-8 -121
258 191
23 253
-330 -39
20 179
54 49
235 -47
252 405
-308 -80
242 -483
182 346
391 -491
380 321
-472 118
-4 481
396 -400
384 -321
-381 -27
-5 -495
23 320
225 -498
-96 -434
396 243
-186 -75
93 39
-169 6
-289 158
217 313
35 175
-265 96
-128 -419
432 -168
-427 -379
-296 -320
-393 -259
52 19
-301 -104
-133 243
-452 217
-284 -333
319 -485
257 363
196 141
-209 208
142 -433
-319 62
175 -367
-201 -340
-138 -362
-206 -433
333 -345
455 0
-296 -188
-394 296
-390 -59
-93 267
333 -51
92 17
476 472
-193 -326
-97 -225
343 -189
-12 -40
-152 223
-242 310
-409 -176
-3 88
89 -129
-269 -473
75 -12
370 -452
204 453
-185 -228
225 335
-403 369
70 -59
432 298
-203 37
121 307
-326 -292
-295 -44
272 -87
-98 490
11 457
-385 64
220 395
-11 -286
64 -374
251 -107
-379 79
368 52
283 15
73 399
171 170
-72 -28
323 -333
10 130
473 373
426 419
-378 -190
-99 32
-145 436
-53 -24
144 34
179 -460
442 -372
452 -160
-189 -36
469 -401
-286 415
-433 -81
-155 -324
-500 220
257 389
-224 205
500 119
-166 84
-116 276
-490 -256
-93 323
-79 -16
-397 4
68 -456
209 -99
252 135
-74 -207
-111 386
53 -247
104 93
-443 -178
-259 322
431 -92
-249 -180
157 476
-86 466
210 -205
466 401
-433 -19
287 376
216 -109
87 99
212 205
-102 -422
-34 48
-45 342
-229 467
196 133
153 485
-265 102
240 321
421 -429
-236 -409
414 459
-178 -402
214 -434
37 32
-197 488
323 336
-32 469
169 -368
-110 -330
78 309
21 -104
-370 -310
-139 -384
-351 -16
-97 321
-468 300
238 376
298 -387
-336 363
-204 73
-243 -304
358 127
-75 467
496 -457
390 231
215 -176
171 -49
-136 499
-489 218
191 -322
270 -15
127 -165
333 117
442 445
443 378
91 476
-367 -407
174 104
-269 394
-449 -5
411 446
95 -407
271 -275
147 -256
139 -377
-465 -89
-449 -114
143 -319
46 317
-463 106
308 -385
303 -409
463 44
385 178
-55 -6
315 399
-314 127
433 -348
190 376
-270 230
-361 -200
473 -424
-448 -55
-419 -302
-144 -457
132 350
275 -316
-147 -399
217 308
93 211
-208 411
-420 -283
-77 153
121 275
160 471
-203 -392
7 -375
85 -222
353 52
-405 309
-257 293
470 444
28 -124
-183 -122
17 -323
-102 -126
-158 232
483 -176
-28 -32
129 -3
-27 321
-319 -421
215 471
109 -297
306 -386
-357 -368
-71 -246
-349 -314
-89 -299
-284 296
-213 -364
-22 -314
484 -336
85 48
-274 230
-321 -88
94 163
-132 -272
-378 38
-469 413
-286 -64
-114 -351
-172 -440
-161 -321
-310 382
-8 287
320 182
-186 -438
362 -342
-262 -285
-18 229
-61 499
-374 301
397 -45
-22 -329
271 -460
-277 -344
-444 0
-53 72
303 433
-96 483
260 -60
-98 435
-364 -394
315 83
352 230
-238 423
-378 459
-244 47
-135 -150
-170 -469
35 249
421 322
405 -220
-20 -282
-466 -86
-328 -438
482 -431
-448 -91
-175 216
493 16
-64 365
-363 -12
-476 -342
-46 -468
500 29
470 -481
59 107
159 146
320 -370
-330 -22
-347 -114
-345 -311
63 -173
449 -34
-30 428
181 -185
243 354
-380 303
409 -423
-483 -462
-252 -411
-132 377
3 342
177 142
-273 315
-269 224
-290 -175
-194 -489
148 133
-255 -495
411 -321
-390 -272
392 64
139 362
485 -242
-79 159
-263 104
-412 256
-148 -257
-19 -147
298 40
-340 4
-320 -169
-107 -356
284 -169
245 210
23 478
-166 -77
-198 -273
405 275
245 -388
173 173
450 321
-250 164
-210 180
118 309
95 -459
-46 308
476 233
-30 11
207 99
-487 -248
219 -287
-243 -469
-328 -249
-462 -244
-222 106
-298 151
-6 -428
-47 -247
401 -140
-193 -435
461 -216
-56 425
-450 435
255 473
445 -330
-409 455
208 -158
272 240
-345 -119
210 73
306 -421
-426 265
290 -65
365 -58
-385 160
-22 280
-56 370
79 114
353 -195
-278 434
-400 47
-71 272
-141 417
94 -290
153 -224
-318 -492
25 288
-32 -69
240 -170
-334 429
-356 -29
185 -309
-60 -206
99 348
-157 -92
-250 -116
335 -152
343 -348
-440 289
455 -301
194 -314
1 -123
-499 -329
-99 454
66 -48
2 -247
-310 -261
-309 253
268 10
55 -91
240 141
-295 489
134 377
-392 357
485 304
-9 244
-441 263
-452 197
-252 312
157 -437
372 -324
343 100
-320 437
-420 -124
453 469
299 241
269 -298
-258 -29
-288 -234
246 -220
186 159
-426 -26
225 -195
-320 15
127 143
461 -157
-246 -400
221 -50
-141 -184
236 -431
224 -340
-393 -197
-492 324
-256 328
-180 445
389 171
292 -110
478 -162
-400 414
-377 250
-362 303
94 -142
-478 -234
-493 -130
10 -456
414 494
-149 -165
-400 -87
305 -400
-484 188
47 -440
306 -343
448 -71
64 -266
-285 251
-328 438
-26 -285
277 300
-413 115
312 339
-452 -380
-215 11
135 -474
-140 -30
198 470
-129 366
488 102
-434 -353
-442 108
473 315
-159 -172
-78 -300
-313 19
-357 -458
-367 -21
-45 -385
143 -467
-34 -288
420 86
-32 439
-107 -300
-335 -195
-459 -208
-84 -287
-189 -29
5 -98
89 92
34 211
-132 -192
395 -324
-220 406
-152 -221
-368 -362
402 -216
355 312
172 -396
-367 227
194 201
-212 -282
-423 -4
-173 -150
-114 -300
-157 -211
-189 -273
-149 -303
-130 194
33 327
-260 -353
-337 115
-67 385
-487 -165
-239 369
19 75
-46 -349
-212 -50
-212 -274
413 -466
13 -330
244 411
46 265
399 435
157 184
-348 -267
-269 180
-263 431
335 -344
-128 219
106 60
-422 186
348 226
-392 306
-184 -335
-419 -188
-373 421
-105 29
-224 -147
-273 -320
-312 -165
-15 357
-287 400
-50 -472
37 -176
116 442
41 -148
-294 -200
45 382
-352 -112
-216 476
-38 475
-201 -237
74 171
40 -164
412 -169
-48 -347
-470 307
448 97
262 -191
218 474
-266 199
-468 -200
122 53
-365 199
-222 199
-131 -30
-25 348
-303 -70
478 -80
429 -482
-148 -299
184 405
374 163
-315 200
-162 -424
98 -444
224 -158
341 432
-468 298
191 -308
-214 -387
313 106
226 493
-172 -33
-181 -201
172 -192
-194 164
-337 263
-144 306
344 -340
-37 -364
118 472
165 251
-339 395
-343 -100
286 -173
-452 -64
-370 -155
194 403
243 402
-498 -46
271 451
39 452
-99 -171
340 134
144 -86
-140 -474
142 -19
-242 308
-462 446
-123 -256
-255 237
-494 361
356 -176
-85 -349
-409 384
445 476
-209 -27
337 -344
-251 -347
-468 362
179 -52
-309 265
31 -148
403 -30
-479 282
-418 315
221 -149
359 24
-190 -170
-219 102
479 261
424 471
12 284
106 188
210 41
-498 73
296 248
221 274
284 -244
-476 94
-125 211
237 284
371 -165
398 -148
-273 -88
389 260
-238 479
-204 -351
321 330
-31 -354
206 -329
229 415
464 78
148 127
-154 41
-222 24
-25 87
-91 -392
-120 273
44 342
142 421
-440 346
-229 246
274 -496
350 227
472 367
-454 331
-311 -342
-359 -351
-393 328
-151 326
-497 -285
103 384
-490 499
415 450
112 -223
23 464
82 255
-84 -232
-123 -117
-464 241
-65 306
83 77
289 -255
-141 -485
29 -316
-496 -458
6 -287
-19 61
478 -252
223 -268
464 -170
-107 -339
360 135
-463 -472
-202 -494
203 -247
-183 -472
-236 -308
-204 15
468 -173
-276 -238
-69 362
486 287
432 162
-58 -407
285 115
101 -391
-389 487
54 132
-324 324
-242 -361
186 -243
31 -93
-66 -242
379 -256
330 -386
451 -298
237 446
344 -107
-414 -209
-458 -161
-73 -200
92 -128
467 -22
189 -480
-440 -348
323 318
-58 212
130 -295
-58 31
-123 191
142 350
279 479
-275 338
92 291
-369 186
-63 353
-124 -117
22 -38
-141 -241
104 7
440 -445
-468 -456
-122 489
227 -13
-440 55
480 -284
45 14
-445 -190
-95 20
232 -478
-488 -291
-144 136
269 281
337 160
-355 -208
61 -499
-126 85
-273 -362
120 410
135 158
449 -173
390 110
352 -288
-133 -294
35 -383
-276 -230
246 -108
331 121
-10 -72
-53 -33
494 -397
319 304
293 -361
-183 36
-99 -90
138 -24
-109 -98
-64 430
-140 -72
458 -263
-454 196
-273 -177
-188 62
-69 -430
-242 320
313 -444
-311 492
243 337
-494 -359
-450 -84
-251 431
-325 312
-166 280
-97 386
336 -163
-48 -350
492 275
303 269
-412 -454
146 -212
0 -72
216 -52
-373 334
487 -48
-126 -164
202 -113
-366 -36
51 -41
413 180
260 -447
303 187
-236 329
-474 -405
-353 -217
-436 473
55 445
-40 467
-437 390
479 -12
159 -384
-373 -220
164 -270
-348 181
-481 129
238 191
27 368
-391 431
415 -202
-183 133
266 312
207 -14
-299 169
231 422
-332 439
424 -246
46 460
305 -167
54 114
-410 328
-12 399
364 -251
-418 174
-401 359
8 161
329 268
-265 -45
332 343
-232 -285
35 -386
-245 248
-280 406
408 -110
-316 491
-115 88
282 456
258 403
401 -298
-83 20
116 -221
481 449
49 -381
-330 274
-361 -376
-233 -246
-214 54
-66 419
13 134
154 -206
-235 213
-436 272
-377 -275
-201 379
314 -30
-461 -131
-371 -136
22 39
-447 -452
21 249
47 -358
360 413
-148 283
-347 -420
-156 -36
-108 467
256 149
189 -394
479 344
-388 419
-141 -416
-157 -487
485 428
-25 256
227 47
138 269
249 340
-342 -185
-18 302
-131 -395
-359 -483
388 -340
262 -146
443 -9
11 -16
-470 270
270 144
268 357
-42 173
414 -170
-466 290
-306 231
149 116
-93 261
112 -429
-12 258
191 181
-126 -72
-310 -377
-283 487
-191 457
-153 -291
-144 380
-140 39
461 170
44 157
101 -53
-234 248
-350 -372
157 -500
443 -451
68 -315
-406 -63
-115 491
17 387
101 453
360 32
-98 -252
-428 216
347 -299
153 -353
-241 156
221 -275
261 377
220 -106
-321 226
300 394
-451 -96
-162 -290
233 -29
-201 -499
-86 121
116 -244
-150 -217
185 -225
312 426
-80 324
-371 -276
-496 -4
-56 -235
-447 -103
-454 -319
-375 26
211 93
76 -117
463 323
442 -280
91 -296
-403 -139
212 -285
25 -435
432 -244
-276 368
172 -210
4 -135
-160 124
343 -194
392 25
167 -81
411 500
-442 -311
-392 -329
182 435
-327 -354
-6 150
221 158
-318 80
-465 364
482 -330
-403 -435
-291 405
-225 -23
-59 308
292 323
326 -385
195 457
-107 -334
455 -219
-389 158
-218 -190
154 459
-290 60
88 114
484 73
-36 -389
492 153
270 365
-356 351
447 -405
-241 -1
21 -492
425 170
-269 345
-395 255
-91 -482
-196 302
470 493
257 86
-3 459
112 -405
-49 -332
260 -26
494 81
115 -161
87 65
130 126
370 171
382 -214
-234 491
62 -446
208 492
23 112
438 -317
-479 341
-434 -387
-450 -52
-440 -348
181 3
-207 -142
140 103
-264 379
-115 -264
-464 428
464 -45
219 151
173 27
387 207
-255 365
-340 469
-333 -369
193 -82
-346 -167
-489 61
294 168
286 329
442 15
-397 121
-198 -261
259 -151
-63 -382
441 422
83 58
330 -469
88 -73
106 -330
100 -101
327 328
-45 466
-178 22
-371 -102
-276 5
-339 32
-194 -2
-111 -456
-273 -35
-462 -149
403 365
114 -324
-297 -7
243 -32
293 158
353 -95
21 -92
311 3
276 -278
-182 158
-351 52
332 -180
97 -449
257 -231
362 163
288 20
-303 -450
-47 -110
-316 -273
-58 133
-178 -293
-325 -74
-79 154
391 -99
186 -474
34 380
-101 228
-385 -428
-159 -271
-235 32
-273 69
239 -399
-280 336
264 -179
-329 395
-124 -147
-330 -164
309 425
-131 121
-468 -121
-339 -403
210 -393
301 -462
-338 -252
160 241
-260 483
148 -183
-2 -348
100 -85
395 -242
-218 309
204 -245
121 -446
436 -248
71 31
53 -297
399 421
-300 136
-119 -269
-223 290
-419 420
413 -273
402 109
421 -301
-458 -209
-86 -190
53 -29
-54 -39
50 85
418 199
190 47
62 208
332 143
146 -464
500 335
229 428
292 -52
128 71
-75 -109
-335 297
-463 240
-281 -439
-114 490
484 -149
461 121
-133 339
-439 136
-163 456
-108 -427
124 -309
236 467
145 -429
370 333
-212 -166
-146 -371
491 106
452 304
220 -406
46 88
220 -491
253 200
-392 484
-34 -100
-41 314
363 65
-260 -269
-240 173
-311 107
-167 372
-361 432
428 399
58 352
-30 -85
-160 79
-258 -108
76 85
374 -66
267 -7
-100 95
-65 31
287 -439
317 440
-394 -61
-30 211
120 423
-166 117
-139 -393
369 -299
392 403
65 47
-286 428
-96 -462
411 -15
-91 283
41 -49
258 354
-365 29
-288 -368
312 -309
-299 -39
-128 491
-176 479
252 167
-414 -300
235 -172
429 -327
-65 -459
-235 -314
-294 195
-478 354
107 496
-417 54
21 -489
449 -402
-494 198
256 -139
-346 -220
110 -392
-145 -424
297 293
-150 -488
450 117
163 474
-327 -415
-53 -341
-153 62
209 313
-454 -124
-4 321
-382 -45
0 191
-475 -149
32 142
-55 107
-127 -436
-469 216
498 -81
-498 451
93 -61
160 373
-465 -257
499 8
-196 -316
113 -233
310 433
223 273
-453 -121
312 258
341 39
-428 -295
397 -61
55 -175
174 189
47 127
253 5
-292 341
71 -268
-205 -54
420 -313
-337 -406
42 -312
135 -283
-303 118
146 347
-199 -335
-237 301
424 -95
450 -209
16 67
-79 -377
-470 -267
-207 380
335 -358
182 -139
144 -260
-87 -320
-135 262
-466 -299
-91 -371
-96 -235
190 324
167 303
365 -102
-459 -36
-318 336
-113 224
-185 281
-142 169
302 422
-103 284
-153 -247
-404 -194
133 -425
371 -178
353 138
37 60
206 298
78 -45
427 407
485 -391
116 119
-441 -433
185 -301
82 429
368 -112
189 332
-264 -168
-236 297
-260 420
-176 394
-497 183
71 -58
202 -57
-291 35
-338 -264
-112 278
-443 -256
-111 -260
-40 205
-245 -77
38 -416
-150 465
216 -126
-143 -268
-277 327
246 -216
-277 166
25 372
10 -302
62 272
287 -154
226 -436
30 259
-410 -287
32 183
-141 -454
480 -66
-159 280
-429 76
-340 -500
-140 -199
-375 -359
57 -165
-295 80
-89 160
59 -448
486 360
408 374
-141 163
-315 -88
-109 -224
73 -29
-143 -188
-162 -170
-259 446
-204 -116
27 25
0 -314
-488 352
-284 374
251 114
-171 187
474 -335
-446 253
-479 125
12 -177
469 229
300 408
-401 -263
-295 411
-150 -222
145 215
-372 138
73 -316
-231 382
233 192
144 395
477 73
57 343
338 495
223 -352
-270 -108
94 53
366 -460
-287 -379
364 107
-179 129
-29 -379
488 200
-253 -180
-133 145
-296 462
323 288
353 -397
468 101
-317 123
468 -317
485 112
430 -254
6 -115
455 113
-393 -439
346 -128
233 -339
245 29
-221 -6
80 -292
335 -183
111 212
340 474
-106 288
-270 170
-138 -448
319 22
-278 419
-385 -20
51 -253
86 -497
-153 146
296 38
26 -117
-464 -107
158 153
279 489
212 351
-223 296
-185 -497
105 405
-150 203
-254 -32
439 338
261 -34
-467 -51
114 472
-487 -494
-346 -480
-123 188
128 415
-253 318
-301 -208
-17 -377
-399 -94
78 472
222 -61
-312 302
-90 369
424 -51
17 -243
-341 -435
331 -486
105 -166
-173 -498
216 485
-116 32
-277 -282
-401 367
-61 -396
-241 13
217 470
-409 133
-155 408
10 187
333 -179
-30 -158
321 170
47 266
500 -202
-353 -434
126 19
-99 -403
-127 208
178 292
-148 109
-123 93
-317 -76
21 202
135 -107
14 -329
405 174
354 149
-379 -200
-404 192
485 128
-479 462
-335 -268
-320 393
-201 267
-193 428
126 126
-395 -389
-484 244
351 -146
-424 97
-118 -84
108 153
-359 -4
126 405
-83 452
-364 -362
-473 -345
-310 42
264 -24
-354 -179
-342 -276
-76 53
14 -374
-160 -302
143 16
-335 429
-278 321
-305 73
193 25
-88 -382
254 -320
134 416
123 -5
-234 390
422 417
430 -367
102 -82
325 336
-191 -191
251 175
21 483
-337 139
-300 -269
-337 -450
95 -294
450 55
-458 256
-160 80
130 -135
166 -485
-471 5
257 -58
-147 -273
-301 426
167 40
195 431
58 319
338 -33
473 -115
-30 332
-381 319
121 -498
107 -160
71 335
-263 15
190 481
-302 -293
-99 452
225 67
329 252
-365 209
-345 103
329 -217
255 -353
147 114
130 387
-309 -392
-452 215
496 -47
-223 -218
-376 -354
-71 244
112 -485
-197 -280
-86 363
-210 127
-193 -447
-186 451
134 428
251 48
398 -87
-289 -481
-432 431
-312 298
-224 -170
478 -337
278 -116
31 -141
-196 155
-189 -388
-27 406
492 470
19 -369
237 -277
359 -402
-204 288
22 -140
231 -175
-90 372
-457 397
236 289
-327 340
419 437
-463 462
386 327
-220 377
197 217
-394 -348
-407 -426
87 475
236 -374
-138 492
-88 -460
-406 172
118 -223
324 -464
230 -231
191 301
281 -206
61 264
200 212
241 188
-445 -183
224 308
-495 -204
357 -349
-119 -397
96 89
-7 -49
-369 286
363 367
-107 -12
-259 109
-42 -234
-406 291
476 -117
-386 -19
-179 220
256 140
-275 -280
15 -368
-76 -326
-92 -126
-69 406
-477 -320
-434 29
-302 22
-268 -131
276 -270
-193 273
-158 -202
-375 -30
-112 218
-69 -176
357 -403
-420 348
9 410
-470 345
78 -383
-64 -366
-4 -478
362 213
-228 -113
-93 490
-62 116
-315 -56
238 -390
-285 -65
-426 -152
80 316
-264 -172
-93 349
-422 -285
-414 420
-362 -145
8 471
44 -275
420 -124
97 407
340 -24
-222 -447
-412 -297
-403 -260
-3 416
-406 218
-103 -462
377 -50
211 -194
379 94
2 132
-168 443
351 -482
-243 -54
-232 -473
-97 496
-311 -347
-371 -378
-485 193
478 -245
412 -103
-306 5
-271 -500
-274 -69
-309 -24
-112 402
337 -460
-94 101
295 319
366 -151
468 -362
-6 160
-415 368
156 -219
445 -300
-489 25
473 -147
471 300
-331 204
160 384
-251 -331
-26 407
-254 -342
-335 -295
282 455
-164 52
-130 158
-423 -327
-381 438
465 242
-168 -448
-444 369
319 295
315 69
-227 -135
149 -63
-329 -38
428 453
-190 -112
193 354
418 -445
-250 -226
-395 46
-133 331
148 -263
435 309
351 290
364 140
-243 -496
-261 37
44 -453
-332 -11
-247 -436
262 252
-36 408
54 35
-184 253
-488 -196
-247 143
490 -32
151 -182
-219 -438
82 216
246 -251
-377 142
25 190
-117 -100
-349 300
-346 200
-43 134
424 -375
366 68
-43 172
112 26
316 -91
-297 -290
463 140
-465 233
104 95
-266 -298
-80 -348
-24 346
-226 -160
-236 69
-203 22
348 -154
337 -210
-362 -203
-279 102
86 -236
-334 -113
389 230
310 -19
464 102
225 468
128 470
339 97
-174 -112
348 189
47 -160
311 208
115 288
352 41
41 184
397 414
-182 -18
-499 67
259 -393
486 -106
71 252
-142 -32
-27 199
363 -482
283 -216
-174 187
-495 -202
-360 361
-108 -443
-396 210
414 370
486 -99
-52 -76
265 205
-451 -258
-491 111
286 389
-471 19
-385 185
198 -457
-433 93
258 -129
196 88
-194 -372
93 440
344 -288
-310 -171
479 -114
-177 -79
-439 377
-320 -221
75 -385
69 250
-37 -303
492 -127
453 -367
-221 -389
-452 456
-413 -197
315 -256
-219 -321
13 469
-298 -29
-138 -390
-178 172
62 489
-154 264
-120 253
66 -33
-97 -216
272 -391
485 195
12 56
75 347
-3 -1
101 -248
-204 441
-498 -27
0 473
-308 424
451 -342
406 -273
-327 61
156 -48
-489 410
437 375
358 364
-335 234
-129 -70
212 -253
-44 481
-326 493
-29 -218
-119 294
-178 -203
-271 -404
-433 403
-240 325
-199 466
428 -298
353 -291
-146 75
406 59
407 -20
-47 -146
-53 -357
403 -443
66 143
310 172
178 190
104 -300
-184 405
357 434
-14 171
366 -258
485 -315
-287 354
-211 76
456 496
306 -293
-496 -434
-60 214
387 -232
-31 435
153 249
-242 92
-289 -389
35 -135
413 77
248 -92
216 -187
436 -144
286 -36
-79 415
284 -30
309 -165
-404 -453
102 -263
164 120
-342 309
98 457
-366 201
-253 390
442 245
-49 335
-497 111
-254 401
60 34
-32 366
21 405
89 175
-479 367
25 311
394 311
377 314
-240 -186
-255 -268
495 -31
-289 -480
-439 434
-459 -355
165 -378
-337 -267
-479 474
111 -426
-444 252
-471 -99
-140 -397
-363 -336
-58 -410
200 153
341 -31
444 455
-287 -355
111 90
482 -114
-126 -69
-341 16
-88 199
283 -210
65 -33
164 -166
138 -81
-477 257
-56 -384
78 347
-166 496
-487 -211
-402 -5
77 233
-105 -66
443 -499
474 353
471 295
476 -240
409 -500
60 368
-325 -447
469 261
-303 -463
492 -71
177 -391
-389 -96
338 -5
399 288
-368 -45
454 -400
-42 344
-368 -342
-110 -233
63 393
345 -306
-144 159
447 17
-286 -274
-41 106
-52 -339
473 8
490 203
70 265
-458 10
-83 309
184 -165
371 -357
404 65
13 -235
-104 -434
43 61
-449 -153
339 -19
-213 -439
92 -270
200 256
232 179
426 427
13 482
-44 -336
105 -278
-454 73
-50 315
-252 -184
170 -382
493 57
-108 116
-202 -113
-178 66
-499 430
319 112
328 368
-496 -281
341 430
118 -201
-477 -270
-45 -138
-200 -413
-41 491
-208 -74
-136 47
452 435
-414 151
242 -486
373 -337
363 19
-361 80
-461 25
-67 181
332 376
-305 197
283 342
-493 232
-196 -16
-19 322
-111 107
448 -85
-395 421
-388 -394
-407 124
479 310
-405 324
-375 92
180 -33
-259 -288
51 498
-119 437
418 -3
447 -227
-114 437
269 -314
-253 -461
-394 334
-196 139
-404 335
495 -138
-17 89
490 -446
-23 -407
404 442
-65 59
378 -163
463 -469
-78 -252
185 238
-405 -198
285 -431
-472 -65
30 250
-161 -160
-447 -31
395 144
-174 449
-8 247
-255 -417
-265 369
-43 397
498 223
238 -381
391 -349
-282 381
-323 136
123 256
448 238
-433 -276
-253 272
-284 -387
-88 -295
139 -248
-72 119
-270 -65
271 -157
-1 282
-256 -37
-363 15
-260 240
320 174
-262 -315
-259 71
222 -327
-17 -260
1 -395
471 -234
-5 -459
-236 -427
363 -114
471 -334
-297 -133
-287 -261
233 210
-106 444
274 499
4 -208
12 309
236 0
-129 389
-348 114
79 219
-171 385
394 -457
-454 -371
-266 -65
61 -71
-153 291
-179 -295
-153 -210
-223 169
-159 -33
340 -132
-33 108
418 -6
-318 -137
-391 329
24 -359
233 240
-24 -443
230 450
-316 -433
-187 -172
-32 -29
-496 55
-483 -116
-347 -317
334 -82
-9 115
-213 -285
-336 -421
-227 -11
251 54
216 10
-117 -408
84 8
-338 313
-500 203
353 18
46 407
-324 -175
416 223
42 -290
463 -64
223 -388
-414 356
-23 352
433 258
277 191
-383 361
-151 487
133 4
471 375
-462 -241
-218 -282
-139 29
22 -37
175 -175
495 153
476 -154
16 469
423 -25
-410 -127
313 457
234 453
203 131
97 -422
44 98
177 -190
-362 460
-370 -105
-218 -179
52 330
366 -232
-49 -141
-434 397
-455 -88
418 390
270 258
470 147
-153 207
19 360
40 91
-342 -336
-272 -394
64 7
-300 -214
-489 -479
253 -266
-241 -444
209 438
62 417
494 -30
437 -284
403 494
-255 -442
-212 485
-178 -219
-12 133
-53 -34
-477 416
-102 407
-199 -136
219 -61
443 184
233 170
373 378
396 449
-376 42
121 494
42 352
-488 -294
-84 63
-391 -122
-125 -246
-438 157
-184 -244
327 -453
217 -215
90 -328
-55 -215
-199 -282
137 -170
300 186
108 132
122 -228
107 -224
-379 209
-342 135
-240 -9
-491 -216
-134 -356
-353 -380
-90 -15
-419 135
-367 259
340 -18
82 208
-2 384
-68 152
-14 171
-354 -416
172 -275
230 297
-77 396
291 -384
-447 385
444 79
-342 6
-498 153
-245 462
102 -321
-489 457
-139 -70
-160 -475
468 -356
382 199
28 46
-144 -164
-270 112
-66 -309
-169 -121
58 -479
-208 136
-41 314
337 488
-304 -216
-149 228
-401 176
-223 379
279 -208
-122 408
59 -32
-402 224
-330 261
169 -287
161 -339
118 -476
-324 383
-74 193
-321 -162
-66 342
-447 20
110 101
-258 -155
285 201
-221 -388
-306 -370
-88 -12
-460 228
249 -90
308 94
-476 -237
352 277
-147 -386
-282 -39
149 -370
497 -401
472 -325
-82 -168
-17 -222
-188 -444
372 -182
89 278
-492 -125
128 499
371 -485
-237 -279
-241 287
-218 321
-141 333
482 399
-76 494
386 -135
-200 40
-353 -197
-273 -12
-398 490
178 -225
-134 197
82 381
-58 -108
160 221
416 65
-321 78
294 -146
429 -412
366 -114
-438 12
-244 -397
-497 -180
354 -473
-19 -437
154 491
500 -419
-104 -93
-89 223
-120 484
-111 167
192 -438
403 -188
-455 -446
45 138
392 -213
-437 442
-474 -282
338 270
-2 -252
-444 -473
84 -291
484 -417
153 -83
-164 114
-282 -417
288 -74
303 -471
-99 -223
-188 -322
244 -50
-185 4
-414 -8
308 -201
-112 -33
-250 257
-415 140
340 -437
169 -42
-381 -444
210 436
-257 -177
439 471
-109 -309
-181 -284
429 463
499 489
157 392
164 -389
356 458
-236 -212
-48 -386
-251 -418
4 468
-344 449
340 -33
112 236
-389 -360
-56 253
444 153
52 371
-405 -430
68 172
205 -488
298 44
-148 431
238 -469
-249 89
372 -245
-74 -226
-222 -235
-433 78
16 66
-427 -440
249 -202
181 -286
373 -205
480 -417
-172 -331
-116 -288
-226 145
288 217
392 72
-215 408
140 316
291 482
-88 -211
231 261
-85 329
-277 -260
99 -256
-22 -278
-412 -200
-326 -361
24 238
-24 245
-8 -292
490 -84
456 -108
320 410
136 -269
40 -141
-144 -259
291 446
-67 -319
417 -403
-444 191
-28 96
-447 108
-500 25
171 417
97 442
156 -458
164 256
-319 119
103 43
-172 -85
156 -30
-33 -162
200 -147
381 312
-479 437
-381 -85
-227 -131
-92 -192
-121 -313
-138 260
276 -242
-175 336
282 107
491 -60
21 -362
65 -224
-411 368
-499 63
-171 341
86 78
385 176
-25 -423
63 -464
-38 -18
218 -309
68 -351
484 245
-17 -27
417 101
398 155
-196 234
439 334
-265 -148
237 335
179 399
350 166
187 -130
104 -143
330 6
-410 421
-365 431
-22 254
99 425
-498 96
-421 -495
275 162
-281 -273
498 174
13 -370
-77 -392
-399 217
281 -279
209 -446
-456 70
-319 287
349 -235
123 403
-295 139
20 480
327 191
-120 348
229 328
436 386
397 35
305 307
-126 -403
-371 157
317 -362
-331 393
356 234
-417 236
104 248
492 -15
-353 88
155 250
-479 -8
-482 155
453 -442
463 -321
417 422
-461 3
216 231
483 -416
163 -500
-415 -32
486 -163
429 404
-411 246
317 -399
-408 -10
-231 -360
328 -454
457 140
293 15
463 -481
-291 -195
-434 -167
-147 8
-222 184
-347 396
-262 -292
359 -9
-311 -272
240 -378
-334 369
51 -358
174 58
49 447
-143 -271
169 113
230 281
146 196
-395 72
73 -80
16 88
-120 -104
119 -442
426 -208
-198 -432
-298 -264
312 -198
-424 -206
470 -96
241 -117
459 286
492 -212
323 355
91 -45
-252 -158
259 -358
290 489
-165 -290
-6 211
209 -392
-309 417
-245 128
339 176
299 493
-71 239
-28 -284
245 232
-329 -286
388 223
408 -402
95 196
-378 -485
378 -342
386 -355
-460 468
-460 -16
-296 -199
318 270
287 428
-96 -361
118 77
-154 190
-229 -341
-192 -151
-375 281
22 -473
256 -205
-257 -468
-146 138
-181 -143
-339 232
-403 -253
395 440
119 435
255 -480
-411 421
180 267
262 184
203 -214
-136 -345
-342 -65
453 143
148 -185
291 486
-495 -230
360 280
-365 37
-184 186
-481 239
465 105
126 376
337 54
-33 234
38 -240
-425 239
-192 -130
-192 300
-161 -388
-341 279
-187 193
-10 205
392 -123
31 -60
-82 29
-85 -459
80 -455
-247 -226
111 154
340 -192
289 -425
425 438
409 422
89 -413
145 442
-318 -12
-473 51
96 156
-257 298
33 444
-471 170
-71 8
179 -235
-272 -338
-423 -169
272 35
392 -110
442 -53
-353 351
-433 377
125 -270
-326 -411
369 14
435 -397
-71 -126
447 363
100 309
-58 133
-115 -497
472 380
242 27
373 276
250 230
334 -87
-140 -270
-286 88
-243 150
-486 496
-500 26
-123 -271
-363 198
282 -243
319 -71
186 -332
157 -181
-412 397
61 -65
87 496
12 459
389 45
308 206
-77 8
-153 -163
342 7
19 -130
332 -431
499 387
-129 449
345 245
81 -91
-243 252
-260 -316
-347 -58
75 -272
-363 -499
-189 396
-153 -134
-306 -252
-465 473
-16 -488
-295 -282
-414 248
249 -306
448 239
106 17
-196 32
398 -49
-486 479
-102 -93
258 198
128 242
299 -102
-210 168
-220 410
176 -144
-258 -103
430 42
-166 -374
-182 -416
-206 292
-402 -246
-230 -319
249 261
16 -41
82 -5
-44 236
49 -372
443 -129
-201 -54
-270 189
355 -271
498 445
207 -415
-3 -301
79 -427
-107 -459
-175 13
-103 -128
12 -314
160 488
-482 -499
492 237
-432 123
-355 -255
-467 34
86 -401
389 52
8 -171
-53 225
253 192
9 327
351 -177
-49 -380
307 56
-197 379
-374 -316
323 -328
-4 53
53 251
320 273
-347 -165
-350 -94
490 205
-145 -370
471 -407
-13 -230
250 -481
-389 -465
-181 382
105 -195
-190 352
-144 -258
26 69
-198 -394
-55 -239
-93 267
422 -125
270 -390
393 -215
-440 87
187 -357
-402 201
-364 458
-69 431
-310 181
500 -177
-11 -321
-392 -352
430 -225
-480 -79
-318 -172
93 450
246 -369
461 354
108 -338
-248 64
-178 -302
-37 -64
25 -331
-497 -117
-237 -476
448 -209
-162 224
148 330
-325 17
109 -479
307 59
-323 456
287 -94
-188 -312
-257 400
-339 -365
306 470
36 166
-190 -108
-381 -290
-259 263
212 266
217 -298
72 470
-307 488
348 -9
-101 95
-404 -336
-212 14
204 12
-396 -113
357 493
310 180
-180 -186
-167 -325
346 481
-78 135
-412 -311
-125 215
-482 301
180 383
274 -280
-252 390
268 -63
-25 -457
-267 73
-118 -422
29 -250
-317 486
83 -343
99 -429
313 -147
-299 -422
231 -447
409 -68
-227 61
-182 85
-252 -405
16 -201
147 -330
146 -264
99 -390
30 159
421 -209
-283 179
295 -136
284 -305
16 481
-463 -145
103 113
-111 45
98 120
129 308
272 474
-500 434
227 221
109 -176
338 492
254 55
431 -277
-244 -89
-113 138
-115 274
307 28
155 347
345 -243
-168 -468
434 -285
394 -327
-475 268
-82 81
-136 -311
300 411
-47 -22
242 -189
44 -17
348 -288
-64 -56
186 362
-277 -344
-483 -50
-350 299
96 125
474 -5
-391 427
286 -221
225 313
342 -493
-13 14
133 -170
46 212
-380 93
60 217
-201 -296
221 475
-335 371
-38 151
-126 31
-29 120
-398 -136
88 -199
-427 267
119 167
-194 240
-1 174
-134 -357
-59 279
39 -265
-185 454
-201 169
-145 407
23 42
-214 290
330 -475
68 112
39 -122
-491 -448
320 81
-229 -76
266 216
211 -455
292 -479
48 396
265 -215
370 16
241 41
-129 4
117 180
127 478
248 203
-319 -30
84 113
313 -406
-80 200
149 -186
259 78
-204 -278
128 272
403 -333
-216 216
300 -23
230 74
205 1
-412 187
172 -2
449 271
-333 -293
147 -155
-184 25
-38 -142
223 -191
16 380
-346 -400
-92 -15
-268 35
128 -124
-375 278
-301 126
402 -204
-306 -341
110 -156
-64 455
477 -493
189 -15
-494 355
-157 60
-118 308
-365 482
-113 487
-315 494
-341 352
273 161
290 95
-276 -297
63 378
-276 43
356 290
293 77
463 -423
-395 -370
-429 -391
-427 -263
204 -91
-497 421
370 -97
340 151
-191 273
-11 -255
133 -7
-431 -403
380 -179
-27 -211
36 -455
-257 -34
11 -166
382 319
238 306
-206 177
400 -295
494 131
-336 -372
170 231
-345 -287
-115 -378
-466 -53
378 285
392 -339
215 -249
469 -279
257 127
484 -479
392 -121
278 132
-194 107
415 -118
-401 -363
123 -127
404 413
-417 418
133 181
84 389
-58 -159
481 499
-270 -167
340 168
-239 180
188 486
-184 123
290 472
437 -493
-149 483
-412 162
-392 -433
137 489
-128 71
-217 -459
259 -482
-125 401
-115 -201
348 -3
-428 427
-393 57
-351 -284
-372 -387
-322 -174
-230 461
415 -207
-436 -347
296 -10
158 -280
145 113
244 415
489 -98
16 -389
-302 53
-181 -207
-248 485
-100 361
431 226
256 215
-191 -467
190 389
221 184
275 -483
214 215
435 -483
-241 -332
281 405
28 -423
232 365
312 140
10 395
138 -374
-102 328
-386 334
59 407
269 344
28 499
319 436
79 -376
173 -467
-172 361
-315 -397
229 272
107 -8
99 44
467 -332
-234 433
353 -102
-192 2
-244 -193
254 184
-120 -226
400 -394
121 166
252 21
220 27
-315 480
-65 -79
274 150
417 454
-104 -355
-312 -496
291 -443
-4 110
446 -486
271 118
-54 445
-319 -249
-97 126
101 202
-246 -281
375 -159
386 -87
-400 314
-79 242
-167 -72
291 -462
-271 -12
-96 -442
149 339
-359 -2
293 -463
-18 171
144 73
109 -253
310 -465
-15 330
128 -210
491 40
-42 -364
-482 45
-351 -291
-13 232
-257 -188
121 -442
406 266
-195 -138
463 -494
289 60
-83 -66
-21 159
-453 -328
-250 -234
-476 313
-446 88
82 458
-405 229
-494 165
230 97
57 145
125 -456
-364 -53
401 -320
-239 1
205 -91
-1 274
-27 73
98 -359
-272 442
-35 -2
312 203
-322 -130
287 -436
-382 -459
-30 -224
-127 421
233 -171
299 -133
-119 -155
-339 150
-35 492
131 75
-458 53
124 -336
-79 336
337 360
203 -309
-238 176
37 -366
169 197
470 34
-63 -24
106 -396
445 -43
-423 -91
-184 -122
483 225
-449 465
-420 -22
132 257
334 193
-73 62
182 -376
125 324
-90 72
-399 -120
451 -290
456 -246
-102 12
-327 375
-162 -230
-323 471
-100 8
127 -202
95 -7
96 -268
-115 344
36 -427
129 432
318 -390
-110 -72
223 -162
-194 96
38 104
-185 98
-444 -392
-463 -220
14 -488
-215 146
-76 -435
359 -118
-498 -9
-23 442
-250 -142
137 -72
-138 354
-68 344
480 500
335 -244
192 -85
455 -384
444 -320
347 474
-111 305
280 -144
307 141
-472 -463
-369 -124
-219 281
-121 94
-267 77
-457 -242
151 -321
-361 75
-262 11
191 -289
-209 219
-6 425
360 -276
-147 -130
339 261
10 -143
-27 303
23 209
28 276
-492 287
291 -3
99 176
-139 134
54 157
227 131
-375 312
453 29
-381 -222
-31 125
-21 -252
457 246
234 254
173 461
-98 339
-278 -39
-64 -352
-113 204
-286 -239
142 -150
359 -312
-97 306
-467 -199
-112 -381
39 -265
-20 152
217 40
467 -261
-95 -347
-300 180
491 -395
86 -111
-149 356
355 -475
425 183
-148 -74
-202 -243
157 379
144 164
-161 -437
147 -271
-208 -382
-58 -491
-400 -455
458 152
339 177
-371 153
479 212
-415 199
368 -19
-491 167
320 113
382 177
67 57
249 448
-20 -449
184 -206
227 -84
-294 -301
144 384
441 198
19 13
344 184
-73 -25
261 307
436 377
82 -322
-403 348
140 -80
-131 -71
105 484
-190 -123
-56 107
397 109
-164 182
-458 -411
-159 456
36 123
-210 133
72 -16
327 491
307 288
-227 -54
-237 -150
-417 -413
21 339
447 -202
12 -312
-54 281
-485 -277
-155 -480
182 304
327 423
-449 482
-317 -142
143 331
39 -203
211 -117
497 -282
-233 300
-67 -430
238 206
-491 245
179 394
477 -413
25 161
345 -410
363 -278
316 -50
-25 205
-126 -391
-265 258
-377 -419
162 138
-223 -29
-385 -3
284 398
-439 9
200 -190
468 260
-462 164
-152 432
-17 244
-63 29
-448 -313
-291 -144
-117 160
132 -209
358 -83
-168 420
80 -97
244 -477
244 124
-156 -92
-280 179
-169 418
-166 -110
-365 -72
-178 26
239 -274
38 -98
486 -28
-209 388
-14 257
-121 -298
-462 -314
-394 -217
-249 71
192 387
-15 97
-447 -361
153 288
-445 -23
31 -309
125 -340
386 452
295 -480
166 279
26 -82
-410 166
278 -124
-439 -462
404 156
-358 320
490 -182
-336 -64
-426 -194
399 -319
379 -85
-120 -312
498 -381
-218 465
449 -305
-409 43
294 28
42 -279
43 403
-89 -495
446 225
79 148
21 -352
82 -234
442 -83
216 406
-178 221
243 382
28 196
343 -334
-447 289
270 -390
-104 495
63 -118
-297 274
-71 388
-76 -274
-372 -196
-60 -305
-254 -224
-50 -48
-41 -128
331 275
130 -158
213 220
40 -85
-265 -347
-120 253
156 -196
-101 109
-189 194
-462 -64
310 59
390 109
-350 432
-95 -248
-402 -299
160 -467
-280 -275
327 35
15 -83
462 -130
11 2
0 381
-47 185
43 72
-129 -33
-168 -310
-276 361
-161 487
39 -7
-257 295
-422 -247
-150 -163
-328 -102
134 152
263 -187
-484 328
361 -491
-69 -401
-479 -72
-81 309
-204 22
-213 63
-102 -327
186 -351
-130 205
86 -270
-231 -291
-131 237
252 -148
-67 305
-259 215
-94 345
316 337
439 489
-135 -493
387 172
-222 -268
-393 -274
75 495
-157 51
-75 377
31 -13
417 -249
-311 321
-401 101
427 245
69 -399
-99 282
497 391
-66 382
-296 91
389 385
2 -127
-2 -434
466 -146
79 -184
12 161
-15 44
-486 171
-232 380
-187 41
221 -455
428 92
-357 353
-432 86
-278 427
97 333
-216 -212
-447 -253
118 -500
-151 -35
-388 -280
437 392
137 401
-186 -242
91 -243
121 492
497 106
486 -7
91 -221
-35 -311
-127 460
-496 102
-489 -438
156 364
-412 438
-377 102
-264 -36
-73 -254
94 -50
-90 -5
-155 364
168 -463
-269 -103
150 153
-277 302
-71 -40
77 133
313 377
441 347
384 -2
447 -262
-115 259
237 352
-458 266
102 40
273 -441
-404 -155
19 -221
-131 -29
448 -174
497 138
-369 -237
-183 435
-10 464
-316 222
370 -269
-130 -189
-410 -149
-435 275
243 -412
-198 79
-491 -25
447 -165
367 -105
2 111
-47 402
-79 197
-5 469
419 489
-29 -482
27 50
195 -23
-62 395
80 -469
-254 -64
400 -17
-57 -133
-230 68
397 214
481 151
180 328
291 -199
64 214
-149 -236
488 140
-302 310
454 -60
-489 -131
-3 104
-143 -67
206 -443
229 -489
-440 317
-390 -238
447 -475
-180 -88
-426 -469
-74 -473
497 -289
-164 78
19 -71
333 249
-360 219
-304 21
-469 -54
-31 447
359 130
416 -399
116 -128
163 -191
-123 290
127 -494
-393 -154
211 6
-224 253
-491 -72
-306 -35
-335 55
400 -432
-276 -248
188 -236
186 -267
-296 272
-144 -11
425 -420
-372 -220
63 -222
-134 21
-455 79
292 -135
57 -427
99 208
-148 -375
-472 106
-63 415
293 61
262 -86
-137 -128
13 -143
-378 -448
-255 -287
-277 -312
46 123
-386 1
174 252
-14 246
165 -425
-107 -320
384 489
-245 443
79 -371
-78 -100
432 71
218 375
-361 -311
-124 266
296 128
-484 14
-41 290
-2 -187
-358 16
196 356
438 -248
177 -375
376 282
-320 -456
34 251
125 -95
335 -499
345 -334
423 445
-489 -471
-347 -483
459 8
-142 -139
200 49
281 411
378 233
-255 390
133 428
4 -322
26 -424
-197 -157
297 -213
336 94
173 -386
-32 -346
-353 386
253 -459
-30 -453
165 -448
-260 248
227 223
284 -117
-118 -99
-67 -414
-301 428
-421 63
348 -236
-172 -474
-90 229
-97 -26
-126 31
-139 443
-441 48
214 453
265 273
172 -208
387 -108
334 377
-22 -67
330 -79
31 317
-293 -37
452 -367
235 242
141 -328
-421 226
52 -182
-175 -212
42 -53
-39 249
368 -282
46 62
222 -297
96 471
367 457
-455 148
-5 -341
-451 176
216 106
-182 -47
-335 -38
-209 -208
6 352
274 451
76 122
-481 144
371 -318
438 79
-378 311
-274 -50
-443 -258
29 496
-367 -247
-294 -133
263 -151
321 -133
152 471
-301 -437
421 -42
-316 -177
474 -403
459 -205
35 -317
325 344
-162 220
-299 -362
235 -151
123 -42
70 30
-388 376
-314 238
-241 95
386 -498
263 54
-194 -317
153 347
182 460
-287 -195
-116 155
128 -477
-119 -469
253 -318
170 9
-101 -212
-128 480
-328 -171
-489 -24
-4 157
169 420
-318 114
231 228
-133 -362
-55 342
394 57
-127 -111
366 -99
230 106
303 42
241 -57
271 500
16 -419
312 357
190 -392
31 -167
-319 241
39 292
321 -47
-106 -341
23 94
492 304
-367 -190
316 -309
-408 -62
390 -119
455 -225
286 403
150 331
159 -426
113 -282
-441 379
-1 -188
-451 429
-35 -407
-148 351
-258 451
-236 -24
420 -426
-409 -318
254 -445
50 -386
-494 416
-172 -442
14 -425
-396 108
-180 219
176 361
337 -331
41 -336
-334 -445
-241 -225
-405 60
71 -286
319 100
-337 438
-475 233
-283 -306
-378 488
212 -217
88 73
-168 354
356 -196
447 212
-145 -256
132 -247
26 58
-84 -223
32 176
-497 275
157 -181
200 393
303 -490
-391 98
190 -443
292 237
-145 410
452 344
275 -5
-443 -25
320 93
-170 -31
259 -47
