1000
157 -233
-471 -112
69 390
-171 -190
-298 270
-195 -163
-404 -238
192 471
2 361
312 -118
230 371
-458 432
216 167
-70 211
226 -476
8 -293
349 -159
-104 -25
283 17
390 248
-481 -451
-159 224
402 -10
-298 399
-45 -425
-426 -424
-164 -89
187 -445
-419 133
396 444
-376 319
245 -317
447 372
-107 157
-92 115
247 186
-194 -201
190 -446
-304 -337
98 299
-489 300
-371 428
256 413
428 90
-279 -417
392 -52
-263 181
371 -270
-148 -127
262 -472
483 -362
-269 -238
-499 326
-476 54
-292 -54
-381 241
-54 236
130 272
489 267
-434 488
47 273
184 22
-321 86
466 -49
283 341
-406 466
-290 490
342 -406
15 -295
-64 218
255 -217
426 -367
-490 -286
-289 179
-42 236
323 220
-122 -15
16 -225
368 -190
378 -466
233 294
265 -124
267 -94
366 458
-429 388
-136 -429
-269 -104
-53 -476
211 -47
-213 -332
6 305
283 182
381 -124
99 -188
-158 -15
-135 -155
224 386
-20 350
244 -231
-26 -111
491 86
-177 242
180 -20
384 -351
-17 84
-5 -12
91 -226
232 454
-314 -382
268 -134
-209 254
-462 -33
268 39
-413 68
-164 -167
-141 -329
121 120
-385 -77
-375 -398
227 417
342 405
156 -412
-9 479
-231 -237
178 99
251 130
187 -361
-479 226
25 192
-127 91
-207 447
-215 402
-419 -162
126 17
-352 243
-150 -311
-91 31
468 466
-146 379
-194 463
-198 265
-346 305
355 114
461 -290
219 -9
-267 215
-417 420
477 -208
-406 291
-490 -308
-447 433
174 -287
134 452
159 -158
-387 -249
316 -276
-114 398
468 444
-157 58
134 -68
-196 -53
-396 -241
445 143
499 301
280 163
-130 239
-94 -154
40 365
-175 -40
-150 -100
-334 -16
-237 320
386 -215
222 -163
493 -81
236 128
-406 -175
-244 297
50 474
313 72
25 51
498 -337
72 217
-123 479
422 -98
-16 174
34 98
-220 213
-359 355
388 -410
-113 318
-465 7
139 276
-217 -256
-405 -409
-274 -353
-188 452
-112 -27
364 12
-169 -256
-358 282
-54 224
-481 -215
265 421
301 -155
-298 -56
72 294
-410 -56
227 -317
240 -78
-37 -134
-250 205
172 296
-425 28
-319 479
168 -32
-257 226
-79 -183
424 105
-199 -431
-496 364
-102 152
-217 221
65 -472
-314 -285
181 -350
295 -165
-316 -74
235 189
487 335
229 -165
186 393
27 -114
-266 446
-361 67
-415 176
419 -267
-311 -429
-191 -58
272 461
-58 -420
-274 220
354 -455
-172 212
-100 450
34 -257
-184 367
230 -396
415 325
339 -310
401 -234
-281 55
-80 191
-155 348
-130 -13
14 201
-31 -320
491 -259
80 -412
-244 198
-258 -13
385 -454
-167 -358
329 475
-403 119
83 171
-17 -330
381 -128
404 46
131 359
117 127
-198 74
30 181
385 -145
352 240
180 352
343 -202
466 -110
-295 139
58 -94
235 -429
-113 483
-87 -283
-21 241
57 -158
-18 216
241 -107
59 116
20 55
-310 -424
-399 410
-437 257
323 159
41 237
212 -145
-154 301
-31 -98
-488 369
78 -424
-279 295
83 -374
-493 58
-80 216
135 -480
-467 -495
-225 337
11 -150
133 65
22 459
193 339
-454 112
-331 291
364 -371
156 -50
-170 106
-105 146
384 87
226 -300
-358 209
-286 51
-166 -497
40 -63
-488 -307
371 -203
-292 334
96 -288
442 322
129 348
-227 239
457 435
-57 -349
-282 129
243 23
-18 414
-152 -212
272 239
362 -300
-185 -459
463 -10
-124 -15
-57 -81
-261 262
-49 -148
493 404
375 317
-37 -320
98 -232
-318 -119
-229 -81
163 43
-462 417
371 70
-118 -468
-456 -185
307 -350
41 350
119 471
-495 448
117 -481
485 -290
149 -300
-49 383
141 -84
183 -235
225 -125
325 194
-247 -281
-290 -305
-226 -469
394 395
146 289
-466 360
-417 -33
-93 70
160 -25
70 -373
-28 482
-169 102
349 441
-55 345
-164 -106
-170 -268
94 -463
238 46
-40 38
479 111
82 -241
-180 -468
249 -190
89 272
458 -100
385 -29
-48 369
-497 448
-151 24
-35 268
36 285
-177 -349
195 101
105 422
316 349
499 490
173 27
-377 -351
-6 252
-278 -209
406 -236
-20 130
271 -259
312 191
-471 243
-115 60
478 331
-176 -227
-226 18
-98 356
435 -345
319 278
309 -458
-1 0
-230 -110
440 90
250 -232
131 -285
-18 -498
-201 246
-369 -380
163 -406
-140 499
123 294
-281 -424
-40 34
53 446
-307 -404
459 119
-43 -249
458 305
222 391
-280 145
433 -490
29 -383
-263 -432
33 -89
86 -497
329 305
411 9
-51 180
-477 263
-391 -39
-185 -88
-302 218
-176 -297
470 129
429 -416
292 -355
-199 254
300 -86
366 384
96 -232
186 470
118 -384
-156 145
429 143
94 -481
403 238
43 -305
-161 -111
-87 -123
193 400
-405 342
446 -184
90 277
445 487
190 4
35 -472
217 -478
54 -410
-85 -453
330 253
442 376
43 403
-331 -317
360 -33
105 -224
-168 315
-293 -125
-214 -271
22 -304
127 -324
383 296
312 -456
135 -72
2 -380
134 -30
450 -118
353 -90
37 168
-63 307
-70 484
-54 -184
-372 -141
-134 101
-451 -268
171 -493
136 296
-50 -147
-497 192
-125 -210
-303 31
-12 281
-96 -247
-221 -10
13 377
189 -453
52 -141
-433 -87
-91 -25
-98 333
340 428
383 308
410 101
1 412
-421 -102
-364 374
187 398
322 -22
-85 269
-224 245
172 -292
-37 163
-399 -391
-459 -221
-84 196
460 -113
26 -208
142 -131
189 146
-376 232
342 -320
472 217
-362 82
120 -395
21 -397
438 -25
-101 59
-238 -73
124 -443
278 463
302 481
392 -473
408 361
-197 440
-155 164
86 330
-187 -178
74 -294
424 -146
-496 477
69 -236
-84 486
-320 -446
412 -25
76 213
305 336
-3 500
-320 100
248 -316
-382 -295
-121 21
371 285
-419 86
63 -278
459 -217
220 201
189 319
237 94
454 422
174 365
-465 186
471 64
208 -396
77 34
331 -317
123 359
97 85
281 221
-46 186
13 -38
110 -317
-141 14
-291 -161
32 205
199 482
-51 -490
-195 -32
75 1
43 -11
-280 -290
483 -12
-463 -135
73 460
462 379
-239 -381
-46 -300
339 252
468 251
-392 -493
105 309
421 -339
367 410
-438 171
-380 50
-148 -500
-170 -88
-284 -476
-189 -182
489 442
-326 -319
-120 406
108 -61
-428 423
459 478
53 313
-88 19
-87 403
19 81
-197 112
305 252
186 -339
49 315
365 -49
163 392
-24 482
54 51
-5 -428
-362 -499
-309 -271
233 -188
117 227
409 391
414 -217
219 -168
-74 0
217 -144
-429 477
249 400
263 -434
-52 390
-36 443
-1 406
-279 358
-92 -454
341 380
175 64
-352 -89
294 423
-25 364
83 -234
322 42
-331 424
457 273
250 331
-402 -497
-80 312
-38 145
161 -482
344 -342
394 470
-355 180
218 136
-28 330
-266 195
-361 -273
192 340
-42 345
-382 -419
-499 -397
-252 10
-187 50
495 -86
141 494
206 449
-298 496
30 196
-143 -500
388 -114
-169 -8
341 429
-83 299
105 408
-219 129
-463 -453
-109 -260
-410 84
55 -91
-105 -233
-239 -267
-261 -324
-250 -182
98 195
152 -486
-184 -115
-113 316
-474 -356
272 -335
-9 196
155 -105
-124 315
-308 -278
-122 -72
-435 -50
-347 319
92 473
-172 -398
-103 -256
-65 -471
-131 -374
-102 -188
192 13
-40 194
-29 -14
-193 253
-9 331
-309 180
258 -292
-358 256
-461 453
294 32
327 -258
473 60
473 -384
147 200
495 141
-167 425
-420 221
410 -54
-394 -74
442 487
324 -191
-333 46
-339 357
234 -375
319 -94
363 10
305 -18
184 -221
-190 366
235 -301
-418 395
-12 321
-151 350
179 -486
-359 149
-55 -141
398 74
176 372
101 76
253 -498
195 -366
439 -490
324 200
-20 -400
-41 -241
-41 481
355 250
61 -390
-286 -326
438 -471
498 440
-195 196
-120 -276
-215 444
479 -50
240 -168
-134 111
372 477
-236 359
150 -130
21 -460
363 120
353 -440
-267 -434
72 486
-143 228
243 427
416 468
-281 408
-181 -486
-497 186
52 456
354 -384
314 492
161 111
52 388
436 475
-219 -493
-97 304
-73 185
-422 -193
-425 -116
-274 380
159 -225
-190 -118
425 141
-290 -180
476 472
325 419
253 -236
-270 -448
74 85
198 -381
-348 -434
-420 -474
-57 -307
346 123
-374 69
450 -169
-30 -500
-446 -194
-76 83
-413 465
-166 338
-66 441
73 -182
78 -254
471 346
446 232
468 145
329 42
-379 5
460 -80
11 165
15 -290
-429 122
-58 389
-391 -175
210 -227
-94 398
-381 -423
-51 -179
124 -397
-52 446
-435 -423
47 256
-131 -348
-31 -187
-490 234
-269 117
249 29
-63 -498
76 -259
-30 -299
22 496
-108 -207
360 -258
-318 298
305 -237
-439 331
-154 -482
-355 379
46 -37
-458 388
-210 -489
-229 -90
340 312
51 -486
-61 223
423 -70
387 -128
112 -480
123 -263
-172 428
-478 253
210 -333
468 -160
-497 440
24 -393
153 406
-271 212
-429 -68
-109 205
-265 408
-52 422
123 304
-318 -108
-347 -169
465 -426
-407 -495
-453 -363
-402 155
133 -206
-430 -286
-46 90
9 81
-118 215
-146 287
-432 422
-264 -399
-435 314
-470 253
-18 500
-107 -26
-30 399
-53 -293
0 -98
187 480
-346 417
335 2
465 -306
-295 -66
-292 470
170 -317
-234 -426
-355 457
-423 -287
-443 -87
-143 453
-299 479
-79 -371
287 182
-150 314
-272 299
-134 -352
95 365
412 482
70 -235
410 340
-357 -338
181 -322
24 478
-385 -46
261 -115
-222 160
-61 -160
-292 205
-147 369
50 -482
-239 238
441 -385
-169 -81
-44 -95
-243 -250
-353 -237
-114 357
-54 -493
283 242
76 -326
169 -105
-163 -305
42 95
74 182
-396 130
-221 347
227 -58
-111 343
37 390
-153 111
481 -416
-405 268
155 -171
-404 -308
437 111
-152 221
344 -297
-217 170
-353 -475
-13 55
-134 -220
380 -126
474 -26
-487 -462
-112 -308
-286 -60
-363 95
-165 465
-86 355
114 -257
351 -416
-399 -70
3 -82
219 -467
-146 -455
-388 341
-317 -491
-431 454
-359 -317
495 97
-6 386
-432 -85
-203 467
-210 36
-167 298
459 211
-433 -451
23 -362
-120 328
103 -201
-380 288
-435 -20
13 232
