10000
46 308
-219 -181
342 -210
87 96
27 -76
-102 127
161 356
408 -225
81 -419
-46 -448
395 20
314 -443
-352 450
360 -8
343 -298
-308 365
-308 162
399 -88
-433 465
23 109
-159 -57
215 171
120 10
-320 114
-175 399
-451 -434
53 488
354 -188
252 36
-10 313
-199 -240
476 -183
197 213
354 -129
454 89
-262 438
-320 -327
-39 -377
74 -469
458 405
-475 -58
403 -408
300 -443
329 400
104 -399
-371 -150
-190 -342
-390 67
-116 -384
132 -5
246 -449
439 382
-11 -350
-384 -141
-93 420
-345 -260
-210 -63
-352 -432
239 -286
282 -462
-21 14
-154 -458
398 -497
-409 411
398 356
454 -348
67 -151
426 489
201 -443
262 -162
-450 -345
109 -13
-24 -418
231 471
-18 -173
-462 -139
-109 488
388 483
280 -113
119 214
2 -466
442 174
168 454
349 -457
429 -91
214 -135
-450 47
64 -224
233 -325
-266 -335
230 142
-278 -24
48 -449
447 224
36 282
498 46
82 81
234 402
-265 22
359 158
463 -34
-73 -182
-333 -139
31 273
-489 85
267 352
-429 -128
35 386
-484 443
-88 -52
-67 -435
-120 -280
-354 -183
242 -325
162 -197
-273 13
-254 124
88 -468
-386 129
-305 264
3 383
-297 -58
-3 -109
24 9
215 -14
353 -15
-49 -303
-414 -403
-192 -311
299 -330
-66 -189
-37 395
-262 -184
-488 -252
136 171
38 -124
131 159
-430 442
-467 52
-97 451
-190 -194
-103 -22
417 154
283 -122
54 435
-178 -296
-425 -184
-312 187
256 -31
-475 92
-484 -303
-500 -375
371 265
435 -296
22 -337
-145 -160
-14 -67
-454 381
75 480
-95 -7
-152 425
-142 -495
282 243
-499 -472
500 494
-227 -30
-421 216
287 -452
-40 -93
167 -477
-247 314
-52 350
365 -114
101 151
-438 -211
439 361
-235 -345
-232 181
101 -52
474 322
-198 -316
168 93
-281 84
441 172
228 -363
287 -15
-492 280
-24 174
117 -472
263 -421
-188 -349
-62 362
370 429
-459 -148
-215 -261
-34 204
69 273
449 291
209 -269
-486 301
-144 -292
405 -26
392 81
416 -381
-437 314
110 350
117 273
420 170
-257 457
29 262
11 -260
-91 -431
-412 5
492 97
93 18
-229 258
-217 -342
-287 499
10 57
-49 -41
12 -194
-99 -312
58 80
369 -222
-112 -476
52 419
-50 397
112 172
213 447
-262 -491
-414 -433
92 29
-222 -447
-242 368
-46 -51
112 -351
-498 61
-343 149
-322 -479
-492 -348
481 270
-172 348
494 306
342 -466
46 -395
-419 370
-3 -471
116 -463
-174 81
-459 -201
266 -488
77 -99
296 285
-190 -311
464 -446
208 -85
-161 -48
-477 387
-112 -286
168 80
171 -326
-352 225
248 456
-64 -124
457 131
-92 319
-250 123
447 -417
-90 93
414 121
-359 -362
-192 -425
-199 461
157 -299
88 -291
173 -331
-261 -163
-60 -40
243 -242
360 242
44 -335
-170 261
176 -429
239 -110
275 -385
288 -92
-482 -148
176 263
-494 -492
-284 145
124 291
339 329
-364 123
-395 293
-485 -487
234 389
-67 452
-170 -385
482 442
468 376
-420 291
-323 -259
-200 461
225 -14
255 -22
-76 400
163 229
-161 -318
-386 -485
-10 35
-139 37
-362 -272
-206 -81
-359 233
386 479
77 -73
244 262
337 -195
330 -326
-192 -118
135 277
-29 -370
-81 -442
-240 132
-145 -259
298 -467
-293 -183
72 -193
-340 186
-109 -32
18 63
470 -395
-479 -390
-402 -317
204 -389
145 289
-249 201
262 -353
10 279
-430 -306
-228 378
22 298
-141 367
-141 212
-338 71
390 -79
-164 224
-456 -311
255 76
236 -112
-316 -26
275 127
-487 278
378 -410
-494 294
-83 -376
-19 10
-280 103
58 -362
215 240
48 -439
55 -189
301 247
471 -271
109 -314
197 -65
218 423
-230 -444
-268 -427
-418 16
150 -387
-336 101
14 -142
269 -372
289 446
56 213
-104 -399
155 206
-471 296
-265 266
105 486
377 -133
8 -264
-260 74
-170 -46
-184 351
-177 215
-494 46
345 356
-267 -445
16 -225
290 -423
-28 -272
-169 -272
-26 59
-27 -265
-388 344
-95 -59
-350 -168
-305 -218
-182 289
0 -154
39 127
164 167
146 186
112 -319
-326 -464
320 -147
-56 499
364 15
-331 -35
486 -356
138 278
-141 197
-52 -89
186 -119
369 -54
269 117
193 399
330 -121
65 -267
154 -351
131 426
331 311
-5 421
-387 -23
-229 -391
-244 457
-78 -35
-336 214
106 9
-220 379
-355 -90
441 328
-110 240
-330 245
421 -397
-308 -344
-399 470
-104 -76
110 87
-217 -388
314 205
187 443
-239 -281
-90 -169
62 -321
373 464
-12 175
10 -497
-98 -1
-437 -314
314 71
-259 40
144 -51
383 -95
-107 -232
-137 -116
-243 321
-253 113
274 473
-480 352
-29 272
72 -408
-363 -14
-242 -149
-127 -421
-304 450
400 -432
-52 -290
-418 -477
-305 53
272 132
405 338
122 379
-443 136
37 -53
-363 109
-135 419
85 -140
285 470
-287 -449
-151 -63
180 287
-11 -157
-431 167
-100 -499
496 56
-116 -146
363 -269
-323 -323
-415 -197
43 -408
-105 489
275 498
-441 -274
319 -258
-185 -203
-287 -416
-409 -65
111 403
-422 65
-30 190
428 -2
149 -78
-31 -304
-304 -210
-167 151
362 194
40 499
406 482
-205 42
217 21
144 -70
453 278
420 116
122 19
-452 -410
-53 40
-291 -494
271 -126
349 112
64 -197
-365 90
-150 56
-425 -386
82 -431
-185 216
-91 271
15 -36
-169 185
-357 -486
215 -242
-27 -305
-357 -46
-445 44
331 -227
476 223
421 -205
-327 249
174 147
401 -285
44 422
-373 204
307 272
-231 140
347 -373
-407 64
335 118
408 56
350 -463
-289 362
-424 -252
283 -102
-37 -287
-345 44
-393 -232
49 -219
-488 -481
236 467
-53 -436
11 -158
-154 -129
-325 -319
288 57
5 -160
380 331
200 4
372 -217
247 -2
99 -486
-28 -421
141 266
-33 -414
-440 256
-76 493
424 -118
-429 160
8 -163
92 162
-151 349
105 66
-78 -245
466 111
-278 364
25 1
-419 -195
493 62
0 -228
121 -379
-272 -30
-442 95
-57 477
-61 -89
-369 293
266 -158
314 -432
150 -479
239 -119
-319 319
118 333
291 -88
-196 237
476 470
-197 -393
428 79
16 -238
-300 214
66 77
-259 97
-48 -73
337 -379
-262 56
-228 -481
76 462
-30 -224
-312 415
-128 90
-306 316
282 340
-318 338
-309 -347
299 338
235 292
-220 -112
-67 -135
-378 -422
89 -133
248 182
-13 365
-132 -300
-468 433
173 150
373 -216
219 -345
162 -109
-373 -244
-379 -60
-137 -174
-414 -252
-36 212
362 77
259 -348
499 288
-264 261
-274 -304
32 -469
257 315
-220 -435
-189 -483
-337 -442
-33 -194
-491 -262
-377 -114
369 -49
253 -70
111 -454
278 277
65 -480
-307 485
20 172
75 -410
-270 218
270 95
-299 -361
433 -314
-72 75
-49 -420
-87 369
269 274
-33 -352
261 -11
-466 -184
-392 37
-375 -132
54 34
149 -385
74 -294
-278 193
453 -241
367 -61
158 371
-245 -379
66 -286
275 119
468 -379
378 75
56 -279
-441 308
283 -15
100 -360
184 472
-63 473
498 128
-7 -343
295 195
18 364
-73 348
86 205
364 -247
-195 465
499 433
-123 4
439 448
195 10
267 -31
-366 -415
-396 -57
-151 -147
-296 -429
94 -204
-299 178
-42 174
282 490
-29 446
319 70
234 -114
-97 -201
-38 120
-330 -316
-198 -19
422 -32
420 77
299 322
-433 199
-151 298
246 -405
118 -436
412 211
-310 497
-194 -112
478 -324
-456 -224
-331 9
-119 -244
-414 -454
-319 -375
407 -446
292 -117
-495 -406
294 494
387 2
325 351
270 259
381 3
-328 -169
48 -459
315 -405
169 -170
11 -418
476 -149
112 -6
-394 -184
-159 102
53 -465
194 -380
-247 58
-416 -41
47 35
25 299
-309 -340
66 -183
-199 -337
-321 -269
-20 -422
106 114
-415 -131
233 382
-301 275
84 -339
-59 356
-374 -425
18 -45
233 292
-364 -197
-198 12
-408 313
393 309
-235 -215
-82 -387
-348 103
-429 -154
-156 -268
349 -468
382 -301
110 12
117 -59
-461 -298
-210 -275
-142 150
380 429
-152 -221
-150 -322
-395 -79
322 -472
437 -75
80 -113
-81 69
225 -236
-72 309
-75 -361
-221 340
-170 32
377 -338
-176 327
-370 -477
468 389
-162 -35
-355 332
-276 59
-4 108
-260 310
-43 -35
-83 242
-85 -369
212 260
-488 163
291 196
165 355
256 258
285 -127
-233 270
-36 -124
30 187
448 210
-2 -298
83 302
452 -94
-370 436
-482 323
-198 -393
223 -438
199 75
-113 177
-30 94
269 428
-476 -97
-409 -144
-305 15
-455 -381
-349 -27
-437 -49
38 164
463 335
-352 304
461 154
350 -64
45 494
334 -484
133 103
355 -374
-118 -323
-112 -36
28 285
380 -201
290 -405
-26 -73
-176 87
-466 407
-74 287
-301 -120
68 -382
145 -198
-337 445
-297 -160
359 -274
173 -194
316 244
-238 171
251 -8
266 -437
-288 -236
275 305
-220 194
170 -40
-145 -398
-54 2
444 -151
474 -252
-425 -275
-359 -369
-79 448
280 -366
-109 -445
332 314
264 290
-249 4
214 -429
133 128
-46 192
-333 350
439 -126
472 -422
49 -289
-459 466
-467 223
-292 294
-439 60
-350 49
-418 -32
-306 357
356 74
-245 461
481 36
188 -24
331 -373
28 409
-139 -291
-75 -29
134 214
-86 35
-338 349
204 -470
389 -138
492 -235
358 106
-472 75
-152 -486
-349 256
-141 172
-499 -398
-425 -163
94 216
-194 462
-7 379
447 -5
-269 -356
-274 312
-493 -49
-17 -19
449 -19
138 430
-185 111
-113 -447
-283 -245
-103 322
-167 -114
496 13
-284 -188
-190 -170
286 202
421 167
-273 229
-193 289
-496 373
-479 -27
168 92
417 475
425 95
224 294
-226 336
-258 -428
-46 -269
332 -167
462 -36
-407 -492
110 -437
323 -213
349 -392
395 -368
184 358
-255 -135
146 285
-49 -338
-91 -348
-394 -448
441 149
128 117
-160 48
-243 252
141 433
62 168
-232 -396
-262 -279
-148 407
460 276
222 -167
117 -108
475 -380
161 -493
-267 -103
215 76
-161 44
90 -234
452 167
-104 -154
-499 429
-83 247
-473 177
278 -486
-324 -346
46 -416
-111 258
173 362
-267 -356
316 210
157 -29
-411 -17
-370 371
-105 340
-116 -42
-51 209
32 -251
114 -10
382 465
-14 -303
-75 421
-266 -221
0 89
430 -316
486 237
492 -437
-374 372
-251 312
186 26
-270 322
222 -30
270 70
-247 21
-450 -243
-214 104
-404 -277
-254 483
-197 360
81 -237
-356 -255
77 -495
452 -356
-388 465
-500 -359
41 -369
125 258
125 33
170 -46
-187 141
176 -437
411 84
-180 -289
-419 -85
-466 73
-326 13
-45 195
25 -251
-324 363
280 107
-77 207
287 345
63 -342
-500 195
480 499
-347 -232
-313 -148
-267 261
189 -203
-7 -332
462 -10
26 370
-282 -125
163 -113
-302 -330
-398 -89
-221 379
242 -278
-394 -439
-414 181
157 -175
-470 -456
439 300
-493 -471
39 -369
-347 34
-279 -132
-229 -234
-258 -113
93 -274
26 -422
73 339
52 -440
147 418
232 -375
-58 -339
-90 475
421 29
442 462
-293 193
478 92
-321 233
-168 -88
454 -374
-14 351
455 490
-178 -68
-187 119
-226 374
-295 448
107 -40
349 -463
474 -477
-219 254
242 343
292 -311
177 -80
-321 338
-461 63
181 300
49 -428
-295 150
334 427
139 110
-141 -419
144 383
407 -332
68 -107
58 213
-390 -282
61 -243
-182 144
16 -272
-263 -156
-268 -304
155 -137
474 -348
8 249
401 -202
320 483
-148 351
-253 327
-427 450
18 310
-321 -219
373 202
-104 415
-186 -160
-193 -420
18 -157
-196 -334
281 355
-106 -390
454 -104
159 423
-17 293
478 -346
-176 338
-52 -406
-459 270
-247 432
25 68
428 203
232 -21
416 158
289 327
445 158
308 -69
238 463
478 44
123 -166
301 -343
-212 -481
83 59
-3 -278
-452 -78
-321 -489
450 86
247 463
214 250
-143 -324
198 282
8 64
493 -232
-297 -14
348 282
453 262
-347 453
-332 -497
-276 450
-154 -285
-53 -21
146 -223
344 33
451 187
156 95
196 -302
-34 137
226 289
299 -439
-143 -241
494 -213
-149 -35
255 -30
-473 252
388 498
314 -268
155 -355
66 367
262 -268
186 204
-1 -301
-353 -81
414 -208
-123 -421
376 440
40 160
265 282
-453 -419
327 90
-4 -278
-27 402
236 301
379 -318
-45 -319
-499 67
128 -323
-454 -197
-157 236
-153 261
-169 292
-83 -403
-473 -281
214 -155
38 253
276 458
-250 -348
187 328
-122 -130
152 -293
-128 298
424 356
211 -180
272 311
-437 399
-168 475
-11 7
-298 431
-259 -167
-116 449
-73 388
262 -340
-127 361
60 -72
39 171
154 470
169 307
182 -311
247 -212
-82 -379
-485 -109
-52 -80
328 -425
-256 -89
-323 -165
-195 48
382 235
178 -415
-148 67
-82 -122
382 412
128 -304
-459 106
384 -446
-217 -186
445 134
-61 48
413 -24
-445 -456
-479 190
412 114
-255 -337
360 -170
390 -114
-34 178
-477 -79
-191 -442
308 10
212 -417
-226 179
-400 -213
169 -233
-237 -12
149 225
-232 298
-450 374
145 409
-409 -185
-439 192
-355 428
-211 322
-319 447
-289 122
-222 255
-469 -269
-161 -180
-397 362
23 294
-422 -104
205 24
202 143
158 -494
496 65
-423 54
-411 -51
-180 -225
293 170
-90 324
186 -164
137 65
-14 485
-167 -496
269 243
92 -102
297 134
-136 -481
265 -44
-294 -162
-165 -56
-209 -75
-107 433
-105 -105
393 -355
176 -242
-236 -133
73 -253
-249 170
-132 197
-423 -259
337 47
461 -61
402 -374
349 322
203 401
370 310
-323 453
-392 -418
413 -451
212 -395
-17 198
-163 356
-227 -388
343 -477
-472 -374
204 -458
71 -121
-203 -115
178 184
336 -450
247 -327
217 -479
64 -86
-46 -387
-420 -65
-222 27
-340 457
-248 19
42 -408
-267 305
-310 370
-47 -229
-138 -10
246 108
355 -357
-5 -344
-234 102
259 110
-270 362
-117 -226
-31 -116
-480 55
285 402
-274 -105
-197 293
282 308
277 -366
-424 129
435 -409
45 83
351 -293
5 -469
444 8
61 85
-179 80
-448 316
-287 -59
240 -79
322 127
-308 487
-73 -171
416 -122
-328 232
191 -268
14 447
-143 8
-66 261
144 -53
111 105
406 -450
-373 27
472 -430
68 -271
228 -305
487 -492
336 487
-148 140
-252 325
-467 -177
-128 -201
38 -344
-197 356
115 163
326 -321
-12 401
-4 -234
60 -97
-43 421
-407 346
498 -378
287 335
-43 -7
334 484
-386 139
-207 -213
182 123
274 89
500 -204
310 -166
-79 -412
-119 -366
118 -88
-277 -384
-134 -69
438 103
-451 104
409 -349
-276 291
96 488
-425 -436
42 378
247 134
-396 141
196 -68
87 47
85 180
-497 -82
197 -393
-477 -335
-231 222
209 294
-274 9
-27 312
370 -460
-223 228
325 256
-94 -333
240 -484
282 68
-134 184
-116 -370
-498 -211
-233 -464
-307 254
75 454
183 431
-30 -386
487 252
273 -116
-38 398
55 179
191 55
332 68
284 -111
-388 169
-21 -482
17 270
-158 300
135 198
-220 -248
474 127
-351 -499
-479 -12
-31 -45
-91 -33
234 -266
-312 404
380 -391
-337 -57
500 -266
230 62
339 445
20 402
-36 469
189 250
-163 -193
331 -120
-366 250
497 219
-16 -443
-346 -186
355 333
-388 153
101 -403
10 -109
-140 266
107 -405
13 20
-497 -179
-316 36
-308 388
110 -35
-337 -247
-280 361
-344 79
-16 -229
309 -168
-272 297
200 277
472 281
-110 -122
429 -403
-438 264
161 492
208 92
295 -478
-462 -12
330 -208
-78 -114
-297 361
-386 460
336 -405
121 93
-1 422
-334 -152
92 -83
-482 -44
406 -343
-287 -278
130 -248
-151 469
78 153
18 247
-115 431
-101 -308
406 -207
316 255
38 260
-269 317
-314 -170
493 -189
474 -468
62 -347
-65 489
412 390
-215 -50
-184 -296
49 -315
-366 -113
110 434
-238 -2
224 -251
344 57
-308 184
310 -117
355 -14
292 -182
439 -20
-359 -107
182 -414
261 357
-146 255
62 -329
-246 235
283 -91
-462 -397
-483 -123
-44 497
-339 380
-430 -466
-179 402
-376 -162
-233 407
308 303
-255 212
424 -22
-266 438
486 -393
68 32
326 -10
-423 -312
462 94
-217 225
107 329
205 432
-256 -373
223 -383
327 315
108 191
471 -409
-463 -88
-428 -440
202 -121
276 59
58 460
9 -130
135 -243
444 -46
47 220
462 179
318 188
24 270
-389 104
116 -187
-422 -41
-266 292
-38 -256
-425 -298
181 334
340 103
281 -289
214 7
209 -18
-450 -459
187 394
-72 134
-369 -99
95 -182
11 315
-140 -297
-222 -171
119 85
-70 -419
-39 -345
373 -324
-201 -399
-477 31
448 -467
-48 107
-395 -462
-203 -11
296 -241
113 376
405 -40
284 398
-28 300
105 218
-120 231
-171 386
-424 -73
-367 390
-383 65
-117 -152
-465 -328
-36 226
366 20
-499 -40
195 304
319 73
-481 -373
331 -85
167 181
388 138
367 178
-390 -242
-124 -23
-105 -295
-253 -361
-333 -443
339 -72
-241 305
179 -236
-176 -129
-286 -456
-6 -235
-263 -389
-116 333
185 -226
-234 245
-494 -314
187 417
-113 230
208 256
335 173
-148 51
-59 267
-152 423
-69 426
-459 -17
-119 179
-475 -148
351 469
317 -47
-3 -482
-492 354
398 236
-233 79
-57 223
489 -223
-327 396
191 178
405 -258
328 -57
-270 295
292 380
315 -93
287 396
36 -417
174 155
230 -193
347 83
485 -227
-367 484
-185 14
-25 262
367 -7
99 237
-225 43
-26 272
494 493
-429 -338
492 -382
-123 179
118 -411
206 -222
-469 354
-163 299
428 -466
410 -240
-28 -264
254 -452
302 -212
129 -39
-486 360
-73 421
394 -226
-499 -194
-338 -144
341 174
325 -255
84 -338
-195 -290
-163 -181
-6 -285
370 -175
-23 135
-141 -45
157 202
129 -234
21 -249
292 -113
133 -336
-312 231
463 -222
-360 -175
452 132
-118 -467
-210 -260
369 275
-10 319
-36 -241
-356 -200
-359 100
-178 40
-494 -171
221 -329
-205 338
376 -327
-494 222
465 72
287 36
406 -147
-494 -418
-14 373
-276 -166
265 265
-477 344
44 44
401 495
176 -37
-278 -121
-173 125
-409 120
-351 -77
-105 45
192 -462
-168 73
10 47
294 -256
395 -464
296 -418
232 8
267 184
-464 -20
261 -30
195 391
41 375
25 -139
281 405
379 360
-365 349
376 360
56 398
-1 -78
-401 458
-164 -14
415 -470
-421 305
-402 -44
-403 184
155 -196
131 -443
-396 116
-428 309
-213 -236
-344 -32
21 298
396 473
-487 -302
493 -165
-200 -19
-230 -90
-258 -67
-435 -273
-129 78
269 189
-379 -268
-124 439
451 -495
232 232
-327 202
-280 -409
-27 -75
-152 -264
-139 408
234 211
-458 -406
413 35
-375 -253
353 -61
337 -186
215 474
303 -291
-472 154
299 -465
490 125
-419 -438
-245 343
-58 328
-289 287
-238 -123
424 15
106 -472
-8 -247
-362 -109
-211 -164
309 22
197 -197
-170 271
394 -357
-76 -461
-52 120
-160 -5
388 233
446 416
-111 -401
-352 -33
-29 -258
-21 410
-498 308
65 -216
182 197
-52 -136
-424 438
-467 -211
380 385
-56 480
385 232
390 -461
-458 -404
417 499
-203 -491
-493 -183
-281 -406
-32 164
-100 -279
294 -453
-29 182
-186 -342
-42 96
-257 91
260 -14
-406 -306
146 17
-43 139
159 -310
-412 -54
-476 130
-245 195
30 -196
46 49
-244 -311
187 318
41 23
97 -460
-264 -105
-284 -167
-86 -76
489 -57
-14 -468
253 89
-242 133
46 366
-56 -207
167 459
200 255
171 278
-482 -346
346 -496
-298 -280
-393 451
43 -235
481 497
84 -31
333 83
139 10
7 238
48 211
423 -341
4 -444
484 -263
324 -339
-113 382
-471 -224
150 -199
-283 -344
-419 -119
303 -234
456 -59
283 87
246 461
371 -302
-258 -407
-312 56
-411 -451
-137 -11
-232 156
34 -208
-348 -401
-332 341
111 -396
248 449
362 -480
-185 131
-240 -29
-312 108
-452 225
415 82
-183 -103
-169 19
-437 -321
5 -319
183 239
-487 73
-412 482
362 292
400 334
271 471
-184 -356
472 -373
216 380
-375 -162
250 157
-49 79
-94 -411
-271 318
-441 -389
-225 361
-436 35
324 288
-229 444
-210 -482
-377 82
248 -237
204 347
355 -149
-244 -140
-370 388
270 463
-108 94
107 -143
305 -106
-392 -467
-286 342
258 101
495 362
-397 334
-442 -446
-423 -381
-412 364
451 -309
-282 -229
278 217
-43 482
-362 216
257 178
420 -72
-282 183
-395 392
34 94
182 115
-128 -458
-313 495
-16 43
391 414
265 480
-306 436
-92 424
-371 88
-112 -197
-264 48
231 -251
-160 152
-307 324
435 122
368 -386
390 96
-487 463
-137 421
-99 -97
-146 -64
-152 -339
-66 483
108 414
181 -373
176 31
118 427
173 171
367 301
-81 458
451 303
33 -332
420 394
478 197
328 -266
29 -368
-288 234
-239 401
-390 27
-218 -162
281 425
-294 375
138 434
-272 -44
422 -368
-413 -234
-494 -361
-267 238
405 38
440 -224
28 -33
24 -360
412 -139
127 -338
357 366
88 340
-97 390
455 -250
278 -320
-106 -93
64 130
-364 -320
317 270
-160 162
241 479
237 128
90 -340
-81 -384
-424 -64
-338 -415
462 466
-188 -204
-28 -433
-279 -74
-90 289
354 -15
87 -188
-423 125
225 118
-399 415
-304 363
265 31
80 -437
-26 -478
-280 -462
333 -211
-390 -343
-274 -133
-197 -444
-185 -137
-187 108
335 16
453 -311
-355 399
-172 68
242 469
93 -500
169 98
431 -416
-432 -458
80 -186
-392 293
402 68
276 -400
470 -44
-417 405
387 -176
-446 -134
312 -352
-104 480
351 34
-278 -276
-333 243
324 -477
-47 -264
-196 -392
-456 -142
-202 -388
-300 89
180 -70
169 123
437 -385
-298 -101
125 380
300 280
68 432
474 -398
402 -431
454 -92
263 108
-293 220
175 -469
445 -496
266 -340
-274 101
268 400
-180 -5
-245 225
-144 78
496 -123
161 -38
17 72
-395 215
-478 -445
-438 -452
-282 84
70 -182
-431 -155
-101 222
-10 46
-469 -264
297 28
242 287
-252 -66
215 77
486 -331
355 109
90 459
-152 -17
199 270
352 222
324 -55
94 -479
-200 -117
-110 29
372 -373
-464 -344
64 -296
-97 -289
-8 474
-110 227
471 406
473 -271
354 218
-459 -304
-240 -397
-4 213
57 497
164 204
-344 278
436 -17
296 -76
-57 -457
147 88
-474 -20
-461 -279
-192 -63
-64 147
241 144
-192 -112
28 -323
-243 256
219 -495
-12 352
-441 -348
335 -337
54 -31
100 294
-319 -272
437 -71
-200 38
496 301
-176 380
277 -304
-292 -54
307 -299
316 -167
444 -135
330 239
68 -206
205 39
-478 279
28 212
-450 72
-68 -254
187 44
14 230
372 -218
-460 -402
-216 -31
-375 -200
458 -182
66 59
-343 -463
353 375
-226 -366
88 179
-124 -119
62 335
295 -446
-262 486
482 -455
493 384
389 306
-460 469
-31 -310
-315 318
19 -30
60 -5
-389 173
120 -16
-176 -376
3 -349
35 -216
330 -217
171 462
278 328
-477 -192
-237 -12
-258 262
-481 398
404 319
-322 -201
329 217
-137 -305
500 -163
-204 87
1 174
-343 264
-113 313
112 -83
-153 460
84 361
-454 -237
-436 220
-177 48
-323 197
-337 83
-275 -243
-438 -447
155 -245
149 44
-458 -492
-164 191
-155 -68
-409 420
-190 34
118 -388
318 471
-60 44
305 129
-441 194
284 -21
66 -67
-121 166
-73 38
-239 271
201 -343
-118 332
231 -490
-354 146
500 276
291 -81
332 406
147 -141
-130 -79
162 -362
-34 204
337 422
-457 214
-446 -436
-111 285
-356 -300
56 350
36 124
-428 75
-471 125
387 104
117 -417
452 -20
374 337
248 -62
-207 200
-290 107
126 137
-187 -467
-18 -250
468 -326
-236 419
433 -290
180 -329
-192 360
68 -196
-13 -126
494 377
-246 -438
472 -328
349 41
-39 -369
-170 217
-429 -154
-311 -22
483 -311
456 -107
-155 76
-422 -83
-46 -395
-484 458
-445 -190
349 50
262 -72
-171 351
-6 -146
435 -103
-417 165
-7 -271
93 -425
110 -121
-313 -187
-74 -309
145 -495
-63 -245
75 -396
-395 432
-141 279
-7 209
240 -267
-500 480
192 27
-191 -270
-194 364
-368 -136
341 203
-372 250
-479 202
494 334
93 433
369 116
-284 156
256 -47
-177 173
376 -235
33 -112
-48 -214
-91 122
-133 488
57 366
389 -5
-54 -72
95 -23
-66 443
257 121
88 -199
-481 -79
-355 -96
114 -157
-498 -95
-87 -398
302 13
443 456
383 24
-465 101
35 71
-120 -99
-141 -248
185 -477
-262 111
-55 46
-239 -207
357 -337
136 470
-192 -293
-426 -156
167 -370
124 176
229 -482
416 438
-453 -367
7 206
223 -356
423 -326
-168 88
-481 130
89 266
406 -30
-257 -115
-180 -61
215 423
-246 -367
-453 -223
-333 364
-96 -296
-401 -291
119 222
-300 194
482 367
500 107
-235 132
151 277
166 62
247 -1
107 -290
-194 -97
-451 109
-439 -42
394 -147
-105 -470
-112 -269
253 21
481 -154
133 -89
49 -265
-105 110
-206 334
256 -303
-466 392
372 418
350 -466
-117 -84
32 213
433 -16
-269 -267
-260 -169
21 429
-11 73
-171 9
-337 -482
-428 -216
439 -242
321 -266
-449 -125
155 -200
-181 212
-328 428
108 33
389 -164
-363 -235
-404 477
-179 -282
-433 352
-228 -266
-417 -330
-74 402
-3 -297
-147 316
-327 241
-369 240
311 236
-82 -156
258 152
136 -184
-58 -284
-410 -439
-147 160
388 357
-265 -276
495 190
304 389
154 238
128 -231
-139 -222
418 155
-494 375
386 -15
494 -272
276 -448
493 172
-299 314
-137 -363
174 1
272 116
303 372
237 -448
-283 356
85 -166
471 -339
-176 266
-157 -155
-336 -44
250 -237
118 196
397 -380
119 -280
451 52
163 309
-488 167
102 320
232 -41
55 433
49 -395
-378 -161
-460 221
-303 -437
451 353
282 438
-314 -290
97 87
51 -336
152 163
363 -330
-4 369
-378 283
-53 214
176 136
225 248
88 -484
454 316
401 83
202 428
347 -470
433 -116
-194 265
292 -279
-109 -432
-94 -487
-120 -279
143 45
-162 31
240 86
-158 276
-440 -190
-3 428
-185 -107
-22 -467
380 111
-62 403
-28 -424
131 384
158 474
238 25
-120 -258
349 -30
476 17
-128 -211
133 -114
304 85
257 148
-84 456
245 -371
-96 -134
-141 188
-160 359
67 470
-378 426
-316 -417
-191 309
105 406
-333 129
66 387
105 -306
-358 56
-421 -124
436 -30
-10 407
-209 -398
-140 -180
474 -296
438 139
-41 -466
-245 -54
-436 462
-47 374
-43 -300
-134 -381
466 -442
-400 -283
-53 -393
-336 280
80 -76
348 -298
136 88
-177 87
-322 -57
35 33
396 93
100 -169
428 240
104 -397
154 -180
-202 319
165 97
-291 376
470 403
372 -215
-108 38
-268 0
-249 186
155 -259
340 -480
366 -240
433 -484
-256 -138
157 330
171 480
425 396
-171 -384
-73 -395
-103 278
-97 478
-457 -304
-177 462
47 -144
-440 477
361 -194
419 282
310 -90
195 -50
-174 -122
99 247
-127 119
-86 -67
-147 -275
-179 94
303 496
-423 -304
-41 383
144 33
-211 230
-493 -185
199 381
-76 -140
-243 439
-22 -283
462 12
-10 -276
376 318
-153 385
471 -277
-106 347
225 -189
-37 205
-347 -376
-241 -120
424 -468
-488 -411
312 159
-136 -333
434 180
-106 -411
261 -327
401 -205
221 -208
468 -344
-86 307
353 -403
-147 -157
-87 -384
17 154
63 -419
387 13
314 270
-64 -53
124 20
359 -432
-176 -314
142 357
206 402
23 -79
-449 90
-45 209
-122 103
-21 42
-26 -375
309 151
47 -396
-13 -229
-224 431
-451 -138
272 72
-270 -452
328 332
-40 -409
264 334
107 -17
-223 -386
-318 409
-88 61
212 -247
447 -86
234 105
490 102
-104 -39
-498 -216
236 -244
-54 49
153 -402
-414 438
-270 44
-252 -306
424 174
240 178
30 465
304 -371
246 -385
234 126
-157 46
-483 227
-362 -48
405 0
192 230
-305 191
-27 -198
455 -445
-37 41
303 316
195 -225
33 216
-414 157
308 -220
44 106
-453 169
403 -427
-47 443
-300 -422
-486 328
-234 208
72 -57
-202 266
-66 307
360 21
398 -226
14 338
-432 -386
-219 -397
99 -239
-184 188
136 20
483 -209
-178 -7
54 -300
426 405
172 409
-421 200
175 133
-248 -48
299 -136
79 -131
284 -317
462 419
156 -193
194 376
265 459
-398 -142
56 283
-402 474
7 -257
-214 73
-391 146
-152 -116
210 154
81 -486
-116 -400
81 75
-49 -221
475 -15
10 -437
417 45
442 21
-44 314
-397 463
-126 316
-252 162
-167 -152
200 165
-310 -386
-50 -25
449 -452
243 329
236 -241
-89 -466
113 -44
425 133
-257 -183
92 -234
10 -6
-401 149
-423 252
310 -405
-235 -172
-216 350
-67 -91
-387 -411
221 -382
-380 -62
-250 -221
314 148
-471 140
27 444
-428 78
105 -387
311 120
-368 -271
-107 -84
352 267
-20 443
338 -391
-112 -101
162 -155
-93 342
-441 79
180 -149
113 42
-398 -328
6 -363
9 -341
-29 280
-475 -456
312 290
-322 -285
159 -425
3 -70
-80 -191
-249 -440
-17 421
211 -462
-200 439
-230 144
-268 -481
390 278
-485 157
465 -12
342 -114
197 -287
-55 49
-309 400
385 -76
-178 -419
442 478
134 -426
-320 -150
-11 179
385 -480
-297 -439
174 -359
-428 193
446 -85
476 109
408 373
-425 -267
-324 12
-455 -108
-7 -47
137 -123
-95 281
-132 76
154 412
-410 -115
162 245
-44 222
186 -11
176 272
-368 -400
-162 141
303 12
-412 -394
167 -28
-242 370
-81 102
244 -473
470 407
-180 164
229 387
14 -422
380 85
310 256
-445 -289
-379 -350
-370 441
-145 -484
-49 255
146 -377
-498 245
-83 -160
461 -384
355 458
468 492
397 -199
-392 -403
-407 -199
244 63
-32 196
370 230
-221 -132
-109 368
-387 -402
370 -413
465 -349
-8 136
-260 317
-195 240
116 345
-347 16
-358 -54
19 344
187 -489
369 -189
-323 267
176 274
-84 -342
470 49
398 114
-366 -416
394 -16
-429 -264
96 -299
-484 -70
163 -82
493 75
-374 331
255 477
-120 50
-10 480
-238 203
276 -71
486 -5
-263 125
-123 260
18 -155
474 130
477 244
-343 26
-180 -421
169 36
-494 -21
-410 -158
-450 -41
-24 424
10 -41
-25 -57
452 457
-427 150
57 444
338 -387
-18 -51
-270 46
-134 -335
339 328
70 -382
303 43
344 142
284 -453
280 -498
-136 -232
-194 -286
-199 -372
-169 329
-48 -150
286 101
404 443
169 322
34 -183
-5 433
-417 -230
457 200
37 -314
-39 -88
66 222
287 13
80 -487
348 291
355 -312
376 130
184 420
-60 127
-449 327
-128 473
-465 -22
488 -384
-468 -431
77 382
10 -121
-82 -257
223 100
-458 223
-282 -390
-81 -156
-95 42
-209 -483
439 -339
-148 -454
173 -186
-423 36
102 -393
346 -93
416 -291
350 -192
225 -372
-113 490
-183 411
-285 -418
108 -24
-359 154
399 -83
-221 429
174 -288
499 187
405 -472
-218 -259
132 -447
214 -306
70 272
-416 48
-389 -333
415 -64
-288 35
-353 405
296 302
156 -204
239 -486
487 377
407 97
196 -41
-361 -344
393 -175
491 -252
126 402
64 336
401 398
-437 183
5 -48
-327 -76
173 -264
256 61
156 25
-319 308
-387 85
-490 -293
493 -485
-482 -276
343 -160
184 -195
-432 483
-163 -105
-37 52
-190 455
235 17
453 -500
207 -330
467 395
359 124
-29 203
314 230
-122 387
459 -176
228 178
-325 486
37 -389
215 -183
464 -377
-194 429
-176 -203
495 -269
403 -80
369 25
368 -373
475 398
171 -300
37 278
-61 -140
-320 -458
-314 332
193 -39
134 -224
65 -458
441 -386
-186 341
415 -54
-417 413
264 -140
-108 258
-478 30
169 317
-290 -399
129 -121
59 -351
-145 -326
-281 -430
-252 -280
-368 92
-464 -467
142 -365
36 -188
24 74
-444 -498
153 -273
-403 -445
446 325
-113 -211
80 -196
-297 -361
356 479
-438 392
35 305
251 104
-66 -408
190 -73
-128 406
-480 -458
339 51
235 -97
-51 56
-102 465
355 260
-172 384
69 191
-230 67
197 -273
495 -16
-32 238
178 -271
8 330
-194 -249
-99 -435
-496 266
-449 69
307 -357
-84 -35
-118 85
341 386
200 -52
372 -276
105 149
451 -243
-240 317
-359 150
105 2
97 -149
365 -330
479 -448
345 30
-363 -312
-498 -156
476 -192
394 -499
338 -305
-80 204
-452 -45
-195 296
-89 248
223 69
-351 -161
-371 444
-333 206
330 -335
376 -414
406 -372
327 -8
-45 88
-432 272
-316 9
-212 -159
-83 467
436 183
178 -404
7 -496
320 -193
-319 -188
-355 -371
-20 -375
244 -31
43 188
-378 4
-215 269
-281 104
243 -134
-192 369
255 -203
434 118
102 -266
-42 51
395 -245
247 62
489 210
404 -215
-309 -53
-393 263
-274 -144
-442 -155
79 -92
-173 71
-378 -260
48 13
-314 252
65 -186
-267 -200
415 -155
498 135
346 -177
-161 301
165 356
-335 238
-67 -438
189 245
-56 -253
302 311
330 -79
50 -28
65 -274
227 75
2 158
472 -318
-481 -149
-38 -154
388 362
8 442
144 43
-468 -127
245 404
122 -128
-294 129
-278 104
-414 215
-358 70
-79 444
100 -382
137 165
345 -68
235 -154
-397 320
-80 -172
-384 321
-406 -353
-214 434
-287 -485
316 465
362 170
-143 6
185 400
-430 296
-296 -406
-265 -43
499 -471
-50 -16
377 92
-359 168
118 -339
-48 -347
-264 110
42 -144
-363 472
207 283
-28 335
-93 -231
-367 163
-324 93
-457 -33
-321 -204
166 -398
-56 -321
-190 78
-348 416
14 496
254 420
100 -37
331 104
321 436
196 476
-217 243
366 -147
-92 -50
473 -50
-74 -356
142 -79
340 51
-439 115
-84 421
-412 451
-142 -242
349 55
-375 -383
-458 384
212 280
-8 170
358 -407
44 90
462 164
-67 499
-159 153
-306 63
-159 422
-278 22
-85 255
-493 167
213 -266
440 398
-155 116
-132 413
-237 322
-453 -384
111 -424
273 -462
338 -253
-137 -22
499 -147
-432 327
-179 -12
-328 -53
-200 27
39 320
-344 376
-156 76
205 445
-395 191
2 267
-286 315
422 -38
191 -450
337 -208
24 376
364 472
-308 471
28 289
327 42
-201 470
-174 -428
-206 -100
375 -386
7 -298
-193 314
-359 97
2 442
268 -60
-79 -405
-347 83
-226 -321
421 -296
284 488
237 19
273 179
294 404
-221 167
471 -73
163 -87
-453 -80
250 328
302 114
269 240
453 -16
-420 267
-255 37
143 -474
-499 218
49 -18
-224 -378
253 -118
-154 297
-457 330
-280 -402
-406 243
-424 122
-35 -197
-248 -54
-201 -314
442 -141
228 327
-344 -451
377 297
451 365
184 368
-372 62
421 -333
-140 442
312 94
360 477
22 433
63 -243
48 -48
323 -427
121 205
-475 112
27 -152
5 -90
154 -16
101 148
362 483
413 -101
-337 439
479 -244
492 275
-153 478
-273 -465
-497 -115
463 -133
498 238
-265 399
496 282
283 186
-211 -307
-248 475
165 380
-224 85
274 205
444 -222
147 -135
-219 39
-295 -451
159 247
-234 -111
-376 487
231 -148
-344 -104
323 129
-208 317
-212 -361
-279 -282
229 -402
165 280
-293 -120
-198 -168
83 309
-493 443
-85 -48
237 37
-494 -32
-1 8
-419 62
454 -364
-69 -141
-400 -432
-381 -3
415 -40
-426 109
168 208
-335 -495
-124 -235
181 430
346 -123
-247 -139
-144 -361
402 443
-45 -5
-191 -21
207 340
-292 351
256 -266
-473 -217
323 -103
-357 -38
-397 -313
383 -424
-169 -155
238 -141
402 303
181 196
215 -289
-256 346
496 427
322 279
-139 94
379 57
-471 -165
418 -448
368 -9
312 -399
361 355
127 58
251 -68
-392 317
108 36
-285 6
-107 221
-440 454
438 476
-357 -59
-127 -337
-460 434
-353 305
105 -436
409 319
312 226
-445 491
343 -13
-17 -441
65 41
-137 71
408 -479
-32 -264
-89 12
17 -305
291 -337
320 -278
-203 -168
86 -272
459 209
-261 144
-40 -53
375 -468
-424 -102
-462 -11
379 -368
387 331
235 109
114 -330
223 37
486 232
16 -192
167 -125
-63 476
90 288
-366 491
-227 -451
280 21
-317 -342
-191 82
370 282
-286 417
-179 -177
-269 117
-464 -209
105 171
288 -297
-97 353
-113 -496
130 390
-218 106
153 -75
86 440
166 275
-451 437
237 -371
448 -96
130 416
-89 -322
334 -1
-252 19
-10 -299
238 256
-470 471
-269 -357
-327 195
288 -52
-18 91
-378 196
133 293
-312 -87
106 243
331 352
-117 -371
441 -12
-397 -301
-16 -483
-464 -359
-2 -159
54 -83
-12 -402
403 -145
-382 435
273 79
-298 73
49 162
313 -298
-32 -274
-349 -371
350 119
-330 330
204 478
159 361
218 304
-34 290
-112 409
202 217
478 -227
294 -144
164 344
-33 382
159 407
-385 296
-380 -258
390 -278
-483 428
282 37
480 191
178 -94
462 6
-61 26
312 450
381 -23
-308 -238
-482 -144
-405 361
282 396
-287 -158
-106 -229
268 -119
-489 -212
375 -208
199 101
-445 307
-145 -302
27 -115
86 475
99 29
151 367
122 -415
-92 58
-302 -456
407 378
-307 443
445 432
-90 -378
-201 -267
-55 130
467 453
377 121
-498 -410
460 -470
-27 438
-122 -226
-241 301
-303 489
242 365
-345 -363
-194 -226
500 -367
-367 20
166 -263
-447 -78
27 258
-121 61
-95 327
-295 -224
-492 459
-173 97
-64 -221
-222 277
-330 -220
-397 -319
10 -482
-232 338
-440 180
-69 -340
288 464
260 -2
348 -92
-173 244
-257 453
-298 394
-375 -169
-11 -458
155 116
-378 -96
-34 225
290 -368
-73 -496
-456 -476
-4 495
8 42
-192 289
361 183
217 -372
223 117
-4 206
480 456
-69 499
395 103
229 -430
170 38
-294 -261
177 -407
421 265
21 -345
437 -270
204 387
-217 111
-478 -115
21 320
353 273
463 123
15 -387
227 -203
413 -458
215 12
497 -107
-423 -20
-314 -406
-312 -406
273 -433
-329 187
-494 436
242 -8
255 226
-170 211
385 -38
-357 -55
450 -440
-202 -14
68 -346
-2 203
301 90
-28 -499
-337 175
486 465
-318 109
-405 -256
-167 489
122 -66
-306 -236
463 -256
-437 -453
109 -300
427 431
223 -279
-37 250
-474 -373
251 121
252 -459
317 -144
218 -172
39 154
31 398
-246 -467
-478 475
212 358
-45 -184
-493 455
429 292
23 -296
243 293
-384 268
-13 222
435 -137
-12 329
-136 338
339 239
-88 12
473 -121
298 -430
227 240
141 -165
252 167
-409 -176
44 -328
-158 -45
-213 -175
-337 -180
-95 479
-417 -485
254 -267
453 -50
35 -486
-165 -161
242 -289
473 -353
-164 -11
-368 -271
-364 -143
-272 -398
293 339
20 405
499 471
285 3
-40 -65
399 114
-77 295
134 -139
407 18
-395 -24
154 153
-38 -240
12 -344
53 431
130 271
395 -284
-117 -473
-311 262
-111 -288
-100 -362
410 201
110 30
40 277
248 -17
391 -489
174 274
-6 -101
282 454
266 351
-210 -360
-261 29
475 -338
-340 -409
498 -424
291 257
322 -398
-151 -58
199 -482
163 -432
354 -9
232 -436
-477 330
472 -51
-348 403
-68 -11
101 -364
-480 -56
-464 -228
377 -118
-463 -487
-366 491
-308 -184
-476 -291
-157 -404
-176 453
93 8
-397 -379
214 121
-95 -304
283 -422
301 171
354 8
317 -415
-472 102
432 -133
202 17
-142 -89
256 231
-401 179
-479 -321
-203 360
-329 165
-479 72
76 -178
-486 340
59 198
-221 475
-261 -484
169 -379
331 144
-298 53
239 84
-240 62
117 -21
-302 -95
318 -189
-216 363
14 375
-205 -458
395 -431
-115 305
-365 485
298 -144
96 -108
-144 229
-363 123
-307 -417
-479 85
-483 262
-293 -300
-406 -392
-175 -368
218 323
496 183
-97 -333
-307 -20
248 443
325 0
-359 190
488 -185
-70 -430
-334 404
61 388
-310 -142
-343 433
-200 414
470 314
-57 398
-278 161
-16 -254
107 202
271 -279
279 363
287 -93
318 177
166 -281
52 456
407 257
-40 157
-48 -59
-34 -351
-352 78
404 -498
-159 311
55 -330
-402 -412
-264 425
15 -276
457 -31
206 114
339 472
-263 370
455 -269
-470 -289
-169 323
15 321
-40 333
453 -428
-253 -394
148 59
481 -151
412 280
324 -333
-481 -92
395 57
-287 -170
151 88
386 444
-100 45
-79 -11
497 -367
159 76
304 -9
-440 256
-73 -101
-157 15
239 -41
3 -284
196 411
-247 -274
418 -279
-459 -475
-27 402
-455 170
253 -353
337 -208
365 -208
57 -26
-157 -466
-358 2
-19 16
498 -285
-63 84
-271 245
-33 295
-91 284
-124 299
339 -162
106 80
-2 159
69 19
409 -98
463 60
-190 480
-7 476
114 -311
195 478
-110 -391
-443 351
-272 -411
-248 -40
227 98
-235 -22
85 -379
28 -77
100 -313
-257 49
-498 -415
454 -161
-392 69
-401 16
-12 66
-178 488
168 -321
276 -198
-424 210
43 103
-199 -167
91 -365
-29 -175
360 -296
237 82
79 158
161 367
179 -69
391 -105
-211 -407
-205 -2
37 460
-94 78
364 -433
165 77
169 285
494 147
440 -286
-116 -100
52 298
403 -284
27 88
-252 -181
116 -246
293 326
398 20
-423 51
407 -335
-267 3
-360 192
-406 83
-460 315
378 -496
-129 -117
217 235
462 -130
-49 26
-184 -53
437 -156
-236 -483
-435 473
382 488
404 -79
-388 -299
261 -246
-202 71
-485 -452
50 19
136 88
-365 392
174 84
46 -429
355 -344
-386 251
-263 4
466 22
-270 -378
205 -243
-283 -350
314 -191
-18 -328
-13 57
363 -273
-391 -178
-128 -24
378 267
-63 -500
-387 461
-416 -311
496 344
33 -243
-398 295
104 242
-286 -249
452 359
-79 -278
-160 -220
-493 -145
-376 -251
135 -209
404 83
-382 90
442 -463
-155 317
-481 -478
333 -2
118 410
-281 111
487 -350
212 -270
-265 -167
-491 -395
53 -97
412 -447
37 464
142 -166
448 -388
170 429
-131 -120
-22 -408
-224 -470
-333 200
108 -461
-316 115
78 151
355 421
322 -391
232 -470
-364 344
6 463
-313 -59
-41 101
-176 -411
-344 50
-393 -62
-117 138
-171 -340
-139 -204
182 214
337 -300
410 45
212 -75
-187 426
-161 -64
-240 -91
196 9
0 -388
108 -415
351 -91
-450 346
4 78
264 454
397 -345
-349 -438
-219 211
246 -322
145 412
-395 -101
287 -308
-422 373
141 -147
134 -297
309 -177
204 437
-351 428
-462 201
16 -174
-277 156
-150 314
391 -371
-404 295
-356 -36
-215 -64
455 -271
-93 -279
406 108
132 -104
-287 -401
-219 192
-171 -212
145 395
-435 -256
49 157
226 -214
146 334
63 75
-480 -382
233 -492
-237 94
-234 499
120 397
60 -439
310 -10
-437 -239
-449 68
191 -218
412 218
17 211
348 -45
283 -191
-325 204
355 464
-1 65
227 -12
-191 -448
403 420
398 475
168 289
-383 -421
339 -359
-399 -109
-395 -293
460 -27
-188 427
-286 362
257 -403
-41 -232
-39 188
-125 469
294 233
178 9
-488 -473
235 478
-108 411
433 309
377 203
452 392
87 100
182 -231
235 -84
276 -427
207 -343
-474 -439
313 120
279 -370
466 -130
253 261
-246 -248
335 223
116 120
-475 -277
403 169
-81 -107
482 185
366 141
-96 -124
23 270
377 -232
-228 -24
-154 185
350 -421
137 229
-500 -247
-32 -242
286 171
358 128
-169 362
-343 -334
472 493
-85 79
452 432
298 1
-317 460
270 -476
134 -33
185 -370
232 -107
-420 -135
39 -154
253 -164
-452 335
53 -414
106 -26
-80 -467
-423 159
-164 -19
348 -45
49 -236
-309 368
-454 -86
-86 66
-247 1
468 -93
383 417
-302 -91
-361 -276
228 123
-189 165
-406 111
180 56
120 -228
267 200
339 240
-18 -426
378 -181
-299 -420
-166 -263
-439 497
376 -55
-414 -175
-224 -431
-476 60
-361 -240
333 331
17 283
321 330
28 15
-295 -45
492 -111
-196 -74
-124 -71
-329 -163
-148 223
-9 221
-65 -367
-201 42
56 -5
-499 -337
-84 371
102 462
-390 103
-381 159
252 253
-75 -240
161 -317
-386 321
-131 -312
48 -111
98 295
185 88
-480 -167
-296 -406
-103 -368
-397 -149
-191 298
-20 311
-307 -326
-391 356
269 16
287 90
-213 -431
-378 -413
195 418
-446 330
-190 -194
-309 -309
-390 91
67 43
46 6
-212 -11
48 291
-118 -285
-178 25
-276 317
331 481
291 99
404 -249
-480 -188
-284 -199
-402 441
249 -314
27 -39
-93 -121
-321 -443
-362 279
-408 343
-178 212
95 42
284 -362
464 -38
-40 372
65 165
-422 190
-310 393
-435 -289
197 -413
64 207
403 -344
429 -89
-195 -78
-431 459
291 360
-414 118
-118 -132
-151 -479
408 -199
135 -287
-263 343
-201 -233
-206 125
-85 -140
246 -333
-87 -13
213 -290
284 -489
174 -296
182 -7
84 -247
-135 468
-464 101
146 -364
157 77
-63 -59
348 428
-300 -404
-29 254
-192 81
-411 482
-155 -283
493 291
82 462
-231 -233
-32 -223
-382 -368
333 -353
-336 -53
-318 -279
298 173
-9 -312
-173 -45
300 92
-33 56
264 -154
24 -205
-397 -266
-18 171
347 49
326 489
379 -424
437 497
451 231
336 375
-464 -398
36 416
-397 -428
493 467
345 -109
304 275
41 -432
114 -461
254 -278
78 -61
246 -384
-257 485
293 285
-415 -256
-380 339
-49 434
15 113
-77 -333
-385 -68
-264 426
193 177
420 292
-138 313
419 317
-387 -107
-447 -301
181 399
399 -358
-433 157
-32 88
172 -122
151 -16
-99 -222
162 -284
175 406
482 -329
-168 -78
105 -328
364 20
-285 268
35 -456
-476 -418
-453 10
-488 -384
281 -289
-413 353
68 -13
-365 -142
41 -205
270 -468
-45 258
110 470
-193 -177
404 -357
-379 373
471 52
-273 15
256 65
472 131
177 29
-83 473
-183 -156
281 -237
358 117
442 -98
-364 -134
56 -65
330 -127
-282 197
58 470
-496 -95
-272 485
-491 -65
-223 159
-31 -484
35 -2
450 127
157 -258
135 -212
-364 219
133 452
-274 269
-37 437
82 132
-411 280
-482 -496
96 -20
-66 -107
387 218
-163 -8
-315 -365
-459 -469
314 248
167 497
-450 -81
-2 -383
31 -405
450 -108
52 -377
79 -105
430 -94
30 400
-432 299
-492 364
353 293
-88 474
170 -163
139 -467
-288 375
-352 6
-447 424
370 477
61 224
357 -341
-9 -54
215 -52
-432 362
-259 327
65 -374
-259 10
-38 54
96 362
-401 157
164 -17
307 -234
-131 -304
132 88
-62 -158
163 -32
-238 -404
435 -368
-486 -243
-191 371
-457 -413
-70 89
-320 323
-197 -90
-100 -213
460 -253
399 259
-2 -332
-17 -441
-4 -394
-293 -4
233 110
-39 38
-384 -309
229 -48
322 -171
234 6
-124 -161
-309 -407
-405 -499
451 -241
-115 -5
94 -296
231 35
-168 25
-7 194
107 -201
-240 -293
232 -123
-404 344
-186 -24
381 -255
189 -220
448 -489
323 -404
-320 320
475 202
143 -48
19 -378
337 -334
154 -51
-238 354
166 119
-223 468
412 -16
-28 -491
463 300
-372 -302
-236 311
165 179
53 -417
-395 -345
201 -77
-166 285
-319 -240
-122 -45
-180 -377
431 -472
188 377
470 98
117 188
166 375
339 157
-124 -466
461 447
82 347
211 -272
-18 492
-189 339
-491 -62
151 344
-9 -477
-490 203
-8 -359
-418 -315
71 -433
152 282
-400 360
-331 -121
-180 -209
101 28
-13 131
-358 23
46 349
65 232
256 89
244 157
14 173
-360 309
-450 -187
-206 429
-152 -102
499 -466
169 425
-308 267
310 -66
-477 145
-204 -23
-86 327
-113 -309
-308 -27
405 -359
132 -32
270 -297
322 134
487 -399
248 469
-121 -218
-215 169
376 -233
-132 388
-315 -375
-190 -51
-446 458
68 -345
112 72
306 -337
-272 -287
360 230
-267 -280
-340 -78
-265 -100
257 49
-11 -332
276 -257
-79 224
-340 -160
43 -355
129 -222
385 -380
99 24
-130 434
-124 130
-347 -302
-490 -468
1 381
-55 -408
186 110
257 175
-178 -297
-147 243
-365 -204
362 434
498 250
-115 -109
293 -342
-105 430
-232 169
84 -466
431 481
-427 -196
273 -229
-47 76
-254 -150
-70 209
446 -464
-379 -294
-273 -115
-170 -228
48 -404
-150 -302
153 -430
-286 299
-148 383
-461 6
-482 239
303 151
496 484
-459 -490
-84 -100
19 -210
-445 -230
-423 -127
-17 420
261 464
-17 157
-270 293
41 485
-60 -435
305 -407
324 -233
224 -329
97 -292
-237 -337
-374 -29
224 -34
-225 373
-233 -51
-199 416
-239 -65
-121 454
-175 -414
-208 310
-431 265
-10 -20
448 120
29 -55
382 62
65 197
-178 271
178 -461
-401 -453
-257 -68
469 -122
-225 308
330 -248
-206 -300
-78 -220
46 -314
-266 401
-448 -442
143 -416
-473 473
-394 -310
88 -131
286 -76
-157 125
-362 -285
-413 77
-288 58
-460 87
171 -98
500 -180
343 -168
500 -291
23 144
-12 -371
-5 328
130 262
-132 487
-73 -382
-48 -256
363 -378
-461 238
-372 -259
303 -184
-465 175
495 -304
154 403
-6 -359
-68 -58
220 434
-151 -20
156 -135
116 -116
-45 347
156 240
285 304
-379 257
-38 33
111 -272
-72 382
-259 -332
472 -279
60 -290
-189 -148
90 -83
185 -434
246 3
156 427
-310 -465
-493 -20
19 369
-93 -79
451 388
7 51
-34 -139
-75 -291
-173 -416
375 -414
69 437
-132 277
-423 -203
-373 388
-482 -484
-199 48
254 -244
185 -38
53 301
394 252
156 61
469 437
-495 -346
-141 -100
454 245
48 -20
-441 57
38 -466
99 -81
65 28
-350 212
-320 329
-465 150
496 349
-90 -68
348 361
366 140
107 496
-315 -380
370 -73
53 201
470 -214
-489 435
197 339
101 367
100 -424
-148 338
-142 -12
143 -376
303 276
456 -81
-292 178
-270 -479
-274 209
160 37
161 139
304 -52
367 -450
-468 -65
53 297
2 496
247 -95
-398 356
39 126
-104 137
-491 231
281 -68
-159 -10
-116 76
-6 276
-311 -120
-367 -255
341 244
-130 -124
-314 -446
24 278
109 -125
-414 -486
-427 341
-466 362
-80 288
412 -349
-336 461
-369 -50
226 360
-318 59
347 21
-289 -121
89 -388
284 -380
-143 331
-499 -386
282 71
93 -64
9 -270
315 494
-322 408
-356 -200
-257 -125
-434 171
252 -284
-85 -393
348 68
-448 -394
-147 419
-27 -433
-108 -311
-450 -442
-32 67
-483 126
255 -352
-148 229
-402 -34
-314 14
-490 380
330 392
21 448
179 -181
227 338
-363 -302
315 98
300 -279
313 129
123 214
-157 -47
-208 133
56 454
13 426
-380 -14
-69 -138
386 328
189 -399
430 -495
-441 23
-18 256
-437 -21
-199 -457
-390 178
380 2
-185 336
457 355
-209 46
-91 -17
2 -484
-168 -496
-297 -160
-96 -432
-324 -485
-385 7
-422 126
-236 165
-262 -159
178 -323
224 -202
47 -243
72 -106
-109 318
150 197
377 326
-42 423
-419 170
-120 -498
226 -219
-348 -147
4 211
4 -57
219 -173
-2 -400
439 483
-61 -371
126 -285
83 -49
346 285
-283 400
1 420
250 231
-268 -481
8 266
-73 -457
67 -329
88 -446
461 74
151 25
449 -417
331 -192
374 6
-424 98
367 41
-223 442
-227 -343
-301 495
-46 -205
56 -191
378 -278
-296 -309
-437 -82
-299 -160
137 -368
-54 -272
2 166
-16 -485
-380 100
413 -179
-326 -345
237 133
290 -384
-160 -386
-205 493
279 -348
-319 -456
-344 170
-493 54
-277 -8
282 -57
-203 -179
43 118
214 -342
-257 463
139 436
142 -120
-81 -145
123 304
404 -418
-25 -397
21 195
-225 438
477 -371
128 -388
-273 10
153 150
360 -303
-284 289
64 -44
476 53
242 388
366 98
-50 383
370 475
178 175
112 82
42 289
-222 -382
-466 -183
471 170
-171 -387
474 464
-369 347
-455 -122
-256 -447
222 -29
-77 199
-495 -329
-329 -302
-350 266
-63 186
12 201
164 444
-194 -21
498 238
214 -454
-217 254
-159 -374
462 442
498 -469
430 -396
207 -472
68 -206
-259 -424
318 475
-77 255
299 65
352 470
-243 -275
84 263
165 -34
-15 214
426 -160
-31 -393
211 -56
-359 20
215 -132
62 35
-305 -400
-80 55
-102 -181
-56 395
-443 -474
-47 -290
241 201
-314 -457
-69 -190
-333 -204
-155 6
423 -83
-484 -7
-175 428
333 99
-316 252
-299 9
322 -374
239 -297
118 -255
-282 384
497 102
-225 -225
-373 323
-314 170
-107 336
322 -131
-42 470
245 120
-189 -225
484 -79
436 -241
70 -68
-434 494
-314 -443
296 -474
-361 -38
65 109
6 38
150 -381
229 289
230 -445
-25 -356
418 53
-177 -229
225 119
255 232
287 -262
322 214
4 -241
396 431
453 -64
491 289
169 -448
-51 41
451 -238
-355 -357
-265 -434
-478 -11
-363 34
248 23
-99 162
-300 -253
265 257
-221 -427
-279 262
-472 138
-447 37
374 -138
234 -483
286 -148
-79 63
-485 -23
-103 -254
-496 199
109 -255
-45 -353
-324 251
328 -247
-191 -159
363 -224
195 -401
-165 141
378 56
-365 -8
-377 178
-446 181
-147 -226
230 299
313 167
-196 -56
-161 203
237 350
370 215
466 -176
67 370
130 131
-8 89
-165 333
-53 372
-262 396
79 79
140 254
470 -284
-224 87
-103 -436
486 -292
-120 217
-135 237
250 316
170 -317
-219 463
475 -245
246 317
-131 73
410 -151
442 169
359 -476
-344 237
167 -331
130 34
409 -124
156 174
240 -382
256 49
-327 -491
-1 47
444 -130
76 189
-13 333
-335 -123
-57 455
105 -426
-79 119
449 441
-405 326
416 147
29 262
-462 154
-339 -271
-26 -2
-428 -216
-338 -413
20 39
415 38
-53 -246
297 -20
424 277
379 95
55 -2
-274 500
204 -118
-320 107
-71 297
241 4
-67 -454
336 70
-307 191
296 73
-130 133
291 103
287 423
231 -490
-13 146
350 -331
78 -121
225 68
-345 297
359 -49
-50 486
-176 54
-362 -384
481 -491
-17 126
317 305
393 32
420 -462
286 -499
56 -57
420 -255
-361 133
-180 248
-308 -27
-141 368
402 137
-21 56
225 -127
384 83
365 20
-379 120
-90 -464
260 -193
65 378
-423 -273
-285 164
114 6
388 354
482 -86
429 -212
188 256
315 -480
67 -220
-334 -450
-82 -408
43 -138
118 288
-396 -462
158 -277
-238 283
373 177
436 472
128 27
-105 468
466 239
-217 -163
-167 -384
486 -434
487 41
89 136
-95 368
-289 325
440 -293
475 446
-141 -118
-442 -243
105 -147
33 27
-17 298
-477 -268
135 -237
-229 82
197 351
-399 -478
160 433
-97 -288
491 -10
-120 4
80 -494
168 372
44 246
-342 -426
-236 -341
400 489
169 -172
301 -154
143 -243
316 -146
322 -122
-209 -42
-328 223
285 -215
-156 14
-72 -281
306 105
-183 -255
331 96
-167 375
259 -183
-324 -455
-489 238
-42 180
-445 -73
182 407
272 159
-164 -263
-35 196
-390 452
168 -27
-396 352
-254 405
59 67
-325 395
44 401
155 456
-195 -210
-147 50
-1 -134
39 -426
-377 -254
193 97
81 -240
-15 -64
117 195
308 279
450 -167
427 386
-356 -3
235 380
257 -166
-414 -141
-394 -46
-267 -86
-427 150
-394 -399
-393 -205
113 -250
-269 -466
331 396
437 224
138 260
50 291
-408 -146
-162 -458
-493 -24
-307 -84
69 -118
64 -453
-275 498
-188 -74
-443 -132
139 -325
434 127
-384 348
-464 484
-178 23
-33 398
462 243
-491 -121
61 -275
-489 251
135 446
-177 423
442 -435
206 -472
475 -198
378 -408
256 -56
-235 57
181 130
-106 291
-44 254
-184 137
-495 -216
450 54
-360 140
312 -202
240 -360
192 450
262 -86
367 87
341 -360
-469 -170
230 144
-410 -19
-495 -240
218 142
141 -327
-229 223
-216 3
218 -202
-206 -407
-81 -299
-404 -78
-377 -252
-442 -488
-397 218
-6 -348
-209 267
-448 -350
-44 45
320 -362
301 -485
175 -325
229 472
-413 207
22 -186
113 -401
-40 -299
-329 127
-104 -487
396 79
481 54
-161 -381
50 441
-202 316
68 14
-145 -69
-339 -241
91 -327
-5 -32
-272 -110
226 -259
95 -56
-493 13
197 -33
-394 432
-360 -227
-492 -17
118 217
-203 -364
-480 -440
-159 27
-285 -436
481 269
-178 -369
27 -134
-295 308
280 369
296 -55
177 -35
291 456
307 -349
298 318
-395 452
-83 -280
-454 162
-399 -441
-16 438
-222 135
-327 -272
-337 314
314 -390
-292 216
-74 -291
-97 -497
-409 41
273 -330
-330 -193
228 -332
-11 -174
-86 481
-78 -248
166 -209
263 150
-302 -413
26 -327
413 440
-343 -451
407 -407
177 268
-134 -449
-323 172
-61 -243
-462 -495
-45 377
355 484
185 469
175 -23
-288 -364
-213 -202
-396 -348
-184 -379
255 481
-235 399
240 228
-124 342
405 -248
-319 -67
-210 -283
-444 -334
-258 -41
-208 313
-34 -332
159 17
-392 -135
-170 -329
-323 -64
-38 -41
472 357
37 131
-24 -202
-345 -24
-28 405
115 -475
279 371
-407 131
-213 11
-123 284
454 -235
-275 -350
-494 -52
-100 466
-359 94
-294 154
372 217
209 -310
-417 -250
-200 -197
-328 453
-388 85
-419 -351
-97 -48
305 -223
314 218
-475 417
413 295
330 -150
102 412
22 116
-420 209
-500 -137
164 -204
346 490
-175 -103
-172 149
71 215
-76 367
290 -6
-421 183
-480 -391
460 201
-343 -400
-334 -138
146 -154
387 -307
320 458
-26 456
-444 331
-11 266
-363 -403
408 180
-480 -64
321 -6
372 497
68 287
39 -24
250 -65
-336 -446
463 450
167 -330
94 34
-253 -265
69 88
-74 175
-196 -479
-19 -321
22 -214
297 -300
116 437
441 -89
-111 172
-107 -468
-500 -465
-236 123
-290 359
481 383
-462 320
-366 -377
166 358
11 -448
437 -313
-153 173
169 -460
-353 -216
-286 -43
-191 -301
306 -269
42 -363
389 -419
-424 -231
439 292
-358 -86
-19 168
6 -435
69 -179
-18 219
-469 68
-130 -109
-317 -196
-180 -393
-336 443
366 -332
-14 -57
-225 344
487 -36
-467 204
-29 88
-158 -236
117 8
-89 -431
-150 -41
299 491
176 -13
383 384
142 480
329 233
42 117
3 -48
115 80
177 -308
233 500
293 -276
251 307
468 -424
117 255
-224 198
-434 -286
110 305
356 -171
376 312
100 -303
-361 88
438 -235
420 35
-204 -449
-122 -370
294 164
-314 -100
-130 446
-285 20
-380 436
405 157
370 158
251 439
-401 -109
114 -232
-224 -6
-500 -293
10 471
-302 -358
245 -136
-336 -82
-355 -302
385 -53
476 336
477 461
361 105
469 295
466 -131
-494 274
343 -392
-431 -86
377 410
491 -129
443 409
-73 -461
-85 -435
-71 -118
-246 238
444 -381
53 210
-31 -146
-223 -123
-407 426
228 -460
-218 16
383 -483
-213 149
500 -14
3 403
156 18
268 -135
116 -180
-412 -450
291 -91
-185 253
352 392
-99 138
-217 -465
295 -41
-427 135
-159 -356
41 154
393 281
51 -230
-143 400
-415 474
464 -158
55 303
337 -300
401 335
358 -123
-233 -2
-212 -116
35 403
-188 -83
346 92
-126 -77
-256 467
-139 -234
97 -472
-84 474
-492 -371
-171 312
-343 -313
-7 190
143 402
-259 80
-292 135
-400 -304
-170 -398
197 96
166 230
322 114
264 410
177 453
-220 338
-410 370
-181 393
256 -279
-119 39
-492 -364
372 431
-431 79
30 487
3 -289
474 29
-85 -98
146 -5
-450 252
457 -424
26 443
114 264
-381 192
123 -143
-189 -239
207 -121
-264 314
-110 264
167 421
-336 -83
-402 56
-165 -256
-164 355
-234 -34
-14 242
309 2
-344 132
-330 325
271 -308
143 -467
-412 404
244 192
-88 292
-112 324
-6 254
119 -362
-283 144
108 -208
-411 72
-245 -13
-215 411
-173 149
-128 -368
-196 213
-371 438
-116 450
47 -333
285 -22
447 -52
136 -346
-378 334
181 -306
434 -32
163 -30
-75 -39
-209 435
-7 334
-1 197
92 263
-87 132
15 146
-53 73
304 -308
-45 -476
-365 400
-445 -156
-138 -481
-452 -225
-406 -93
-148 -152
265 115
-70 -401
-180 477
426 -410
-390 -473
-364 -485
-78 361
279 176
438 -169
-277 -488
119 -160
-275 -289
238 -400
-383 389
78 35
-150 439
-492 -449
42 -33
-222 -200
-408 18
346 -491
-66 123
225 465
-246 -317
-281 -426
-417 -121
-53 396
105 256
-344 -450
-42 483
-230 393
109 280
383 -156
-150 -226
54 180
422 -391
-351 410
-256 112
451 269
74 -495
477 175
-255 482
15 -46
-214 42
475 126
284 -369
-464 -270
-339 -379
360 460
82 -75
-369 -374
-418 201
92 -71
248 13
-329 -184
-287 500
292 182
-67 -272
-244 -389
93 -169
378 57
-476 317
-84 -379
-212 73
-121 229
312 -279
123 -38
86 -111
497 -289
-361 -473
-426 93
485 326
5 391
-426 45
45 77
113 297
121 -18
-13 -232
33 85
-319 -400
-98 -150
-144 381
264 308
-120 -88
-397 -23
180 -246
146 -159
-489 -418
-240 331
-350 110
412 -127
-57 -20
198 480
18 -414
139 -28
219 -459
454 446
208 440
355 199
298 419
253 293
274 295
-31 -144
-364 57
-74 180
206 -137
-433 436
-97 -85
-413 -218
-454 17
121 217
109 427
-444 109
-97 -118
-390 -159
-42 -260
-298 151
239 -390
-170 -466
299 241
-123 -93
-55 336
-217 -13
452 335
230 -222
118 221
-23 -37
-258 -105
-28 -63
296 -263
392 62
-148 409
218 205
127 322
-391 -227
-372 199
482 59
-280 327
-345 321
-254 -140
-208 175
-307 258
473 -232
66 190
138 -85
283 410
259 17
-220 388
145 -403
-469 422
-441 385
172 483
391 -56
-500 366
260 369
-183 44
-447 -25
-384 12
-362 -244
389 -105
395 -266
166 347
-298 412
349 -217
75 -297
172 202
219 -392
-454 -332
26 -397
301 -329
-424 172
36 -376
208 -73
297 120
-340 -22
367 452
-171 12
-310 44
129 200
488 -495
-410 275
454 -113
-77 -383
-417 -212
412 378
429 378
220 -281
145 429
-182 -176
328 116
496 308
-12 -108
265 500
373 -224
317 -118
145 -275
-46 -11
-184 100
353 -414
-330 -199
475 -193
324 378
180 -81
309 -77
2 434
209 31
-123 98
320 219
-403 -342
103 203
137 -273
-287 -461
-354 124
-174 295
-388 -160
-133 -489
312 -422
-328 -173
315 339
382 -217
-94 482
-330 -236
484 -318
353 402
485 397
451 -102
-355 -246
94 -494
367 255
-465 5
163 260
143 287
469 -410
322 -115
140 493
-328 384
-206 152
342 55
126 -150
489 4
163 -234
71 488
319 -476
391 474
190 455
324 -84
118 -88
-9 -354
93 286
280 -259
229 192
-241 -481
315 -331
-310 464
-24 185
230 -115
-100 364
39 -303
450 -261
321 435
-78 382
213 -203
8 -372
-484 -102
88 -163
15 -43
33 -129
280 -291
141 163
-345 -322
443 -471
-282 -62
-464 249
-416 -461
-287 -143
336 -202
-456 425
-38 -461
-378 -310
324 261
-165 410
486 -48
-218 -379
-1 -344
15 205
267 327
167 -322
484 -397
-160 183
28 491
276 402
-305 -7
183 -57
-428 346
215 -340
-83 447
50 62
-21 320
81 447
-71 85
358 328
-47 -460
-364 70
-441 -81
-374 -457
-108 -399
-125 77
-408 293
283 -143
-418 -370
-360 161
325 -425
-226 -10
421 332
322 -369
-458 -422
449 -359
21 103
219 205
-416 -89
422 -52
-267 306
105 -68
-43 -349
275 -456
175 -39
-87 35
-358 -416
-383 -81
279 346
70 488
372 -248
-205 353
413 452
318 13
36 -478
257 267
-277 -90
-191 -338
349 -402
-384 107
226 153
-483 452
-488 397
-487 326
-227 275
423 357
121 -495
78 452
109 -141
111 -29
-357 -145
-305 -441
106 -66
247 98
-294 -180
-3 -390
-292 288
-60 -335
-483 -273
288 -186
-45 113
-295 10
248 94
377 -230
283 162
-119 -441
-175 -333
-363 -493
-428 37
270 -397
-61 -275
350 -174
-207 464
76 -424
-358 -58
-259 241
-7 -485
-137 -80
-252 -491
-52 492
297 186
52 427
297 358
-73 104
476 -20
-69 38
-407 -288
-90 -348
239 126
-296 488
-396 186
-115 -207
404 -382
-79 238
416 97
-351 -300
-500 278
384 84
183 -95
342 -427
245 -476
194 188
24 242
-17 -395
97 -447
330 -448
0 -273
-477 -438
25 -404
278 486
325 -27
-133 315
-118 316
-286 455
45 137
-297 177
437 383
114 -255
318 210
289 346
63 -453
290 -13
-134 -77
-89 198
-7 85
260 94
497 294
-76 375
-306 95
-389 433
-287 -344
-30 -51
39 490
105 -2
22 -259
491 -497
-244 -74
-102 -23
-182 6
273 -474
0 -5
236 -102
498 449
-208 -200
375 121
-93 316
-42 1
192 200
-177 62
-446 212
-29 473
-362 367
458 242
227 -383
189 -389
-339 -176
78 276
-384 219
223 -267
16 -6
-73 335
-222 -228
157 451
-177 195
128 496
341 169
-459 149
-53 198
16 -186
496 434
298 30
-469 0
146 -50
-236 66
-108 485
-307 251
210 -404
-107 -446
-210 42
-160 141
-412 361
255 -477
382 -97
306 -192
-328 -142
249 355
376 311
-213 268
-412 -128
-53 -257
337 5
178 -339
-39 -422
-156 -147
-49 -472
144 -260
358 -443
-411 -55
318 -288
-336 -215
227 -209
-154 -172
-461 71
280 163
-309 -300
-42 -17
181 261
-453 20
184 -401
60 39
-33 33
-269 -367
436 -206
251 -179
-234 -304
120 441
-494 121
334 -336
-243 -279
227 8
-177 -375
-462 467
76 387
-369 483
252 -168
410 345
-470 -26
-494 -197
94 -123
487 281
-395 -196
123 379
55 -285
-125 -499
24 91
164 -426
12 -72
-96 383
396 278
65 -20
151 -215
0 491
-428 -212
-327 -331
122 185
320 -19
371 -377
-336 422
263 393
263 -366
300 370
23 322
127 -47
182 -219
375 284
-66 -114
-56 297
-186 -175
-173 315
-51 -146
-298 121
15 -74
1 -291
486 -267
-54 371
387 252
292 -118
102 -282
317 -51
-25 -24
-355 374
-198 -284
-98 -465
95 -356
-318 -48
-473 -236
413 290
-322 -166
260 -132
-381 -394
409 -225
-321 165
371 495
92 372
487 194
411 -49
-207 -408
38 280
430 -37
121 -292
444 166
-107 390
-335 461
-133 164
-170 55
96 125
0 -99
-149 -261
158 -483
70 -284
494 -444
21 -292
-454 283
-59 -338
-222 -279
340 79
-304 218
272 -342
-4 -322
250 254
-355 119
-489 -299
-381 -83
-167 81
-193 -331
496 -487
-239 263
205 -491
82 233
490 -128
55 -249
-343 -339
-434 330
-256 -320
186 85
-231 -3
197 289
-145 -207
-49 -322
194 342
34 -405
-240 -35
193 -306
294 186
386 -296
30 -136
267 -252
378 -236
304 -468
298 10
10 355
-465 -314
181 -226
369 333
-53 415
451 155
-293 -65
80 -70
-274 355
-321 -479
301 94
-59 396
-112 -296
273 435
-400 -477
-108 -172
25 -305
-189 375
39 -155
4 341
-39 -402
-314 222
122 108
-11 -166
-14 348
-474 64
-202 -196
-165 -403
-494 -111
-389 -128
-343 243
154 -117
-173 212
-278 308
-230 -319
-27 29
367 111
-163 -317
361 -284
368 446
197 -278
-118 -277
290 404
45 329
-463 1
-249 123
15 495
288 -496
29 93
23 124
191 -132
-83 400
179 -262
412 380
-345 30
264 -375
-38 -232
439 250
-7 -346
-161 -404
-101 238
460 -11
244 446
-66 354
51 170
129 281
427 -475
41 -239
314 33
242 403
336 -177
423 -330
248 231
313 465
215 411
305 -14
-164 356
440 -220
381 -73
430 -217
-367 -402
-478 -430
208 -324
78 -228
482 -342
-199 283
3 499
493 368
-432 -482
465 114
-358 -338
336 261
-59 -180
-109 60
-463 151
-377 -411
490 -44
334 -331
231 438
345 385
383 82
258 0
387 -210
-79 71
-314 -447
258 -460
364 -67
-362 449
-45 9
-349 -458
-21 -20
302 -361
-254 203
-41 22
96 -117
-228 376
497 117
230 -209
251 164
-156 311
269 293
240 269
170 214
14 -386
273 -128
355 200
103 -176
291 246
343 -224
-490 135
-181 26
309 -384
-417 184
1 -495
-245 -203
-284 5
-412 43
-171 -307
-486 19
353 -158
-63 -20
-149 200
223 160
-11 164
448 -2
-127 134
-450 331
-304 286
28 54
169 128
134 222
82 -56
-483 180
405 -496
-79 -374
-439 -23
134 448
135 313
-80 -275
268 -165
202 78
-421 191
14 161
-394 -263
475 -71
-123 -139
-42 -41
-442 265
-6 92
-216 161
330 -474
220 -440
-388 -159
314 -71
370 459
120 -467
90 470
-223 -297
-66 -109
465 218
421 398
62 -308
-366 205
428 -368
-353 433
-185 -312
63 233
-373 -352
245 -211
-58 -274
2 -450
26 -373
-152 465
220 -142
95 425
-340 -179
-67 -140
-306 299
89 291
-349 480
414 444
392 338
18 -359
-277 213
-405 -326
284 -107
-54 4
283 -253
-100 453
407 405
-368 115
43 178
-451 -359
-222 -24
-104 -422
-153 -404
-357 -227
-49 -453
173 -33
296 212
83 -16
-292 -194
448 -8
76 336
14 129
54 478
55 108
187 372
123 -176
-397 -399
-304 57
396 398
-223 -400
-73 -248
-196 202
-58 -161
343 -161
-464 -206
309 -486
32 -62
245 -422
-284 -381
-100 167
-469 -329
-36 286
-83 -22
-361 383
272 -369
482 -421
305 -389
-292 -166
-28 -382
315 -204
-493 211
486 -464
237 -485
-289 -449
491 -58
292 435
175 -486
292 -281
478 -59
31 160
52 121
347 -328
69 250
476 130
-351 308
-142 280
-67 445
-377 -477
-421 -133
-482 -104
417 192
55 207
-21 8
-457 -67
106 307
382 -381
125 306
-390 455
-322 358
432 -336
-448 -31
-3 -284
463 -479
432 494
-307 -483
-378 -219
371 -404
-118 484
42 126
99 -245
130 -75
-41 210
-499 -343
384 246
31 297
-48 69
489 305
45 -355
393 -203
23 -276
15 -241
-44 316
295 460
32 5
-239 272
150 -304
198 -428
-133 176
204 62
-459 -134
484 -426
454 -454
348 -28
-67 -252
-81 430
-239 20
-379 207
237 -216
-399 203
111 -126
206 -274
-391 241
-4 -437
-199 95
197 -330
-258 167
-264 411
160 157
-468 129
259 -142
-203 390
-134 -369
383 -473
-369 -73
274 -396
475 -336
266 497
-404 -133
-144 -233
-286 -468
-257 172
-358 -24
390 116
222 459
352 -67
184 -356
-474 -419
383 272
115 -410
414 -402
390 -205
-85 176
208 461
94 327
-46 -152
-26 -494
-403 282
139 -28
368 362
-318 -411
86 -383
53 312
350 -234
-324 -428
412 168
440 -15
155 -102
61 328
-169 -341
423 -147
124 414
439 -400
228 -43
178 341
-212 88
403 -427
56 -92
441 426
-436 275
374 -161
79 464
-358 -340
486 235
458 115
412 -372
-415 58
-170 161
-21 -114
-182 -67
-233 -180
-221 -30
293 -453
-343 16
446 -175
-238 -209
326 -232
-307 -213
-10 489
491 403
-178 231
299 -134
-360 -196
36 358
455 464
299 -10
-165 -258
-117 -171
-445 -185
-60 39
141 -1
-238 425
-224 496
481 -141
-91 12
363 342
-254 248
431 -325
453 -23
-434 -125
285 -453
36 -450
343 429
-92 -96
273 -262
467 -124
-164 16
-83 -279
128 406
200 -159
179 56
-34 405
92 142
-317 -152
-432 22
-265 -142
128 -242
-360 -450
-481 -225
-484 -208
-130 209
-143 64
-299 -329
-412 164
-451 138
206 151
186 -266
148 411
402 428
-433 -167
254 206
56 84
468 -85
16 -74
449 216
-103 444
-207 -65
279 -12
317 -183
-361 316
-291 351
312 -360
213 190
-460 274
16 297
270 -479
416 283
-347 171
355 230
-254 144
-397 -313
-493 -405
-375 142
414 -336
83 -69
-227 -350
356 224
153 -428
-348 -201
-149 118
322 423
-460 103
408 -285
-400 -368
-224 432
306 450
165 -375
-312 -324
-349 -50
34 -119
33 -7
323 -315
-132 114
-465 297
-350 -36
7 164
-267 467
-372 284
201 401
139 -430
279 -180
428 322
89 -500
260 -457
-105 -104
75 333
-324 -355
421 402
-450 89
83 404
439 478
437 -372
52 -407
387 -128
-389 -350
-202 18
273 -272
123 -56
422 410
119 -261
68 -220
-353 -266
459 469
-56 -46
26 -297
56 174
-307 -389
-385 -295
-382 -120
-104 204
459 -454
256 441
-141 -263
-193 -424
127 85
-214 -91
-124 228
322 -129
150 481
469 -190
-425 207
-276 -115
63 -170
-404 -212
-243 197
-462 31
61 -19
-404 312
329 462
267 -283
307 427
61 -243
-87 323
-166 225
481 229
-104 -375
232 -194
-299 266
84 8
-331 354
-299 -442
134 -73
166 -40
-189 -402
368 -419
-347 213
-2 -21
-274 368
83 -352
-368 25
-251 -370
-223 14
-158 198
74 153
410 -425
-206 -225
-391 274
-179 236
-481 45
283 -358
486 -291
-264 464
180 -294
-236 -252
-350 -100
54 70
474 -468
22 -142
492 -408
-218 0
245 347
-225 -10
234 -130
-23 27
202 -34
152 400
86 -261
-14 33
-244 295
111 -444
-153 253
-312 117
-314 489
-197 87
165 192
30 123
-431 -331
0 -231
291 488
57 -322
-30 -223
301 -34
69 -100
-220 -452
486 263
-479 201
335 470
5 352
141 134
55 -321
423 203
281 -24
294 218
270 -264
321 -195
153 113
-17 -50
-449 485
-398 215
-133 62
-74 -287
-431 418
-119 -289
-450 308
-305 -91
173 308
-475 -207
-56 95
-371 3
289 -470
187 322
-472 -443
85 388
36 -76
-339 -355
-87 363
67 -493
221 -203
16 182
-472 -414
199 -310
357 -394
-66 -101
188 414
-413 -441
247 334
321 -207
220 166
446 489
-41 181
372 -348
208 -345
-474 142
-182 376
316 -384
-369 140
-143 252
-225 369
-262 235
-359 -243
-411 394
243 490
156 -425
-284 236
449 389
320 -16
-457 -112
-161 -2
-6 495
-369 -444
108 -171
-343 323
-194 -66
-120 70
482 432
81 416
257 96
-280 275
-477 -466
-343 -130
-81 -466
445 163
108 432
-163 -492
-250 -426
-248 119
64 357
251 418
-11 -227
-51 460
466 435
56 -375
-319 278
-270 -99
-21 280
-358 442
-19 -458
-467 402
399 -442
-310 -253
418 125
-349 466
-2 172
-114 -95
-480 66
-486 -331
-499 -478
258 22
-450 106
-216 53
-366 410
-434 443
-364 62
-167 -393
125 199
271 227
-211 336
340 -116
259 82
-448 -6
-356 0
-352 -43
-349 -164
-478 -382
-296 310
312 26
-48 396
143 156
472 -272
-125 -39
-78 474
342 -98
35 42
-54 -341
9 -183
-346 -236
9 -333
272 -391
242 -208
-230 486
96 430
-268 254
136 154
-424 -210
-188 23
-268 -82
239 490
-177 -291
-468 -383
461 -19
208 273
280 133
-457 28
86 117
-466 -95
211 500
112 276
250 134
421 -156
-142 373
-7 115
-151 176
-239 -392
229 398
105 -401
234 308
-283 375
379 -372
-146 -357
246 -363
-317 406
292 -122
391 -356
35 -184
-297 -218
494 -334
-366 115
-121 232
124 150
179 36
442 369
20 218
-257 27
213 370
-477 -245
-431 133
-12 315
-167 447
399 -485
191 482
476 -19
120 362
72 -26
-31 -327
-47 -371
208 321
-2 109
270 -356
-373 -429
-25 294
-417 -189
127 442
-285 442
11 -267
-3 354
106 267
-187 -389
-103 -428
293 434
339 -445
-334 -168
255 119
-130 439
266 -67
-392 -481
422 -229
211 -120
-299 -362
-26 -176
222 131
48 427
-359 -119
-309 -112
16 335
-350 -255
-87 86
-149 -458
405 105
-378 153
-315 190
445 -461
-402 -403
-72 -48
-362 261
252 290
405 328
454 -148
2 115
-122 361
455 216
-421 316
307 -351
198 280
-230 -324
-67 120
-203 367
413 176
-464 318
-114 -153
477 207
-192 -69
-335 -467
193 221
361 128
120 -461
-220 265
-38 439
94 -399
372 -301
-84 133
-90 -33
-120 493
206 60
-38 66
-464 -401
-32 -72
298 -297
-103 247
-78 -140
442 -271
218 305
-241 -278
-332 -27
-421 410
-214 116
343 496
-347 380
-432 -489
-361 311
-153 -347
97 247
-434 -164
43 -358
-315 -355
-279 -175
-95 121
27 -192
118 -253
-225 -122
447 -150
36 -242
102 -295
457 137
399 -60
-79 -45
374 290
175 -468
398 6
-104 -3
-143 -249
-138 80
-383 152
343 118
-266 -207
-274 -187
-360 -370
-319 -444
94 -91
30 -290
103 424
-133 -425
-271 -90
383 -104
-423 378
-361 -172
187 -497
-130 -433
-120 310
-485 202
389 -369
-357 -102
-233 -160
-8 118
-326 265
388 -43
-462 161
-219 -216
-113 20
-268 -348
-165 322
-469 -196
-58 344
146 -133
-241 -403
-86 307
-456 243
357 441
-89 -183
-61 -137
-222 -394
482 97
-5 -206
60 -125
144 -249
257 -497
-10 -328
-33 -75
-465 -264
418 270
438 389
-213 72
-431 -455
-462 417
-308 149
-41 194
-208 5
-320 -214
146 256
60 31
-180 57
-190 347
219 -195
-276 -62
-352 -153
6 -363
238 -388
25 292
114 218
-221 110
378 449
286 -211
-102 290
5 150
108 461
-148 -158
-62 -8
-232 -314
-404 363
373 -233
-296 64
-293 409
85 133
81 -444
170 -65
-284 38
-269 120
279 175
261 -322
310 79
139 34
-152 285
-181 212
-294 -165
-374 -219
-346 17
151 119
-337 423
-142 418
492 495
498 178
150 -115
-416 29
-450 293
496 73
-166 -246
-477 11
315 -191
-328 -240
-301 -368
66 42
74 112
472 -222
-248 372
-31 -427
337 -33
-51 -97
-112 -10
188 -64
170 172
426 -227
-129 205
305 77
481 -409
393 137
-332 -431
28 -350
-294 -483
426 34
-176 -96
483 352
455 -21
285 214
-36 381
273 -421
-496 -24
237 -498
238 304
254 -242
-285 478
-129 -11
-315 485
252 -275
381 -91
-8 421
-64 41
-222 -18
-135 229
255 -483
452 -221
-212 -281
112 136
410 477
294 -171
-142 -422
-486 -60
288 -358
-123 22
-103 107
-352 280
40 265
-9 -170
-226 -238
-420 243
-336 109
23 -332
410 -22
142 -242
-495 54
-85 -170
9 320
167 173
371 220
-46 -370
292 320
-462 -434
141 -199
-279 -348
23 237
317 -214
-167 429
-225 -262
-494 74
385 419
333 385
-456 113
55 -146
-304 -116
116 8
280 72
-467 500
-67 -313
-330 438
-169 133
-161 227
357 -386
5 185
-268 -86
227 -171
77 5
-134 -484
-291 -233
31 29
-108 183
-320 340
-449 346
-461 -30
-295 345
367 26
302 183
175 170
-247 -396
22 -95
182 225
-283 234
-205 469
150 -208
254 443
-436 -486
119 -284
-117 -176
-498 163
457 471
273 -332
-135 468
206 -355
-408 -369
-203 212
281 -119
-196 -132
430 126
-205 -56
-74 56
459 -24
-243 -342
-245 -375
-345 175
-179 -342
241 -372
-92 108
-459 131
-125 437
135 120
340 126
-280 75
-176 282
46 453
1 -442
-266 172
-186 25
-345 -456
42 286
-456 -21
77 -320
250 480
-456 137
-258 140
-361 286
295 -449
-120 132
-88 -178
163 -406
-266 125
238 102
467 -492
270 464
459 355
-68 39
-278 -93
152 154
-375 486
272 -424
-242 -33
275 -193
463 -140
-231 31
50 -315
243 420
269 -9
76 432
-141 453
-281 -350
-494 -112
-376 313
190 -108
271 -17
-295 -412
274 307
-384 -449
-201 -407
99 -216
-186 333
186 -87
-413 -1
339 -188
362 -2
-390 250
191 357
-151 -260
273 -201
-16 205
213 94
141 -277
361 415
364 -17
426 333
175 483
-117 -57
96 -306
230 -231
103 -216
-427 -75
201 467
-101 73
-308 405
-231 200
-51 -22
-466 435
226 37
-396 -123
282 79
210 69
179 -216
20 -188
-158 200
-92 202
-324 -259
-107 -364
-284 156
-92 -230
-16 -477
-83 50
-227 -196
-275 -432
-89 83
217 98
36 -185
-398 158
466 156
475 337
87 -122
-359 -444
84 435
-429 -484
327 -372
-259 48
380 494
-252 -385
-46 135
-96 -264
-217 148
-328 -229
480 485
-356 -329
-376 194
-22 -160
173 -323
113 -442
461 -254
-389 310
-472 -364
394 -317
336 266
91 188
-455 -269
-139 -397
413 109
440 61
487 352
304 -360
231 -58
-224 206
-234 -383
-257 284
129 43
35 -260
-82 -28
226 -416
99 317
353 -109
166 253
-272 -494
-115 -451
420 443
-398 -289
370 227
-4 -428
169 -41
-350 -469
-177 -103
-486 196
178 130
-230 -360
-241 -283
-155 38
-138 136
-43 -387
-432 48
204 -25
389 491
138 -256
-495 -111
-179 8
69 142
-297 -24
-76 416
-427 257
-223 158
87 -268
195 -110
-215 -425
-403 -442
-246 491
-297 441
340 369
414 168
-227 363
62 205
-354 -348
-273 -128
416 88
-232 416
267 129
261 -276
449 -98
126 485
127 207
-407 -201
-248 420
-122 -69
383 -275
-377 -384
103 -377
107 -197
182 -458
23 381
432 333
172 358
-323 413
159 201
247 -12
177 -167
417 188
-34 -71
-349 -73
92 -79
-364 456
445 429
30 492
-151 -336
11 429
109 109
-126 110
-437 86
419 268
-286 233
366 -359
22 -336
360 76
-472 137
378 223
-468 -261
437 -189
-16 162
273 173
-108 -427
-363 -131
140 186
-203 157
-182 -346
318 -394
-158 182
264 62
-85 484
463 -419
454 82
470 -1
-493 0
342 -65
-479 -496
303 103
473 221
-63 169
-336 -447
-6 -364
-205 -113
-436 112
427 289
-379 -382
-496 -188
-378 39
-420 319
201 -266
174 -211
489 439
170 -198
482 -105
-47 155
-277 -376
-229 454
203 -446
-473 465
496 -12
-16 -421
-86 333
-450 -415
-423 118
-187 -340
-128 125
417 -130
275 130
-287 -151
141 155
261 -105
-483 464
405 331
-479 357
12 -255
-299 -109
261 -317
-230 -387
-481 -475
-12 -223
-276 -334
-121 -343
-476 -380
361 47
-497 -491
-396 -112
245 118
-412 342
172 -96
443 342
299 -22
222 -58
-54 -403
341 -283
-197 5
-60 242
-381 -75
270 -482
-86 275
-467 232
-148 -428
-491 -278
462 -49
-346 195
166 433
392 482
395 163
-15 -322
209 -370
172 109
-498 -173
-364 192
23 -16
335 -293
435 341
-302 85
-323 -217
199 -58
216 231
-161 -191
-225 -176
-104 -391
393 -207
199 31
69 354
-307 15
-421 487
-217 -101
-21 81
-306 325
418 358
-224 421
405 -65
-333 117
-460 -141
377 -203
-342 208
-149 273
-214 -86
-197 -414
-393 -14
-98 -151
-52 -328
173 371
338 -146
-424 379
444 -436
170 -79
128 -425
307 -291
198 244
-261 -42
-230 24
8 -422
-39 -298
-464 114
-421 257
-91 266
-99 -403
-494 171
262 278
348 -27
171 -56
81 114
328 172
-408 -428
-188 -347
162 -448
-413 -453
-408 324
-285 409
-393 337
-145 487
384 -494
-361 125
-10 132
-150 -178
-440 416
-233 220
75 -317
280 -373
12 217
234 9
36 -87
163 147
-82 174
-287 -416
146 485
-326 -471
-378 477
-6 -278
307 302
-371 -319
-235 70
82 -235
110 381
17 238
164 -22
-334 112
-393 102
55 -40
274 317
-479 440
-493 -253
-284 269
-317 -434
437 -368
-180 327
432 231
156 297
128 -12
-314 -359
-116 466
462 -331
-199 86
-237 16
9 -18
-171 -304
500 300
-22 -80
35 150
78 190
78 -277
-448 112
31 199
461 340
-479 -26
446 429
229 -55
88 161
-138 286
67 395
-238 155
367 -344
-274 155
222 -294
-292 -252
-285 -239
-173 417
-112 -187
-226 187
471 -456
160 -283
439 417
194 278
-337 374
379 -425
289 349
351 -57
72 476
34 138
11 -219
344 -472
254 256
248 -285
487 -356
-65 392
392 277
344 219
-98 -143
-462 124
-43 -320
247 -114
-145 114
-157 120
-457 -271
369 395
435 439
-86 -148
-124 319
-460 -30
247 -82
249 -85
116 -101
199 490
-415 -152
157 483
389 -352
-343 -41
-232 286
-244 -11
-120 -65
488 -331
373 287
-149 270
-241 -32
187 250
-285 104
437 499
226 -330
19 -72
325 -267
373 44
-70 -272
293 -77
-410 495
299 88
-249 60
417 281
-441 -417
-227 -39
-51 482
-25 -414
-298 159
390 479
-2 331
-158 104
-476 120
116 -59
80 498
-196 491
277 -494
439 292
175 390
-52 -348
425 -372
-143 -99
453 284
46 166
229 34
348 160
-445 -148
243 291
155 -422
364 -48
253 115
-71 293
-223 -378
-452 184
-98 354
386 43
161 -96
265 -306
-388 328
-236 -90
-207 391
204 246
261 288
382 -233
69 -422
-143 -436
448 238
-361 -203
-233 96
380 253
-449 464
-29 -94
-213 -8
-44 406
-340 -465
-28 -359
407 -332
-165 242
-193 -413
-495 340
-111 406
264 21
-21 -457
-47 325
421 401
-228 173
132 -363
-90 325
-403 331
83 345
-358 179
205 -265
-142 -479
-473 -464
496 357
263 296
-349 381
-232 6
435 -163
148 216
308 466
-220 282
-211 -309
-132 0
-373 34
377 -419
63 -364
-35 -334
-246 316
486 -335
456 60
-155 341
66 182
-434 -472
146 -71
144 -23
24 -361
50 -360
474 -222
482 -428
-134 -245
-456 484
-25 487
289 -352
67 89
-191 26
341 -132
219 -489
275 -68
-37 -390
-1 -404
-485 -34
21 -150
-424 447
425 329
86 -157
344 363
-118 -119
207 366
-119 -12
486 401
-256 -160
145 -152
-440 -308
-454 -302
415 -439
304 -317
-71 33
93 99
-4 -29
130 248
414 -359
-443 -420
-13 103
-461 -233
-132 432
421 303
351 456
344 105
-312 -385
-340 -154
85 -58
-342 364
183 296
-102 196
118 -200
-309 370
-10 327
-338 374
-475 51
332 -315
-102 106
463 426
458 -69
387 -390
257 -311
-153 3
-280 450
157 -493
68 -161
80 403
-82 -402
146 368
-137 -375
-183 254
-482 -359
270 -307
305 -4
243 -490
-152 351
277 279
-28 -23
431 -177
-144 128
350 117
196 160
-402 371
370 -168
449 299
-195 148
17 -368
266 265
-398 -425
345 38
68 209
398 1
254 34
-455 85
-314 -93
-265 422
-379 339
-405 224
32 -377
-356 -306
120 -409
390 -418
401 -233
245 70
-146 346
-39 26
362 55
-155 5
-227 -251
-340 -51
195 -310
-1 -171
96 266
-229 -379
118 -9
17 -315
213 -391
-35 -398
-258 4
40 -184
152 -246
307 400
166 -4
109 -352
269 349
-427 460
-203 447
-13 -44
-176 -374
-39 25
345 -246
126 -286
-408 -186
-428 345
-9 398
-79 445
-391 -307
267 -291
433 268
493 255
-120 437
7 -91
430 365
-249 353
-192 -444
75 -126
-109 -21
230 31
30 279
-161 400
153 -373
-72 333
-361 -180
404 -330
-279 440
453 391
87 165
-309 262
-227 -96
-201 -143
297 484
310 -492
-392 64
340 -239
348 -116
281 -468
273 140
-195 388
174 238
162 422
-49 307
4 -488
-122 69
-73 -90
-50 -360
487 23
148 -488
-295 -310
-305 -413
-51 -106
24 -344
88 -180
-221 -310
29 244
-326 84
438 279
-128 179
-36 -408
144 -332
-312 -410
313 -199
-196 -254
99 495
257 323
-138 68
-17 495
338 338
-255 418
-306 -311
-463 263
-307 300
262 -205
-446 -322
-218 378
-395 167
402 143
122 217
121 227
-45 -217
468 59
-22 -218
34 -119
-243 330
392 -347
473 81
298 79
76 467
437 62
-103 -204
-361 370
274 91
91 -397
341 -435
399 311
409 121
-4 18
354 432
132 -251
345 451
-38 -490
253 -365
62 164
186 217
-39 139
66 -52
209 383
450 392
497 112
331 119
202 -358
-431 -490
-393 -31
146 -361
-227 437
340 -108
-265 10
-67 -217
212 428
321 -284
40 -405
-115 220
-345 230
203 388
-100 -354
272 187
-430 118
58 -60
80 -165
281 52
-391 476
-477 16
317 -72
-193 -65
131 113
-408 -364
-36 279
-345 444
281 34
271 -321
88 134
55 479
-33 -32
135 -110
-244 -68
369 -309
-479 -456
362 -263
30 -82
470 56
466 169
362 49
245 325
-307 -177
323 352
-392 84
147 -33
-283 58
392 196
-302 -242
-127 -61
1 447
109 -130
343 484
-61 -62
-349 246
-367 302
-445 -250
177 -382
-173 -120
-3 -112
363 -263
-276 207
-271 -492
341 -475
294 -412
-188 404
163 -372
122 134
190 -67
455 -179
234 143
469 -35
-103 -338
-423 451
497 -114
179 -358
40 -31
-452 134
440 259
150 -225
331 348
52 183
-364 -358
301 336
-98 65
155 -266
51 -476
217 215
-268 66
-257 -302
-394 75
424 331
-377 352
-475 -211
492 478
-273 -364
14 458
25 -45
-114 -484
-385 100
-194 126
289 -205
-404 392
268 -147
-96 -282
-253 247
-62 187
406 -172
-225 -213
412 -498
-2 -270
-270 86
-259 -380
380 -219
-119 367
-87 476
-114 238
-6 -445
-346 -184
-109 -468
-265 -412
375 325
-77 -286
370 474
331 253
-412 -399
-353 -417
32 383
-365 -16
113 -26
14 -111
126 345
-27 107
-362 -353
-444 65
-398 -257
-2 -399
493 471
-427 -259
216 92
250 319
-430 215
-468 131
-379 -200
393 408
-82 314
-159 229
435 79
-217 224
-277 -99
-44 -304
137 398
-316 -157
295 493
216 122
-469 289
168 373
494 -380
465 175
280 -279
418 61
440 481
216 473
453 -207
-61 -420
-285 -195
227 -186
293 341
-208 248
81 264
237 199
-23 -323
448 -10
469 55
28 449
-402 125
84 464
-377 -75
388 -431
-364 186
397 -329
217 -500
479 392
-205 251
-65 438
325 -261
-428 -33
119 156
22 -182
132 -494
-398 31
-178 -176
-162 426
-429 -228
455 57
187 -490
-467 -228
53 -81
362 -334
273 -114
-16 319
294 -298
-384 186
-322 -420
-450 -315
-445 191
-421 -208
-158 149
-187 379
293 94
119 7
325 117
-439 18
-7 19
338 338
72 490
-155 -477
-423 375
461 260
-105 -224
127 -304
299 418
235 342
377 145
-97 -137
-123 -485
-160 -208
-26 -290
-427 -397
217 -14
-156 -345
119 -458
-203 24
-397 256
-396 495
-161 -131
140 58
-229 481
-148 -40
404 -393
230 408
-462 379
-181 428
-494 -61
-240 63
24 489
310 -347
174 276
439 176
439 351
-217 -159
119 70
162 139
223 -69
162 -101
351 -280
465 57
-7 -107
331 -238
-457 458
-320 399
400 -306
382 283
389 -313
-276 67
177 -26
477 -244
-99 99
-25 -273
-407 127
-34 301
159 10
271 -424
330 389
-445 -79
-46 -242
425 -153
-104 -405
58 -329
330 -445
-50 486
196 -448
15 423
-449 -27
382 -386
260 492
-332 -195
176 -67
229 -453
93 -215
-435 198
242 344
-421 413
-94 390
-30 127
-401 -482
-346 66
-117 -236
245 338
95 -254
70 271
-129 -190
-316 -238
-260 359
-437 -329
-425 -232
329 -260
110 146
-122 313
-68 -17
-172 25
229 58
473 389
-415 -259
-369 -167
207 102
-452 201
-234 -401
141 -179
468 322
-152 -426
-389 82
-308 367
-324 -302
-26 394
3 -126
-37 -214
292 -496
200 -165
-343 -138
-475 236
-370 -498
-70 49
-497 203
68 -330
-476 194
313 -218
2 482
347 488
-409 -425
-371 28
198 153
-80 333
-416 446
178 -282
-485 383
161 -4
120 85
-235 494
257 -307
-22 -112
95 315
-45 -173
-436 -195
-448 418
365 171
99 356
-319 -421
148 263
366 -493
-93 -456
69 -189
270 -443
310 -372
-47 -200
62 -15
-378 -238
-478 11
-390 -437
456 -376
326 -207
8 -31
142 -261
-17 -215
-75 99
-458 384
313 69
155 -339
272 388
-343 -288
-348 -220
-53 -287
153 -140
-271 204
279 284
31 -463
-305 -277
39 -203
-447 301
-76 343
-19 110
-150 449
177 132
251 102
-78 -459
127 -51
410 -420
-175 -205
-293 -312
-356 -131
68 -344
-387 179
-324 -370
-260 -335
-106 -148
247 309
-385 478
-296 46
424 -31
-226 384
-151 -58
463 -473
104 -284
368 480
484 -362
435 225
76 -493
-484 168
-331 305
145 225
161 -110
187 234
218 443
410 -357
-425 -205
-299 71
152 486
-143 -410
213 -323
-143 281
302 234
-396 -401
-332 -11
341 67
-221 -249
-238 285
-312 393
-82 222
202 321
105 -428
261 -99
-245 60
-18 -136
-292 -102
40 212
366 108
373 -27
444 -76
49 95
337 493
-192 -192
-432 44
-476 64
483 -396
185 28
500 450
280 -393
463 -276
-480 100
-13 339
51 -499
83 -330
-6 15
196 273
202 475
-327 166
6 375
33 -209
8 -468
-6 241
-158 23
57 191
-156 150
-289 143
95 264
-377 -164
-191 -194
-491 402
444 117
56 -116
-466 307
-342 286
-407 -357
163 -107
-312 -326
-396 190
-122 -284
-267 -181
62 293
186 -13
497 295
-434 -31
-215 27
-142 -362
75 484
27 -482
406 94
-269 -452
-65 480
405 496
-233 89
-143 -172
-403 -233
254 -211
491 -421
-167 49
72 228
-329 -292
-265 460
495 -260
139 -399
-30 -442
273 288
-35 192
-400 -453
309 243
34 -328
-200 -51
455 332
-197 341
-367 283
-483 -369
-16 23
357 261
156 139
462 -330
-406 147
-411 -50
216 440
-220 -476
21 345
27 -218
-288 208
-433 -110
67 471
44 -246
-402 347
221 -267
180 326
-198 -479
323 -269
-124 -63
-166 467
155 -99
-28 436
230 308
327 444
-322 -234
98 -19
330 158
77 -236
-185 402
-157 -324
22 -29
274 -151
-223 139
-266 415
-340 -159
121 256
-432 -59
-101 211
-317 234
-225 -412
-427 127
322 307
-453 294
-269 317
298 -356
-468 70
220 -340
168 95
-43 -389
-325 -338
-294 248
-443 -321
481 -72
305 -361
243 -456
185 -177
-367 194
220 68
-276 -400
-416 223
265 -223
-124 340
-180 -295
-182 -228
-64 -493
257 -435
218 -178
272 25
419 76
366 114
49 -386
-207 -195
298 346
371 -71
217 116
-59 -449
63 23
-424 51
480 392
361 -367
237 -420
-279 390
-444 -337
-75 -498
186 141
-147 463
-303 -103
-288 268
-10 63
-403 -110
-489 285
-145 -394
62 211
155 187
-385 -122
-464 -438
-285 197
119 -11
-353 -456
476 296
272 -208
47 -81
-336 -476
-205 -222
206 152
371 347
-202 359
-468 363
-272 -293
-297 -147
450 -250
-443 343
-366 306
-154 233
-280 -224
182 334
162 295
70 -448
-480 -127
374 44
-394 292
-41 -223
-142 -311
500 257
15 277
417 -319
405 166
49 -407
-362 64
219 -38
264 -329
-150 139
361 201
-465 474
338 -258
-281 -409
-131 -363
-276 252
308 34
497 403
427 -48
-234 -459
461 202
-349 181
252 34
-446 -98
-411 281
-92 -368
169 358
-427 397
-248 187
-22 -126
67 438
464 271
46 465
27 -408
171 187
427 -351
-397 367
215 -83
-360 293
257 75
-163 -362
-195 -149
256 252
219 321
4 444
399 -220
-349 -133
-464 -360
382 50
-194 -280
210 -121
94 -21
-68 201
-80 243
-208 -430
-435 319
-438 -293
460 -31
359 -67
249 468
-16 -471
221 -230
-295 -324
74 -495
-330 -131
-346 313
155 112
385 -16
181 -268
8 443
353 -385
419 -420
-316 -435
440 -129
374 -445
-157 -384
-47 -449
182 424
-284 41
-406 -167
-14 -96
181 -378
383 -52
-403 393
272 -13
131 -234
420 45
314 -62
244 268
374 73
92 228
-323 -71
290 -193
250 -12
332 472
-376 -223
-108 170
-197 -181
391 448
46 487
475 145
-476 287
490 227
-192 445
63 481
332 239
-472 13
-233 436
487 478
162 89
-53 183
40 294
400 478
-289 361
-57 454
347 264
112 -162
-350 -4
319 358
-291 290
-239 159
-109 -304
-387 -457
-154 111
-125 351
75 247
443 -113
179 255
-95 -327
232 -48
-53 279
-117 190
238 210
-180 148
-56 -490
-91 -102
16 -161
-172 96
70 -500
-47 50
402 -435
-53 302
-436 361
-61 -383
343 -481
31 -21
-311 -294
310 293
-323 204
440 321
-442 8
-418 -369
-25 84
-94 -233
164 277
263 -308
14 -493
175 411
-217 415
128 207
65 385
130 -289
-184 57
94 77
-360 -217
258 -317
-261 -469
133 190
-395 -179
-274 259
193 -425
333 146
40 -393
-396 241
463 16
165 -397
475 -373
144 32
-246 -363
471 -283
-378 221
-158 303
460 -97
407 74
-366 221
347 245
411 -222
-262 17
-411 305
-461 -392
-283 159
-272 286
-194 135
439 -459
306 135
-21 -155
-83 -403
-346 428
134 -174
-264 -336
-382 -413
-453 471
255 347
-491 -107
-23 -25
-433 275
-122 199
465 -327
3 -461
378 178
-319 -21
234 -188
-421 -423
-43 -408
-350 -240
-402 143
-91 200
487 -484
-141 137
415 -190
-291 -116
-419 -222
-143 -57
-201 151
-64 181
-383 15
123 43
-15 -427
355 -164
-226 427
47 -114
116 -246
231 -359
-63 -17
174 312
-217 -465
489 -226
-6 -301
189 401
280 21
222 -306
-400 -231
-344 110
463 169
-347 16
78 375
-53 492
-126 490
-68 -290
113 253
-293 172
-447 -178
-89 470
315 -224
298 -343
111 -200
208 -35
236 344
32 191
-399 -210
128 486
464 452
463 -238
-462 211
-324 -38
231 -242
329 -138
297 -405
350 -53
467 -294
-449 160
224 396
-238 87
17 -239
103 -11
6 -256
179 -92
-293 -92
-149 -488
241 203
-264 116
-272 -95
-456 52
-412 164
185 54
284 2
181 -293
-358 141
-398 96
-345 106
72 250
176 210
482 70
414 -170
416 3
-9 233
-477 215
306 489
63 208
257 454
330 -122
294 370
341 -347
341 11
340 -143
-301 -134
-130 379
109 380
271 475
78 440
-337 -197
1 -383
-269 101
-440 -395
409 -264
224 224
130 -98
483 246
-289 222
212 68
358 487
-13 232
-101 302
318 495
-117 -402
280 488
356 124
-351 -278
-339 -225
157 -454
14 -351
-181 -463
-238 250
-437 186
441 152
140 337
324 -456
186 -225
178 427
-264 149
-302 -227
98 432
-366 254
-92 -214
357 192
-412 332
-295 -55
-25 48
225 -332
395 375
-150 195
202 441
-11 -413
320 356
229 472
-3 -364
-215 -55
276 -146
220 -375
-406 167
-381 350
267 382
456 427
-415 354
-168 -50
-451 -217
134 -372
-60 45
-32 272
301 144
-293 -231
-31 302
461 -488
78 -72
211 225
331 80
56 -150
33 -381
105 -51
431 422
37 453
-287 -395
-497 -24
401 7
-1 434
-147 19
-211 9
301 -498
15 -319
437 25
121 385
-315 -434
118 -378
-443 -95
-19 -413
-485 394
-302 -90
-241 98
-403 -58
-484 179
490 -459
447 217
107 427
127 404
-118 173
-17 228
-226 284
322 286
-473 489
-93 -500
135 261
43 -225
-296 24
194 107
152 -111
205 -449
-445 120
127 62
183 -94
417 334
-289 -376
-371 489
-206 -353
245 -407
-465 -24
203 -299
-193 301
86 -246
-464 137
-348 431
-446 -330
-320 -478
299 286
-431 -194
57 -206
446 -345
-197 27
463 358
-72 179
-255 327
172 302
-101 -302
202 -294
-423 72
-227 480
-187 -87
46 -276
-377 -283
172 40
289 393
-362 -326
258 -146
273 181
-114 144
46 -499
77 355
-165 -330
321 -478
32 318
200 474
156 -233
-48 -68
283 -138
489 -273
260 -359
-478 365
-200 309
-286 190
-270 283
-299 460
-466 -500
-168 53
-479 169
-160 -227
-111 226
-468 168
111 -146
458 -85
282 -453
-112 -384
214 -211
-394 150
350 -68
24 492
480 315
482 10
128 61
150 459
231 9
-28 -424
-284 -472
416 -101
449 -359
282 251
298 -40
-60 -366
-454 -392
-141 310
-5 489
-99 -10
-75 -410
-95 340
-133 -290
144 -7
-296 469
235 -500
429 459
-490 190
-195 90
87 288
-436 208
-259 -414
-234 326
278 -398
175 301
253 -357
68 -482
301 340
-479 361
45 -34
-97 -142
304 -487
-174 65
466 -417
-144 137
256 275
-369 -173
-476 213
-311 55
489 -251
357 -99
-241 -410
-126 -473
31 60
48 -488
406 432
194 159
185 -494
-49 -283
-355 412
-40 422
104 3
-26 -66
33 339
-316 -331
-172 -217
348 -49
291 202
242 397
-46 -446
10 -336
16 -67
204 42
-56 -414
218 -72
263 415
-257 166
-262 283
234 -313
-152 82
-448 228
-173 -488
388 267
-303 -460
-23 310
-356 124
-76 -97
-100 -349
-301 -468
163 -424
470 311
234 -188
188 409
-180 -330
352 -385
-303 -45
204 -188
294 216
-386 286
422 -147
40 182
415 341
347 -167
286 436
-480 -19
258 84
-94 -67
18 -79
53 39
-47 -271
-327 -232
86 237
214 -203
61 -320
-430 -19
178 177
274 -43
116 -304
-441 248
-68 -465
191 -143
417 446
269 349
418 -261
90 116
-205 -441
-321 -43
320 259
-342 -364
267 -102
-471 291
-214 391
-301 336
-4 63
85 -204
-175 -21
218 -228
-292 -86
-293 -493
-235 -165
-391 -217
345 286
49 419
-482 211
380 -352
145 172
-424 -215
125 -7
394 -375
-226 -268
414 -313
-119 -30
446 63
6 228
-149 -318
-57 429
302 339
-259 96
74 -116
225 -144
127 -284
299 -383
-105 -40
-61 10
435 -98
497 -91
312 -401
400 -16
38 254
-294 398
-462 293
343 -492
451 126
-427 148
-150 493
-375 173
485 -393
-290 27
295 403
-10 109
404 -194
-396 440
449 17
282 -103
28 -49
-48 488
259 185
-324 -163
232 320
490 269
58 -85
350 -186
-252 462
-251 -211
2 369
100 121
-32 215
-361 -12
310 367
-198 182
-485 -311
-263 -71
335 -72
-388 369
317 -344
-68 -482
190 -465
-44 449
226 -131
-93 471
-377 181
478 475
50 -307
-78 137
-397 -261
-66 -369
414 -456
15 -271
412 445
-214 421
-405 174
383 -348
428 -80
252 40
337 453
33 350
-493 -394
-396 499
430 295
-187 30
142 -498
-267 470
260 -422
-241 -195
-246 459
-189 143
-206 37
-466 -237
-17 453
-417 -347
77 331
-369 -101
369 15
-276 -150
-110 -13
292 -187
-377 76
-471 289
269 198
-323 60
139 -497
326 422
-326 462
-275 -158
-118 -96
280 -306
65 -288
-274 -132
-90 96
-481 216
-177 -40
-97 53
-167 -149
136 -136
130 402
-184 -416
368 255
-477 3
196 100
371 -361
143 -449
-425 -98
-422 357
-120 -276
123 -108
-152 9
31 -44
329 261
195 494
238 -115
-161 -286
-289 436
-323 115
497 -329
466 -214
362 -370
-408 -49
58 -72
-38 323
-362 -78
-419 -22
-318 -443
-329 182
-449 -236
-112 -322
5 484
-62 39
159 310
-224 195
-188 303
225 14
-16 29
-339 -111
465 142
-219 -214
-497 452
133 389
241 432
-170 370
95 211
-180 7
-42 92
209 420
-321 359
-214 348
92 -229
459 -155
337 341
400 37
-411 490
-8 333
292 -30
-186 -289
447 -372
-343 189
-96 120
-475 -203
-114 44
-136 247
459 -266
377 -457
465 335
-211 -431
496 -203
277 113
-390 -374
280 50
199 312
404 137
-322 364
44 -20
-491 311
-441 -151
280 36
-444 369
-134 -90
273 -403
-192 267
-326 -366
-291 -32
267 104
-461 131
173 13
312 9
311 444
-384 457
-255 478
320 -478
397 -90
-278 126
-224 408
239 188
-44 -125
93 -6
-176 309
197 -229
-329 432
-101 -121
-185 481
281 -20
141 202
87 358
-217 -284
-9 52
350 -463
-152 421
-397 419
103 42
273 -54
35 0
11 419
263 361
370 425
-497 -326
415 452
57 -18
-479 276
-157 31
-154 -51
-317 -202
491 183
-311 293
121 -475
160 100
443 -292
356 -299
333 -250
370 -76
11 320
-340 149
-247 -348
-384 103
151 262
320 -161
-299 393
