10000
452 176
-279 -478
350 -43
478 437
-304 -380
79 -398
-221 411
-245 -140
288 -359
316 8
-80 416
-413 -328
-497 -188
353 261
-425 -235
-399 -202
-365 -410
-99 -299
-12 268
80 157
274 431
-136 256
-44 112
226 -89
-482 485
-86 257
-13 394
-10 315
-209 -319
209 327
-51 -50
-114 453
-207 -97
-445 -163
263 126
-167 336
-208 -100
459 240
-488 -63
202 -31
-68 -441
382 -321
-109 -249
-12 493
-204 46
-375 426
329 96
194 -262
146 -109
27 296
-463 339
119 -276
-193 -33
145 131
222 125
385 -331
356 -383
193 -492
101 -195
167 370
-49 -308
-55 298
293 -216
463 -434
264 424
33 51
-53 53
-61 163
181 -446
-103 327
341 385
427 400
-110 -330
-102 -304
456 -465
-447 -91
391 -183
132 396
-172 -205
-294 139
-86 -53
-376 485
-46 224
-324 -405
-486 55
-195 425
-196 -107
-383 -217
-84 -162
-85 -124
-201 -103
324 -78
446 -438
202 292
381 -51
-271 -264
119 36
146 209
-41 -224
-296 336
-339 -192
-371 152
-26 83
-490 366
226 -19
-13 412
-198 -415
305 -30
444 -405
-190 -487
187 -8
-351 -450
255 212
-72 370
485 301
-447 -200
139 123
156 -245
-418 -31
-384 372
161 -463
494 -199
-11 363
496 359
207 360
-353 11
24 497
181 289
-316 298
-180 170
-249 -50
-201 -206
-401 391
-200 456
-208 -51
383 -333
-81 -485
-336 120
-230 -455
-102 -374
485 443
294 -287
28 -244
328 -233
-263 -2
41 -439
-7 228
241 13
436 -357
228 -25
234 -423
-130 -207
-478 22
238 -245
-405 457
90 337
-212 -273
471 -62
-12 351
-199 324
259 -317
-56 -383
-45 -446
-491 -122
-202 496
484 357
460 265
-353 224
-399 -498
-25 113
-59 386
-391 -49
7 139
13 223
399 -141
99 -268
305 -406
-82 -219
80 75
7 207
-371 -404
249 288
79 125
-43 263
478 -69
116 -93
-57 55
441 -397
61 -445
-6 -282
-451 322
-98 220
151 232
371 11
-229 -233
-163 -308
357 311
-91 109
-41 483
261 -424
-414 -73
-45 77
477 7
-329 -56
232 132
343 -80
-407 356
-76 -497
239 177
88 128
244 -239
-339 -174
-228 353
184 -466
-244 -164
-250 -390
81 494
433 -92
-211 411
-471 -392
-434 -150
48 47
126 -445
379 -390
429 -171
186 19
467 386
-79 -36
244 -77
-47 -343
10 443
-274 38
-67 -189
-23 89
-445 355
129 42
134 377
346 188
-80 395
-285 375
264 129
-197 -496
343 285
157 -2
-198 141
-24 268
294 -379
-346 207
100 296
81 228
-436 -290
434 -436
299 -307
269 337
-281 145
-223 -125
290 369
-30 -38
-440 -228
-112 -159
-409 -432
-441 -368
-83 39
226 -298
-130 417
-225 153
-72 -493
-472 300
262 -156
164 -215
83 -1
283 68
180 226
381 471
399 -106
-21 422
-426 -486
368 393
-391 497
-345 -9
-484 206
-78 -229
-436 -414
74 210
157 317
-292 20
-404 217
-325 62
-41 -99
-126 80
284 -470
-48 180
16 -250
59 407
-220 209
-123 481
302 331
333 -450
-93 -391
-45 -366
-110 363
-129 -430
-243 401
-376 358
-206 136
426 -11
-86 -292
306 494
492 59
108 -193
304 -176
13 181
357 16
15 -144
-335 45
28 -198
244 -359
42 -435
-477 467
414 276
96 75
52 -491
289 370
-307 300
119 -370
-238 -21
-325 375
102 -414
-42 -317
-352 -79
-321 -340
-317 -453
83 72
109 104
57 105
135 -352
51 -95
387 -252
-285 -28
-162 485
235 -106
182 121
-146 -276
-486 -493
-62 -187
173 24
-294 65
24 -195
-22 153
11 -500
292 -348
-389 -170
369 -397
-275 320
-210 179
59 136
-210 -239
37 474
-143 -204
228 84
-442 92
256 -209
-219 -237
-374 234
-251 -471
450 392
467 -383
160 -414
75 354
-112 -367
-94 -188
359 70
-408 107
-383 -366
160 414
178 -391
405 188
204 180
272 370
419 182
337 -44
-134 -374
474 -150
-182 -390
-217 -145
252 344
246 -260
238 241
-127 73
178 33
349 -296
455 -42
-341 -301
-391 66
-351 9
-287 125
-129 -202
-418 319
483 -170
-21 -354
68 -201
322 381
64 3
88 236
359 -263
-355 271
212 227
-73 60
-327 489
-40 -15
-189 -405
-302 -237
-336 320
393 -52
232 381
217 132
-477 76
-361 130
-353 483
1 -28
209 22
484 452
-9 184
476 -59
-139 -171
342 -124
-481 418
-230 196
-18 -406
449 -94
328 454
497 86
-483 500
134 -188
-334 42
-263 44
151 -451
61 -237
-427 -331
-248 481
-263 24
-291 -443
51 421
442 -106
492 192
370 51
-41 27
-285 492
458 72
-283 -447
-255 199
-480 -164
16 435
278 -189
295 -462
207 230
177 336
179 -288
67 298
205 406
-89 413
-92 261
465 198
183 377
-210 217
411 202
83 -132
476 -315
-199 -459
-151 77
-8 -36
-122 78
-241 186
-300 -23
13 286
-31 -30
338 -226
243 357
-380 -183
322 257
-275 150
-142 465
-296 -39
225 -34
-60 254
-59 403
499 -462
-225 205
234 -180
197 -88
455 -271
-301 -246
350 462
-133 106
-220 312
-133 320
-132 -226
176 169
-475 271
448 -336
137 174
17 -249
382 126
-190 388
28 107
82 -318
-11 31
109 404
295 -344
218 341
-443 -310
119 -37
173 -359
-228 -413
-312 -360
226 -298
-93 24
-198 -278
184 -44
-239 -21
10 427
-349 -92
-187 491
148 390
-340 381
423 -124
-238 180
-31 -402
236 231
455 271
404 179
132 390
-299 58
-436 22
295 24
-83 143
-203 -345
-70 -323
368 -367
-356 -228
42 -25
413 352
-393 394
-345 -31
413 -452
-65 -417
492 400
-82 -279
-17 49
139 115
208 282
-125 -199
-124 285
45 444
-253 122
-445 54
-374 176
-333 -172
70 -17
301 -442
102 -472
222 91
-440 366
-257 285
262 240
190 44
492 145
-500 386
62 264
128 296
356 1
302 -36
-98 -135
192 -276
240 -192
-114 418
-118 326
-125 -60
-143 329
92 340
348 7
-480 -2
-380 -265
-338 -242
403 303
253 -110
449 -426
299 305
193 450
-59 435
-405 -118
20 28
452 -68
55 454
84 -134
-422 382
35 448
-468 326
212 171
-332 282
477 -156
347 -115
-88 -337
1 112
-418 -305
-429 -477
83 454
-262 126
87 -84
-397 294
-1 -357
460 -76
-89 -148
323 478
-182 -490
116 408
30 280
166 400
-363 223
283 -377
-439 -67
-401 450
445 -199
416 -496
-106 -98
63 -412
4 -353
142 -498
-319 322
-163 -178
412 -55
242 487
151 379
241 -334
-156 208
292 -298
107 211
-412 71
481 460
-284 -273
-479 -181
-449 209
-330 -351
-17 314
-47 -138
247 -28
475 195
-473 41
241 471
230 224
-3 313
-165 -395
441 370
-59 11
-184 408
406 -257
377 -194
19 397
-245 117
374 468
-313 79
440 -240
-340 -74
327 109
-240 27
-489 27
-31 -111
-365 -260
382 -386
461 -233
-396 259
492 -102
9 184
24 316
200 184
375 26
155 51
-438 -499
-414 -287
305 283
279 -53
-294 208
199 -420
-72 39
-416 -124
-341 -34
55 31
426 252
-425 129
458 239
35 -244
351 -208
-164 -415
336 446
-272 -147
310 86
423 122
100 271
50 412
-325 305
-310 -460
493 247
65 420
-188 -286
-493 -200
-361 342
-91 348
243 485
480 394
364 110
-174 -322
-234 -186
-229 140
352 394
210 -77
150 49
-279 -118
-350 171
168 33
483 496
-198 -2
355 134
282 398
-412 -26
-498 100
163 38
-385 170
271 483
-70 -254
203 298
250 98
447 429
-70 -425
290 318
-291 -328
-474 -184
-323 -282
123 -427
78 -298
-418 -84
243 240
279 261
426 135
-83 169
-1 -369
495 -101
-239 -395
285 -100
-367 35
0 -30
-278 357
198 139
-281 191
-91 65
84 398
198 378
-497 -467
131 -177
170 173
35 -322
-189 -381
-161 -189
-188 -246
51 34
-336 -100
-283 40
22 399
106 174
230 -324
-113 389
-320 -272
-213 -419
-400 -207
86 -180
-185 -454
-491 -326
167 320
29 -294
350 -260
261 -73
-207 -348
35 22
-259 5
433 19
292 -109
-35 -426
-313 -459
302 5
-348 -254
-80 -219
-75 -214
393 339
463 -28
-302 263
476 280
-142 466
70 24
-426 66
-45 -217
38 252
4 123
-276 -51
7 -401
28 -13
157 -54
412 239
-420 431
457 -187
218 -483
-393 -94
151 -167
26 328
-464 344
-37 2
-168 -304
-254 -82
-242 305
126 -294
30 -211
152 103
409 -262
-40 223
245 -82
90 302
59 -60
137 -113
233 78
454 137
365 -438
495 475
-228 265
127 151
256 -267
53 48
-349 -108
-14 -196
223 496
89 -38
130 430
-235 -79
-276 -77
-268 -120
196 -393
65 -471
-167 -111
392 -287
180 198
142 -121
-321 -188
208 -347
56 15
-11 -27
-355 -152
-470 -89
261 -12
-323 445
401 -83
21 -233
-337 492
367 -1
62 -246
-458 406
-138 -295
-346 -90
416 -367
-72 -446
-88 -134
-205 138
-219 351
415 294
399 115
376 -328
-135 17
64 29
362 400
492 51
198 229
-313 231
-441 90
149 -37
-239 0
373 463
116 227
-211 -198
47 362
291 -71
-114 374
385 -52
449 -11
-487 44
38 341
-51 280
191 233
426 -272
408 -341
-233 454
458 -411
310 34
97 107
260 -129
-32 -52
-241 -268
-338 -456
-82 -11
-438 -25
339 437
-94 48
252 -137
58 -191
156 -269
39 -99
140 328
-227 270
-127 -498
236 133
169 127
-151 58
-355 496
284 310
-137 -91
-42 168
-296 248
-114 -18
493 -328
250 107
-290 -34
167 210
51 -370
-85 65
-126 323
462 332
-462 -147
408 -359
-19 78
270 -304
245 427
357 60
301 -30
-262 -377
-109 -277
-341 325
85 408
-491 472
-382 354
82 -228
219 -338
-37 250
54 177
181 292
15 393
-81 -44
467 377
171 301
373 318
7 -91
-144 387
50 -213
273 -134
392 -301
-169 -27
-269 305
362 -263
-100 331
-89 488
-60 256
195 -423
-416 -35
148 486
-347 -333
331 -210
449 -85
-301 -222
-80 163
125 498
319 -147
-125 -234
331 -456
-7 43
-496 221
-71 -474
28 -419
-106 26
189 -427
462 -191
-226 -101
220 -153
-179 166
186 -232
-109 115
467 -44
491 -188
195 257
386 -104
86 422
176 316
-155 -78
-344 383
495 440
44 -31
-287 -116
-241 454
56 -190
-247 396
-312 -94
485 -427
-255 -433
-285 -233
93 -225
98 -249
-400 103
-114 -444
-25 -197
-200 146
16 -33
-207 -145
-343 150
326 -495
150 -169
-125 -428
-68 485
345 292
80 -47
-179 -374
459 -413
-16 198
308 478
499 -94
-36 151
405 -420
-64 -124
-263 313
-306 389
-179 233
-354 304
-472 375
-494 380
155 -387
-82 454
-303 445
228 98
240 -100
-227 -173
-362 214
-83 -21
25 -71
-66 12
-105 488
57 -328
-371 422
229 152
-43 -465
395 90
-306 77
-481 -313
141 -263
386 -45
428 -310
63 58
-237 121
11 404
475 164
58 348
-217 -341
127 171
-219 -275
358 -224
-475 -378
-189 24
-35 47
-86 -394
-238 271
-475 -345
182 -267
328 -165
404 -220
-118 -228
-44 -455
54 313
226 -452
-412 -233
-284 87
202 203
-181 433
-44 84
156 208
128 -7
-475 294
-371 89
-109 379
-280 -111
-197 -86
45 225
296 92
176 -64
-294 449
-343 -68
474 221
-209 -236
389 423
-84 289
-309 -455
310 57
-320 -327
-76 -334
72 -46
148 -314
174 -317
487 -104
144 29
222 483
197 -118
-239 -404
243 485
-47 230
433 59
-419 82
491 228
-497 -379
74 22
-337 -215
281 397
-297 67
482 -313
-468 228
-391 123
280 -260
350 -341
-250 70
-288 124
94 474
-90 -178
116 -473
314 -286
-273 -65
27 178
-246 -295
167 396
-382 387
-155 179
-423 -334
-197 -122
-190 -186
-484 315
154 -117
-484 471
379 -21
98 3
399 31
445 -208
459 14
-157 -356
333 303
174 -116
-88 286
444 -203
15 -79
-360 -75
310 -267
231 -457
167 -181
-13 365
0 -371
-134 491
442 -168
-388 430
-244 11
226 271
-273 204
270 -453
126 49
372 166
-471 -486
-15 -359
254 -38
364 476
-415 216
257 -239
430 296
-7 371
-334 111
184 131
186 479
-19 464
224 29
-294 414
237 -66
92 369
-223 173
-247 -481
-59 212
-99 -478
-245 303
156 180
400 385
169 88
241 -290
-165 -431
-254 -342
431 275
-62 -170
495 -354
229 57
172 453
366 -391
111 -393
-137 -421
86 141
-401 372
494 -393
191 210
61 258
156 131
-449 377
341 122
-377 -232
298 -306
-111 -233
-215 478
23 -71
-64 -69
-367 302
174 -107
228 381
-81 -121
214 -56
83 -222
-264 -102
229 315
328 -329
274 216
-159 172
-88 -32
-459 380
-271 82
-414 -218
-347 -323
76 -443
-39 -114
-70 -360
2 500
-115 -439
-451 -46
-83 -426
-485 -303
284 -43
-151 129
-392 -478
475 -229
-486 125
349 -207
348 255
85 15
-461 303
-500 -314
357 452
-285 -121
-445 -372
-197 256
-131 61
24 255
435 108
461 477
237 379
-294 320
102 -280
-436 394
-319 481
299 -395
-106 -300
415 35
-496 93
477 -14
68 -229
-301 148
-49 -359
14 -364
-281 120
278 -450
276 231
-39 -311
71 301
-125 442
-401 -300
-300 148
-215 347
462 -397
49 -398
259 456
377 434
335 344
-386 -177
-463 -312
-422 138
-442 -319
-237 -14
136 366
-232 -182
9 -489
353 55
161 271
-406 -440
392 -44
200 253
163 33
193 270
107 -268
83 10
194 -395
376 54
-114 311
304 87
454 -458
494 373
-168 381
-18 264
-1 436
476 376
-291 233
-179 46
430 114
-351 -479
369 343
223 318
-226 280
-363 -220
145 -381
-325 381
340 326
39 381
-237 -484
131 15
59 -151
-493 8
-370 -498
-104 248
5 479
5 -95
127 -360
-195 -39
-114 -172
6 196
277 -331
477 -473
-321 130
-452 -394
-397 92
235 10
239 -56
-47 303
-351 9
110 289
104 -7
99 -415
-315 188
-136 206
214 72
431 396
262 -388
-493 -390
370 -36
208 211
423 -377
350 83
120 4
-341 229
208 -161
-13 -216
24 110
426 158
-376 205
177 -207
441 -156
319 -151
-492 39
-263 -477
-30 -204
-127 492
429 448
465 -163
130 113
370 -409
-323 -312
-35 -76
-115 -53
464 -312
319 -472
-418 -407
159 116
467 59
404 -440
29 73
154 320
171 -389
-179 135
449 354
204 367
114 -296
115 -198
-45 37
473 107
-79 150
-211 29
-455 -39
-222 185
-278 -2
286 -369
-315 -90
-182 485
79 -500
489 341
-478 -100
85 -341
-433 132
308 -140
309 -112
-418 62
46 -316
-403 260
389 -424
55 -108
-328 -130
100 467
419 -317
-337 -497
29 24
499 486
-248 -63
35 -41
416 -295
-69 -226
-178 296
39 -486
285 -337
-54 85
-452 -459
-40 7
241 -159
-357 231
-219 400
495 148
-15 290
61 422
-39 386
-110 413
-4 -292
53 -359
311 266
389 251
310 123
-347 -294
445 182
-55 485
453 -476
385 -251
70 -168
-66 -413
5 -273
-414 -13
201 -469
-270 -396
142 194
-380 326
354 -452
-115 -40
22 -458
-463 5
141 391
145 10
409 -441
492 -119
244 -253
-64 -451
-342 -29
-95 381
-303 483
-180 -46
27 444
-10 227
-360 -5
-119 -128
-110 391
-452 -362
-242 -399
-152 -340
-337 -327
-450 -265
-344 409
-222 -64
-488 48
-71 -85
-40 -410
-376 439
303 441
-115 9
-405 -334
-42 204
-469 -413
78 440
-421 -134
155 -8
-117 372
220 -16
265 324
-282 316
-452 498
194 18
382 -172
-276 19
78 -367
-272 -435
-73 -202
297 -163
-184 448
-317 -138
-398 34
-462 -266
139 -198
234 -214
337 -361
-497 -374
318 151
370 -184
-141 -286
14 -45
415 113
-116 195
-345 -234
381 415
125 -253
341 111
191 222
307 -338
-130 -318
243 411
-122 -31
448 -472
-336 181
-377 439
-55 -419
-306 457
459 424
-324 -140
96 -444
-371 -223
475 264
-355 -329
-249 -315
-440 -226
-136 -319
480 -409
97 -217
380 179
-116 278
-293 53
171 -417
85 90
39 -360
456 81
-155 184
-375 121
-429 -178
445 -496
-402 432
-115 -6
-85 -236
-384 435
-441 -190
-177 212
-156 -399
104 295
310 -161
297 475
1 167
295 170
294 -142
-52 423
-353 -77
-497 360
57 -98
-401 -118
198 -480
-155 -21
124 -23
-428 122
138 475
60 110
-94 -37
364 -346
-96 457
-230 -216
-416 -357
481 94
-393 482
341 -52
-29 82
273 427
172 479
-360 -289
41 -48
-72 121
182 337
253 467
260 -307
-13 485
40 298
-17 333
-204 280
379 -476
-156 63
-482 -475
41 -183
-499 443
251 411
280 -446
474 -182
260 297
-380 -43
446 -314
-42 423
-295 -472
169 -231
-216 -210
-104 111
-258 348
369 -74
134 -251
280 -274
-428 61
500 -352
230 192
-382 -453
-438 215
186 30
-105 -185
173 166
41 179
77 491
116 324
327 103
-456 349
55 65
-363 444
382 -385
318 -375
190 244
194 386
-338 338
306 -58
481 -8
-358 -293
-327 256
136 0
135 345
-462 431
-475 5
145 -86
281 320
11 419
7 -172
-340 494
383 451
172 270
-469 127
388 427
196 199
-97 64
-469 151
52 -373
-211 -363
435 -41
267 295
-433 181
-459 474
191 422
179 409
-262 -80
454 381
299 -154
124 -118
493 273
160 386
71 333
221 217
-500 -341
23 -176
133 390
274 240
131 -306
3 -51
90 465
-394 -449
213 28
245 -483
-254 -221
-379 -291
-67 441
-71 102
475 263
-102 413
-167 497
-320 256
15 -104
489 -449
228 380
-67 298
343 -29
242 -157
-224 328
167 -25
81 317
215 -281
210 -162
-356 445
-254 474
371 -251
58 211
374 -257
406 -407
281 370
306 465
-437 223
-366 -347
251 167
-10 487
-410 -122
364 261
3 489
-488 -283
-238 -414
481 -263
-456 -257
53 172
-113 -45
301 -171
414 -10
307 -118
406 -479
441 -87
271 163
421 -107
-70 -342
-248 -389
-391 -60
-355 105
-455 -382
-324 162
275 -357
71 284
392 470
359 -20
295 -354
74 325
150 455
497 56
-236 269
-45 -315
-387 68
333 386
-340 213
-285 278
-84 -49
462 -446
120 31
273 147
405 465
346 303
375 62
219 -125
244 498
-62 -309
-92 433
32 -243
409 295
282 106
-117 -43
300 -52
349 -262
-72 -334
317 -4
-414 -325
-110 -450
178 441
-313 -113
430 442
9 -375
334 285
21 -428
-15 -436
-307 191
386 -456
20 -291
-269 -409
-151 445
53 36
-380 -448
130 -355
299 460
-162 290
84 28
-463 -309
135 287
171 493
365 -184
-430 -196
416 280
381 163
51 361
16 -194
-326 -442
375 385
257 286
409 308
222 487
27 -87
253 -198
-459 152
495 -319
286 191
463 -235
-177 185
-316 -53
-110 -57
-384 -257
-165 -484
217 -75
-341 239
77 237
-125 405
440 -226
-221 -175
-431 -309
-129 113
-227 222
-351 247
375 -72
9 36
411 448
-174 304
-219 411
448 429
-335 182
5 263
-182 -346
-472 -146
407 -84
388 22
-449 -92
-479 253
-142 387
465 79
-462 -91
230 -203
-361 -225
-244 103
114 246
80 -279
-418 -40
-190 286
152 219
-107 430
-424 -409
59 123
18 6
299 -23
197 451
373 368
340 -127
312 -368
389 -207
105 -135
-80 -322
-411 407
-499 -242
-244 -353
-185 -98
-222 38
120 144
-129 -444
-282 360
-254 403
-297 405
-108 -190
-436 -185
-438 313
-72 -264
442 335
-94 -313
18 -86
-451 -18
-45 210
414 110
-445 -104
275 -176
263 331
222 -200
0 5
-265 385
-58 -39
341 -127
-218 464
-197 221
220 -50
295 126
223 -142
-457 350
33 -379
-48 207
369 220
-49 500
29 -438
-9 -52
327 190
-213 81
-245 -147
-79 -454
-410 157
14 -412
486 -369
55 -2
-362 466
-335 180
-75 -203
-256 -146
-287 -350
-201 123
226 -193
195 284
313 292
62 -225
390 -261
-53 457
420 452
361 -124
-54 -47
436 -29
-61 -205
356 -322
488 -34
85 -232
-141 212
-298 202
427 298
288 141
-280 116
-93 315
305 351
-339 183
-149 -355
281 20
20 469
-405 -283
-385 443
-54 234
-233 469
131 44
374 -143
-482 363
299 308
195 131
70 355
-139 -287
-229 356
472 -306
-421 -109
-13 32
112 71
408 251
239 162
-125 490
-378 84
-288 -51
180 463
-224 280
199 -341
-494 -124
170 -479
-459 354
-490 -156
-496 22
-292 -222
-152 229
306 13
378 462
-11 207
58 -176
-53 -341
500 366
-429 -342
-152 96
206 -326
393 -435
386 -437
-164 -306
494 484
235 365
-71 -346
491 33
-365 -198
-361 62
13 -97
192 -226
-251 -299
-496 275
-193 -289
299 486
291 -365
27 -311
47 -377
469 466
-225 -67
-26 -73
265 -149
-239 266
261 203
54 -141
257 93
466 -382
-442 456
68 19
-263 457
-154 -324
422 268
-285 343
-211 -92
-362 -41
135 129
-46 491
-385 -289
266 268
-121 -211
355 344
238 -252
-29 -192
-41 -423
-133 -14
192 -152
-235 197
-266 404
426 -65
166 -166
-55 -210
-46 -102
-95 -161
417 214
34 56
-166 487
383 -246
167 474
-486 14
-149 23
-133 344
197 111
-166 278
233 -254
-437 354
24 416
249 312
-292 141
-382 -324
-351 356
-149 464
-329 449
-212 170
2 219
-388 -118
196 -105
-270 -442
-85 -456
253 -425
18 -218
-321 -120
229 -237
207 478
-110 -215
-350 -443
-252 64
480 166
290 -370
391 -381
-63 -130
-176 142
-153 -297
-444 -231
395 -199
-441 -347
-422 -311
417 -87
300 77
-150 -30
-319 187
-147 419
309 -219
-257 443
287 -66
-483 257
106 171
117 123
429 -358
144 -488
276 -30
310 -271
-264 51
-440 -375
-342 -286
-440 262
-408 -356
320 -352
-71 -314
-441 -348
22 -237
-310 -436
-238 -408
-328 277
-68 -251
424 65
482 -168
215 -83
115 463
-448 397
-490 -314
90 -192
386 278
-253 326
-225 -181
458 -377
-162 -145
119 476
202 500
-314 69
83 438
170 -326
50 -469
276 -355
-349 -470
68 -149
-27 -9
-89 -118
53 492
-474 33
460 90
-402 341
-171 -381
-27 -61
289 -301
196 332
-106 50
15 -156
-368 133
58 -238
-85 -218
-406 -213
-267 -110
107 -490
-310 -21
232 -138
-15 -187
70 -103
-11 -96
-283 81
427 -422
-445 -424
165 328
-253 326
-338 -138
-126 -424
-260 -184
369 420
231 468
81 96
170 487
-419 -417
257 339
-302 -389
-315 -133
126 -158
-176 -188
305 258
140 333
-180 -164
445 161
1 163
127 35
-469 381
-365 -25
96 193
-385 -468
224 346
-310 -174
21 100
116 -317
-293 -116
-229 -372
151 -236
299 411
115 440
87 -296
56 -43
-227 -59
464 406
77 -47
-188 316
-482 188
346 101
159 307
-65 114
-83 295
-174 201
96 -31
192 480
447 -479
-378 -226
318 -398
-260 386
118 37
231 -431
-70 -417
186 429
-36 -120
277 485
-112 217
-27 270
339 -397
414 407
70 -10
390 -119
-69 -435
216 -397
447 72
161 128
420 -421
90 230
247 -357
222 -412
79 216
39 -222
-345 135
18 64
425 -115
333 259
499 -178
-275 77
-77 128
273 352
452 480
401 71
-458 -414
398 -367
329 494
-63 240
-127 -175
260 -445
141 479
-491 236
-123 322
326 340
98 -81
-365 -153
106 -257
140 -321
-255 2
-1 -295
92 -267
380 89
173 10
-478 -494
80 -215
154 163
156 -33
145 -129
-298 24
257 404
-372 390
434 -495
-177 -211
-97 -162
118 432
214 456
276 -423
450 161
-179 -213
-73 -146
-163 -27
499 277
-305 173
251 236
-390 -274
-319 -224
376 187
-370 462
323 82
255 -235
-309 465
94 297
130 -26
391 96
235 496
-111 108
46 498
401 -240
-370 -490
252 227
313 367
149 331
-341 -212
499 -309
-27 -461
478 -404
251 94
-87 118
-298 -167
226 -149
-235 -381
-180 166
-281 -382
150 -361
-32 212
277 -390
-105 364
112 -152
235 -341
-156 239
15 -462
-335 113
274 -12
130 355
177 -65
-36 -371
-413 327
175 -500
156 -189
-97 -437
466 160
-205 104
210 -482
-329 219
-299 180
-302 386
48 117
324 6
-475 424
-70 -483
-127 270
2 -31
25 -452
111 -62
-396 -117
-95 423
-1 -48
-76 -493
127 -420
-75 99
-240 150
-192 -85
-48 -310
374 -348
-382 68
347 289
-230 108
-257 -255
179 -340
-274 -489
174 164
483 384
103 -1
-441 115
-68 34
118 -185
484 321
-325 368
-184 320
343 372
377 12
151 -278
68 287
488 -374
-295 -175
-41 -53
-30 34
321 38
-172 104
-451 -31
-127 291
-32 163
181 -168
19 -207
-106 -424
-85 -226
-35 -428
-488 254
97 94
-493 -265
-399 113
-34 69
500 398
230 -126
-444 -249
-298 464
-162 268
-467 -107
-48 -281
-252 -392
299 -220
-365 -107
80 206
-57 -391
119 187
28 -113
-192 474
152 181
-162 -333
452 260
296 -84
421 -208
-500 -187
412 80
250 -291
-61 373
248 -127
375 -394
314 -405
215 98
302 280
43 409
-272 -491
-112 90
215 -78
-419 -245
311 -493
-269 -416
471 -444
373 364
-284 -336
434 -174
-14 492
-461 -15
326 -288
-322 -455
-432 -145
260 -31
-403 492
-352 -237
-231 -65
212 483
206 195
450 -387
254 -135
-478 277
117 449
80 369
-101 -459
-274 11
286 -388
26 212
170 54
-274 486
-429 243
-87 -64
-221 -375
-252 -290
235 -474
-380 -368
-436 460
212 -453
-238 -106
-386 -430
176 -121
-84 129
165 36
346 349
371 -241
-405 -244
-208 -51
-124 -130
118 15
423 92
302 -371
14 453
-362 87
230 254
-442 -468
-436 -374
286 413
-381 -174
-178 -436
436 395
-226 14
334 356
36 -478
340 56
415 -2
431 -234
-372 204
208 -103
-289 -430
145 62
-396 440
309 -121
256 -146
-291 -45
-432 -230
-58 187
-140 55
352 81
28 320
-457 -178
246 134
146 183
-304 136
417 353
-156 175
278 61
-247 -436
-399 -360
121 15
-13 -28
-240 -158
448 323
90 -279
-148 449
366 395
8 7
-125 293
494 450
-172 -463
-471 -147
-486 -362
322 -16
244 -19
-70 -214
331 -271
-124 136
486 298
258 -481
-328 266
259 66
-23 -326
225 261
328 302
-382 312
425 122
-58 493
10 431
50 -215
315 93
249 26
-351 344
104 -141
-210 -201
-255 29
4 176
-5 -89
492 -389
193 -200
11 -9
-345 -103
-439 -204
-135 62
104 176
253 110
461 210
123 421
-163 -317
-207 -226
262 -160
266 312
8 78
6 123
-379 96
-402 -362
171 141
-424 21
75 249
382 -489
-442 409
-419 22
-298 339
-132 -308
338 431
31 -387
375 -368
-307 176
436 409
-295 -413
-496 39
-157 -490
-328 323
411 -235
45 -209
451 -83
44 -372
172 -14
-125 -80
-320 133
425 -184
-22 -429
-38 -392
397 163
65 -322
428 438
340 -194
-120 -443
-68 -270
305 -7
381 34
339 -321
60 88
-176 54
350 -484
-211 347
-43 -297
-87 413
161 211
-65 -367
231 -158
-385 -420
14 344
-232 410
-243 -351
-139 323
-392 287
490 -338
216 272
-447 460
220 110
193 -470
-380 465
478 103
-327 194
442 -49
380 395
-441 233
-136 79
-58 -235
315 134
67 415
68 160
252 471
273 124
-122 383
-32 -105
395 22
408 -427
101 11
204 -48
-488 390
190 -443
250 -60
-246 -223
80 473
-83 35
311 -461
107 -334
-246 -106
-237 -13
200 361
492 -440
-250 -151
101 -202
307 -37
125 -370
-427 -81
372 365
16 443
376 -204
-318 -232
404 94
61 346
-207 -281
67 100
433 -382
496 -61
-381 160
-165 309
371 -181
-459 140
277 116
-80 157
321 -59
-191 235
159 -351
273 99
-329 132
425 456
-148 250
113 480
-170 -107
118 -389
-243 -460
23 42
400 -270
221 470
-396 -22
164 -54
-224 -458
-391 61
19 -273
-366 223
-161 -429
1 -8
236 391
42 424
-70 -221
153 -386
-373 -253
221 426
-402 221
-441 99
-306 308
-405 -39
-180 -463
-491 -451
-403 202
303 -452
-226 488
230 71
132 128
-19 -289
-146 -175
129 -131
394 -405
197 176
-472 389
-40 60
385 199
-109 111
-316 121
-39 -164
-479 216
-358 408
-461 -214
-217 117
-473 -6
-483 -222
436 343
259 260
179 440
258 221
-338 -413
276 187
-82 136
-302 -95
-214 489
-268 134
342 333
-442 98
339 64
-77 -37
102 68
-211 234
-342 176
-63 -247
-337 -153
-484 366
-191 94
358 360
-97 106
391 -263
-23 -120
-387 -404
-16 474
-358 -471
472 -13
-425 117
198 316
-246 212
-222 -150
-43 367
458 -316
-374 96
336 343
323 334
-157 -83
218 -365
173 -434
483 65
256 -332
174 352
-150 -55
330 -402
-123 475
-339 -464
-384 -104
-414 184
-93 328
418 -296
-427 301
108 63
106 -417
-297 -266
-133 378
-284 142
-181 -229
287 -253
-322 -246
-122 307
241 144
-494 330
164 263
-245 456
244 116
-435 499
309 -438
-457 198
-267 -176
243 250
2 152
-223 466
-466 -215
43 -329
42 423
-412 -161
439 -275
-454 39
472 -122
18 -307
-37 -198
181 313
-147 -418
-458 -464
434 193
264 -308
-454 -243
-162 185
-40 -344
92 278
187 -335
35 -334
54 77
-217 -469
-218 65
141 -401
114 14
157 -147
-417 116
-435 362
-450 72
-360 -276
364 81
296 -251
-477 -354
-189 456
-439 -424
27 -302
-261 38
135 470
-68 -104
438 -351
-245 427
182 278
-448 171
358 -5
120 -60
320 250
77 412
-33 -339
219 42
-27 174
379 407
400 287
-118 367
73 85
-447 361
398 33
-52 -354
133 472
-91 -303
-68 -435
-87 -339
90 192
31 -253
202 -26
378 412
-49 -125
207 -195
-72 -350
288 -227
-267 185
-484 -14
-24 141
-262 -283
-164 -198
207 -489
-280 -47
-497 173
-384 293
-134 150
331 182
181 261
-327 -450
397 8
124 274
-449 499
472 464
-228 -296
-46 276
26 66
368 -81
-124 307
-217 448
114 392
407 486
387 192
17 368
176 128
-457 -371
445 -416
-490 -259
391 32
-4 -184
296 -307
246 -344
-137 62
-288 -183
-483 -349
-481 71
-131 265
444 305
-455 54
399 379
-384 -387
-208 -286
476 -473
-121 92
218 123
-332 237
368 117
168 421
-350 -476
-366 116
-365 171
-75 -320
-24 375
43 -222
-179 29
-395 -25
-226 473
-238 -378
-231 -305
-233 -67
329 397
373 -479
112 -66
313 -192
-451 252
295 48
170 403
-278 -493
-346 223
378 -451
347 483
-55 -363
-179 282
-14 231
-248 -193
-464 -402
-45 -469
-453 431
-499 -68
25 -338
47 -316
498 338
-33 301
363 -292
32 238
-211 -65
-430 -88
-82 -462
-357 -370
190 -6
145 -48
-232 -292
410 189
-204 -385
-372 196
347 -62
-40 244
-188 235
-360 305
-230 -331
-212 294
-135 23
293 -491
216 -302
499 -33
-170 145
479 284
325 485
222 -286
395 499
-12 112
103 117
-161 -105
179 65
-429 -486
-448 362
321 -227
-283 -208
48 -379
-433 269
-453 -256
-343 429
367 303
-353 -282
-175 -431
153 291
102 -375
-359 156
-247 437
187 -433
431 -416
-291 492
-154 18
-2 -226
314 497
151 -102
443 119
-419 -137
-443 -94
-235 -382
-313 142
471 377
-135 -114
-427 7
-166 271
3 -56
-397 150
240 300
-60 -341
146 220
-128 383
183 -232
223 410
20 -172
4 -461
-13 -465
-50 91
70 -254
110 88
293 153
-139 -181
-301 101
-135 -448
-101 -209
243 47
-182 334
-223 -433
-412 -477
45 295
422 21
-385 -245
-158 -118
-473 188
288 -469
444 -209
-7 318
435 128
165 268
365 99
-429 275
202 225
-109 489
236 59
-342 40
-33 -283
108 148
292 202
-351 -53
-370 424
313 -110
170 60
394 -473
-346 208
1 370
326 -392
28 156
-6 14
-146 -149
-64 433
30 -189
70 -172
-303 422
-138 -169
-117 327
102 483
50 -495
74 -91
-156 -276
297 174
66 176
320 180
-187 -84
293 -198
277 494
-306 451
-177 474
-413 -301
-495 423
-330 30
423 -469
-260 -229
-218 -88
-469 -16
445 -231
106 416
-165 -117
-148 -381
-253 -92
50 497
-346 -372
468 -96
158 137
-184 372
-391 -157
-277 -332
274 -457
22 -394
-479 497
72 -349
-492 -397
-296 -438
490 -432
-234 307
353 9
-308 -357
-217 229
50 255
-119 420
-475 -38
183 -316
-435 193
-53 -91
-381 182
-279 -452
-151 478
401 36
454 -381
-86 233
192 403
-145 -466
-293 -40
58 -283
118 465
383 387
-452 -310
358 -456
364 282
319 389
-423 475
-454 -139
-76 101
206 398
174 17
42 378
257 -196
479 249
4 -497
-108 -316
197 82
-19 -234
-275 134
105 -348
-371 471
-250 435
366 -99
-364 41
3 138
-67 366
-163 -137
317 -240
-223 -230
223 -308
107 83
-163 -45
-333 -385
-131 -365
-187 -16
290 373
361 75
180 -431
361 -338
256 -145
-325 126
391 -486
134 178
476 -220
89 269
213 -24
-180 326
-69 348
-86 197
450 -65
-97 -296
171 283
-463 174
-490 486
-409 431
-244 -174
-43 -282
-392 -462
441 410
221 225
-168 -417
-32 -398
119 -190
-269 -59
-124 87
482 -137
297 -433
141 225
88 200
51 -13
77 -89
-253 499
-62 -129
154 -89
255 -159
446 -457
-353 -282
420 -327
-111 304
-146 -220
-238 -282
280 -10
-305 -136
-233 299
143 -243
3 -132
-90 -10
-51 296
-398 210
282 -258
7 375
431 250
426 -177
-61 -152
-294 1
-84 45
-165 216
-291 364
201 238
-122 -145
43 198
387 -268
-428 -59
-104 -384
-299 210
451 290
98 305
299 -77
244 363
88 -432
-496 -380
-224 36
-345 -63
-319 -91
19 -482
130 -68
52 475
135 -359
-373 206
-8 -320
313 438
161 448
-120 -25
-134 231
251 47
-25 -375
397 -253
-285 -183
208 125
317 -32
-310 339
-49 -104
-130 -88
181 111
-440 472
450 -463
419 232
310 318
252 97
113 -310
-384 299
377 -327
-376 135
203 -125
300 -290
266 127
-279 185
374 456
-223 -470
-422 403
-121 317
-209 237
-218 169
-251 301
106 292
-221 -10
115 160
-323 -340
258 -23
-163 202
-390 -400
-54 -320
199 160
262 -491
-446 405
-291 -393
93 -330
88 -297
20 428
-309 329
220 -450
-10 -346
16 246
21 199
25 -265
271 -372
-258 464
-89 -286
297 378
-438 -353
37 399
-110 -31
-39 -48
341 -35
-442 464
-31 -207
-407 -200
-28 -23
-21 -135
134 -347
69 469
-184 374
-181 398
122 62
463 184
-356 272
-247 -329
-356 -343
-74 -320
23 210
77 -85
87 258
-109 170
-388 208
203 -230
116 -206
114 -472
275 178
-497 456
125 163
-399 -63
56 34
-480 -469
162 78
-284 208
273 22
101 383
-422 -198
107 -191
485 319
-168 -428
323 -152
198 422
-361 -476
-192 -237
-188 379
394 143
-185 341
162 -443
-314 -126
81 13
-111 -394
-151 424
205 328
-135 -295
293 428
194 388
488 -79
468 56
166 315
-74 -265
401 -416
-350 323
-157 -466
-496 19
-67 381
367 20
-398 478
231 19
175 -206
-376 22
-240 -334
58 -18
-129 -389
282 392
301 -297
-52 381
-157 293
-189 297
233 110
-218 321
-473 -316
204 242
363 236
-422 -75
-499 386
11 -270
-131 130
495 8
-388 4
-113 -280
281 -266
-369 365
-478 -386
-93 328
-214 -397
78 261
246 244
-254 -99
-110 -496
-67 340
489 -310
-12 -499
325 -433
-470 -111
-14 -201
200 296
-209 -220
-451 -110
-341 98
-347 -141
-368 -306
-158 -336
-341 399
283 307
-437 383
-110 -309
480 -416
145 -117
54 109
-280 457
2 117
277 166
137 377
-470 483
460 -111
-146 -21
284 -250
84 -427
26 -393
-234 -481
352 -51
-100 -495
203 174
-15 -6
177 113
198 248
434 -121
-494 -490
50 -8
311 301
297 -434
496 216
-252 98
-438 457
481 -153
126 -104
-382 252
214 44
41 -203
45 -234
393 -119
-264 -241
309 -365
-402 -176
375 -234
-164 -192
258 -269
-244 228
62 -246
3 -307
-317 59
-86 -469
196 7
-353 393
131 301
359 -149
445 -38
163 -229
-263 379
-476 -142
427 -187
299 43
439 330
250 387
-106 96
126 -30
189 -375
74 -272
-487 271
-248 -196
387 264
189 218
374 378
-364 -178
-165 283
-63 69
446 -168
-242 396
-30 288
-431 -460
-447 -483
381 -347
232 189
175 398
499 252
-464 -225
-480 481
296 236
23 446
455 218
-424 -474
455 -259
239 309
47 468
-339 150
-478 -158
63 -218
469 206
38 366
157 227
-327 -457
63 462
148 -20
-42 -97
344 115
500 219
349 -495
-338 232
-124 -443
-203 -18
170 -476
-270 -481
-330 91
-434 17
-87 -227
-452 -137
39 174
-367 -18
-161 73
32 24
-334 -110
51 -59
-31 -289
-226 -422
-328 -32
374 496
467 373
-187 479
-55 -459
-113 -266
376 -197
293 120
24 492
-427 191
300 -373
315 -59
-59 -82
332 214
476 -267
-398 320
-5 339
-374 344
50 159
-478 -400
-434 -381
152 8
60 252
-451 -415
331 296
320 137
-98 306
-52 -174
329 -286
-274 412
-29 271
88 -114
460 482
56 282
218 139
-361 -92
101 -51
495 -407
-262 -280
-44 -136
-370 -52
23 -189
103 43
-14 -468
-16 369
-272 -276
492 -116
-146 -343
-338 -278
442 -287
255 -341
234 -423
-455 -241
298 -4
179 -154
-470 -306
170 181
-499 251
-423 482
-354 -329
-265 325
443 -50
-51 -267
-406 154
-283 241
37 -189
108 317
-233 289
-371 270
-345 -180
-111 209
-485 -420
389 -188
-363 -297
-123 -240
125 -211
-194 -112
-341 74
-168 288
-392 250
-404 -474
125 -74
390 -96
344 -422
135 463
425 -348
-344 -418
-283 197
-166 244
169 153
475 -410
-122 496
-498 -429
-242 326
50 174
-159 -29
421 370
-244 -308
308 484
-44 -310
-96 -289
-70 247
401 255
-101 53
117 -462
-190 -365
15 -10
-257 -58
-495 95
18 -11
487 207
242 -147
-157 357
179 382
-357 -239
440 14
133 148
263 9
-109 195
255 442
428 -167
-307 457
-89 -125
283 -494
109 426
-76 125
-301 216
-452 121
-257 149
-370 -218
28 24
-376 50
274 483
-367 52
-258 -227
91 248
-162 419
-297 -86
-469 478
492 -339
-376 335
337 247
-314 103
23 -155
-173 433
-225 -444
-472 91
-353 -118
-446 98
-127 -462
-82 410
-246 -193
171 -280
340 22
-40 15
172 -248
343 415
-415 4
336 -180
-462 369
12 10
435 422
-435 499
-174 142
-479 87
-13 -154
-168 -51
-369 -29
322 303
-169 87
-336 -315
209 244
330 -352
-235 404
108 403
387 214
-150 450
184 36
-394 -411
137 -414
46 491
-30 -230
153 -157
205 375
182 -262
375 484
-49 -28
371 39
-444 -169
367 149
-443 386
-384 181
403 187
348 -221
83 -114
-33 23
-380 289
496 -195
238 -256
-176 387
-445 424
431 84
-117 -225
265 14
189 -228
-260 395
26 -324
-350 -21
327 152
-355 -258
-331 -114
-89 37
385 122
409 -160
181 56
194 35
40 -301
345 -92
195 69
-167 242
177 258
-4 273
383 -354
180 -93
-57 -64
33 261
427 75
197 414
-187 354
37 194
199 122
92 -167
-7 460
22 -299
451 106
490 -24
453 4
-415 -384
-461 488
468 167
-220 78
35 80
482 36
-243 -78
118 -476
-395 436
224 -240
-93 -448
-402 499
499 -476
-499 276
333 411
-5 -22
-8 -35
209 356
-452 14
-272 205
326 20
141 -326
-183 222
-262 441
287 293
48 -468
-402 202
442 -62
184 -300
107 207
415 0
-22 -233
-394 359
-46 -255
65 -50
143 287
307 -440
229 -180
433 -143
158 -310
47 162
269 -85
-458 -124
338 79
373 -495
-22 258
-206 -79
126 -309
202 478
-231 280
-469 35
475 -125
-338 -474
186 333
29 232
436 488
265 474
460 -217
-403 -190
266 92
158 311
263 -85
-388 -91
236 -311
54 358
-486 -316
-38 -123
-36 -20
54 -267
-182 493
41 -234
78 -154
359 -78
83 69
-485 209
238 -184
201 -421
224 -169
409 -279
-114 47
-279 177
-250 386
23 -53
86 -385
227 -356
-84 -220
249 431
-496 -457
-272 -309
-127 23
-388 -464
173 392
89 331
101 -337
483 111
381 -393
-212 -75
3 417
-218 183
-54 -20
20 9
-76 -293
-373 6
305 75
260 -7
-79 315
-113 -226
-484 84
356 163
-89 -98
-446 92
-314 -216
-271 -372
-485 -489
-34 -28
-290 -118
229 142
-282 -5
121 -210
93 -345
-53 310
-236 286
-326 237
230 238
241 -329
108 14
69 -246
-203 218
-248 380
150 -43
322 -149
363 -333
-295 131
-434 21
-153 142
156 275
438 111
480 444
248 86
460 359
262 174
-164 -186
387 -440
335 268
-149 -464
65 80
-4 437
55 183
-439 -43
-313 404
-499 -485
247 -70
443 -358
-341 355
-213 232
-73 -261
180 140
-38 27
145 -112
-367 350
402 -64
107 -162
21 267
-212 292
89 306
-418 205
431 -120
-5 -318
325 -370
47 -459
-259 161
-247 206
127 -210
168 -306
-430 10
464 -376
-194 381
122 -233
-113 23
-170 114
257 -400
-85 242
380 -85
473 24
215 -466
219 302
339 -305
-351 -309
-477 499
-420 469
-155 -321
362 -43
-166 -433
-344 441
217 -140
149 229
418 69
401 452
-122 -431
298 -8
15 189
326 96
-46 -388
-185 197
-399 348
286 483
374 -323
129 -319
-414 392
461 384
-397 270
211 56
454 -181
-58 -104
57 251
-56 162
105 -51
-21 18
263 -312
-42 399
-401 -149
-152 -224
-61 99
-453 -400
-302 126
45 485
26 198
286 -7
39 -195
378 -145
351 240
49 128
-25 472
-459 -160
-300 -15
-17 -367
244 -230
-359 -475
-415 446
-391 280
462 10
-379 -346
91 -166
223 265
-296 376
-47 -359
-74 444
-69 -250
-86 -490
309 184
368 -11
360 -167
427 -307
368 -353
246 347
303 -111
290 -405
-290 59
63 -458
156 293
344 -360
310 -130
438 449
146 280
391 -192
6 360
243 21
206 -345
-371 -263
450 -62
-67 377
318 -197
18 272
137 -53
323 268
-220 225
-251 -452
-234 245
-484 463
-384 323
340 -289
-14 384
-421 151
-203 -406
-94 -152
253 -499
285 246
211 -166
373 154
24 -235
-464 -132
-95 442
-296 46
-317 363
190 215
388 176
-290 -147
-360 133
-231 -346
-61 -85
-406 -361
-222 -229
-15 304
424 133
260 412
491 8
23 -134
-492 -120
450 215
-326 405
-396 -496
-470 -261
-397 -207
-9 -232
-61 -179
-342 -198
220 46
-353 302
314 197
45 400
-99 29
315 -379
311 71
-367 -59
-108 -477
471 315
-365 -449
474 278
22 -77
487 14
486 164
180 -231
285 -452
-161 -166
-392 439
-384 -47
385 -37
87 64
-451 -121
-359 -413
-148 213
-329 214
284 172
-326 471
-250 -377
19 483
181 -131
370 209
-240 -59
303 -265
36 -178
-497 -451
-148 -463
-187 358
174 96
-442 86
203 99
-347 -272
-316 325
454 -77
-189 156
310 81
333 333
167 168
-395 -163
-394 14
325 323
447 -43
-27 265
-18 -131
-159 353
-176 -10
-216 -323
462 189
278 157
66 318
137 -92
307 -414
-23 9
359 235
311 -231
-202 -391
-9 15
168 365
463 -250
64 -373
-84 316
257 162
474 69
-138 -481
400 471
-107 272
329 210
379 -263
438 54
-391 -455
-353 -277
-49 -32
-16 457
-419 158
-260 391
-148 144
53 78
244 -226
-61 -260
250 162
-163 88
320 120
40 -403
461 -315
14 71
217 389
332 -201
85 -453
17 86
129 367
223 308
479 367
432 -442
-107 287
-51 385
411 197
0 -439
202 227
158 280
-204 485
-137 -206
455 118
406 -356
-141 82
393 -46
-235 133
-152 489
492 -12
267 220
-365 -26
-10 267
-457 453
-282 -392
-332 -198
465 72
175 -46
-440 -316
240 -323
79 363
-362 -493
-51 497
420 63
-96 298
-422 202
-382 -290
-222 332
-360 492
-8 -15
-479 -451
476 393
-444 231
347 306
49 -268
-251 169
-305 -243
433 -55
72 -6
-429 -457
-57 217
58 -232
381 -114
143 -213
485 192
-43 226
-343 278
176 -355
-80 -307
-214 -184
126 208
-495 261
-125 -54
347 385
71 -45
471 20
-333 277
-284 -283
-449 -447
15 -392
-350 60
440 454
-494 -359
30 -147
-481 54
-297 -72
-26 212
-114 -489
295 485
-70 -144
-156 -141
5 288
-485 14
453 295
-396 -223
-163 482
-403 139
160 -225
-387 95
81 -310
-193 181
245 -195
16 75
-61 438
295 -92
-281 226
-234 -408
133 -497
171 -83
310 -228
-10 -131
308 126
63 410
-224 151
-285 398
109 120
-212 397
443 -414
-59 37
461 352
-97 -160
-175 -320
169 300
-226 306
-193 176
-168 -85
-362 -8
323 -464
58 251
437 429
-70 -387
-303 400
-183 -72
-479 181
179 25
-308 105
410 205
358 -301
-22 42
-35 451
-158 104
-351 218
114 -193
330 -441
287 -470
302 372
65 443
-26 -385
168 -267
-161 274
-313 -38
266 44
374 -432
47 353
457 -466
-154 284
21 -57
3 -90
436 -383
187 82
-35 278
-90 432
359 441
-207 -79
379 75
300 21
97 -432
-496 -205
277 266
301 72
252 -105
273 16
-290 353
62 112
-419 -376
457 108
251 -66
-476 463
271 464
-331 -332
-436 474
-464 -116
-431 -440
-73 -46
-188 339
205 -143
-339 -3
-124 -148
-246 47
203 -325
23 -95
191 437
-443 334
-267 -428
-373 420
-101 -18
14 298
-493 -269
-18 386
-441 -322
15 -79
-104 275
312 123
436 -23
-343 -127
126 189
-122 391
24 -344
69 -180
-437 -314
130 150
113 -486
-35 -279
397 -351
458 -257
-105 -306
54 -186
394 110
94 -123
53 19
-69 -171
123 -315
305 319
361 -349
341 -379
436 43
-297 284
-393 351
-348 -91
-161 344
-113 134
-229 304
25 -1
-175 -99
266 -429
-440 33
73 37
494 60
-16 -203
-387 -137
-476 18
261 -75
370 23
-121 482
328 372
477 271
250 -498
318 -370
165 265
-187 59
143 59
-32 483
387 -66
-164 -159
183 -268
76 -331
10 401
-181 -269
-76 106
-166 -2
91 178
-332 -2
2 -228
457 91
194 -469
-398 -463
-68 444
-455 -364
497 -378
467 93
299 -228
-95 444
-429 -429
331 394
-218 -172
-131 -412
239 -64
159 269
476 -235
-295 173
413 -234
-285 -42
155 180
-246 23
-200 -141
-270 -468
331 67
-401 388
-364 -244
58 -199
-139 -274
-94 23
-250 395
133 -170
40 453
-134 452
-52 -238
88 207
407 -87
156 -209
317 344
390 -194
-317 -295
-464 474
-438 406
-14 -435
327 214
-173 212
118 -176
-51 422
-404 28
475 472
492 -266
-315 -26
-57 -211
-439 345
-90 24
422 -13
415 -339
-419 -374
-216 490
-97 295
-424 88
460 -3
-175 -435
-9 318
-423 -360
-134 -304
-266 -298
359 -15
435 305
392 -431
-319 -237
-469 -282
-158 -469
-288 127
151 -39
-98 4
-284 177
242 400
-66 -186
-386 -51
-420 -246
-485 163
-450 -341
68 194
156 459
-494 477
48 -204
372 -173
-456 -451
-337 411
381 65
-363 449
-24 -410
384 -240
-95 -396
-79 -210
-176 230
369 -270
447 -458
121 -420
-356 -79
111 497
66 -43
-142 -70
-425 347
-5 300
-279 -76
124 -381
72 -451
205 -468
-356 108
-350 -64
-391 190
195 -468
420 193
-135 -305
82 185
179 103
-236 386
197 54
-256 -181
85 -85
-6 -129
462 -400
-272 -145
197 260
-455 -168
149 -437
458 156
188 270
198 -297
-45 327
-349 308
-429 126
405 323
-402 146
-180 90
446 73
352 -287
363 174
-432 213
202 -154
-494 467
58 123
-185 -339
219 -456
61 -72
-92 199
-304 222
-209 -402
-358 447
-124 -245
-314 -369
-249 39
346 -420
-377 -162
317 -107
-388 128
-327 -452
396 349
138 404
354 494
-183 -100
-368 -14
-445 -277
62 -451
321 -156
-279 -216
-153 216
-299 -13
452 -188
-282 -326
263 -265
279 -196
-307 361
-456 -199
175 296
135 0
-464 481
-221 -285
306 271
-155 238
-204 -287
472 281
-322 -159
450 -397
-164 219
-402 -214
301 300
-46 -11
435 -439
42 26
-349 -354
-262 436
-357 -33
-249 51
295 -200
-486 -196
-238 26
-89 -272
259 -400
-21 323
-125 -140
167 -196
380 384
353 -20
-500 -183
176 -39
-193 -446
-23 -234
-54 174
184 -72
157 -222
-84 202
-30 137
-483 160
-168 210
236 -194
-398 -2
123 -120
-4 -249
138 -301
-27 416
29 -87
-212 -191
-441 379
-6 -426
-444 258
234 61
-347 440
-475 162
-317 -476
-175 -427
486 475
215 176
-230 140
424 436
380 -346
-204 451
2 96
-77 -74
133 252
-127 -486
36 -56
-216 -119
-58 453
282 -78
388 331
-145 314
-102 -118
428 122
30 -232
181 147
82 40
462 265
-174 438
-247 -307
8 349
-339 188
390 50
-393 -492
-368 478
245 -321
-365 343
422 -305
225 -120
-66 6
229 -421
11 -428
-88 198
-360 59
-13 172
66 -297
-67 331
352 360
-269 71
-125 174
-463 -86
-453 -199
347 -108
-343 356
132 341
262 218
-438 -499
463 161
-173 494
71 154
-456 295
-304 456
-498 -448
-223 -353
3 240
-341 -348
-196 -222
292 48
-314 -213
-241 -382
77 99
155 6
284 -293
1 -189
124 -63
-107 -96
-396 236
-297 -215
-196 -310
160 -76
-86 -321
448 -309
-278 -107
-255 -497
-431 -409
324 31
372 74
-482 -480
405 -194
-203 -217
27 -448
-55 420
346 47
15 -343
-297 426
487 70
189 -224
17 -32
-345 257
-442 111
-329 -289
429 -193
-22 -37
-317 52
188 -489
450 497
-438 -423
387 366
-51 333
477 177
-356 -312
51 129
-227 -72
-297 -398
-178 382
-466 41
142 -209
-228 -138
-79 57
489 -453
-390 -443
-221 458
-199 -209
285 -472
-203 428
59 399
-341 -51
395 267
-378 -367
360 135
-100 -184
231 -250
340 288
168 321
157 -40
193 49
268 -266
-65 110
143 -175
-436 -347
-332 163
-6 -472
378 -333
-421 256
316 -94
36 36
349 -359
-109 444
76 298
191 430
-329 460
152 -266
-281 -11
-390 -287
-410 261
-294 95
330 210
-429 426
-118 -487
-98 -434
-288 489
64 318
302 -195
421 -420
402 193
58 -234
-21 -454
-261 29
-152 56
-50 -401
456 78
-234 -58
-59 -408
303 136
296 -229
-472 203
-444 -409
312 446
-140 73
38 194
79 57
-316 -95
151 108
4 49
-288 -320
198 247
281 434
-289 155
178 419
346 110
-54 321
155 325
152 -173
256 -300
-317 149
315 123
-368 468
-440 -481
-393 334
389 390
-416 -382
-29 -241
396 96
384 -492
50 -127
-92 271
-197 -184
321 -206
-182 -57
221 -54
-260 -159
6 124
116 -251
-384 -19
312 -486
298 -184
485 63
-365 175
-68 275
-21 -377
74 312
-356 -263
486 182
389 312
223 -156
317 -16
425 29
461 -26
-465 -307
-2 427
23 186
-83 79
-140 -153
497 -443
-165 489
-123 -25
321 476
-183 -346
287 462
332 252
-497 490
396 180
-345 -189
-102 4
489 431
-66 -46
-325 -60
-211 216
-16 -272
-400 -39
-145 -298
436 -221
197 320
-80 -321
218 -325
-250 357
-54 374
48 -445
409 -30
173 235
-264 446
309 286
26 31
-496 189
257 -157
-109 232
314 51
178 350
326 452
-311 277
-238 128
486 -458
-29 475
444 351
-134 436
-69 227
384 446
337 322
135 -173
-456 454
61 356
168 -404
385 -11
391 39
-479 289
415 -134
-401 -138
-298 -357
385 -496
-214 30
21 -331
-422 -348
263 168
-184 367
7 425
-62 221
171 14
267 -338
-70 -374
-148 -257
390 -361
-154 459
-364 -353
332 440
-274 226
181 -25
-123 -156
260 269
-69 -374
250 -39
-208 168
-149 -28
272 246
144 155
-113 -373
23 46
-273 -485
76 -291
442 257
-55 -441
174 4
296 -82
-57 -258
348 389
-81 135
-395 162
251 -370
244 -31
-153 -170
278 366
485 362
66 -422
-222 457
-69 -452
193 361
-303 111
121 1
-487 -322
453 -164
376 -68
-9 288
-56 375
-35 353
386 -162
443 -83
136 221
22 256
41 53
-247 -194
-371 -208
-169 205
-491 -381
-211 343
-200 318
360 239
83 293
-450 463
-488 368
-375 13
352 -145
459 340
103 490
-211 -385
319 -194
407 -75
128 477
-171 -475
151 202
-155 -293
-212 -459
202 421
419 -281
244 -75
33 -424
-129 37
-155 229
412 268
159 361
-49 456
179 -42
285 21
-117 -153
361 -475
-266 146
496 -438
-253 -23
234 -485
265 -496
62 -404
-163 12
130 462
-289 395
-352 71
-229 -49
141 -396
368 -79
267 -476
316 371
-324 90
373 457
-5 -410
160 146
-336 -255
145 29
489 422
-318 -389
-284 58
-252 199
-112 234
42 447
-398 -298
-91 -261
-241 268
-24 -145
-166 -238
-283 331
-225 -121
-370 59
-457 461
-146 -189
210 315
-350 279
319 373
221 228
241 462
-450 -195
-320 123
160 253
320 369
-476 191
-460 -76
237 -124
-316 3
49 -343
186 -391
16 -353
318 -259
-496 -229
-491 -488
-104 40
-215 -484
-398 258
-79 67
314 488
-360 26
361 -104
-65 -476
327 298
215 -412
-200 430
144 -213
203 -20
13 -99
-382 -121
246 -479
-176 136
-477 -190
1 201
409 102
-294 -28
245 237
141 -137
-178 485
-318 -179
-62 -480
-460 317
-422 61
-317 450
-54 42
377 121
346 70
345 282
-206 227
-146 -494
-119 20
-311 170
411 287
-91 -129
-176 -200
-373 -179
31 -302
-83 296
49 359
-281 -146
-453 -95
228 51
-108 -349
142 -422
-463 314
428 282
455 -75
-342 209
420 -176
421 -188
-27 355
88 83
87 118
-395 -350
431 -210
387 140
269 -245
-468 -157
352 213
128 64
302 330
-274 353
-75 -134
-242 369
280 39
324 186
315 -307
488 8
69 171
175 330
66 -65
329 420
-165 198
-448 -494
182 -169
157 257
141 136
-418 53
-320 -332
125 -346
436 28
-208 -222
-280 -179
-168 -462
227 -172
283 120
63 -356
-75 -295
386 -205
-30 468
493 -356
-417 -306
486 -223
288 -10
356 -185
411 403
32 -25
394 382
72 -167
-232 184
-160 -25
-242 292
-95 181
-244 445
-165 482
300 277
-111 71
-347 -226
-366 363
-366 -437
-147 14
-265 -285
326 243
195 121
201 -359
-381 120
490 -400
262 343
-340 -143
443 259
-426 355
229 90
487 341
145 203
-115 -307
-99 -284
-8 -374
382 -260
349 142
96 119
-17 -476
-159 495
197 -26
399 -413
425 -133
-1 384
-116 253
-166 163
30 8
72 129
-363 -409
-306 447
-60 122
102 91
-395 86
223 -330
46 -250
-434 496
300 445
-163 -440
-145 115
284 30
304 -428
186 -50
-452 -161
452 -364
40 365
-468 -372
75 -96
124 259
198 -77
438 25
56 -140
-240 -282
384 250
-184 -28
409 139
207 90
200 117
144 -137
-475 0
-130 -332
-169 139
168 -73
476 433
-68 -86
123 -185
-449 -186
496 -202
459 254
-168 248
444 268
-163 31
6 -465
16 -314
-277 359
367 297
78 51
-111 -143
-374 -296
-148 -298
-308 -255
-235 426
68 472
56 391
149 -172
451 56
402 346
-467 384
-437 258
263 190
129 199
356 96
254 173
-191 -455
1 -137
-189 441
-316 -358
-488 -143
-410 -475
-37 370
182 17
-182 -415
-388 378
-391 110
183 -199
-398 216
454 105
-259 -102
-211 212
-393 181
-217 321
89 -262
-307 456
146 -345
422 -50
-181 429
58 -212
191 203
296 -193
252 169
-235 -231
134 185
-172 2
-103 60
-439 293
192 -156
-183 241
-102 261
46 74
-435 76
-430 102
-247 -78
-231 140
451 -24
238 -176
112 -143
457 -215
-455 454
-338 345
-468 267
271 -399
-484 -12
162 335
-84 432
360 -434
273 348
447 -120
16 346
147 -224
-67 -398
201 -403
464 -184
-330 -297
-7 -298
104 479
220 -71
-3 -36
-350 -427
228 -256
46 -74
233 283
-312 479
311 456
350 407
468 30
-296 14
-166 94
398 373
255 461
107 -362
-366 -467
-175 -300
469 -266
9 -461
296 448
-378 303
189 368
-87 249
245 30
228 320
-434 -453
-112 -259
318 -80
-370 153
449 282
230 -269
-148 381
-387 318
-351 -335
389 -397
328 -115
-11 -365
-71 497
-137 -337
377 76
389 264
447 -48
-246 451
320 405
-297 -108
-83 -422
-125 360
-22 -197
83 441
300 -170
-226 -363
-142 -77
-140 -98
464 -34
263 299
405 -228
-225 -222
-200 415
326 -360
-125 -493
473 -109
299 -481
500 -343
-345 -156
67 -418
-434 221
465 107
81 321
281 483
-279 43
74 311
85 -292
199 -484
317 5
-320 303
-248 324
-367 -447
337 -185
85 -212
389 154
-18 -119
-500 128
-85 -299
-468 128
-162 366
-27 213
497 -356
-453 -471
-47 -354
228 294
250 -8
429 -101
-285 70
-274 -73
205 487
-15 -224
-188 -139
421 -20
421 404
183 167
181 317
-264 -116
238 -328
-282 -498
-278 264
-334 -413
42 -221
-189 377
-365 155
-48 -40
-396 -340
329 -36
-451 -364
165 -441
-438 291
233 389
441 229
58 -256
-82 -129
-301 482
414 -416
-23 -357
-375 -301
-466 -281
-272 237
-151 -156
423 498
-464 234
-441 -165
53 488
31 -298
301 -134
-27 -41
-412 238
14 458
-181 -356
-458 261
-17 270
1 462
108 -143
-372 -367
-309 -413
264 -112
207 -457
108 -192
365 -105
447 293
-36 434
-141 437
-348 -98
-290 450
154 -73
197 83
306 103
185 -102
363 -90
-376 354
-218 -482
-374 -307
423 -10
377 301
77 -462
215 397
-334 -254
-124 102
-361 389
-133 -319
124 -110
412 127
-85 47
142 164
-396 -7
324 111
-305 277
-102 34
41 -480
-52 -130
-89 -452
294 -377
87 -339
405 1
302 378
-468 317
-402 -469
392 -395
233 -320
-280 195
-21 -4
-217 11
-406 94
-147 413
-261 72
-442 65
273 67
-334 -456
-388 435
-274 296
-410 -4
355 469
307 400
83 -437
256 302
365 -302
119 253
-426 -389
187 -383
-250 -478
-460 361
-372 -481
-364 -53
-367 -216
401 182
-251 -248
-474 460
471 -428
-377 -408
-432 26
-425 301
-88 -323
344 -24
446 -325
152 298
200 -165
116 -90
155 -237
491 492
-298 381
-3 245
-92 376
-12 -282
-282 -281
395 -196
159 22
-434 112
-48 247
-21 334
487 86
83 -18
474 -469
184 -194
189 -481
-136 -87
414 169
-237 284
-47 -433
-194 -282
21 -137
-177 308
117 246
463 -452
334 -249
144 248
273 -214
-399 -298
158 -250
-261 53
225 -302
124 430
-47 214
-411 384
-163 -492
491 -375
-194 307
488 -75
249 -144
-364 -298
-105 205
82 -24
459 118
339 340
-493 281
446 -430
-403 430
-51 -492
-364 -315
-182 -93
126 244
-54 50
57 -440
378 -315
61 -315
97 -97
498 -127
-62 -456
-413 -457
-490 292
-493 253
44 -248
-54 -169
162 401
150 420
-58 102
-102 227
460 344
-12 213
-478 289
153 25
-97 -189
-459 -404
-347 176
-486 243
288 390
-29 -195
-226 -458
473 -216
-20 -68
268 316
-95 316
84 415
-261 218
277 -310
-400 -156
-370 293
82 -16
410 -84
-459 105
72 -360
-429 329
89 500
-453 -117
453 -235
171 -127
97 368
37 150
-36 -16
-95 343
492 444
233 161
139 143
-49 187
74 -117
-124 131
-179 -40
134 -387
255 -64
366 -167
-130 287
293 28
214 -241
264 282
44 32
-39 -7
-390 -379
117 -104
-227 189
105 168
384 -486
310 127
-394 -247
103 -115
-383 262
349 -308
415 219
-45 -447
5 500
-76 -296
-135 281
-83 481
364 -316
354 -251
-154 -417
66 243
179 -442
-186 340
-490 -330
66 -329
102 38
429 438
-228 424
-10 160
286 261
-237 -303
24 -302
-162 -35
249 161
57 -265
-144 -338
2 111
-477 318
177 -114
303 -239
-477 -231
-236 -316
495 103
347 182
427 385
-382 -272
201 -77
-441 -251
-178 -459
447 269
-4 108
-391 -305
494 -125
-323 221
-440 -34
28 51
85 420
353 -225
-107 187
-212 -314
224 -345
-291 -83
430 -271
215 -269
-206 -192
-42 121
-95 -301
135 -392
-342 410
-289 345
469 -50
-129 -202
261 -122
-140 146
-254 494
164 -184
-87 355
-470 -478
94 295
-33 473
-27 -307
-46 219
-451 -446
336 -479
469 327
-133 -23
-303 -56
84 58
-297 312
-85 360
-385 382
405 443
-177 424
-449 -430
48 -12
472 -403
-172 292
-373 11
134 335
320 -431
496 -216
421 445
-318 -422
-207 -18
485 -162
380 100
-214 -139
36 -281
460 94
20 428
323 266
-230 -456
251 -469
29 -218
354 -135
301 -387
124 56
129 0
104 -25
-358 133
63 403
-142 -427
-146 -139
119 -193
-58 -136
-251 -226
-283 243
32 469
-429 412
443 355
-204 26
-264 -179
206 227
-236 369
-411 246
306 252
-15 -37
-245 -103
-491 -459
357 200
315 -56
149 69
-11 115
162 161
-345 23
-106 -444
437 142
-26 -15
-247 340
-130 -451
-349 -102
357 105
304 376
233 -383
401 -78
-285 -25
-344 -385
448 264
394 500
-258 -415
234 276
484 -476
-28 -71
327 368
-38 -4
246 104
-347 478
-214 49
120 -494
196 272
-351 -460
498 -125
181 406
-200 330
69 480
370 56
-290 -356
364 453
-251 -270
-335 -25
57 343
-434 94
-35 -123
-122 34
426 -127
-268 -388
60 -192
-144 299
-223 -372
-460 -479
-243 452
498 -5
-128 -367
297 226
264 42
378 401
-147 -226
83 -238
174 336
-144 -290
78 461
-313 414
-431 114
233 8
-118 -428
-63 57
-121 -127
195 -123
232 302
-346 79
222 327
334 366
-18 247
-48 380
316 -43
-80 -106
-16 69
239 -10
-24 182
-74 2
-29 -99
170 93
34 -123
-269 326
344 -256
36 153
-120 264
-161 -262
-367 -225
-128 390
-206 -117
416 299
-294 364
348 -85
-304 52
-478 222
148 -98
-464 -325
333 123
195 -330
107 -20
11 -188
368 264
317 421
407 -211
420 321
-390 484
-228 -62
-157 -233
-70 -363
339 -118
-27 -499
226 81
-383 -441
-19 -335
194 483
420 174
67 -322
339 308
-409 -182
-476 -409
-312 310
-294 -109
-272 130
-377 19
-231 74
-247 -489
-174 -295
491 299
-404 -168
-406 216
-35 88
-26 -247
177 322
-334 -398
354 102
174 290
135 275
-238 221
-422 -343
265 -246
197 -325
135 351
-463 356
1 36
-245 320
-54 257
281 268
-451 -122
-279 214
-322 393
367 -206
405 -184
14 387
407 -388
-188 -339
-469 131
237 -248
-411 383
-371 -191
309 -467
403 -217
-435 62
404 269
266 -297
-119 -490
94 -99
-492 372
468 1
64 -306
435 -282
386 -471
-207 -384
194 -150
108 -153
403 -151
-94 -17
388 288
243 -158
87 38
104 -183
368 -499
-120 -75
126 -120
30 240
100 -82
-473 294
223 457
276 -246
385 473
-232 400
318 -255
312 -287
20 -92
299 328
63 489
-8 257
-50 351
462 455
499 48
326 -214
-220 59
378 208
-186 142
-102 58
408 -229
-273 -74
404 323
251 136
300 343
205 -144
-388 -244
37 -402
244 -54
-256 67
-233 -275
-156 235
152 193
277 35
-288 161
137 -159
-416 14
-152 401
-338 308
196 -26
-289 -164
-171 157
70 115
-141 -212
139 285
-458 -218
-305 245
264 181
-22 427
-482 369
125 -417
-275 211
-20 402
-312 163
-327 -429
359 -313
494 -439
258 268
37 -6
-105 -291
-70 210
-308 -180
262 171
56 202
92 -325
355 -261
247 131
201 -185
198 413
286 359
422 466
196 22
-323 -70
-388 -51
-221 -282
-13 -146
-278 476
168 70
491 -359
247 460
146 -156
-448 205
22 -327
-435 -350
368 228
91 -383
2 -395
314 -378
-397 265
52 -62
-211 -198
-387 167
-214 -491
87 -202
366 -493
482 -339
411 -268
-126 352
82 -247
225 87
50 -93
439 79
265 143
-497 220
-341 -11
-423 -479
317 395
-233 200
441 -138
-88 -322
-240 -150
473 -394
142 385
285 173
419 -357
350 -342
220 -87
95 220
135 443
-220 439
-201 -101
28 493
-216 -16
14 57
230 -370
-454 406
222 -282
470 43
130 175
437 69
-150 -167
-394 -468
151 -48
141 250
135 -446
-388 -460
-323 484
-201 76
188 229
118 432
-462 -346
-444 182
18 -222
-424 383
73 82
322 392
-190 -286
-264 277
382 -271
-81 266
417 -126
353 205
395 -32
477 -118
127 -254
-18 -129
323 -314
-26 171
203 73
-369 -450
-382 158
448 431
235 62
-379 109
411 494
34 -224
-473 -76
224 -2
-420 112
-487 -19
-405 373
-326 491
-63 243
40 -196
234 -39
-141 428
351 9
-80 36
98 -228
36 34
-439 -392
355 212
401 199
-407 -181
475 307
171 -394
-363 -444
429 32
458 14
446 -272
317 172
-66 -194
-79 421
264 230
-449 243
431 280
-413 186
-212 260
-93 142
-432 -121
-198 -278
17 64
5 -497
245 230
-177 -440
-276 -406
-135 262
221 -405
-226 366
-54 341
-314 479
-195 283
-356 359
316 261
-129 -104
-371 391
-106 -496
-204 -133
178 -101
139 -436
-195 -344
389 352
-180 352
441 -218
-483 -242
-428 257
-443 252
-422 -404
105 308
-421 229
-319 67
41 269
-383 300
-33 -485
227 489
473 344
-210 153
174 187
77 421
-77 -121
457 418
114 231
462 -100
77 147
267 -317
-128 -308
-55 -216
-322 -401
304 102
500 -386
-448 41
-453 280
494 -180
-156 -384
-426 312
-340 112
414 -191
-223 -233
160 238
218 105
19 -419
-206 -490
-106 -248
204 -225
-234 -419
-402 406
-332 -424
-373 -54
-325 -35
297 -141
-205 -445
479 -76
450 -454
4 94
404 380
-318 78
258 -162
356 -240
22 -275
278 276
377 384
-221 118
296 308
391 45
229 296
-45 -62
82 -369
-113 348
430 -60
284 33
-156 398
194 308
283 54
283 386
404 226
457 154
-354 119
469 134
-371 109
-409 -499
246 -103
-288 -345
310 -303
-213 -263
237 375
66 197
-193 183
493 -176
-429 400
-413 -26
368 413
76 -147
269 -369
386 -443
175 -146
32 -266
289 -92
226 13
-431 309
82 -452
-450 404
444 -79
277 -182
167 -256
-6 61
-43 367
479 -32
113 415
-109 244
-207 188
7 397
-421 -476
-103 -232
-56 -50
304 -239
456 -446
216 -31
-210 -238
-88 252
-1 -482
-137 -316
261 -306
-293 248
-52 98
240 -21
385 151
-468 -211
-29 -48
245 214
87 83
86 -366
382 409
436 -118
258 133
-451 392
465 225
359 -62
213 -461
-48 -376
-72 -250
465 -326
226 212
136 -99
200 -37
158 324
-270 -378
-216 -82
374 -83
-147 -317
252 415
99 -467
171 -420
398 -483
-437 -95
444 355
6 -185
473 303
257 471
-224 2
453 265
410 -251
237 -119
498 54
-78 5
124 120
-140 95
181 -20
-280 300
430 -62
-468 -423
-215 -452
-431 -149
2 170
-298 348
76 98
377 259
-191 123
380 455
339 460
-79 -161
-289 -153
382 147
-71 -390
33 460
415 106
386 246
316 412
69 -14
-248 -303
371 -379
-402 -10
-72 -319
-455 -419
67 -317
-452 -483
447 224
-265 324
204 -248
-210 250
-319 147
-159 367
-236 122
383 327
-306 352
299 -130
221 -490
283 -92
-240 33
-369 -416
353 321
-92 303
305 -255
-448 -212
-246 414
464 298
-272 57
23 47
-6 -39
-356 96
-276 -403
131 -435
-393 -384
-260 267
430 232
439 -118
305 -104
-60 -61
-245 -147
475 -215
-482 -86
342 237
-144 -27
324 -450
355 307
-285 356
105 -122
108 449
218 117
338 415
-15 -198
-426 -149
461 -81
277 -477
311 288
-394 69
-76 -268
94 -251
-8 126
244 -314
292 -469
214 268
-27 -251
-416 467
11 -372
359 395
-263 95
138 -14
-376 -383
493 472
-294 364
497 422
22 -334
372 78
492 418
65 -432
-413 -252
-146 -365
467 -487
415 -287
341 -397
167 -223
-130 -335
-467 239
443 -192
138 -278
-359 120
90 83
48 -472
-115 -440
-229 121
413 281
-139 191
-195 183
132 256
-111 402
251 -407
-339 35
151 -199
-458 -343
-87 -100
-310 -328
-1 335
203 84
-166 409
135 143
-173 -245
332 -452
224 -170
-306 307
-38 385
-121 230
-489 375
417 291
340 44
88 -66
163 -419
109 -115
319 -147
-298 -280
-137 123
-372 -88
-235 -22
-286 419
261 -35
-363 -116
-368 189
208 -286
-289 -401
342 28
398 -338
477 79
116 -37
-289 -69
-190 27
148 -12
227 -17
337 -74
339 -374
-425 -163
0 38
295 272
-495 -100
155 -393
162 -262
-177 -386
-491 443
-415 -262
-463 170
-48 -370
58 -304
-33 438
-333 -1
342 324
390 79
-23 -19
478 371
377 27
-372 -127
-99 -406
438 -453
44 241
-482 -449
-179 -340
349 259
394 -447
-477 -225
-453 -74
241 383
299 -463
-108 -203
-115 -189
-431 -477
30 -90
-379 10
220 -251
-411 106
498 48
384 -78
-439 -107
78 -250
234 452
424 466
-277 -257
137 67
-447 169
298 -258
49 195
151 468
-462 -110
-206 -102
325 423
227 -47
488 -48
418 267
-215 235
162 -140
-351 420
-261 182
-396 -263
366 497
145 84
-164 301
125 -59
-181 305
179 -25
30 48
-45 -213
-287 -35
-5 -437
87 -236
-393 194
-49 -112
-86 220
421 -468
159 279
-171 -133
-225 378
50 476
-299 -224
100 182
-64 347
-106 329
-143 -456
-85 -99
-258 110
-329 95
256 -450
213 473
321 53
-107 58
-72 447
63 33
48 -468
49 445
494 203
-290 454
340 -461
-229 399
-411 -171
-118 319
-138 -212
225 -473
-173 -15
-421 348
66 -358
180 248
-153 -135
430 419
35 -114
-478 -136
-368 -318
299 -168
309 272
334 -207
75 465
-215 153
-266 253
-16 -20
-324 -336
107 109
303 51
-486 -425
-2 -30
-86 449
468 173
249 401
110 -8
-9 371
75 80
356 179
219 -248
-260 70
8 -500
107 184
189 -295
-61 -250
488 387
428 216
-281 482
-401 176
341 287
365 71
422 -335
-50 102
-103 -78
-436 -308
-411 -232
315 47
-466 79
-430 280
-450 231
-116 -160
-397 307
485 450
-114 -396
-249 311
93 -105
-144 349
-426 122
231 -439
-495 -83
328 108
-23 -486
184 177
-75 -92
457 104
-487 456
-207 472
75 292
105 129
44 -202
-442 395
-17 -442
-276 -231
332 149
-129 -74
185 421
-478 471
-46 -262
-83 452
-434 69
-494 311
276 385
469 -281
151 287
218 -408
285 499
-75 353
-123 177
103 301
405 -28
-166 86
64 -301
9 87
-237 332
91 -205
-252 -406
171 -435
127 -350
354 480
448 -237
356 -186
-43 445
-435 445
-450 346
-314 433
40 144
474 234
424 289
25 -235
299 77
-66 377
-439 -3
-14 317
339 98
-278 -12
-415 -433
-130 -295
-60 -451
-65 100
72 123
-60 431
258 300
-395 98
471 147
455 -164
-451 469
-103 103
78 -16
295 345
419 261
-259 -455
110 365
-146 -427
11 -57
154 305
-463 -13
405 -51
-399 334
418 -318
-331 57
337 418
-358 117
-216 -439
-268 -117
-371 -178
447 454
235 401
-410 265
-257 292
165 -400
189 324
139 47
-160 141
255 490
244 131
134 -391
460 -492
-149 -353
-403 78
-89 334
-245 98
46 477
29 433
447 -488
474 200
355 201
45 276
247 310
-37 96
242 -6
333 1
-204 -328
-465 -353
310 -294
-341 -165
122 -23
450 -16
-37 -426
8 -408
350 100
-390 -306
-18 -463
-20 -283
-211 25
-114 149
403 351
-409 -142
340 448
-51 -337
173 -299
186 -381
-105 442
203 -229
148 334
65 8
259 241
141 322
319 -463
367 -274
301 -312
405 -11
-234 486
156 183
-22 443
151 462
399 449
-76 127
-119 297
-305 -99
-488 432
-96 -120
-381 -180
336 491
183 361
258 -314
105 -417
-205 -90
410 -390
445 184
426 -342
452 232
-459 -54
-142 -272
463 -129
-396 -223
489 -67
-101 -128
-176 286
-420 182
-165 49
-120 96
-260 302
-24 280
-280 -316
-203 -315
30 -215
2 -258
-333 334
-125 216
-168 438
426 366
111 -237
106 -137
205 13
486 -325
-10 -489
48 373
2 -403
-71 -354
466 -169
38 -477
-346 -61
-449 -303
295 261
124 62
-42 -249
303 312
357 449
154 -104
-12 -164
-416 315
-196 44
-27 99
-302 -327
211 -78
252 -352
147 188
-227 4
-124 -111
122 -463
63 379
272 31
458 20
-348 -382
364 197
475 439
-325 -91
486 -333
278 2
71 -300
308 -378
330 15
169 -263
-344 281
309 322
34 -274
-193 449
-472 207
-229 -498
-480 128
303 65
91 -496
290 -399
30 -438
-499 54
63 -206
398 114
-449 -402
-349 -208
-158 134
492 -356
474 -168
-194 357
184 -172
-163 -244
202 -99
401 486
344 443
-316 423
187 -202
-35 129
-337 46
91 -300
104 349
-88 278
-77 51
58 -408
142 319
155 81
-154 -474
281 484
-109 -34
-489 -282
-83 149
-492 443
23 153
93 -178
0 -273
124 448
75 74
17 -301
-284 216
-325 -441
343 -52
285 -452
357 467
340 107
367 -267
-328 461
14 -396
103 -213
460 272
-173 -99
466 -366
-395 81
-326 273
-259 498
-436 -490
-480 83
182 -108
241 -121
-8 21
-91 -365
317 328
480 -226
90 442
36 92
420 -136
459 -283
-217 133
-202 360
192 299
498 293
220 302
-167 231
323 -7
-420 173
392 -405
-381 -302
-412 21
352 -366
-57 192
-412 -245
140 -466
-86 268
-272 416
-405 -482
159 -390
114 -381
-383 -72
-206 -431
3 4
-322 300
-500 59
6 455
-136 -198
314 -78
-378 290
74 107
257 477
60 -223
-334 289
184 -190
-221 -129
477 348
-446 -128
156 -422
4 403
241 -111
-288 -325
468 70
120 289
448 6
418 485
459 201
317 192
-370 -214
437 -2
155 467
63 -193
170 490
-448 77
-246 -132
-469 493
-243 400
315 66
426 -136
89 -64
429 380
-137 -46
323 -362
53 370
32 285
-41 -482
-496 189
-97 -386
90 -272
359 -330
139 -92
103 373
-456 -425
-2 53
474 -53
-243 88
410 -23
461 221
-435 419
-491 -151
-357 405
-29 299
-161 273
91 457
-53 199
316 -327
208 -129
-87 55
75 -144
168 348
-426 -129
-247 -167
-307 50
263 209
-145 -377
353 -109
-363 338
-396 18
395 -167
-418 -378
165 273
-32 -161
-286 32
-406 -80
-48 -97
95 -269
-53 -184
455 -312
-95 -461
-276 112
64 -221
343 -15
168 255
-137 -339
-228 -149
-246 -92
-414 -442
97 440
-381 100
-477 -300
-491 -287
-424 477
176 237
-203 -434
-347 87
458 -432
-105 -341
-74 -169
-436 139
-261 -430
266 -436
-343 -196
422 483
152 -390
281 -97
-48 -238
456 -164
244 -64
499 23
158 -381
-160 -248
-461 192
-215 114
18 -57
-338 -240
-222 -378
146 -156
372 449
-391 265
277 81
186 65
458 302
-152 -196
-266 -385
-428 84
379 -216
51 -8
-259 279
153 -66
132 475
251 -319
109 -46
-380 112
272 -189
176 -426
201 81
213 31
-247 109
155 -94
490 415
84 -105
209 -443
137 -214
346 -306
-323 473
189 -99
433 183
130 423
-140 291
-298 148
-378 148
372 87
178 11
-134 -320
-297 446
138 467
341 -69
262 412
141 25
-54 -135
-122 399
359 437
-223 497
422 -333
201 291
-349 20
142 -89
-287 -313
64 343
287 431
168 190
-500 -312
498 322
-386 -158
-190 -381
217 26
-273 124
-373 68
235 -187
-341 -427
375 26
-303 409
92 -132
420 -188
70 474
315 -350
223 385
354 -231
-171 486
32 130
-453 78
-474 448
-87 467
98 347
498 416
-94 -1
-31 -218
-496 -429
-189 -136
-275 -73
-113 -200
85 -12
-330 29
446 -109
126 -324
358 -370
277 420
-74 -20
256 -222
255 -12
-244 201
426 237
-184 -93
230 -334
-286 54
370 108
-282 472
4 -89
-16 311
-462 254
-479 358
-243 313
-447 -194
478 -181
-101 -86
475 42
-8 150
16 -194
229 39
-80 -52
222 -177
-81 95
-72 345
63 243
91 303
-301 -260
-44 -35
-454 342
183 -57
327 14
412 340
-352 251
-427 474
-247 258
-496 174
487 93
-205 338
-24 -205
-17 -195
140 -177
484 -76
459 48
242 -431
-346 -290
-496 -321
190 -59
-282 -97
458 -437
86 -99
-488 -384
-153 16
-30 56
-70 57
426 140
427 -490
329 479
343 356
356 -174
237 -94
-263 183
-73 -24
-412 186
-439 199
-167 -299
-42 -385
-460 248
-153 1
-12 171
-480 454
-17 474
-269 -242
466 -307
-500 211
-64 -214
500 -259
204 -257
18 120
236 46
-437 -50
-238 45
129 274
-408 63
401 266
-476 90
-370 -157
-124 219
333 216
-370 -82
135 -4
277 487
450 350
18 222
-406 -118
-487 264
316 -338
93 449
-148 346
-263 -392
247 96
-334 88
278 -64
230 -187
244 -60
-227 106
260 -236
469 -49
420 -178
314 -332
-185 232
340 76
43 236
348 -483
-123 -493
139 -68
-147 -194
-146 454
40 183
-101 -318
-329 483
317 77
425 -55
-251 -309
-205 -73
477 -480
-270 417
-101 484
137 27
181 91
387 -222
199 56
-21 -495
487 -357
-359 -209
-473 -407
-143 85
-392 -37
-481 155
-378 464
-128 467
-257 204
349 -308
-79 -245
-362 -385
118 -405
402 443
173 -197
449 283
-238 -130
494 -307
-31 -212
-96 287
-119 168
217 188
-486 130
-454 -425
-304 32
-190 481
18 265
272 -469
201 -135
244 306
7 359
-410 -379
93 195
-334 -41
-256 457
230 255
202 -110
-317 -206
347 222
274 178
-259 119
148 148
-260 -210
225 123
-20 -228
-20 -424
84 -66
-79 -152
55 331
-167 203
477 -345
189 277
-365 50
479 -199
-426 -279
410 18
-486 -366
377 340
390 -331
473 148
428 -42
-127 -70
-184 -116
51 2
86 160
19 448
180 -63
-477 177
-93 -398
-356 70
144 200
-306 -273
-75 178
-348 -114
-190 152
221 6
242 -178
444 -417
184 426
397 4
-214 -139
-96 374
410 291
-476 -350
-427 -24
310 72
-63 12
-403 64
-88 448
447 344
-65 263
215 103
297 -109
113 -358
211 99
127 -292
199 -247
434 -256
265 273
365 303
-101 316
-210 -324
-469 -21
-427 25
25 51
356 445
-27 -485
410 -60
-81 386
93 -485
-333 436
473 -25
122 -148
376 -398
317 -162
388 -439
210 254
-308 229
433 453
24 -31
-193 -46
145 -148
222 -151
33 -473
-265 -170
91 26
347 432
311 343
-273 -124
342 177
-64 -301
-67 -420
-335 -402
-194 478
179 234
209 -143
421 480
341 405
-138 167
-58 365
167 -89
-293 -69
313 -287
-440 -180
-362 -345
-132 446
31 414
209 172
120 -466
76 -262
-385 -291
208 -60
439 375
231 365
-312 -211
-31 -181
-439 -93
361 -23
-315 -245
164 -41
-254 380
217 -120
-257 -357
-302 199
-487 465
123 -154
-363 385
-498 487
-216 96
174 -386
287 -223
433 -125
266 -408
-309 -441
-477 317
71 -133
-271 -366
-236 -313
-398 -478
-133 -380
-120 -391
375 436
-80 320
-277 -294
233 162
-184 -123
280 -64
159 -363
-164 -129
-272 114
-408 -195
294 155
129 -37
-364 -334
-403 114
-141 -345
225 -350
52 -268
-334 464
363 -282
5 35
120 -351
341 -500
114 3
445 -204
-292 418
169 332
84 -384
-101 195
-46 -492
355 153
-429 44
314 284
-80 319
409 407
46 119
-32 489
-297 -394
191 -70
-80 -129
15 296
207 103
284 187
383 -407
102 392
60 21
-112 -423
10 -278
399 -79
219 277
-369 29
320 16
-214 329
-68 270
50 -30
-207 -202
-465 229
-24 334
-71 -193
490 106
113 463
214 -243
-221 -14
-50 362
485 -324
-422 210
365 -391
142 331
104 370
-337 434
-284 202
482 -458
5 -92
-417 -383
166 137
404 490
392 -210
378 -266
68 217
283 -490
-326 -46
-396 -475
111 460
351 4
-132 -166
240 490
-131 -362
-350 47
124 -422
443 -422
-184 -40
-216 413
146 138
496 -87
412 -221
30 87
-190 38
173 -374
237 55
-208 221
186 379
-330 -1
-427 15
8 -392
98 122
-405 -139
-477 -362
402 262
-157 18
-258 -42
-327 -437
-413 -260
-176 -309
118 -301
-20 -51
-234 -217
305 154
-180 -190
267 144
23 -116
342 -184
19 336
492 266
235 -73
253 -275
-474 269
39 260
-394 377
-110 335
-444 111
138 300
-461 -44
68 151
177 -135
-192 -21
59 -198
-446 -485
271 -344
57 -281
-368 484
317 428
-190 -117
66 -461
-197 72
-133 -184
-258 166
347 -143
-291 102
436 -220
486 -258
182 -208
114 -37
300 236
354 -100
-38 -74
-351 26
83 469
73 496
194 -99
60 -466
-128 12
-10 94
373 56
-410 458
-69 442
155 93
-191 -126
376 -7
-19 -171
-493 273
-104 48
62 -485
275 -295
28 -186
-309 -251
-303 85
332 -370
9 -15
277 95
88 55
297 -49
385 -344
-467 -235
-402 67
106 -424
-148 330
-360 -310
295 249
-141 -200
-366 34
228 204
-447 -27
-99 -478
266 51
-169 -379
160 -260
391 -410
-85 -30
-184 325
332 -239
109 97
288 -289
-53 -481
-129 -91
446 -16
472 410
-469 -33
-14 318
-18 403
323 52
378 -34
457 -404
201 -114
209 197
127 -81
-209 -322
339 -84
179 333
111 473
-13 252
468 144
-227 -155
118 -363
-213 496
-107 -204
-177 -286
-271 15
-98 -89
-442 458
-168 207
-213 347
-60 -275
-386 -277
-354 -192
483 -327
402 291
-269 -77
389 -145
347 -81
-372 -89
-344 274
186 -178
-263 329
-215 169
-187 -124
310 -441
375 -30
-320 284
-148 -361
204 213
338 -411
-473 -109
-13 -283
356 15
159 83
-61 176
-389 477
423 310
258 211
-68 232
94 -260
-387 28
-142 -178
-54 -364
473 -414
453 231
94 338
183 -306
-68 372
-331 255
88 -473
-85 51
418 -465
-116 372
86 323
-355 495
336 271
195 -281
466 419
-375 247
-94 187
-275 -331
-274 -28
-228 -429
-492 -9
226 63
222 263
-250 425
-384 35
440 79
-353 6
360 -79
-43 142
475 319
-258 56
-484 -227
293 -237
73 195
123 381
393 -100
-311 -137
-348 86
-273 208
-10 352
482 276
401 -381
146 323
315 -69
311 -76
-276 120
-390 255
209 489
-279 484
281 305
-204 280
320 385
138 371
435 237
18 -392
-134 -157
-490 -486
-95 -99
-92 -427
91 -254
31 446
13 500
144 375
101 -92
493 -302
-231 318
-374 389
-97 53
151 -1
195 343
-175 -464
436 -386
-437 -393
-173 312
-229 81
172 -10
358 -423
-118 7
214 -33
-336 -337
-409 312
99 50
455 478
227 141
476 -110
-287 363
20 29
-402 56
-357 -495
-313 293
-3 -186
186 -61
-360 -323
83 -188
492 475
314 -487
-139 250
199 -470
174 -480
400 -340
15 -495
-435 -141
362 -471
-94 94
8 -476
376 314
-217 298
233 -37
291 210
300 470
41 -396
499 57
450 475
-194 -465
58 -272
-322 -135
-413 39
46 80
380 16
-305 120
107 383
271 -211
280 -287
175 494
146 -234
343 -179
48 17
197 -172
-203 372
286 -8
-455 356
195 165
-311 278
235 359
-396 400
68 7
-116 9
465 56
370 -231
-294 267
-36 -479
-241 254
87 -479
-358 444
-306 -24
358 -151
296 60
-21 -351
436 -240
-93 327
2 -454
369 396
131 -42
330 113
447 -156
138 -386
45 -241
-287 169
-217 -197
72 -75
429 -484
427 158
-484 -397
-461 -498
-363 1
-5 -206
-31 -89
406 485
-220 -309
-392 -458
-483 415
325 208
-125 -390
-156 -36
89 -377
43 93
263 -392
125 170
1 -259
-404 -472
-23 -371
241 -272
-103 -325
-426 40
495 -60
-240 354
-325 444
448 -2
417 74
-327 245
-194 237
63 -284
84 -326
-361 91
464 -376
-201 -278
-205 298
246 258
-79 39
390 68
348 -267
-69 -225
169 62
-235 12
-258 296
273 415
-258 207
145 -293
306 -189
133 -144
-108 -276
-439 348
491 -176
229 -239
97 135
-339 26
-447 67
12 -80
219 -226
401 252
-275 -78
-234 166
-229 226
-210 -113
-213 14
-21 101
190 96
373 -198
318 41
30 11
384 -89
-405 60
414 12
53 -63
8 43
-242 103
417 330
-477 -185
-373 -220
482 329
-358 -63
-195 47
355 -245
-389 -372
175 -201
401 -426
272 459
-150 -354
130 -111
248 80
-126 208
461 -315
-192 -326
479 -173
202 498
-266 206
-242 390
-16 331
-5 130
-226 -112
355 232
-332 -321
-287 406
-168 56
-267 63
-96 -15
-228 230
-378 -53
-384 189
39 -431
176 -100
119 -201
-96 -332
439 79
-280 282
309 316
-168 -130
-457 -439
-423 464
-186 -3
-287 430
130 -31
270 -255
-452 -475
419 337
-259 191
-357 -65
220 246
447 -159
20 346
39 -137
225 257
-155 -495
-172 283
-203 -258
139 429
-146 -285
-484 79
-241 -131
-3 291
29 -462
253 116
-293 -2
-285 178
-17 24
-397 341
97 -51
-197 315
-236 36
166 401
453 56
-475 47
-213 479
-218 -416
390 5
-292 -231
-80 157
165 346
289 91
153 -85
-305 -154
60 407
194 -77
244 -324
226 -76
209 -207
181 278
384 -266
-312 9
400 -185
-358 -213
158 382
465 152
-343 106
475 -342
168 -145
267 -298
134 -225
-258 -46
361 226
475 -292
-176 16
-450 -218
103 -299
-304 -79
114 126
-290 34
261 -70
-120 -49
200 -235
-342 73
-132 -384
-146 -435
-38 -266
371 -102
343 -61
-330 197
444 -130
-163 350
-161 -461
-162 -486
158 208
-318 202
393 346
115 348
-456 -6
211 28
164 32
420 421
-137 -321
-198 225
-315 17
108 -307
223 373
-382 -177
-452 -235
-437 299
254 -243
474 160
139 -345
8 -456
495 -443
378 -346
-355 -461
64 -104
-64 11
264 -217
-195 369
-313 482
-483 -131
176 358
-183 -170
-494 -98
-197 462
91 316
437 -422
313 -119
-317 49
-67 192
269 304
-270 -394
313 -464
273 -239
136 463
-276 -14
314 -406
306 -316
-113 246
-93 -81
-301 -260
-362 -55
-496 -138
-158 16
174 -427
296 -269
-200 -384
-339 -357
467 306
378 -353
-478 -106
-303 -191
-387 -403
-383 220
-200 -496
-82 -140
320 -178
201 -331
-132 -248
441 -83
364 263
-491 287
-142 173
88 -125
-331 443
479 239
277 29
116 427
124 156
394 -351
-459 -436
-374 -10
-83 460
435 342
500 -295
450 276
-353 -323
78 125
-214 -248
-412 358
-8 -216
215 -482
414 139
235 -341
-481 -189
185 -371
-451 -222
-202 240
-274 5
187 22
-4 -412
401 -371
58 -163
-158 485
474 56
307 -154
-4 -443
212 -150
-74 -181
-281 -227
-281 -233
260 -19
-26 -61
-488 -464
-47 343
216 -324
414 178
210 -482
-208 418
41 -207
418 -253
-409 -481
143 436
349 -461
8 -368
110 233
-416 144
-450 358
344 -434
406 478
218 324
340 246
-320 41
385 62
401 142
366 480
14 -417
87 426
-294 385
-98 -119
-240 -464
105 193
356 442
-408 -216
-428 291
479 156
13 -196
324 297
-393 -205
-149 449
-384 38
277 295
186 -255
277 -371
22 209
-115 345
29 374
-211 -148
369 301
-3 -177
-166 233
153 254
286 452
482 -253
-5 219
62 -111
13 -259
-239 -248
317 -170
18 -178
203 441
-176 376
-167 -271
133 124
137 118
13 211
-64 -313
260 140
-273 -14
474 77
-415 369
357 416
-401 -158
411 87
194 -393
349 219
-425 137
-475 -400
343 363
180 346
-153 -122
377 476
266 -15
-395 439
469 305
-206 -369
295 -425
-185 474
194 392
330 -361
-100 -411
350 -111
-460 489
169 -93
-101 -239
244 81
69 -112
412 -46
-37 324
-245 -150
441 280
-31 -67
247 -245
-338 413
232 -408
-467 418
171 -111
473 48
166 -211
-338 -336
-222 371
-31 128
-60 403
79 -213
198 -389
-254 -50
-256 147
-93 -353
237 134
291 -417
273 63
203 494
364 114
424 30
-17 128
-408 -487
472 52
441 -160
-459 -363
447 16
-430 266
474 -130
330 230
-168 492
400 -289
-76 233
189 -18
451 -94
-383 357
-278 225
-61 -205
-486 -289
119 330
-445 152
236 -320
-79 391
-25 451
-324 -53
-142 477
-250 -34
-253 -279
-44 -402
40 241
-388 197
450 472
121 352
-408 221
-369 276
-239 312
297 441
-359 440
411 -274
32 -322
293 457
-87 -111
-87 55
454 129
-364 -395
-118 -365
407 78
143 29
-369 -177
151 -57
426 -417
-483 287
-450 339
455 -431
454 -310
358 -327
281 -480
-243 312
159 317
-194 305
-100 -136
-324 412
391 -302
386 -126
332 327
92 199
43 -93
-330 132
-103 277
-457 -7
94 -473
-470 -233
357 -28
-477 136
-154 -96
473 -16
-481 -481
63 -55
-252 -233
-35 -228
-258 380
-270 -278
321 -241
345 -175
184 -212
-51 290
120 162
125 362
-499 -63
169 -484
-427 143
-429 211
260 213
-195 38
-322 0
273 -412
-206 290
13 -284
-213 280
-334 410
-184 385
149 -206
-73 -278
163 475
-229 474
307 303
-352 53
170 -468
-375 -88
-374 -179
323 -327
-196 -377
-474 155
358 449
-418 173
-413 186
282 -215
-284 468
-2 373
4 493
-327 488
-345 114
19 62
-72 32
-340 63
450 -428
-100 -218
80 258
-212 -399
-270 170
115 -433
307 341
-78 -406
-132 472
-216 -391
-236 -271
216 6
-274 -326
-318 235
456 -139
-484 447
-430 137
-221 185
358 -70
490 -332
-361 -311
381 -126
-96 210
-497 -170
315 -25
154 356
-342 494
-351 132
92 -256
469 379
345 349
39 -188
-396 93
-436 16
-422 -403
-113 -256
474 35
-389 -37
30 -3
-204 -12
384 40
-441 -225
67 -48
-269 -353
-155 90
449 155
449 98
-372 161
380 -401
494 390
-292 -19
-89 260
-190 -69
-30 -26
-252 -330
141 -320
410 -246
-42 -292
215 22
284 130
-294 443
-412 -482
-232 164
-245 -371
-466 393
-133 -307
-163 13
-85 -194
331 -64
446 -447
59 81
83 -321
-168 419
-225 -32
-337 130
-306 3
-14 3
-422 -145
-256 -129
110 38
468 328
428 -335
125 262
500 163
-122 -142
-211 -140
313 100
-212 -336
191 -490
-195 -59
-194 149
447 -440
-271 466
74 -194
-303 14
-76 245
-437 338
-175 77
363 328
486 271
376 -77
-311 302
-154 458
245 -130
-291 -189
226 -278
19 335
-139 154
-122 19
-437 -203
-89 -254
89 -476
404 -489
-292 110
-274 139
56 -283
182 104
4 -208
-393 444
-444 488
190 448
321 401
62 191
179 97
42 99
-483 -474
44 178
-424 -441
215 -167
-392 149
-290 221
16 -353
374 251
-214 32
-308 -174
496 -230
-165 75
-170 -331
-411 -31
322 488
418 -40
77 254
85 -275
-482 39
-474 -2
23 -380
-218 -394
315 -246
157 -304
138 480
-257 338
-305 161
-392 -242
391 174
444 -219
-252 273
322 -363
10 377
-119 -219
374 372
-9 -173
-227 -486
-126 182
184 -12
54 -15
-213 -118
-479 -414
199 -243
322 -155
-110 -206
-279 344
113 104
-238 463
-385 -16
-150 -122
160 103
-206 48
-76 266
106 16
126 -155
209 439
-345 81
59 495
-365 -156
352 129
416 -174
170 -33
147 40
-70 390
305 75
455 -115
335 -199
225 -128
-409 59
-314 -50
-100 480
-99 -209
-109 487
497 420
296 350
1 -177
0 435
-153 245
129 -212
360 37
459 225
484 -283
159 190
408 393
-213 -386
-463 51
-285 350
-435 -235
-309 38
-88 -326
211 379
435 -12
356 -140
244 -11
-181 -416
-340 -55
59 161
-441 -139
340 -156
69 -476
190 -106
-280 373
139 -107
167 140
-485 163
328 461
-242 492
313 -418
-32 -424
309 19
-235 93
-22 334
129 -348
-24 -267
336 -255
429 252
-426 463
-215 21
301 -48
216 -188
74 205
-152 -456
380 -310
243 -280
-54 303
-120 -494
327 213
-337 159
300 -259
252 -180
13 -460
315 -250
37 105
-177 17
95 -245
-83 -78
491 242
-353 438
-312 -474
192 -338
-146 -148
-307 -359
45 -385
56 117
-464 121
-321 -143
166 -418
112 -333
98 314
-346 -447
65 263
-335 30
345 476
194 -176
-144 28
141 -39
49 -337
-344 -269
-222 497
357 213
116 -371
-138 -146
72 76
467 -336
-20 389
236 270
-138 -73
180 -327
-206 179
30 -114
133 319
125 -489
-434 278
-176 194
377 -349
-2 -162
-37 -145
-16 120
117 306
362 -229
-454 112
3 -391
-371 134
-58 -415
-316 493
-94 -8
-28 362
230 139
348 87
9 32
113 -497
419 235
237 -329
-252 228
152 70
-311 450
422 -386
-327 -115
239 125
477 184
124 -98
-86 -296
483 133
-7 -34
-19 283
-115 -119
-45 -92
-268 -441
423 -67
447 -49
432 10
393 294
263 -479
471 359
-119 493
-155 413
408 429
416 -49
-268 -175
418 -385
-444 -5
203 299
376 -96
-230 -404
-163 -68
-387 126
484 57
-87 111
-22 309
-336 446
-40 38
193 233
40 -408
25 -237
-106 -370
-150 -13
79 157
453 -386
-239 477
-317 183
154 252
82 -415
-45 -24
-153 363
-257 -368
196 -282
479 276
-117 -96
-277 -180
-374 68
-228 133
-430 -240
-298 378
74 134
-34 -436
-290 -439
59 -243
-169 -335
-462 -293
163 -461
-342 372
459 144
357 -450
-81 139
-212 0
-11 463
287 -275
125 -456
39 -274
-347 394
127 -498
366 180
110 -409
426 -326
284 428
-154 -480
-150 -474
219 90
99 -432
353 -370
-284 289
7 3
-109 -238
-482 -373
253 232
-426 321
308 -445
-247 -283
-434 -361
-182 132
-262 247
259 493
-29 -385
117 435
36 -424
233 147
412 -494
467 336
216 -293
-269 139
343 232
470 140
135 22
340 397
-68 252
-270 -89
-301 303
105 -263
-449 -305
107 500
155 138
-330 -458
-239 -420
-398 436
-32 -457
70 -296
220 -241
468 -428
-324 406
438 -306
219 155
-365 -152
-353 -394
447 -496
-346 -325
442 -231
-495 -154
58 -91
-116 270
343 -461
-411 438
-24 393
398 128
-296 -321
230 196
-371 -432
365 466
-170 -410
226 240
82 -309
498 -465
-104 205
-11 -265
76 481
-244 478
125 472
411 390
-203 -302
175 158
277 -78
43 353
-81 -400
247 151
-146 -421
-440 242
361 477
-460 59
-150 -232
416 298
203 -13
186 -307
438 79
-491 -34
406 176
-258 -109
186 160
-446 186
-481 146
-197 95
134 -188
475 -327
-137 304
470 -354
440 -334
418 95
312 33
227 -140
150 486
-460 208
-250 449
344 -127
123 80
-401 -167
-298 -499
-44 167
199 -5
379 464
-55 324
-401 -94
230 277
-121 -463
178 -313
407 -488
-398 401
195 78
231 234
178 55
81 279
123 -116
191 -469
409 -61
-132 367
-414 -386
-350 -180
-128 271
149 379
292 -224
267 -47
474 -212
121 272
-265 136
467 75
-242 -100
191 164
-4 339
-415 152
-328 265
-406 -136
448 -294
-156 -495
341 -462
-287 446
184 -84
160 -475
433 -453
-15 431
-33 -406
-236 203
444 -196
231 162
352 -388
-416 110
-235 -494
273 190
-156 -344
25 315
-40 365
-349 112
-433 362
-187 -360
-89 205
-434 -30
-155 -287
-25 -188
-315 447
263 -422
33 169
102 -112
-116 -201
-337 85
-294 -233
75 467
-260 375
-239 409
485 -58
-466 -220
421 364
-58 446
-134 -476
358 -394
-492 -403
-32 -219
483 -39
-413 -179
497 -395
165 389
98 -194
301 -294
-396 441
-140 -354
414 -284
148 472
-203 452
85 -318
289 447
127 62
123 -399
208 130
239 -14
95 -243
108 -265
-216 184
205 355
86 5
-32 -391
424 -151
-495 -392
261 233
359 139
-136 -153
89 -218
262 425
-147 381
-343 484
-95 -34
-104 421
-22 -360
191 128
135 -245
470 -349
436 -377
260 316
134 361
-425 -391
14 463
-383 -282
313 383
-376 -154
468 37
-216 -97
-304 -361
-7 464
-267 417
-418 -427
115 -156
500 214
-163 -9
-30 340
-482 58
154 25
-69 -330
-271 -254
377 -361
-282 -267
109 408
-82 -288
-299 290
491 -27
11 -458
-408 28
13 -266
349 117
-411 100
458 21
134 -188
461 160
-313 -340
-362 -70
122 425
-121 143
-76 -240
-119 -213
-190 382
-141 -308
470 57
-237 -280
121 339
279 -27
163 448
105 -376
-367 -92
-397 -210
-371 55
401 64
-151 229
189 216
-413 -367
269 241
319 -479
-87 20
479 111
-117 -441
-464 -38
-114 -91
329 210
-413 118
-420 266
-359 164
-343 446
301 -468
275 431
303 458
182 464
-448 -70
-346 223
-486 405
15 -115
-163 -404
-289 488
-321 -494
-261 315
457 430
79 -82
-390 -121
-135 79
82 -449
-71 -187
-104 481
408 -75
-482 477
-247 -407
153 151
-247 -222
364 -232
-167 381
208 236
23 190
-225 -118
-42 -231
496 294
26 -63
-174 -16
-306 -241
-31 53
241 -148
380 -375
482 20
-494 -28
281 252
472 259
10 216
-314 -75
-372 -468
-132 78
173 -139
158 -1
52 108
113 -400
-158 318
349 221
-494 28
-253 20
128 326
9 -349
342 -184
-432 -402
93 -455
-400 231
200 193
57 129
-393 -234
-370 411
-131 76
493 463
272 -490
252 432
-378 -130
436 406
-219 428
-393 477
167 411
-486 -399
256 -125
-41 432
-433 426
-284 -320
-193 311
104 356
342 -92
109 393
-245 -466
372 40
-151 -193
405 358
491 375
-120 -141
-186 455
-324 -456
-83 11
-122 -422
485 223
391 419
322 463
-184 -484
-232 -389
375 -235
-62 -43
-431 -285
-3 -342
-267 117
320 -56
443 -379
216 482
234 -229
-228 -256
459 171
475 -493
-20 25
60 171
-293 -316
421 -367
163 485
407 153
300 108
25 350
153 -263
-97 330
48 140
-345 -149
265 -353
429 335
-66 380
189 48
-64 264
-84 -319
-435 -471
294 185
-44 -402
48 -190
-434 -137
25 9
178 358
-467 325
-312 11
-411 -478
483 485
-257 411
-59 134
-239 -191
-145 -205
217 -399
379 185
-80 264
11 485
-404 72
168 -215
-186 -446
91 -264
38 47
5 -345
391 -479
401 418
-346 330
-82 -360
146 101
-3 499
-371 160
-303 112
-68 452
160 -137
70 -337
137 451
-416 -421
87 352
-346 -233
-268 405
251 -323
-391 252
-490 -352
349 -486
264 -461
-110 -227
-292 212
56 497
353 125
-318 118
431 253
-77 -51
-263 -185
-255 -153
27 -333
-9 488
431 -91
-143 390
24 33
322 223
83 -268
249 -467
-297 1
272 -276
-61 -216
-2 -138
416 233
-339 80
110 -150
-344 461
-211 130
-387 -460
-436 -489
210 499
244 -287
445 -382
455 -56
-273 194
-367 -63
276 -428
495 104
-138 99
-242 474
-55 265
253 44
340 85
303 -247
454 -45
108 235
-116 -71
-157 -222
-71 315
289 -197
86 -358
194 -403
-468 43
-223 335
326 -422
441 -292
19 -184
163 234
-275 -314
452 -453
217 -425
181 61
-117 197
375 -484
35 -48
234 127
-492 -186
-481 -488
217 -398
171 63
350 354
403 374
423 495
126 215
-97 289
-296 -97
-362 387
-221 -274
-404 -402
-175 -399
177 -69
-449 -69
-175 249
-150 70
-269 -451
297 106
336 -79
173 449
302 -404
482 91
-107 269
-100 416
-226 -9
229 419
-499 136
284 -339
-359 -387
-130 103
477 -255
-365 -491
369 -13
-61 -492
308 447
-346 182
350 456
-171 43
199 -232
-92 148
-318 445
-199 -427
-254 470
-471 -30
489 16
244 357
104 129
473 -409
-205 14
-29 -327
-203 434
465 -325
-74 -121
494 122
-279 271
83 217
77 403
499 -60
-308 -297
107 92
-376 -69
-448 -220
-27 -168
76 248
-4 324
106 -150
189 -315
-175 275
-203 -376
-323 477
483 103
123 128
379 -315
372 32
-474 -181
-220 -376
-32 131
322 -122
98 350
210 234
-7 -173
103 401
-486 283
-10 -244
211 457
-345 -312
110 434
-446 -319
277 -375
305 174
488 418
147 -384
379 128
66 -448
-337 -402
147 -121
120 121
110 -426
68 346
78 -496
-410 -478
-357 48
-13 64
-217 404
97 437
-38 104
19 429
-4 211
-176 -288
-133 -97
-227 405
-60 -205
-51 291
-414 -43
241 -466
-144 -241
-466 193
356 -65
303 -450
252 244
307 409
143 183
65 -320
-213 205
432 -10
-478 150
-299 201
362 383
405 61
410 -344
-206 80
57 -435
85 79
254 -317
58 46
-356 -115
382 -105
-306 208
-289 -93
412 -134
315 348
-38 -437
-48 82
-226 477
354 -342
-284 -174
329 331
-483 -82
-201 -209
-406 360
-384 50
137 -416
-348 14
-109 -24
156 322
-357 -129
-40 325
401 -383
25 -78
225 98
90 -362
395 146
103 -104
-152 -44
176 317
70 -287
453 -283
250 236
473 -13
382 -217
420 399
116 108
-99 -210
-382 -311
335 410
-242 275
-246 471
-208 321
330 -131
-111 -181
186 -192
-63 -202
403 364
-17 -73
-439 -85
241 -316
223 -450
21 6
86 -376
463 462
249 259
96 4
339 150
397 -386
188 -8
292 -76
-36 -45
-314 -151
23 -260
-86 -82
97 -442
433 -120
439 -187
248 158
-416 371
-74 -73
173 222
336 -252
-29 237
25 65
-364 -399
124 -416
306 187
-233 386
444 -357
356 -462
-66 59
-402 -483
7 384
-292 185
-433 165
-363 367
380 -125
216 361
-159 72
-344 -385
399 -452
-56 -148
-237 -421
-446 -392
-431 138
-364 191
168 154
-499 -319
-443 -353
-367 -494
105 467
1 453
-51 -186
125 295
-486 -296
154 -11
287 157
42 -249
-453 225
238 -461
-456 -339
433 40
144 85
-250 -17
418 431
227 -2
167 6
-138 -240
124 264
262 -352
123 -163
135 -56
407 226
-487 -392
-327 185
-410 161
-494 -80
-208 456
128 -185
421 255
22 427
26 -152
32 -34
-459 271
229 -1
-11 -191
-498 -94
-376 202
446 373
-421 -380
-144 71
279 69
-116 -24
163 307
6 -288
383 281
-159 298
-187 -395
306 28
-36 453
-429 150
258 252
187 2
6 -27
158 325
-273 -29
44 -489
242 -185
333 -94
-445 -431
-342 394
-303 -5
-32 150
441 -41
-400 379
339 -327
-157 -365
-254 -427
-76 354
217 449
-289 208
-295 315
-310 -330
144 233
388 88
-393 178
-31 11
356 301
-302 383
30 119
-266 -137
-16 407
-144 310
-58 10
78 -246
-169 301
-364 158
-237 -206
465 493
224 98
-255 -358
203 -53
183 -207
-201 -109
-309 -165
457 -409
286 -201
115 -307
8 -388
-118 41
-120 -494
-345 94
-8 -416
-449 338
228 -384
167 -295
220 -446
93 409
168 -282
-113 287
-138 395
79 -34
168 467
389 23
-84 -291
-204 223
-485 -243
130 109
83 -487
-358 -117
-138 184
301 -244
-186 -222
466 -240
194 463
-187 374
-390 216
273 -356
-123 235
48 394
270 483
-219 417
-20 35
-218 288
104 -166
-500 -220
-260 -401
-166 -95
-362 364
-175 -467
286 -36
47 109
418 258
-280 393
224 -428
57 -82
-99 -2
146 -87
444 188
388 223
-499 133
-46 212
448 -63
415 -299
471 75
-478 361
72 103
253 316
322 423
347 247
165 487
-61 121
-117 -414
203 -489
372 215
-80 73
-351 138
-238 -201
-95 59
-271 -415
254 -177
-312 4
437 -78
-64 -220
121 -173
436 -197
455 -460
-264 -159
384 -119
-464 -146
-479 418
406 498
-497 464
239 258
-490 62
-418 -116
480 451
37 -271
-269 -61
53 21
-243 -64
-431 221
-287 -170
-218 -296
351 -49
-99 375
121 321
-182 -372
-222 -364
-211 -326
-238 18
172 68
-323 -90
-139 -486
-393 368
455 447
187 385
-287 -348
221 261
466 237
63 -492
-311 -13
-81 -145
390 45
76 92
-175 -417
78 287
495 -472
63 -82
-257 268
162 -281
-328 -172
331 -87
396 -116
-404 -191
468 -2
208 -53
394 339
-369 -424
