10000
368 399
35 213
-429 -409
-144 -243
345 373
148 343
485 -145
433 203
354 -322
-362 -405
-363 463
-413 -457
-407 -311
-498 135
317 -21
490 41
313 482
-474 12
302 445
-31 314
-310 53
-125 -88
220 -493
-195 -157
-144 80
22 -393
488 -126
372 46
-46 123
269 -414
-44 16
69 -118
249 141
451 347
-63 -354
226 324
145 209
-6 -176
-360 262
-136 -70
-466 241
315 -299
-450 256
-18 -456
-203 -411
117 -117
471 290
324 171
-479 191
114 469
-427 -98
-54 -356
284 -54
193 203
-96 -471
8 44
-360 244
227 295
-162 -160
139 483
210 -389
-447 -354
368 -192
-197 276
-147 458
344 326
-189 136
321 254
99 149
333 108
-351 40
258 278
-488 -317
276 -167
-206 228
-359 416
-408 362
-280 -225
-330 498
-386 4
-30 -47
199 398
222 490
47 -186
-83 421
17 332
412 -464
-34 -96
-348 -326
-167 329
4 -288
-344 -338
-303 62
263 77
345 -22
-145 0
-284 201
-42 339
460 97
461 -414
-213 131
312 82
-76 -20
-90 321
436 -466
-462 120
134 -111
263 -2
38 -411
-118 -272
348 -451
326 259
7 417
-436 -429
445 254
-481 -280
-292 -299
-279 92
-414 -425
233 239
490 40
-112 -49
413 -437
-9 -482
351 -390
500 13
144 -109
-19 -435
-405 135
-490 92
351 -457
-307 118
122 145
-257 150
12 -28
136 -184
312 60
-404 130
456 -350
295 204
-183 -140
-6 -457
-399 149
85 -469
286 -289
126 321
-273 183
129 -246
-233 -361
245 177
450 407
-107 -228
-327 -88
-339 -41
340 -190
196 36
470 -452
111 324
-446 88
-141 334
-444 -28
-176 -36
280 135
173 408
-152 -43
30 -208
-157 -364
37 80
-121 404
94 208
-183 -345
-297 -94
-377 -75
-219 -73
-383 -388
141 -104
-472 265
-294 -449
494 215
494 -69
-376 -176
122 -397
475 358
-187 -474
470 64
-446 -15
144 -471
59 163
474 -454
-313 231
37 -181
-262 -130
-458 21
321 128
-193 429
-150 -58
248 358
50 -375
-213 266
451 248
98 -332
461 -440
-489 -188
143 487
263 14
-207 184
44 404
-395 398
-58 221
237 338
-369 -197
197 79
71 -37
119 -186
79 -421
-497 206
-310 48
-208 -187
-152 -145
218 -189
357 -254
-366 112
-130 476
-348 268
-267 -248
416 411
-425 -88
-498 -415
144 -425
16 -157
131 -50
380 -48
-233 100
-377 470
-150 342
146 -128
478 -151
217 -232
-465 -158
290 -484
-479 -362
238 427
-48 191
61 258
-153 275
-266 -301
-464 194
62 -321
-472 492
332 -476
431 -261
274 191
-182 63
475 379
-465 99
-46 -351
-386 197
289 -79
296 -177
292 110
-242 -32
1 356
378 20
-245 413
5 456
-421 -176
497 185
342 -172
-419 -446
-334 190
-478 -171
157 -364
59 -217
16 423
-130 -452
-35 -363
-399 -447
168 -315
-175 -409
-483 -284
394 67
92 22
-466 265
-230 470
-181 130
94 -47
382 -137
290 -295
-250 129
363 -16
-468 72
-134 203
-291 -50
69 447
359 -362
165 -90
-343 -171
233 -192
120 490
-288 96
27 85
-476 -92
-15 267
-42 -68
306 123
-475 -52
93 361
143 -30
344 -472
493 -415
-162 126
122 484
326 -333
-142 37
-293 493
-51 215
-19 296
-202 -242
76 -280
245 -59
-185 300
-108 -363
-370 237
249 268
232 -164
368 195
361 -342
-118 113
154 -309
215 -264
-188 -294
128 -446
360 224
278 -2
-480 63
62 94
-332 411
111 -25
-92 -458
-15 -215
173 -247
-221 -465
487 127
-345 499
-384 -489
-42 484
-196 131
53 -463
14 291
-173 211
135 452
-259 -123
433 -170
235 -10
364 -219
203 -391
-308 -410
-311 -355
471 -300
-134 -136
-356 -151
105 54
-161 -305
-383 -444
302 491
-428 118
389 228
10 210
-114 355
-310 46
-11 155
-325 -479
-58 231
-207 161
-118 188
465 -318
100 308
350 -463
-468 -363
-160 -379
78 76
390 -315
28 -186
423 -97
-294 235
177 136
-150 488
51 340
-355 111
-129 5
-344 29
240 26
163 57
-431 -202
418 272
234 363
220 -373
-104 164
-499 191
319 -61
-328 365
173 -240
-370 297
423 318
27 37
162 -320
-383 -490
-282 -291
38 -489
448 -172
-154 476
-431 157
381 296
190 -16
485 338
-106 367
261 -434
178 -43
-343 -445
-44 217
15 -98
-12 319
-346 -8
444 124
104 392
-296 -10
-160 16
430 -362
117 122
-475 -473
-358 -72
-178 -407
189 320
-290 -259
-463 148
-163 -157
346 -452
431 -489
-333 -262
-242 -454
-201 254
-331 -16
-459 -476
-392 -266
444 107
105 -125
-84 -64
406 338
391 439
312 -292
-418 358
134 -142
413 -371
490 495
241 -254
-416 -451
384 -107
279 -160
-236 111
-392 130
-341 108
-110 -203
-457 -491
180 -151
-369 10
-293 -44
316 -435
-490 246
-180 -180
-169 -10
-58 320
200 145
-497 68
282 283
-500 366
-451 308
423 -351
-53 -217
333 312
26 -179
-65 28
-315 83
-25 398
129 -455
-63 -203
-493 405
-390 385
245 -406
-74 76
91 344
161 263
-371 -422
-82 -92
153 -212
148 -418
-5 -221
225 363
-283 277
-312 -419
226 -303
474 -91
-176 -38
295 280
59 -476
-66 386
82 277
407 107
260 223
-54 -5
-386 355
415 12
124 251
410 -464
-259 490
42 171
54 6
-366 -67
474 -480
295 83
-199 169
303 -318
21 19
-112 48
-93 307
90 -459
384 -215
-132 -493
463 -69
-74 252
-311 -15
-146 -426
-479 -84
-264 157
435 427
346 112
50 84
106 486
-429 472
-98 320
-250 -292
-211 5
-168 141
-459 -405
42 357
210 -378
-479 282
-115 146
-113 -89
292 245
439 -1
-206 -466
-311 232
-401 104
-219 254
175 -189
452 258
409 238
-425 -438
222 -357
128 -90
-53 348
-122 -115
-491 490
43 423
-339 335
-274 250
-250 -125
-492 -246
73 190
-322 442
-218 -294
-232 331
474 -50
289 299
494 60
-262 318
-280 -34
-147 -31
-420 -253
-102 -158
338 -19
-368 -234
271 3
387 80
-180 -431
276 -263
-107 -404
211 121
142 134
327 278
-297 45
211 -500
-195 388
-217 -479
297 -392
92 434
197 -13
-14 -162
25 -355
500 -324
-499 118
-352 445
315 423
60 -227
-182 -463
-442 104
125 138
432 -54
453 -267
240 324
-325 110
162 -165
-198 -171
-300 5
358 -192
194 -108
102 392
-431 244
-64 327
-232 83
-360 -201
251 -375
468 -423
-326 242
-144 2
-445 -131
22 -327
365 418
-362 242
217 173
-467 -144
-413 -242
-151 331
202 141
261 420
-423 -404
18 -311
236 189
-95 -262
-7 126
-459 143
173 307
376 137
62 -485
-437 491
-250 467
-52 391
-201 -57
371 271
409 227
-289 75
-281 65
41 480
129 -315
-272 428
277 281
-69 -444
93 -242
-348 -468
308 -323
-341 206
358 -258
188 -363
-53 -189
255 -58
-323 496
201 378
317 -394
-138 -263
104 -2
-127 -396
-442 -232
-81 -448
-347 81
87 195
-378 -83
364 -173
-160 -176
-221 154
249 393
237 161
-407 26
110 194
340 -394
-322 -121
86 41
-358 285
-316 -383
-449 12
479 90
12 -412
238 -326
287 255
98 356
303 253
-294 32
-361 400
288 -101
108 385
285 302
-292 -268
309 417
213 434
118 -343
-225 316
257 -451
-268 86
-426 309
489 262
-371 335
-438 -401
408 -192
-426 181
-70 -306
240 -156
-219 318
-244 13
53 84
472 -457
132 -326
386 29
75 -150
-85 -64
68 -122
317 -52
-232 -339
77 257
134 359
-178 -204
-65 46
395 393
423 2
11 -353
-289 436
192 -28
-339 -413
-487 -440
-500 -429
56 -286
-449 404
-156 83
82 233
331 304
494 381
-465 330
312 406
231 -103
288 288
-412 444
265 67
40 -464
363 132
-77 223
-365 -393
-147 482
317 94
-194 -203
247 -175
-114 -387
-95 -102
-27 -97
-204 128
-221 -99
-360 -457
157 69
97 255
-432 -177
-70 -267
-448 -338
-398 -337
-350 -391
-86 78
-357 -170
192 208
371 -410
-341 -102
-193 -210
388 33
-99 -97
50 -226
-276 -293
320 167
-331 -400
367 -128
-258 470
-420 -403
-476 428
-156 -35
-117 -121
-270 -290
109 -42
-420 205
101 83
-240 382
-357 92
295 75
-468 356
323 -214
-63 -223
-137 -383
381 -492
-35 422
105 61
-27 17
-290 -207
-255 12
62 -122
-7 393
-29 -484
-84 304
-482 -90
-338 -82
229 141
-179 107
253 170
-191 249
-395 -11
-202 25
266 494
-232 22
313 228
-367 -414
-313 -405
41 -151
-282 237
-130 108
476 -371
496 30
-221 -384
-129 386
52 141
487 -233
-347 275
-158 -488
-187 -4
-372 257
-330 -315
-484 40
-182 466
-405 -423
490 174
-159 -264
219 257
121 -233
176 206
-274 -357
287 193
-355 -154
23 351
285 -378
-208 -462
392 298
29 -297
22 145
-259 444
-262 301
-49 -186
160 -47
-337 484
240 -294
498 219
-98 386
-81 137
145 321
134 468
-256 -420
213 374
-121 359
-468 106
-60 84
235 450
373 -391
-172 -70
207 -54
265 -16
62 -198
183 -219
-238 287
-392 240
85 -383
-340 -184
-448 489
44 -254
266 365
23 -63
-303 -405
-269 365
27 378
-37 -14
-199 347
204 -203
-246 -332
-2 -159
152 -40
224 279
-368 -324
336 93
-386 -139
100 361
452 314
162 436
-321 15
452 -309
308 268
293 -60
-312 158
-304 211
73 -290
469 446
279 -395
-255 -179
-147 -171
441 -435
-142 -88
-130 311
-338 270
-340 346
-6 -240
-454 489
245 240
-181 -300
234 59
184 267
-75 -298
421 -168
-216 -101
51 -192
137 -255
-163 464
140 244
128 -84
-366 -236
-124 -53
-335 394
53 21
-218 226
-185 -337
-121 264
-240 123
160 196
-57 -173
457 467
-310 -103
-234 -453
166 -367
-337 400
252 397
226 -391
-468 -54
127 412
27 4
-381 86
110 353
-408 289
15 252
317 390
-401 -249
-401 -348
-373 191
-450 -7
-63 264
478 347
-371 101
353 351
-375 370
324 -487
337 -112
-106 -229
-109 289
286 363
363 -110
241 -184
-119 426
-207 153
-450 243
-478 -430
-108 -292
-203 -423
250 4
287 244
487 -282
-330 466
95 -288
-171 -10
79 -499
-434 -276
-7 -430
427 -235
-341 137
-313 21
371 48
290 -180
418 -56
-488 -180
-2 218
26 481
80 -143
196 363
-204 -362
-271 384
-401 426
-430 498
-22 318
9 -422
416 -155
-329 -158
271 -1
267 209
-245 427
422 -209
-170 275
458 -272
273 -207
97 -346
-492 428
284 278
201 -356
-441 -159
282 201
185 6
-372 216
-223 411
-482 37
123 341
-11 -291
-302 -48
-121 -232
-140 -25
173 248
-58 279
233 -20
-440 -357
-346 317
-378 -432
-498 274
-197 230
341 -156
301 155
469 -480
327 -499
-445 -301
-136 38
-417 398
198 -106
-40 -66
-317 -79
-81 -159
326 -58
-135 -316
466 342
153 -209
-18 -137
144 -306
-244 -376
-13 -304
35 217
-178 344
101 37
-172 235
453 173
-72 185
435 -408
16 -168
359 337
-394 91
-401 -90
-402 -143
-96 166
208 208
20 398
-301 408
-4 253
491 -402
258 -16
-2 90
142 133
-342 129
115 270
-300 -239
-100 168
459 87
162 172
-344 -87
10 278
-450 406
-323 262
251 229
305 -9
141 137
-76 -367
-168 -260
219 222
-402 -368
392 34
-477 213
-412 -444
-496 240
10 -489
-426 202
465 95
145 -395
291 -315
112 110
-313 -439
312 306
311 -413
402 -211
-226 35
-158 18
-28 -191
-32 -262
-319 -272
207 147
245 -430
77 203
-171 130
73 -170
48 -185
146 287
315 -111
214 -444
470 -201
-1 283
-68 361
-196 156
404 348
200 253
253 46
330 -240
-411 -340
180 241
386 387
349 235
38 43
239 -486
412 -375
113 -103
-304 -465
62 -105
-30 -85
148 -210
-42 459
-268 43
-203 -44
-32 91
327 -419
173 -351
342 -186
321 369
-431 92
-123 362
497 -141
-333 -493
-92 -176
419 -333
90 -483
-61 10
24 303
-131 167
-104 -371
131 191
-404 -59
274 -46
-136 351
-171 415
32 48
65 -366
390 -166
9 104
-452 -42
38 45
-473 319
-18 -113
318 88
-441 107
-325 384
1 -122
-360 327
-142 442
312 -143
338 -314
-493 -272
58 499
60 -473
-41 -230
-152 218
-38 -415
100 83
287 -396
323 -196
254 -23
59 -169
-388 -326
422 79
193 10
-175 -133
135 -304
-416 -370
373 -486
-371 210
-468 -37
103 -4
496 -162
-364 124
62 228
329 -278
-373 -462
40 -286
-208 307
-202 423
54 -217
60 373
121 133
108 -332
-480 287
-498 431
192 -338
-149 -32
-437 -444
-244 135
64 96
367 -75
47 279
-389 10
266 -238
270 -235
138 -4
185 -383
11 104
376 -135
387 74
431 -127
310 315
-128 -144
-486 295
-314 237
71 218
460 -113
5 236
138 448
-500 -308
-277 -406
-26 125
433 448
258 -460
46 110
-158 -203
428 461
-238 247
-212 -378
-422 256
478 386
445 -148
103 216
99 -305
-488 312
-184 -107
450 312
26 134
327 -378
89 439
354 54
-246 284
179 -391
-473 406
66 204
127 -455
104 324
-358 -13
-132 -120
-10 -299
278 -490
-189 277
-356 160
-259 193
-165 -310
-202 -95
-383 -218
326 48
470 -42
283 437
-402 356
57 437
-354 217
109 -497
101 277
-215 221
-298 -39
395 -374
449 420
15 -317
172 -490
222 14
-330 54
-206 -56
95 -200
-249 -155
-251 156
-454 252
-447 -349
-150 483
81 149
-426 -67
-169 -453
-340 -231
-228 239
-390 -463
144 -103
-193 -76
-442 423
163 -7
-461 -348
270 268
-302 -449
-280 98
259 232
78 168
264 181
253 35
-9 170
-243 241
-140 -118
260 361
-145 -233
85 -475
-374 -142
-433 -30
28 44
-168 171
-33 -133
343 92
-261 430
312 407
179 -488
-342 20
422 -177
244 315
140 378
-94 450
-444 -168
-203 -284
5 181
-94 372
-11 -173
257 -140
40 252
-495 -193
-5 346
428 -153
478 -447
493 354
85 485
444 -316
-308 -118
37 470
185 -177
440 -180
-348 305
-321 -18
-108 -394
268 361
-57 496
473 -445
-399 461
-100 44
475 156
248 131
187 193
-404 39
-89 326
-100 420
-465 -104
-446 -246
-143 291
250 497
-403 -412
-493 -430
-66 24
-150 -235
-76 166
-477 -467
-253 11
-135 35
303 -177
55 135
494 44
-416 142
46 163
-203 -486
-54 359
425 -361
378 90
-215 424
331 482
156 450
-281 377
-98 -244
-106 -53
85 -442
-15 169
377 279
243 -327
-118 -17
-170 193
369 417
136 -334
92 -473
42 -264
-113 -203
-210 390
134 -318
-455 493
-367 -84
196 -90
-432 176
-193 210
84 194
-265 379
89 151
455 474
268 117
207 178
443 -273
112 -317
54 -15
366 414
-223 -116
149 -360
186 -385
284 139
500 317
493 366
84 -313
469 -340
-138 -86
47 -178
382 262
-470 361
182 212
-95 370
472 -285
89 50
-459 360
-10 478
-352 -425
-87 -175
121 -138
242 106
489 274
443 263
58 98
-300 -112
-219 32
-434 -18
118 -372
-278 277
392 -256
156 203
-477 138
453 161
-367 -118
81 -336
336 359
236 481
467 -168
432 251
181 210
-132 -379
-392 -455
-52 76
275 -191
-406 182
327 -208
356 -181
155 -114
241 -399
469 383
86 500
263 328
-479 -124
491 294
240 -415
-199 222
262 162
-180 -266
-415 -100
410 299
417 -15
-378 70
-87 173
-57 319
203 156
441 -378
183 456
121 479
-164 -168
325 -78
264 -282
60 334
-421 147
378 -206
-330 130
455 -66
-138 -323
359 271
94 4
-238 -495
207 201
428 285
-105 349
425 205
495 -498
-32 15
152 125
-103 -199
-462 -387
135 204
-391 406
-204 -413
-303 -214
176 -496
422 -301
-197 117
-159 471
-419 375
41 153
-496 79
-90 494
-143 427
-177 -254
114 193
-390 271
-46 -15
-346 -172
-382 -248
325 444
415 -409
478 -20
125 -115
-409 -64
-324 -254
-369 -290
-25 461
367 -310
-351 -379
-115 462
-101 211
150 -218
408 9
486 0
-187 -283
-166 33
461 -53
13 281
-491 297
158 244
-3 -336
-145 -293
-3 -28
171 -359
433 -251
283 413
-1 253
476 442
-456 -96
288 129
-267 400
-49 412
-15 45
348 -105
168 -279
-61 243
-379 365
81 404
-250 12
236 169
444 224
13 -21
165 188
307 88
278 -153
-258 -269
314 -388
-158 108
478 -345
448 202
347 193
113 -142
-206 -161
422 151
198 -257
471 331
-455 174
375 333
320 307
-285 -443
127 391
-159 423
250 -346
-197 43
403 213
391 -300
83 29
306 -385
193 364
274 -7
60 -468
-197 369
7 323
292 -49
427 -270
456 441
-134 183
-221 208
-347 -404
-406 60
365 -368
-216 -386
-139 144
477 -430
428 -247
-350 -146
-462 -139
254 -182
250 67
-492 443
-290 309
-456 213
-271 -41
369 210
-192 50
-451 -232
414 336
165 -373
84 343
-280 443
7 499
242 -21
434 -159
-253 486
-458 -296
-175 300
-331 -490
95 -374
478 260
-61 106
-93 442
-483 457
-372 -179
186 -469
-180 -6
-220 477
194 -140
305 176
301 140
-236 -488
-216 488
199 402
-419 432
98 -132
-499 125
-40 -178
408 -286
-406 -289
497 -41
-142 -245
145 -15
429 63
-247 -237
65 -62
303 48
-465 -334
353 481
-453 112
173 -22
473 -459
182 242
227 -491
-142 -109
-343 -2
-480 11
-415 226
183 -345
-102 -174
203 -492
341 -190
474 -160
-337 -107
324 -166
-173 -158
252 -9
-321 6
421 -370
-276 131
-277 363
-211 145
281 -201
-184 392
250 24
-268 272
269 -136
104 -432
-341 308
-276 -229
-76 117
465 -378
372 190
79 -58
122 -136
326 -471
-330 455
215 2
-439 319
-358 38
-456 348
398 212
-224 -129
-372 -457
44 415
277 -398
-242 -475
301 -43
-424 -127
191 -334
194 -414
414 -392
-362 -445
92 -436
-156 -450
263 332
-130 -500
-465 223
-234 -18
286 45
-52 419
247 386
132 470
-245 180
264 357
343 -222
174 404
-226 -252
-353 -345
-194 -360
396 -268
28 46
-400 -228
418 373
426 404
471 -26
303 -356
20 261
-441 311
-305 -376
306 428
384 384
343 -253
494 39
-198 407
-279 85
3 65
102 -311
460 -388
151 305
130 454
345 -391
-342 240
-129 215
-139 -458
-53 -497
206 258
448 -258
389 -4
-201 12
134 -245
205 73
218 263
288 -466
-457 427
348 -96
-159 -2
-295 -76
180 -481
211 270
221 -347
-471 451
166 357
-165 361
-294 -234
33 -329
192 458
-32 -161
-458 -122
167 88
277 450
275 -358
-434 -125
124 281
-1 102
-271 -346
-255 484
-39 50
24 333
217 478
256 -10
69 97
-103 -451
20 134
302 -227
291 -324
356 -88
-104 -458
-208 245
25 -56
435 -388
-402 115
-196 -372
-57 -352
-148 -423
-212 424
-99 -16
-36 -386
438 -486
-436 464
-324 -288
-26 -432
199 -3
-302 206
163 -5
445 147
-373 70
353 -113
-332 388
-133 -283
29 439
-183 -132
-19 420
303 446
-127 411
162 214
-252 -262
157 -439
115 -31
-453 -87
494 443
-486 -120
-366 369
-62 -314
-152 493
-419 -477
-480 491
409 -308
366 435
-446 -271
490 110
251 15
-335 -223
-266 -398
-335 -428
-463 137
50 -75
-306 272
-419 58
-278 473
363 -62
420 439
316 482
-191 -339
-131 -268
168 182
-155 -487
329 362
398 175
342 -158
-244 2
-499 -346
32 35
-33 352
-251 173
205 -302
87 363
-422 263
-283 -462
445 -229
84 -406
78 99
251 -411
190 -384
-39 178
-377 451
186 469
-61 -410
-164 345
254 423
-194 118
406 -446
-285 -390
-105 92
253 487
21 150
449 -303
144 -145
-189 -196
263 156
-473 362
-267 -175
-220 357
197 207
-347 35
247 -39
-407 488
114 303
168 382
-102 226
223 260
191 492
-23 -186
231 242
386 -396
-184 49
-431 -181
-171 270
-419 -186
340 -349
368 -288
-323 319
-352 -459
179 454
225 63
-453 -490
478 -164
189 176
-259 107
321 -390
335 -229
-25 253
-216 -176
-319 -118
325 -171
344 486
225 340
171 200
43 -361
-287 -394
460 -310
486 264
-212 269
-463 184
-297 379
-427 -476
291 -68
161 -444
-296 129
-469 113
-247 -271
-190 -83
-409 435
292 -434
122 34
298 281
-391 -284
-250 241
73 12
-235 -307
-308 419
71 -464
-111 -497
284 -195
273 185
91 181
490 112
383 39
133 355
-108 84
303 -380
109 -266
-32 -201
90 354
-457 -464
470 -161
277 468
59 194
-201 -425
-274 431
-285 96
128 -22
144 -321
-254 52
82 -219
-341 -19
58 -359
208 457
-395 -255
385 -162
295 225
-21 358
-448 277
-472 -249
-232 -217
114 132
308 -348
-308 312
-118 101
477 154
-435 35
123 488
-144 322
-49 323
-406 298
26 216
-276 274
-72 -219
-369 -11
244 472
369 312
426 -283
-168 106
-16 90
433 450
377 -389
-280 402
-56 131
-426 356
-280 13
299 -330
76 222
320 -300
74 124
-488 -239
278 -373
228 209
299 128
-77 258
119 -152
-496 -145
-226 17
276 -493
-183 14
163 -400
-229 301
433 122
-359 176
-380 -320
137 438
-193 313
232 -182
-45 360
6 -292
-400 499
143 -263
105 145
-50 -127
67 -308
-374 472
193 170
45 330
-321 273
277 -51
-111 -47
485 26
-412 31
351 -479
-180 475
24 398
447 14
281 -439
331 -69
56 -191
497 -188
-354 -433
42 500
377 289
-29 286
-269 -379
-68 -466
-10 -282
-381 -85
441 -207
497 -116
120 -153
-92 -446
-30 204
17 -97
-55 -139
4 119
-55 -8
-224 -340
418 248
-248 -17
316 457
-265 -375
-169 -397
-412 38
35 -263
-132 22
179 -225
-22 -334
-413 366
495 222
-478 -272
-17 -325
-306 -75
-460 209
98 -414
-105 -498
-55 398
204 393
-234 -85
-179 213
-216 -489
226 115
146 383
-318 -304
486 -208
-179 456
-146 17
301 384
-335 255
290 -256
-499 -150
-402 133
-99 -462
308 -251
423 -40
-200 -398
466 -34
456 207
-154 54
-411 -240
-337 -53
-5 -106
101 -6
416 155
403 279
-342 -406
-448 210
330 151
69 373
449 -176
97 -170
71 318
118 -190
-344 388
164 43
-252 139
147 232
-185 491
-462 29
-8 279
352 -122
-162 497
171 -297
-28 -448
-145 -337
-299 -78
-397 -114
462 -24
-142 192
-213 488
-344 -288
-341 -132
-179 279
40 -365
-161 23
-343 377
187 -403
-152 180
225 138
-385 317
-172 -170
-202 -308
-249 211
-340 431
-146 135
-51 -287
-486 -447
-93 -323
-261 458
138 -90
303 327
-191 -100
127 -181
-431 181
-72 128
399 369
111 80
-71 35
467 -259
-470 -342
-401 486
452 54
-420 316
371 -462
-400 -343
-236 -364
-138 376
-279 24
-123 424
-124 388
167 362
-398 -19
-29 46
-19 357
135 169
-184 -492
164 -422
-179 -17
36 -181
-287 -154
-84 -230
-145 -69
-218 376
-405 -299
350 -420
343 -277
-279 -399
-43 358
-363 -272
28 135
68 318
338 -379
195 489
194 16
-186 -169
362 447
-428 -92
-47 467
-430 -5
305 295
-134 212
8 -458
-237 22
154 335
405 -27
469 -55
383 -230
-350 -153
28 328
-239 71
-104 469
-46 133
240 340
-323 277
-474 -73
-478 -237
-237 -319
436 299
-391 -206
325 -230
374 -387
313 149
-356 -373
153 -251
-266 362
85 -270
-245 -136
-436 385
177 385
-137 -59
16 -206
-217 -238
451 483
175 -283
185 331
-55 -407
-118 -452
-363 -437
-83 149
302 -66
274 -311
-241 -12
42 396
-376 -362
376 306
391 -71
-80 -451
45 9
281 183
-174 158
-436 379
54 -447
448 246
261 293
181 430
248 -114
203 178
-491 125
-225 111
261 349
420 193
-486 481
364 -460
-443 -241
40 498
22 357
-371 440
-55 -363
214 453
-367 -479
416 394
12 -346
19 454
-212 -182
57 -151
-178 -9
-419 -9
306 413
-28 -218
148 200
83 -264
-419 -347
233 151
44 -362
184 97
83 426
260 -33
-177 -27
352 -392
108 17
281 -113
456 125
43 -54
-135 -402
-303 150
-76 69
405 -26
182 307
-403 262
-275 332
425 -276
76 301
96 -207
162 68
299 140
240 -35
-121 357
500 -474
281 108
-175 -229
-56 488
436 -117
476 177
-492 -150
233 -257
-377 -430
-251 -164
203 257
69 167
12 -178
444 -87
-55 -361
-6 458
292 -355
-73 378
-19 -280
281 -410
143 404
307 488
-326 166
-449 123
324 134
337 103
477 406
-377 -311
-132 -472
110 -341
-218 -210
93 376
-87 -337
-327 454
-230 1
253 -135
-33 340
-31 -299
115 -145
351 -235
196 -478
-44 -238
-23 82
164 206
-123 355
-465 195
-436 326
222 -286
494 -369
244 -79
-60 126
214 304
-214 -367
-88 156
213 383
223 -203
338 -478
412 -302
-39 -313
311 207
-485 125
-490 113
-214 -352
149 362
433 429
-102 -346
266 398
225 162
310 -10
54 -270
139 -231
-316 31
470 344
-82 -190
-295 384
-298 -270
-447 -38
-88 -471
355 493
56 -427
-125 -143
-120 52
394 240
-277 492
231 258
-440 -479
149 149
-283 -419
-468 -39
55 375
-63 455
449 251
134 355
294 -335
-366 -392
437 -377
310 -471
-389 201
-436 -286
-37 166
14 -116
-485 26
-160 -84
-269 -478
-387 245
-9 -265
-93 -83
-189 215
366 -46
311 -131
395 190
-389 -27
93 -291
241 -485
-226 352
-27 -241
-245 -355
263 -169
250 -421
22 -142
5 120
-52 450
-454 -66
383 -6
-282 -417
-435 -461
-148 246
-264 -343
29 92
-123 18
302 -491
-185 -471
-20 -294
152 52
-226 -310
-53 -81
493 -162
-456 47
35 -190
-441 184
171 419
-368 -263
-126 106
-461 -381
-253 495
232 -347
-199 -322
-26 270
-500 417
-257 -452
59 -323
105 -70
-74 -425
2 -389
52 -133
-31 169
-261 242
232 343
-27 -158
-380 380
-14 -415
296 -376
409 -180
-355 -73
193 -139
203 -351
357 -166
-398 -419
3 -96
307 -18
323 -268
286 351
58 -346
178 52
-267 230
96 471
-331 484
204 -126
26 363
-13 440
-2 238
-461 219
79 417
-487 165
-485 191
-85 -370
144 -488
39 -296
18 470
-481 426
-145 -352
-268 -359
108 376
482 -476
-225 -260
466 379
428 -282
-381 237
-223 233
-422 -410
-493 -456
-360 187
-229 447
225 -383
395 -273
442 -71
-294 126
-9 118
-236 -259
25 -254
473 7
-239 435
416 32
-9 -329
56 194
-398 394
-230 358
-46 27
-351 -95
487 -367
-490 -229
-96 389
496 48
381 -13
-477 497
-276 -181
450 211
-74 487
258 384
-12 128
446 -134
136 207
-296 -114
216 -430
-239 284
188 -173
495 -463
430 -470
372 211
-371 -442
-79 -400
171 -104
-257 321
-92 352
255 -38
369 414
475 -363
315 387
-201 -182
-203 -121
335 -356
329 -426
493 40
83 -219
-381 350
79 407
-27 276
-467 -430
-452 -478
-402 -242
-452 -450
-409 -423
-283 -412
-260 -297
467 -113
104 -129
-152 -141
-149 433
-410 203
86 463
472 -317
441 96
347 -97
-312 -133
57 -372
-233 -325
305 322
-49 262
-236 -57
-366 -382
280 405
-257 -399
-248 234
-387 -500
482 -497
245 -328
-441 -220
-330 -15
435 -323
-421 -97
231 -56
262 -414
347 360
55 -457
-267 199
446 -26
358 159
480 -267
2 182
313 13
55 -256
272 -435
354 199
-299 329
-257 -236
408 435
-496 210
259 356
-239 -148
323 -193
332 345
-360 -221
26 187
474 490
-465 -162
-207 413
313 75
-9 140
-69 -250
221 498
464 -323
-411 -413
-216 -22
239 55
-335 373
20 418
-209 -84
-30 320
158 281
389 -108
-93 -481
27 -16
-373 -494
402 493
59 -79
104 172
318 163
-332 451
187 -219
195 -387
-208 98
220 -370
-268 -48
-118 324
207 48
313 340
56 494
327 -239
-458 -455
-457 230
-279 249
-356 -41
-496 -70
-310 261
-377 226
199 41
-106 368
324 70
263 -47
335 26
-391 -91
66 143
-186 -388
-49 -452
495 207
-49 -430
228 495
453 265
431 -447
-443 194
89 356
-259 84
-131 -64
-283 98
-136 81
-400 -105
429 -412
320 -205
133 348
-456 414
369 106
-402 -73
-127 -200
268 276
-213 58
-199 -392
-434 170
36 340
244 356
-112 204
-281 -399
-355 381
35 -84
476 415
-417 -143
479 192
169 205
291 457
421 -163
13 340
-256 378
-423 415
-389 59
431 -212
449 -286
275 225
113 -322
260 -121
-297 294
439 67
-37 -49
-205 357
-31 110
-396 -269
264 431
-297 381
-119 413
-359 -368
376 -197
-334 243
-28 376
500 464
-141 100
108 407
-331 -447
-473 -4
-356 317
-52 -180
227 -333
-5 -253
-152 219
-12 319
-169 358
408 -402
456 54
118 21
-443 181
-362 -5
118 82
-215 -455
-222 54
240 -348
-364 278
6 135
-36 -5
363 298
-318 230
234 -98
-97 66
72 179
209 -163
-218 -177
-188 -225
-193 -387
-369 72
-480 -301
225 475
281 -200
-360 259
-65 453
-60 -167
443 -3
-443 -142
-350 381
284 -365
-17 465
-212 -440
280 128
-385 229
340 -164
53 412
-318 439
-463 -250
-290 -337
49 -106
-270 -217
322 216
227 141
227 -149
32 97
16 -272
66 -64
-423 -440
345 -304
353 -476
-232 438
71 327
387 -136
489 331
242 -108
-140 363
320 -446
-307 -260
174 -92
488 481
-456 438
-287 263
448 124
235 3
-86 357
-312 -396
276 -468
55 141
287 -96
-63 431
248 286
238 94
-480 -280
-17 437
70 -119
-412 496
-373 -285
-228 -119
-456 45
357 -370
155 -305
365 498
20 -251
-30 442
206 -223
-160 -458
16 126
-174 -271
377 66
-20 -198
-448 -129
-37 -267
353 -458
-325 -260
88 -14
-480 -329
-115 -10
451 -36
-267 -139
-59 180
435 127
373 467
296 -113
-48 -88
462 328
66 57
276 -496
-246 24
311 -251
165 376
383 406
231 458
-116 389
207 -171
-21 -329
438 -388
226 -158
422 362
-468 156
134 363
-38 -192
-84 -219
353 -86
375 235
-399 -281
192 -392
367 -253
173 190
-312 277
48 -74
-425 438
203 404
-108 -391
-210 -227
-55 33
117 -371
-24 -377
295 -449
189 225
419 423
232 432
29 170
418 -289
81 469
498 -138
-63 184
-385 235
255 -124
-439 102
-86 20
239 -236
77 -474
53 -218
-345 -291
191 35
267 390
-301 -81
-6 317
128 271
-146 -30
76 258
131 276
487 -30
493 -207
-427 225
16 183
333 60
60 344
281 -189
192 -470
499 -351
-422 56
331 300
138 496
438 -489
74 26
416 -275
368 381
-136 -21
100 30
115 -489
315 370
-315 -352
224 -24
360 465
-45 408
89 -419
-80 -108
18 -373
442 33
327 -12
462 -406
313 215
181 -430
437 -100
-166 -500
482 -198
-346 276
171 181
386 -434
-283 -83
-165 -71
-409 424
70 466
-2 326
135 -219
443 7
-416 256
355 -46
133 -216
-346 226
298 124
38 24
-462 -383
-314 -143
366 -28
325 466
-197 -82
390 330
168 -71
-40 -340
-374 68
75 -204
-440 -211
4 345
148 223
-312 2
11 249
-111 -361
43 -335
80 450
385 -413
302 -364
-64 127
88 -330
222 -158
273 365
-255 229
438 -282
-273 447
172 -206
-374 431
-62 -248
-268 105
-471 -123
-24 -327
-51 135
-80 -118
298 -220
420 289
-307 284
-17 380
-348 72
279 -351
170 349
230 498
302 -284
-18 125
397 -272
-321 -67
-330 426
140 -258
-292 -79
-471 148
-258 222
-440 49
168 -106
239 217
-234 341
108 -137
73 151
167 -164
-484 2
314 151
337 164
-233 181
320 -147
101 8
347 301
231 -327
134 359
-415 137
399 -105
136 -344
370 490
-279 403
359 -175
-227 267
409 31
-392 -407
-236 -52
-475 478
-215 344
-78 -330
-281 -30
-156 -227
95 361
-356 486
401 -247
-346 115
371 -227
-286 495
-437 -238
91 -103
9 484
103 -34
187 119
340 475
73 39
173 229
-270 -451
-31 -410
-466 384
192 -460
-199 40
98 -253
119 227
-131 6
171 -333
-31 291
-131 459
194 476
369 -105
315 -384
65 346
350 -42
-115 -125
-430 196
-218 -157
245 461
-500 246
236 -116
27 -288
136 -190
-92 -112
-290 -384
187 27
-33 91
500 -342
156 -234
425 -247
-472 118
-144 -285
336 466
-13 -181
-134 141
-232 276
276 -390
494 -409
490 -435
204 281
61 29
216 96
41 413
-97 165
-163 -369
-367 -231
-233 -301
-87 340
-499 21
-427 272
-29 -449
141 -487
207 -50
281 11
167 -88
-220 -77
-473 2
-451 -36
129 224
-376 -115
-171 -360
-228 132
-425 336
57 144
-500 191
223 115
266 -174
63 335
55 432
-136 -489
-454 491
404 166
19 -148
48 224
378 6
-345 187
146 -38
370 -33
-398 103
99 -36
312 -198
-415 -381
316 372
437 -220
-342 -25
-294 485
34 -113
-239 67
-13 115
134 -428
-329 249
95 -297
315 441
499 229
-266 404
-422 444
-141 220
-430 -60
-159 -499
-450 69
-480 -227
472 -3
302 479
-409 225
194 -133
-477 45
-139 187
220 109
103 -261
215 436
357 -237
-471 230
-499 -114
298 -101
-289 -206
-172 -391
-281 -241
318 305
-166 -271
238 -172
-118 366
165 -423
-415 379
-402 -293
-11 -85
39 187
72 -205
448 215
-233 334
30 391
-312 426
220 39
-79 211
105 446
-484 -69
382 -380
-441 -491
131 -47
292 499
60 458
-16 346
277 -219
448 -95
-173 207
-328 -242
-459 -396
231 -212
83 184
-369 -394
96 -108
-369 312
194 -304
-210 -252
98 110
-404 300
233 -12
352 129
181 -340
285 353
499 140
182 164
9 444
-217 -242
465 -111
238 129
499 214
349 138
293 193
81 98
473 -484
481 152
-94 82
-51 -347
-312 355
-182 315
449 83
-255 402
401 -47
473 58
-113 -272
260 187
-60 -342
-310 -427
337 -276
-17 65
-309 375
470 412
-304 -34
222 211
-156 -222
-457 34
124 230
111 1
360 367
146 10
326 -332
-329 383
440 331
-267 386
-53 -473
-11 -445
-242 -112
-338 372
-226 -71
293 4
147 -25
-87 -498
-474 235
-403 -308
402 -428
-144 -105
498 -177
84 -51
-28 -329
407 360
141 -338
-30 32
500 327
-151 301
298 -298
-230 217
368 221
-476 -196
435 -194
-149 -9
-17 463
-406 -200
313 -19
272 374
484 -185
-481 -106
336 296
-189 287
228 -150
-408 -144
-106 308
226 353
178 167
-17 184
312 -61
260 50
-227 -42
222 -2
38 -298
467 -191
4 58
-292 -317
-150 221
46 286
267 -28
154 -9
9 317
-246 244
-443 496
-252 124
184 -486
272 341
-120 -192
231 -284
-61 -78
230 89
444 101
100 -126
268 132
-1 147
282 -94
-131 -490
108 114
-475 80
346 -423
151 -353
105 50
7 270
236 -235
35 175
139 -311
388 129
372 -126
448 -396
-426 -343
-425 304
391 -151
-280 275
139 148
-13 -494
-249 -446
-420 412
99 -394
-139 -25
-250 216
-390 94
474 455
-260 -316
-166 -467
315 -422
476 54
-430 -326
-316 -87
-24 293
-466 -477
455 331
-44 232
-392 353
118 -15
485 -483
314 -77
383 429
-441 -447
-232 170
-209 -139
-61 66
207 -101
-188 -475
264 -484
-358 487
486 232
320 -221
-163 -55
-8 -199
353 111
-400 -306
453 -37
176 -145
-345 -396
-128 -417
91 -273
-440 -366
370 251
-244 -390
120 -302
63 -424
-301 -225
487 -423
-46 -318
345 -123
155 405
421 -380
82 29
-271 -127
-205 -62
426 -68
-427 -312
-185 -417
48 -394
-5 -1
482 411
-45 181
71 167
-432 -367
-368 -477
-288 -24
31 -459
-336 149
-374 320
-117 9
20 -321
-7 195
-342 135
-309 5
182 -185
-333 62
123 -168
-53 -124
163 -401
344 456
-182 -47
255 -96
174 50
-194 -139
184 17
-488 396
81 449
330 -470
291 7
74 113
-159 304
0 321
82 406
493 269
-301 -361
428 -176
283 -307
-219 363
-81 310
-94 190
-471 -416
-467 -448
-374 443
-55 -352
234 187
-258 -467
-422 472
76 -10
-236 -369
-266 -59
251 164
-129 412
233 -116
-75 381
377 -125
-445 -303
158 -498
449 -422
-120 38
-199 199
113 105
-353 127
439 266
-369 104
-223 258
-90 481
340 141
-174 438
-94 -125
-223 457
-446 -15
-64 239
84 4
-325 53
-294 -361
-93 408
-298 -451
-78 -142
198 354
121 323
-169 -292
306 83
179 237
154 411
-177 -487
-265 -221
-363 370
372 334
-199 292
-347 340
-383 461
-257 -34
-431 -399
131 -394
116 -280
94 -371
-261 -237
-478 80
-215 219
418 -18
95 302
-59 229
63 -155
323 -154
118 226
160 76
283 315
-488 69
34 202
365 -446
493 -256
149 458
188 -177
248 -260
-493 288
462 473
224 370
494 271
-195 114
-252 298
296 19
267 -375
314 285
-14 -352
181 208
-229 28
-172 379
3 -253
488 147
475 -317
467 380
481 251
154 68
-413 -230
99 467
282 -482
269 -237
51 -447
352 -120
231 232
209 406
66 122
318 -113
427 244
-47 -190
48 17
171 230
-14 240
-302 -328
-295 -79
419 108
377 -347
-285 -82
37 63
437 -245
381 -307
379 312
-395 -147
-225 -74
262 -264
-314 82
226 358
16 486
138 147
-362 315
-309 341
295 373
-78 40
68 297
290 -306
-333 -249
137 322
-313 476
-417 -128
27 -291
325 16
56 441
-273 163
222 326
159 91
-115 307
-44 -342
291 -374
302 415
-94 -112
82 -356
473 -310
-140 -385
-325 -423
-198 142
68 51
-439 -69
-368 185
82 -61
111 -305
-143 -4
409 214
20 -80
194 344
-300 361
-64 -385
280 -17
-348 -427
-72 -350
-77 -254
-52 -446
-223 -468
190 205
438 -408
250 355
-223 378
114 300
18 421
414 376
365 499
-490 382
268 -478
-343 129
12 -311
-41 -444
-272 299
-81 167
387 -405
-449 187
-400 211
76 -416
-121 316
-214 -20
-56 245
-290 343
-369 -370
-264 -157
-206 290
437 71
-250 384
-80 3
-308 -344
-209 -200
279 306
-133 261
436 247
-394 374
-353 89
-51 -223
-16 -497
479 -489
-317 -194
-94 33
232 -423
-175 45
-434 224
-170 168
-353 -275
71 -477
-417 217
-338 -392
-427 37
-110 -37
-42 -478
376 81
493 337
180 -211
92 -230
115 -108
417 450
-64 28
-435 -311
343 47
-354 -414
-40 -163
-149 460
280 211
-408 -270
309 -41
453 182
-477 -215
106 374
-325 82
-22 89
-234 17
-114 316
-494 -493
-60 -223
-467 -488
167 349
-236 115
-296 -188
298 -31
324 -381
-497 -419
432 -233
-342 97
409 -352
-78 191
-380 66
-343 207
-284 -314
-103 -173
-476 312
-100 131
-341 -466
-376 -264
394 181
-227 280
464 75
-130 378
-65 -193
-454 295
220 42
-259 92
271 348
479 464
305 440
-233 -178
-424 -256
-177 1
-481 200
-415 355
424 -356
109 -472
366 -94
229 -29
230 20
-196 279
-465 24
301 6
-463 -444
-437 -170
-178 -198
-51 -354
428 253
138 -193
-135 302
-57 105
-343 -86
-65 394
406 47
496 -363
366 -108
130 -420
259 258
-152 -74
112 415
78 88
13 -284
-68 156
374 425
-206 226
88 -467
268 -233
75 98
-125 -416
26 -236
407 -453
328 -359
-82 -500
424 -355
482 -51
-93 -377
123 282
-473 -181
-38 -104
431 111
343 -19
113 4
-206 -169
-410 -374
199 -69
-128 -407
199 8
133 -106
269 -28
288 498
239 185
219 181
309 -135
474 -484
117 -265
138 -58
272 422
380 -1
-286 86
316 272
399 451
286 57
483 -458
290 -378
-138 -299
-50 -416
-84 -245
86 453
396 -464
190 -476
-306 -299
315 189
-259 360
252 -108
-168 -1
-424 275
-406 36
324 113
-421 -193
438 485
-4 307
-128 -472
-170 -478
356 93
-54 -490
-198 -287
74 445
-345 431
-318 401
-289 352
-483 193
-340 271
87 450
67 427
-395 -389
-321 -204
-449 214
-430 94
434 287
-163 -79
-237 -477
398 180
132 -20
-21 -403
467 -381
143 399
-101 207
274 495
-151 -77
-429 -421
362 -143
-166 -1
305 108
-140 -299
-338 208
16 375
261 -106
-349 11
415 130
68 -481
-428 -293
-66 209
-430 -164
-148 119
347 -397
-98 415
123 33
-444 -361
-307 20
74 406
99 -437
-448 -345
435 -469
203 391
160 -426
341 168
-191 449
52 55
-453 -497
219 -28
456 -405
-173 374
-19 338
-95 441
-300 -150
-109 -38
202 394
176 51
19 -64
-199 306
-358 157
28 -469
-139 -484
-232 -267
287 -63
426 483
84 29
-291 -6
1 112
468 -451
407 -76
-75 -24
409 -144
146 299
-219 -437
110 -38
160 -500
-261 472
200 -468
-140 -469
407 8
118 -276
470 -157
-271 233
450 -122
26 -86
-290 496
-259 445
91 89
491 201
322 -448
-125 -100
-202 202
-95 -362
-108 -87
-410 220
-413 178
105 -193
-301 484
-46 -466
-326 -379
424 -410
88 169
15 36
-139 447
135 186
468 -344
-101 25
46 77
376 -422
154 107
-498 -52
444 155
139 -66
-87 336
478 -348
-345 -388
33 110
316 37
243 247
257 -119
-441 457
67 328
259 -90
-50 -228
95 300
403 -432
-338 384
236 -460
483 317
-303 287
452 -204
-286 33
-388 -450
-340 -488
270 187
495 107
154 -182
-267 14
-5 -35
-446 -160
-485 248
-317 -345
-264 208
176 338
-496 -115
239 1
-114 -37
269 -379
224 -313
-163 326
-179 178
-67 -399
408 286
-448 -476
-375 425
-323 217
287 -333
92 -371
-331 -383
156 399
95 359
-126 338
499 168
116 -249
259 335
39 448
155 -150
352 -398
-226 393
-52 -416
433 112
-34 -398
93 -473
256 127
301 354
215 -355
346 -294
176 -318
-388 485
-247 -85
463 -30
-267 -338
225 -178
-401 -144
-487 -442
39 -480
331 -38
-246 238
-367 -433
-484 -185
-115 190
187 -412
222 -260
359 -124
-211 331
173 331
-163 -440
343 -265
241 490
-51 -356
309 -233
403 81
281 -215
-429 156
-445 180
-17 -65
-483 60
366 307
190 61
169 378
-279 -142
-388 -239
165 343
-233 372
-410 490
-447 306
-35 26
132 138
172 4
-446 36
438 -490
-167 -449
10 389
349 -113
-80 134
90 333
-91 52
-316 1
-172 165
-282 -66
305 230
-301 -252
152 191
-138 112
196 -103
-69 80
389 492
-191 -27
-121 129
51 334
-139 366
-486 280
-378 94
236 39
339 -268
-481 185
-482 -125
152 168
-5 348
-329 -83
108 -105
-163 -6
-172 216
427 487
-109 246
-294 -19
-27 -397
-336 -169
346 -198
326 -431
31 69
-166 471
-187 212
386 325
-115 189
-130 -109
-494 -354
-33 -123
-365 333
-226 494
-117 442
-348 -16
-453 270
-488 -217
-256 493
141 -43
36 493
347 -229
352 87
-111 -270
349 -256
-76 499
477 109
-143 -198
299 -239
-459 -464
74 236
350 381
7 -246
-114 -106
-121 -32
-106 -123
198 -442
-161 453
-109 499
-125 -426
-333 187
250 137
475 -244
-488 108
476 189
-495 -84
-337 -431
26 -262
394 498
10 399
153 -407
89 451
221 137
-272 -331
-56 185
-279 -169
128 -169
325 245
-23 425
-407 143
-127 -68
353 -279
-220 -261
-301 367
-370 -25
169 -134
-471 287
265 -160
347 115
-151 109
-91 -181
-71 -239
-241 179
367 -105
-415 -342
22 -160
5 81
247 -46
287 -402
-214 355
332 74
4 -254
-117 -85
385 256
-272 -189
101 162
67 208
33 -48
61 -293
433 -2
1 -314
-234 -476
-417 -440
-194 -150
380 369
-416 -277
420 234
330 116
393 -93
214 300
13 -272
380 -282
-9 -382
164 299
351 -399
490 -291
352 -90
281 377
80 -323
-345 -84
70 -94
21 -434
-149 -298
126 157
106 -2
457 -111
333 -355
116 -201
-20 324
400 364
-200 405
-439 -314
-383 -237
-376 -319
-51 -25
-252 80
-158 377
174 -161
388 258
187 -144
-394 -351
391 -446
213 -51
149 -408
-71 -400
-497 88
159 -232
417 -263
368 278
52 -235
423 259
-96 -61
-75 -312
-489 233
271 324
-118 -367
-92 258
-204 325
-500 -367
498 155
385 322
55 435
-121 90
-146 345
260 83
126 474
-171 462
-120 -49
-361 -23
202 314
231 -102
6 451
-497 -11
338 -212
-336 425
-87 91
186 -37
-112 366
6 462
-493 288
-230 -352
90 123
63 -372
318 442
83 350
-398 -21
-280 -73
37 383
-409 -461
25 203
167 -129
-267 -321
-481 448
-34 452
-401 387
-376 -499
464 440
436 -199
-477 268
393 212
72 22
-399 -156
-147 259
483 -280
-421 -221
-227 94
-54 -329
355 488
-490 -250
81 246
-305 244
-52 -167
-431 -132
-394 434
153 -153
226 227
-194 -107
-448 264
164 310
-457 457
356 232
316 16
353 -146
-158 21
-39 196
-248 -480
-218 440
378 -161
456 -414
-305 -209
316 308
25 152
414 -12
-361 -378
-257 278
-307 457
480 -348
-126 -253
121 127
203 -362
-154 -89
288 -478
-334 108
414 -304
407 -196
-470 -394
484 -221
265 -275
-136 -115
-411 -393
322 251
-313 437
-209 -411
-187 261
2 106
-417 -319
-294 366
-412 -156
253 492
482 -294
-97 326
353 -408
10 275
217 346
-62 323
-98 369
-350 -248
427 -213
-83 -194
-55 282
185 -95
216 -207
96 -15
480 190
435 57
432 -232
354 438
-431 6
-328 222
211 133
-66 -280
220 -182
-171 -94
-196 228
400 37
330 -400
160 -123
81 -443
142 -271
-290 -183
-69 289
-109 239
208 -100
-7 -494
314 -221
397 25
-458 371
78 -204
376 149
283 207
279 -241
-431 237
-326 406
-335 296
5 -123
-492 385
167 -207
-491 -436
-67 -191
448 -339
324 185
-39 -27
-125 391
117 20
-41 -75
-285 220
420 -171
78 -249
326 -281
-497 165
-249 31
424 366
201 -65
119 0
-245 246
-500 -107
-170 262
171 -391
-82 181
368 -382
499 12
36 -325
46 78
318 36
287 245
401 -393
-250 -55
330 163
104 -490
7 231
377 11
209 210
297 223
398 125
77 467
10 -107
-150 -113
178 -4
97 -341
210 449
-481 166
-395 -293
-38 -301
173 217
497 195
-438 341
168 37
-444 157
-102 52
-495 -309
319 -205
-422 -139
282 32
-308 163
-99 -225
-4 80
-39 -45
241 362
-140 278
-356 -422
134 -126
-402 -172
-193 -214
131 -495
218 -214
162 118
-149 334
274 -307
-436 233
-328 -79
471 -480
291 -208
145 -102
381 -385
252 -16
-176 -83
-12 421
-484 82
-472 149
-445 -317
437 -225
-140 416
-214 -406
-22 101
-324 20
-155 -272
63 -28
184 -70
-402 -301
-10 -217
-67 -119
-455 -316
14 -198
474 -157
-176 -100
-392 11
10 365
-408 359
330 -436
431 -138
-89 -260
-17 -355
-398 8
-287 50
-424 -190
-364 -42
-235 -93
12 38
291 -472
248 478
331 -271
-453 246
-219 -144
76 336
412 28
478 328
257 442
348 -397
67 -275
-381 -340
163 -382
-105 -239
-454 46
-241 227
252 416
-2 441
401 -112
-157 -345
-461 -56
348 -488
-320 86
-397 -166
-499 133
-137 345
-37 102
-120 -12
90 -267
43 -202
120 92
490 -390
34 306
280 391
-492 -413
51 -446
438 -255
61 132
405 -458
220 -150
367 438
-159 66
-348 466
-127 114
-407 -264
-336 288
-169 -494
280 189
-415 386
-490 32
-60 -418
438 330
-75 -160
378 248
399 -216
342 265
11 -278
460 458
305 396
-238 -197
275 390
479 305
258 -242
-39 -95
-2 131
-409 157
-343 261
402 -366
-479 398
321 -389
-174 61
104 -64
395 475
195 176
481 -221
441 -157
7 -68
55 447
-91 -34
47 -425
-247 202
421 -235
-334 -217
468 -149
-394 -38
-299 169
188 95
-477 28
-129 -13
-468 449
352 -292
74 -330
164 201
-197 -377
422 11
-172 -246
234 -489
193 -182
-490 264
-275 -281
108 108
-409 -349
91 42
161 137
-9 -260
21 189
303 -428
127 -137
115 -484
191 -91
-104 -53
191 -315
53 230
-498 212
364 -382
-234 203
-445 -146
-263 -89
-349 73
160 -212
-75 -325
451 283
-389 257
205 318
423 -6
-461 -267
105 61
-121 409
497 -485
-71 286
422 -475
-268 214
164 258
78 388
-68 276
-473 273
219 386
215 373
-8 -86
-187 202
228 427
-381 361
94 -116
29 287
384 188
453 136
413 -209
-434 365
-211 342
122 -335
54 -489
-18 -267
112 412
199 -247
139 -425
58 -436
-66 323
-281 476
-281 345
-215 363
248 -68
-346 -11
-74 -83
-407 -92
-244 -315
-30 -176
255 301
-309 102
58 -72
-6 -28
114 -145
489 -360
-78 -488
256 -21
321 329
-339 -319
-65 353
-311 268
381 217
393 481
208 -33
13 -428
-400 463
374 285
-390 -3
-194 212
-282 467
114 -141
-358 -290
-73 27
457 260
-380 -275
-63 -404
-322 310
-117 206
324 -478
137 115
336 -359
-5 -25
185 258
76 -124
168 316
-491 205
427 168
-248 268
448 -28
489 -204
-240 -495
37 304
-243 418
193 -92
-368 -493
207 -136
52 211
-338 -264
-4 293
-483 -161
432 -389
-103 -489
331 -191
-250 -224
-151 145
292 299
201 -192
337 381
-293 40
-308 407
330 -452
-452 433
164 419
-252 322
421 453
94 415
-219 -421
-349 -335
-278 222
236 -92
296 250
-91 41
479 -221
282 -146
-62 218
94 -33
21 -152
385 -42
278 -258
297 -219
186 69
-274 269
114 -473
-279 -7
-470 373
-438 -37
-71 399
-203 -364
-425 492
98 319
-55 -138
382 -176
395 -460
-397 -294
196 57
-458 331
79 151
106 152
-151 326
-21 30
-80 39
302 25
433 -406
-163 361
445 -369
-451 -396
113 -304
303 -58
-443 461
-85 236
-162 467
185 181
-492 483
106 -145
451 -260
377 -100
-199 -275
-128 -450
-43 403
-9 -93
291 226
-408 -400
389 130
-356 -351
-485 -208
155 -29
304 -50
126 -219
-191 1
-367 154
481 -199
-327 -365
84 141
343 339
-91 77
203 28
-457 233
-142 335
-406 -466
81 -89
240 395
272 -49
34 300
280 378
-79 -328
311 481
-103 388
-247 85
290 410
-9 -401
-274 123
499 -239
377 410
-104 -472
-155 380
375 306
341 285
196 203
447 -364
117 129
149 -300
3 0
403 431
-15 -350
272 -187
132 -168
-130 -257
408 -145
-320 420
339 302
330 427
47 441
-374 -465
195 164
197 350
373 427
-26 208
189 134
-413 -390
-345 33
288 -461
169 123
-336 -445
-132 29
66 42
-72 -316
69 441
-143 -442
-417 408
11 -170
45 199
-233 365
326 -256
471 399
327 425
-255 253
-142 469
-413 -28
154 135
-342 -83
-138 -454
-346 135
300 201
-311 -259
484 -206
63 365
-152 -206
460 291
328 -426
-82 -202
359 -22
-65 312
-96 -470
-497 -337
477 -36
266 38
110 -376
354 369
257 -83
461 145
-208 328
-429 -290
261 -155
339 -489
-397 328
493 -124
201 -492
140 -9
-452 187
-94 -439
-5 420
485 256
-269 220
-203 -459
348 -420
382 -6
-117 -309
-308 179
154 482
334 -183
480 -417
195 224
-42 115
399 -389
-141 244
-422 354
473 -69
-232 -24
386 218
223 -343
265 122
267 56
-1 81
-326 -15
-61 -240
407 -82
199 -358
139 315
167 417
-81 120
215 -218
-451 79
246 -374
-128 494
101 17
-402 47
-138 -269
439 396
259 -453
-196 494
147 -12
-173 -14
-483 87
-499 215
-240 156
-345 131
315 -41
357 -179
-464 108
49 -218
-215 57
100 -199
-127 266
-116 148
176 44
-55 -465
35 -252
-369 -21
-7 -320
-340 68
79 -109
-154 -264
-332 -389
108 325
431 204
478 396
136 -102
301 -480
427 -227
271 -31
-78 75
396 302
162 -162
72 298
-242 -221
-417 252
141 366
-74 -337
-18 359
28 179
-373 182
-296 -285
-251 488
-170 429
406 -326
-402 304
438 -167
331 -160
-270 -273
310 157
76 -481
359 248
-86 -174
285 125
-66 -479
273 191
-121 -299
240 -267
-18 -384
-456 207
-80 -106
-283 175
-67 -409
45 -125
369 360
-272 34
-93 -478
160 327
-426 -412
210 196
-311 -356
-173 -384
105 -93
105 -169
-69 331
-205 -396
212 80
-197 -299
427 81
208 -200
-353 48
-352 88
282 -271
152 -382
266 -230
-162 -433
-120 -60
264 233
494 187
-146 227
393 -382
324 -81
5 -55
-228 -86
408 55
-322 129
417 -411
50 -478
115 -255
436 -350
-416 -244
-66 -334
188 82
-449 -128
-113 -412
336 -292
-75 -402
321 -218
-278 -244
-244 353
365 -67
-435 108
235 105
-330 -304
90 -96
348 406
-268 -240
280 445
-6 221
189 67
-260 -222
-127 -61
-3 -36
-126 215
346 454
-415 234
394 -139
-297 124
-214 -76
303 346
-224 -49
-384 361
267 208
461 -406
393 -411
-197 58
85 -414
-253 -439
418 -285
-38 -304
47 -176
-470 260
230 87
75 -250
-167 -367
89 -131
-489 -492
365 -298
19 110
-500 239
-86 -39
-286 382
226 452
273 384
484 438
-435 179
-167 221
-158 144
25 275
-301 -52
480 68
-399 -32
-288 -497
406 313
236 -131
-481 -395
-132 275
316 -29
-63 -226
-223 360
113 -136
-192 -151
303 468
-388 -293
241 -463
-362 -80
7 477
-94 -65
436 211
-500 80
451 243
-489 -476
-252 -81
-297 -348
-125 -492
348 -236
-176 -91
270 -337
366 -224
463 310
-195 500
-262 -294
54 -41
-291 -316
-78 -282
-179 -375
-151 162
61 -343
-10 32
-432 20
-200 146
-74 59
267 -200
-32 488
-478 -174
75 120
212 -251
-305 289
-401 144
157 -422
-364 390
-405 -431
-159 188
-85 121
63 448
133 305
56 -159
-303 216
218 -395
128 -57
-485 156
383 -478
85 92
347 -410
-147 -221
498 437
-215 -442
-172 -412
-377 -132
295 -320
-274 495
110 248
-418 -90
92 478
-195 -152
379 155
-113 461
-327 49
415 397
-364 -485
93 -116
-212 -39
-442 -328
-476 78
379 -158
-479 14
-292 44
494 20
-164 -268
-141 -60
84 -327
335 -140
-184 334
72 173
-30 -272
297 393
-373 -70
476 265
316 410
149 -191
134 -84
159 -190
80 492
24 384
258 -471
198 41
-7 -374
-353 -485
335 -415
57 370
379 117
75 -269
72 323
101 -224
-298 -340
-137 359
361 -280
352 -365
346 -199
12 -299
274 -3
225 118
-92 -206
401 183
-174 420
-179 -490
-211 -86
33 172
-292 -160
91 393
485 -185
482 280
-91 76
201 291
-148 -196
373 326
260 -132
189 -139
-209 -419
-286 227
228 -227
92 -326
127 62
71 -390
-185 -163
178 -52
-191 433
348 -361
-282 -217
397 381
418 348
-437 -438
-186 466
327 -209
23 -24
-222 -373
-10 9
21 -101
2 377
-361 158
-195 303
-250 -246
-40 395
369 -155
318 70
399 -489
335 86
-294 -94
-429 212
-147 -407
-383 -10
37 467
179 181
-366 407
8 454
-106 -174
-317 -256
-250 89
-4 386
88 -256
358 471
-386 446
314 99
-388 111
267 193
-302 371
66 485
-390 469
375 84
-319 250
211 -201
148 303
13 213
356 -296
482 -134
-143 412
-50 97
-159 487
-119 30
212 316
323 135
136 482
9 494
-198 -478
232 50
-474 -115
101 -43
-58 -488
-183 84
235 -65
-387 491
455 409
165 -31
-215 -30
-205 412
53 40
-48 341
-49 -437
151 119
-141 411
-142 411
-407 -441
161 439
265 76
411 43
500 -57
-272 -220
-489 424
-78 166
-422 -339
-313 -256
325 -236
399 -272
240 -484
327 153
-500 258
-200 -284
-80 -125
-242 309
302 308
150 409
-224 71
-54 225
-300 421
-22 312
-79 162
350 -67
-438 -169
-187 202
-303 -173
170 -147
433 466
494 382
-138 -41
433 398
-383 66
-282 -114
117 18
-420 271
-274 486
-340 -331
-270 163
-293 356
-11 253
78 -400
-194 -329
206 338
-178 -144
83 23
26 -217
-118 -98
214 -439
-423 -264
-364 482
-328 257
469 106
-105 355
-468 -54
-276 421
-97 -410
429 139
-339 -337
-109 394
367 346
44 -304
182 46
-83 -331
-205 55
161 -297
-354 -327
293 388
284 -487
28 -236
440 277
475 440
-98 -315
178 339
478 -298
-233 -20
-196 10
-108 478
39 2
-401 20
236 350
88 495
-93 -98
-49 -309
-189 -134
165 321
148 -114
0 159
129 -133
409 -92
-120 -390
-253 -318
26 -59
239 -459
382 -24
198 48
-322 -479
-381 257
22 -116
-399 308
404 167
305 -8
-44 351
460 -379
-239 142
-471 477
167 150
-450 9
-348 453
291 -35
168 398
-139 180
-209 152
-193 -30
-448 -433
-305 185
-120 257
-397 373
85 -174
-281 -130
296 115
-343 -331
-297 -261
-419 387
89 -135
292 -79
-404 -412
-195 454
417 166
297 54
414 325
-224 -2
182 346
117 24
224 -369
25 -167
213 457
218 368
8 -160
108 367
22 -485
186 450
-360 438
358 227
-188 36
-46 -439
-263 476
268 71
366 -157
-222 -10
158 201
-467 152
76 389
34 -133
108 -267
-396 135
-429 -429
-180 -22
336 -300
-268 -296
-397 -311
-214 373
-418 105
354 369
-416 -23
-41 -250
-373 -223
24 -9
-376 54
-406 42
-204 134
-78 -223
372 -21
418 -258
-76 -396
161 298
-241 -390
-378 480
-156 -297
55 84
-488 -151
38 -179
-128 -348
-259 -177
303 -433
28 -274
305 -319
-326 -291
256 -25
-324 94
416 -459
-230 -85
-425 106
-319 228
361 -62
-455 301
-122 -152
-168 478
-335 -115
489 17
124 36
475 -57
0 241
-397 -407
449 -132
274 105
326 -195
360 73
-176 173
351 6
453 282
322 -163
-69 -424
456 -49
224 -4
57 -332
93 -225
-107 -8
-247 -9
407 386
-394 127
397 28
-286 -310
4 -128
292 -114
130 168
394 405
-322 333
261 90
452 323
-104 169
173 384
47 -8
246 -151
272 -135
-499 484
362 -390
28 326
-245 -36
-391 -104
-15 304
-74 -413
357 -5
35 -269
-112 -15
-459 297
81 43
115 483
-354 194
-161 443
182 -475
-352 12
-364 34
-463 465
498 258
357 -87
189 436
-144 -85
-188 -115
176 -210
396 73
-235 -392
-55 374
-302 -419
-125 -57
24 -75
-175 -320
207 -332
475 260
-332 434
93 -252
-70 -288
112 132
200 -465
142 459
46 -252
165 344
29 277
-190 260
234 207
154 -413
310 129
-405 411
-119 298
420 -381
-405 117
-182 477
7 -238
194 -432
-240 -38
-156 448
29 11
-44 260
174 -308
132 -484
-67 133
461 185
126 330
242 -456
320 114
-190 71
89 286
148 -278
-254 35
439 486
-204 -107
263 -394
21 336
53 -22
141 269
-402 317
38 362
-201 -227
-359 103
453 -7
401 26
471 146
84 67
280 107
408 -301
-231 -227
-35 480
-229 36
-203 -80
-105 14
-194 -199
-299 -263
110 334
-209 -34
98 -266
95 -76
243 -46
-95 231
491 -86
204 -372
-7 -217
-56 496
-427 -286
177 -232
-276 -107
241 433
237 39
14 468
-374 331
-319 452
-226 -93
413 -81
-157 250
11 138
478 361
-186 -402
404 382
361 -53
-220 -66
-411 -305
420 -438
-150 -338
151 275
-304 490
185 -311
-284 -171
-187 188
242 -266
-130 -8
8 423
-73 278
105 218
209 -120
-42 -49
-459 -246
283 38
479 -441
153 -27
-166 -410
-268 -105
-19 77
-271 -20
164 455
329 282
-209 192
-16 31
-136 354
-282 274
-163 -20
29 -446
-153 -3
-70 -208
-448 -43
-351 154
-296 317
-439 68
377 353
-249 462
-266 -465
-315 -225
-241 -371
83 -393
493 435
443 344
-299 383
-82 205
-310 -19
175 -141
71 -414
417 358
-303 -495
142 -274
490 -480
104 -448
-373 -423
349 55
464 469
-121 451
241 84
-154 -372
413 106
80 -369
7 308
107 -482
310 -33
384 -222
459 131
405 -69
98 222
-476 381
390 186
326 -267
162 -405
-373 493
-274 182
493 -3
-152 126
399 -164
246 247
-351 353
-190 -431
-231 -492
425 285
-36 214
130 328
476 404
78 345
-204 -69
-144 209
-354 86
-148 480
-357 119
-23 82
-234 252
105 130
163 -187
-143 53
442 -422
165 436
-35 -427
425 230
-200 -395
261 -375
-194 -97
405 -78
440 -391
418 286
-227 187
-137 337
469 -311
-42 -188
369 -381
97 333
-437 161
380 -47
349 -213
331 425
-83 284
73 -455
-424 118
490 -13
-154 -316
364 57
250 376
-406 -30
291 -207
497 478
390 -247
22 -136
121 -241
-345 22
-173 -293
372 492
242 -207
352 -405
-412 -74
39 390
498 -342
-59 27
415 -105
-222 -129
130 -213
-103 319
-26 -339
-277 -224
91 32
-341 -296
-184 -392
-55 -76
-433 7
-477 -338
-410 -318
-410 -106
-444 -232
-240 -484
299 -284
-419 266
3 -260
145 -275
53 -304
300 195
167 348
-407 -138
-191 -420
224 305
-300 328
-39 -433
319 -270
-186 485
-84 -205
-61 426
-297 430
-278 -325
4 -278
96 68
296 61
-66 -203
200 -479
20 -357
33 -368
396 389
449 -230
-238 108
-161 -187
-44 238
266 -438
204 463
-190 163
2 -138
-49 -319
319 -444
360 236
-313 -237
62 -350
196 -137
437 -291
-408 -92
114 -115
-197 -342
-217 319
11 -142
-417 306
-392 -361
-330 314
440 -425
-433 387
-358 -230
-278 21
166 -153
-441 -238
280 -331
441 -15
23 421
113 462
376 102
63 318
473 180
340 -375
346 63
-66 396
-129 131
373 -154
-350 234
306 -225
-110 -328
-143 9
-448 485
-222 -469
-365 353
-307 -397
265 -417
-41 -120
-75 -380
285 -416
275 -253
415 -52
377 143
-346 148
358 -431
-246 462
-196 -345
264 -485
-28 -294
-180 302
-10 -477
215 451
338 193
-264 455
160 -239
-175 219
205 -174
402 412
-259 -110
-413 71
-90 -224
-174 96
-61 -186
203 60
489 225
303 150
-104 -33
-304 -422
311 -92
-190 238
28 -283
101 15
-98 264
6 -159
399 140
-203 258
-257 404
413 189
358 299
230 482
-201 463
121 323
223 66
429 -420
237 107
-390 348
-96 58
-144 -358
497 65
479 151
-439 -207
443 75
191 443
-315 -38
-372 436
-373 -205
62 149
307 26
-105 236
46 214
361 -283
-498 1
324 497
-405 141
-49 -362
-214 -265
-370 98
-257 -406
16 35
-235 -15
269 -250
-414 116
190 -343
-93 389
-366 -359
59 191
-109 -153
474 474
-463 -346
-321 24
164 -101
-38 409
-67 -389
-4 195
-44 294
25 -308
350 200
464 -66
125 -162
-459 216
-283 -86
189 -186
-296 -134
-424 173
135 -245
362 -362
212 -201
-147 -181
99 250
-461 299
-429 -341
-392 69
57 249
146 -323
40 -334
-321 428
46 396
48 -34
310 -331
-140 -83
181 -277
-227 -234
-342 89
102 484
200 -272
61 -268
-232 193
-470 -76
22 -449
67 208
215 -233
261 -286
254 303
412 416
479 -238
-96 -286
-83 -480
-396 -66
-492 -488
-173 254
259 416
-193 -306
-360 457
-277 -239
-228 -221
268 -239
-200 -486
-183 167
33 292
-256 -51
145 -145
166 -249
-321 64
496 327
-64 8
281 475
-25 168
5 201
4 -399
-3 182
-489 341
-17 67
482 -380
-367 -55
-167 384
81 318
-492 -155
-331 -114
-289 168
152 -430
-359 100
27 -102
-423 -235
64 -212
292 84
119 27
445 472
308 -484
-230 -145
-168 -438
-93 -368
-17 175
-242 -238
322 139
131 4
366 -29
-91 -343
204 359
94 -486
-2 -258
-360 46
148 66
53 442
5 166
-282 316
278 -75
226 -203
284 12
98 284
-211 242
-464 -409
168 66
100 13
-331 223
87 180
-250 -129
-42 -299
-14 194
237 324
500 100
86 -62
261 323
5 -143
217 -401
290 -282
231 335
-439 -312
120 77
-62 49
-171 -238
156 -192
63 3
313 -120
221 267
-406 79
406 -323
-470 -271
-210 -133
-84 494
-284 28
273 -123
-413 -150
472 -59
-50 146
-277 412
227 467
-47 304
-496 -55
49 391
6 479
-401 416
417 -249
299 -101
-348 183
-35 -93
216 278
402 202
443 -487
37 478
-256 166
382 -366
339 181
219 427
-338 460
-59 -161
389 -269
362 -307
-393 233
-462 -227
-251 -297
-25 438
-43 14
25 -94
4 -44
415 406
48 251
187 -158
234 -181
289 -77
-391 162
-5 -451
-300 -415
424 11
-356 -385
30 -147
177 105
426 200
137 136
-370 -451
298 159
264 -492
54 295
-371 -237
8 283
388 341
104 -345
-204 110
72 -378
356 484
247 133
150 175
-199 -129
265 -467
-326 353
-36 38
115 -200
-308 -106
-334 269
277 -369
135 -357
191 314
200 -474
-290 355
-330 92
-219 -325
427 -111
-388 131
482 187
-303 357
-94 -178
-222 211
406 -31
191 54
-209 -310
331 166
262 116
108 357
-334 472
-368 57
-358 -230
60 -240
477 283
-354 -263
87 292
-237 448
467 82
383 -433
-447 226
-432 -384
32 -408
-392 -95
-204 393
285 237
41 -375
496 221
86 320
-291 421
161 -497
-390 -355
460 -294
-426 344
-321 386
0 -316
424 198
450 -162
493 232
42 -263
489 -493
-312 -133
480 148
-454 199
-420 217
-298 -134
-64 -17
-437 -420
-22 489
121 21
-254 -102
44 5
274 249
377 -100
-404 29
472 -230
-383 122
358 -25
-456 -315
-57 29
-109 7
-398 -33
-490 -77
-49 -274
295 417
-480 -351
-114 207
385 444
476 -38
67 340
-330 63
32 -163
366 91
335 -204
322 232
-199 1
-60 430
471 -447
236 -35
452 -281
246 226
-43 66
-19 -418
424 -470
166 -288
-474 407
397 169
244 -381
-401 387
-181 -52
48 -433
291 -467
-459 49
430 -383
48 -163
394 -289
382 399
-338 -372
452 34
-473 -499
151 -37
-48 55
125 259
-242 -159
203 212
-451 -387
48 -100
44 315
-303 -287
-381 121
-25 238
100 107
498 290
-75 -448
-440 437
400 327
-79 -220
-496 434
-23 243
451 323
-171 -206
303 277
141 -358
-431 -483
-28 424
461 -31
-281 492
-450 -68
-163 415
-89 -329
483 476
-120 -99
242 -336
257 -296
209 -268
85 285
350 -207
-291 -110
384 -31
288 -198
439 -93
408 433
-129 -130
207 496
249 -1
-78 453
487 353
159 -390
137 7
181 331
-171 -470
-248 433
161 -398
150 192
430 280
-334 -361
51 413
-270 -279
-29 -358
2 -277
133 20
-46 478
495 278
-38 -349
-382 175
-14 452
-31 -480
388 -56
-27 -160
9 -142
413 288
-482 37
-58 126
49 -494
-265 69
497 -450
-315 94
-407 390
-386 -31
-369 -29
-368 -160
221 302
-169 113
-34 286
494 -325
373 455
43 330
235 99
-385 235
48 -392
52 74
118 486
423 258
260 101
-178 265
-116 45
-5 -130
364 -381
-156 249
-76 485
-485 -283
-282 44
387 -224
-113 -222
454 -311
200 75
214 403
148 -99
-167 95
-297 -106
187 342
91 456
112 317
76 35
246 -478
270 5
89 -182
51 -58
98 -142
-372 -305
266 -430
-376 380
401 259
-9 468
-46 -363
-291 -215
414 -453
288 -418
122 -312
-326 471
91 355
234 335
141 226
-225 -193
283 -259
56 -243
-98 41
-252 -325
-65 -362
-336 313
-300 -382
-255 -225
-38 185
239 -125
-182 -85
490 -284
-179 -104
280 139
-372 422
-218 86
438 -1
373 -319
54 -419
-15 -383
188 482
-372 488
178 -411
117 12
-418 300
-322 -139
-465 -479
-197 -284
108 184
-236 -284
21 143
273 232
486 -289
-354 -326
279 -394
-396 300
-401 183
-465 405
-450 -464
-66 -157
-358 -206
224 264
-139 -498
114 138
-215 16
-417 353
134 -324
428 482
265 497
-291 51
94 -30
119 104
-68 -472
-60 414
380 200
-223 233
287 337
42 -399
-293 -431
275 -431
462 -276
-360 271
170 298
288 -361
272 438
-385 -180
303 -141
-365 109
-311 -459
474 -129
68 413
489 -263
251 -104
337 -427
-458 -54
-405 370
-254 -103
9 -375
373 -242
-488 -48
122 -72
402 267
210 -383
376 -322
-239 -223
458 -397
111 -182
314 13
357 481
209 132
346 -460
227 -169
338 -495
43 -211
21 -70
-18 -333
-306 376
47 -496
-259 -420
243 -324
-265 -195
492 -186
-394 490
12 -259
-277 -75
227 314
-483 -396
310 -271
191 -442
5 -229
-387 333
234 -296
282 -294
153 -88
-449 -355
226 -344
428 -215
456 167
-219 42
305 211
-66 50
390 216
-491 158
201 362
-85 244
25 375
-111 -403
5 -143
178 -170
449 47
-338 -477
165 66
-237 149
-169 -396
-178 310
469 -34
-491 432
365 -199
-341 12
-404 378
-321 175
-140 31
-481 -258
404 -1
420 -425
149 95
194 -376
-139 316
143 208
-252 13
-273 -251
-148 -296
31 222
494 431
-38 -197
-490 296
246 -145
117 393
392 -257
169 348
392 246
431 -25
-211 156
274 -270
123 -492
-298 492
306 -46
-393 86
372 -145
-44 -259
-286 438
-57 -224
-60 219
-23 -122
125 -466
300 287
-462 38
427 -16
-439 -1
-288 -346
-97 75
496 -3
-244 245
-13 -311
65 -143
-266 -428
-287 206
292 35
401 -266
-62 -157
326 -78
425 217
392 -93
-226 440
78 -314
-153 -242
-55 -214
-344 -472
-138 -190
-238 91
-413 -277
-456 338
211 362
-197 26
172 -49
-436 346
-37 -390
-321 111
224 157
-316 -499
-105 108
-401 79
-216 -381
-214 105
292 321
404 -327
222 -480
-307 -39
-297 433
-389 -122
387 -403
-474 -182
-44 -437
-444 165
48 -104
361 -447
-129 -195
11 14
344 447
-169 380
438 187
254 13
385 179
477 31
461 -385
207 -184
291 -235
240 -270
399 -318
28 -281
-254 -52
-232 183
-410 149
494 -160
-457 227
127 144
-377 -454
-325 66
-76 331
-204 226
-442 -301
-290 411
-407 -251
-24 212
125 434
-38 -114
-275 -27
-170 487
-187 49
309 101
200 -161
223 270
209 4
77 78
-383 -157
-354 285
-155 -170
-437 -330
-335 313
126 -183
94 251
70 -421
-131 91
466 406
386 34
61 304
-446 -354
154 -128
-452 267
446 -356
57 209
-107 78
-18 50
320 -465
-342 -122
-487 343
-330 -105
-104 35
-377 -207
0 311
-267 -45
-109 -61
227 239
165 150
-472 -70
460 -455
214 439
452 213
-462 92
-432 -55
143 -124
-325 160
-404 264
-419 152
68 437
168 -117
277 -283
313 -312
17 -124
279 -450
452 -389
66 366
259 -495
-339 -344
-482 431
193 386
87 60
-17 160
398 320
-218 -88
-425 237
133 137
143 166
-373 -6
101 428
351 -461
110 -270
-11 -121
-217 444
-341 30
461 -464
-178 444
-438 -424
-238 -67
-315 -123
47 -461
169 -380
427 -79
-305 289
-300 -377
74 218
-417 106
159 235
-333 280
-360 -226
-152 196
198 -23
-335 -165
-289 -405
440 -427
-497 -217
-439 -343
314 483
173 -14
-440 196
56 -241
-416 163
-371 88
-66 20
-481 -203
-371 -382
279 -421
361 -242
-231 228
304 183
419 392
69 28
48 -254
-243 126
-403 215
-485 199
93 -299
-212 200
-106 -141
-246 406
78 293
447 42
-262 80
-103 321
92 323
-223 296
449 80
-101 -349
180 323
311 -475
489 -174
221 -263
-164 -230
-218 99
-306 56
-487 -148
-273 13
-409 -484
3 454
-27 67
-203 -245
-377 466
61 -277
424 -268
330 389
50 -21
424 7
-481 -424
-427 -438
-293 490
-275 72
-135 63
-249 -373
119 355
280 -262
-258 384
36 144
-30 123
-179 -386
-232 -304
-395 -316
-463 199
433 -358
382 376
40 118
494 -280
-110 -434
-291 309
52 224
-244 136
-375 483
-217 179
12 21
-469 -495
-81 -46
-438 -311
161 166
-231 -313
482 276
-496 279
369 -291
-144 -238
-245 131
443 -129
-354 -372
108 491
295 410
-329 123
268 -193
-240 -488
-298 427
-437 -345
411 -457
-320 -293
-340 83
-477 -239
-140 498
-74 -129
-183 -347
239 -397
-156 275
-480 -160
472 9
14 47
470 -450
8 264
273 295
-494 493
-490 -311
77 -176
-188 94
-92 -20
95 348
-386 171
-261 -429
100 98
-243 122
418 -114
337 91
-92 -81
121 392
102 109
288 220
-236 -33
-398 -255
258 -251
-285 375
-456 -369
-120 -315
97 -208
-97 -256
-415 -367
412 -228
-384 285
212 -255
95 2
-363 277
-92 345
-499 -364
-202 414
-435 179
-461 273
-326 138
255 -104
-356 -4
288 38
113 -299
-236 -49
-140 461
264 462
25 -174
273 -59
-9 -212
-29 228
156 -247
224 -9
-164 398
231 -423
23 -377
65 -458
-97 248
73 429
-343 -140
-499 -479
403 -66
-213 380
34 -221
281 -114
383 290
127 -449
40 257
-261 -314
-136 73
-393 329
114 41
-35 457
391 -118
-185 -165
84 -189
135 -374
-144 -262
-289 -11
-377 173
-472 262
149 -163
84 298
14 227
428 -212
-418 -209
-489 -114
273 -185
-207 159
-384 -190
15 -314
456 -362
483 -268
-438 -129
147 429
-174 -355
150 -264
-117 337
307 380
-318 -185
374 -369
-105 362
419 -389
-60 108
403 392
41 336
343 415
-461 224
-444 292
31 -115
-380 -131
-11 -147
-52 -184
-31 -400
291 487
362 -174
-14 188
-209 -454
-342 120
-431 498
-376 -15
345 -98
52 495
75 261
-147 -462
422 -443
420 81
68 -174
235 155
-175 35
-286 246
136 296
-306 -248
256 -363
-306 -160
415 -80
-73 109
-447 -193
497 483
38 238
-35 -74
-369 -500
400 -56
-361 -63
-42 -316
408 369
-54 -445
-272 300
-186 -5
-109 442
335 382
-30 24
-480 63
-64 286
-415 -169
-311 88
310 108
451 -289
-303 -109
398 150
-227 143
315 -108
-402 -498
29 -372
-228 -481
59 -427
93 216
-170 -10
253 391
-311 489
-448 -169
-419 68
-329 -334
-246 -197
23 -159
-197 219
233 491
355 -233
-174 -209
243 400
-442 -178
-367 169
13 -249
48 177
31 -476
-124 467
274 -401
466 330
56 -446
-475 162
286 467
499 -113
-182 -48
53 214
-122 303
-496 185
-334 -221
-262 -422
497 434
29 79
-122 -413
79 -359
-260 -32
-319 209
378 -324
-207 -32
-146 118
247 294
-330 203
481 80
-222 -287
-25 364
56 342
-106 -333
-439 454
125 450
-172 -349
-304 253
51 170
-491 -105
294 -40
-82 466
229 -427
496 468
120 -302
-479 117
284 319
-446 417
-244 -280
-147 -32
123 434
-56 240
-102 -348
-334 -331
398 -225
123 250
196 282
79 -249
-68 -142
-409 -448
-206 -429
202 -275
46 -25
-302 -105
-20 460
131 410
-408 262
-180 -7
179 -421
220 -345
-36 -341
25 124
387 439
-79 188
338 9
-8 87
25 -378
-284 267
-97 -355
-127 -240
243 -79
-117 -215
-379 -136
15 -404
-270 335
81 -408
-237 -395
-369 356
92 -155
-48 117
352 -260
-321 -208
176 33
-31 -175
-419 191
208 -408
-308 478
50 -469
-473 433
-255 323
-413 -199
437 83
130 121
98 28
308 41
-57 -469
92 225
391 38
-150 -30
-174 409
-315 -348
100 66
300 231
431 -315
-14 -179
324 296
367 368
-164 499
-308 -459
-195 -334
-368 123
-151 -88
-307 366
-56 -383
-87 -110
204 493
418 412
457 209
-72 410
391 72
-170 -25
494 177
-428 -343
4 474
-211 -282
-464 39
-342 492
259 -265
-115 287
65 -111
308 -205
301 -297
-414 183
10 -173
412 491
358 247
-37 -463
113 141
-297 -456
-491 -141
-333 346
-308 -262
455 30
46 -141
172 424
-350 268
-349 380
-471 -411
233 211
344 -192
-309 370
354 173
232 447
215 325
26 157
467 58
-8 -313
-415 455
-443 26
-174 -319
-492 -146
396 -331
-333 337
-108 81
-437 -419
123 -77
-80 103
-115 332
372 -366
-244 -314
-176 -500
-366 -430
356 -471
-99 369
152 255
345 -397
-337 46
435 -183
-99 253
-96 -88
241 -192
167 262
52 382
-90 -11
305 -28
236 -412
273 -78
33 338
-112 -175
-478 446
-307 225
67 -371
-121 326
79 -198
493 -107
-156 -458
155 -466
417 225
193 -27
-240 -185
-443 319
433 -414
-327 -86
35 -249
419 369
-328 -359
23 -180
-131 -95
-388 486
57 246
478 -169
-66 -11
38 243
-80 299
75 -428
497 -60
250 -252
203 -375
-200 382
299 60
-233 312
-1 -112
-291 429
-107 -258
377 277
310 416
-173 455
-380 60
454 -355
198 -227
-407 -89
-269 -399
-250 -201
-111 257
234 -486
204 311
240 -255
412 19
52 464
136 -87
-301 -17
286 -2
-78 480
5 -155
69 444
469 -200
14 -191
-335 432
425 139
-235 291
-477 336
-308 -472
-469 -222
254 -12
-270 87
-77 -142
114 318
-330 172
465 269
-436 -163
-83 69
362 283
31 457
-203 386
-190 495
-414 -364
352 217
-11 -198
104 224
363 -322
190 40
-204 220
278 243
232 172
-97 -225
52 -391
-61 -479
197 313
-470 204
-131 453
282 -58
226 -300
-270 -348
437 -406
296 388
221 100
173 -146
293 -88
285 279
-287 -91
-72 -66
386 -403
-443 138
239 -103
188 244
337 -438
-122 -63
480 -393
-270 -183
-186 -44
-85 250
110 -401
19 -249
340 -184
-472 -286
-314 -195
287 -198
26 -77
362 -392
-218 -127
414 375
401 -93
-445 -455
400 -48
242 332
-368 12
355 417
259 -212
-78 195
-431 -209
0 248
271 212
219 140
-252 -448
195 115
-419 -281
361 -247
-234 -288
-48 330
51 -73
-308 -340
-317 356
-133 -109
232 -353
-492 -304
380 -417
42 93
454 -214
-480 381
-301 268
337 253
-382 137
-77 25
148 -382
35 -368
-283 -294
496 469
-328 -382
367 469
264 199
494 -333
-195 -145
-154 241
-187 152
196 209
-337 317
-95 59
-397 153
495 -137
53 -298
-486 494
188 -289
328 106
-188 -402
-194 349
137 406
392 357
66 345
-350 -409
-57 -3
48 -225
-54 -38
281 443
-138 -273
31 -430
55 -471
-62 340
-414 -301
-350 97
341 -403
-153 471
-40 427
303 -251
-219 -306
291 230
478 -254
-126 132
57 -3
0 351
429 146
425 399
-148 -233
213 -26
-15 -3
62 -489
-423 376
-363 -296
248 355
382 110
312 -233
415 -344
-440 462
268 -173
-445 91
-218 -29
466 -389
-63 -495
-306 -410
317 130
119 -393
441 338
-470 -245
-332 -55
-191 -90
264 97
-495 340
-314 -353
-180 -236
-167 -250
312 326
117 -115
-321 -246
405 -277
-460 -34
-12 439
-143 74
348 -9
59 -248
47 -116
-275 343
-170 337
-306 367
-411 288
-321 455
278 277
383 228
192 123
-252 -165
-154 -268
-18 -415
-356 -349
-385 136
229 -424
484 24
305 69
-415 -489
-274 264
431 -431
241 81
331 -188
450 383
-151 -293
278 -285
183 -71
-162 32
-484 380
221 236
411 106
-60 -410
325 -95
-367 -477
-40 -405
-411 -472
-90 170
-114 -4
-48 220
-414 -384
-427 -177
153 -29
67 -147
189 234
214 -319
376 483
335 -456
-239 -91
59 -145
28 330
-204 -348
287 355
435 106
-399 481
469 251
390 -173
98 157
216 122
-78 261
-33 -455
266 -332
51 111
-346 433
252 -461
-235 219
417 -181
-462 499
-304 73
87 336
-410 -345
-270 -124
-253 327
-287 -250
86 -59
259 -7
204 -181
200 345
-273 -35
-500 97
280 396
-361 -399
361 -415
-100 -4
100 105
-146 -301
-299 -74
379 187
250 -248
285 389
210 -72
-488 -89
-35 243
-349 -120
154 1
-221 -313
336 -486
378 -292
-402 -101
188 474
208 -166
-462 227
-73 -430
316 -98
126 35
152 -359
-345 -82
399 -205
-174 222
-417 373
439 -411
50 377
143 419
-205 -271
-133 343
-85 60
219 159
-459 273
198 101
340 -153
-405 163
6 335
228 120
-216 -443
-309 -142
-274 475
181 -417
-394 -307
-462 331
70 42
152 451
-157 -36
-107 2
-420 151
-161 -320
-158 189
84 -441
-153 -301
-384 247
285 -315
-329 264
-189 105
207 -335
-447 418
-318 -454
-288 47
-56 58
-330 -376
319 -91
181 -488
-356 -214
-283 497
45 -167
-149 298
83 -268
-302 -369
-143 40
-317 -39
57 -206
-328 39
-197 -456
-388 -120
232 -99
309 408
255 272
-179 -267
444 457
-123 -103
-368 -461
186 243
-440 -35
-361 -60
245 496
412 -126
11 24
-144 310
-133 -278
410 -323
-460 -497
144 407
-457 -489
232 443
298 -415
-407 -350
323 1
310 -460
-448 324
394 495
127 -259
-77 419
-283 -423
62 451
-499 -399
-463 -165
417 93
-208 18
211 -135
235 -392
382 425
-444 -316
-111 -375
199 286
-120 191
253 49
-134 279
365 -157
477 -47
-230 -134
-342 -11
121 -456
-286 37
285 -294
110 346
17 -39
-451 48
-295 -14
-300 -310
350 -51
47 430
441 95
-212 -148
37 387
458 312
-471 438
156 207
105 -118
-66 -479
104 -218
389 371
333 334
-311 418
488 -453
241 105
28 -340
-316 -195
480 -284
-458 308
-256 -174
297 -400
409 68
404 -161
-337 260
-182 395
-218 -410
-63 -27
108 -215
-251 -345
394 -117
363 2
383 457
155 322
-487 314
-378 -11
281 -344
243 291
-236 -368
-418 3
219 -360
-447 140
38 293
-248 -402
-78 -278
279 300
496 -10
46 179
77 98
203 -470
-53 453
-278 -287
-395 100
-15 -301
73 101
-431 282
-459 -222
265 -264
97 475
75 -456
-190 -321
344 -286
-120 -496
-133 -329
422 367
474 280
42 -111
261 77
451 243
-452 401
-204 -461
378 114
-425 482
-91 401
412 -208
464 -75
-222 479
-236 -471
-427 148
48 129
-13 381
461 265
300 -10
452 -212
-176 476
-447 225
146 -330
182 316
-326 415
-175 -88
-430 -55
143 446
133 205
224 -5
-336 -262
-455 -82
269 -414
492 -76
72 386
-450 -406
-35 -200
-87 -201
193 -416
-20 463
156 -273
76 220
185 412
229 -294
434 -403
295 -478
-4 -106
359 147
403 147
46 -122
144 478
315 -1
-109 4
-351 -122
195 -275
-303 258
-438 -415
-355 364
-295 -227
-452 -80
-453 -385
74 -259
366 127
-447 -433
216 -92
193 -363
388 455
-28 35
-31 -279
-75 205
-126 -401
327 -461
108 -33
414 -18
-24 -426
-147 101
-165 288
482 -476
8 -365
189 10
481 -377
196 99
-92 -310
271 -131
350 244
416 -471
-230 -95
330 -488
203 -22
269 157
269 -226
-75 -176
321 431
109 -436
-100 -87
-458 -144
491 4
-147 -32
-341 25
-50 -416
-462 -11
-145 -42
-279 -130
-53 345
128 -35
-359 325
-249 -93
-116 284
461 200
-301 98
268 92
184 -158
259 160
164 -31
-496 35
473 -480
217 429
439 374
384 335
-420 469
-362 -374
-196 31
87 442
223 -320
278 -468
-201 -453
392 -291
-251 -174
-132 108
204 252
269 -424
-88 -255
156 146
398 89
-367 -430
345 -22
-23 -367
359 144
-412 27
-329 -426
391 -66
-311 -83
-133 447
165 -272
-245 -38
343 -35
-498 103
71 -259
-391 346
407 194
-53 156
211 -132
-176 206
24 -17
190 -314
-54 -349
-222 268
-422 -17
408 -378
388 237
-394 -343
423 30
220 -447
-324 198
77 -21
-364 -445
-337 376
397 -269
461 3
105 -39
-395 156
231 -430
184 -428
437 -105
-211 -146
224 -77
-151 -210
427 389
-436 240
-146 62
445 -221
85 -456
-261 267
233 52
-418 -2
72 -352
370 -329
-372 -471
94 111
-51 -64
98 377
-74 104
-185 -96
-112 205
480 187
-317 -335
-343 -182
378 -449
394 -416
72 150
209 -157
-274 -132
225 -77
-26 -10
270 270
-329 -261
-183 -140
159 406
-442 131
-452 301
260 368
138 -435
-29 -233
383 463
-401 -192
431 123
29 -370
-431 395
43 277
-337 37
399 -69
-199 -473
-202 51
407 -44
438 434
-28 -71
-11 -263
-6 -362
-408 221
-414 -283
207 75
-65 125
-385 225
-390 302
372 -477
-221 -179
285 497
-378 180
328 -21
-461 486
379 406
-299 336
-315 -199
202 202
131 -418
180 -220
-16 -31
-103 -486
90 441
274 -19
-177 -219
352 -230
255 461
276 -297
398 479
-152 411
-34 -339
-298 457
-197 254
300 -103
-435 -171
-128 93
313 -438
392 408
327 -492
-323 -256
460 -164
268 171
5 -87
191 -303
144 39
-236 205
370 -467
-90 -153
-399 116
362 488
72 -278
30 497
-487 206
-60 -117
-371 422
144 242
345 407
104 478
-325 -426
328 472
191 475
403 -78
11 268
-398 128
-145 445
433 -132
-18 -393
-8 -405
-290 423
67 65
-357 38
292 -191
298 63
479 -149
124 -464
109 -413
-177 116
-116 -93
224 410
-246 16
-161 -154
-120 13
-46 472
-487 -118
-85 231
43 44
449 104
325 464
-475 274
330 215
-133 371
50 89
61 -163
450 328
449 482
-130 255
4 -274
-107 309
-455 -369
-273 -255
37 246
486 154
-356 -130
-18 -45
-417 -444
309 249
-5 -423
-174 343
221 -496
288 -303
279 -317
-435 -174
-274 -56
97 -1
-394 279
-360 236
492 213
54 225
-52 36
-209 328
-78 299
-7 -371
-124 454
151 122
-355 -238
-69 461
-485 -72
158 354
404 -148
-140 355
-144 -120
440 62
-91 350
-406 -227
-131 -96
26 -467
163 -398
235 444
-111 -358
-161 -386
187 356
276 -471
-313 221
168 168
348 76
-180 392
-80 -371
-351 -410
328 -173
174 255
-80 -354
496 83
-390 -40
125 -54
210 -472
-357 -298
23 -33
-178 39
-341 -237
-49 -36
-434 -314
226 460
474 142
431 368
224 358
-397 -188
-21 335
-345 -317
176 -162
110 97
388 471
-275 -349
-59 363
272 -84
167 54
209 -140
8 421
469 -93
36 88
77 345
202 -467
119 143
5 -225
-479 -280
-79 442
-252 -22
57 -106
-228 213
446 -17
113 131
287 -127
-92 -83
410 -388
-331 -183
-435 -236
468 -44
-144 -376
125 -202
-9 450
-476 395
63 -195
-256 -89
92 -242
226 84
370 163
29 384
-153 190
-100 -243
-151 -429
-371 -415
-478 -447
-496 143
31 275
331 -321
424 -207
-240 -76
66 219
443 72
32 353
257 -495
-226 -38
-493 340
104 431
-30 368
-31 -14
-180 256
-393 -296
474 256
-482 385
-189 -162
361 158
-263 20
-303 -371
-48 489
96 296
-459 364
-210 -294
-237 399
228 -247
312 300
299 -247
190 214
-66 343
-62 457
-291 477
200 -134
-13 -267
321 -126
-306 205
-96 136
318 32
223 -140
-110 178
-249 -206
-454 -418
-356 -306
-114 -250
-198 -177
-141 -179
88 -30
58 -68
-200 -292
-494 -384
204 -253
183 419
128 -244
356 -24
343 44
114 331
-10 -185
-155 255
-358 -499
270 12
407 -241
-57 395
135 -326
362 63
-262 -242
-243 -303
-94 -390
-230 493
461 -476
283 -83
-444 299
272 -314
127 -251
197 -267
-294 -409
-75 262
-183 416
-354 -198
29 -1
188 119
-15 -233
152 456
-151 -490
286 210
101 -54
-482 157
418 148
-370 196
-338 -337
60 -195
-269 -100
-349 -89
-223 -434
-267 442
-329 350
-485 403
473 97
448 386
-396 -370
446 428
-11 -289
-59 -251
196 77
-128 -285
465 211
-300 303
-65 -193
448 316
267 -352
422 248
-125 377
-390 149
-66 -228
124 -350
345 354
1 -258
-131 -380
-249 134
-133 -360
-85 378
-364 146
-154 386
99 214
76 123
455 300
-379 -80
-368 -157
164 -456
-388 304
22 286
-362 -455
-7 1
342 138
-202 27
274 203
-163 -412
397 -466
387 179
250 437
473 -334
209 -161
362 496
467 -336
240 476
350 -251
308 -17
-345 264
340 140
-473 -294
-9 -307
-496 407
212 -235
477 -439
16 278
-80 -189
-231 -399
461 -263
343 -74
106 344
480 296
-23 206
235 97
255 213
-330 -59
387 -5
364 296
-91 412
-52 -483
-292 -300
249 348
122 8
64 -1
-270 -191
-149 297
335 120
-325 -37
-31 413
-216 -172
-89 -119
6 -31
414 -472
-285 -130
118 93
-369 73
-500 -473
373 262
-252 -68
-213 -72
-152 400
-169 255
-224 -322
-379 28
149 491
-248 -445
-425 -53
164 -489
-171 -163
421 -19
-471 -23
-90 -13
-413 -436
-99 238
-52 353
106 -272
15 96
149 -343
342 58
-484 54
-362 -428
-350 -11
-291 -359
-55 -482
-132 477
-77 482
252 -265
432 -127
34 145
320 274
-235 151
215 -93
426 -116
137 -291
-210 -393
-191 197
453 369
201 26
429 24
299 -322
283 190
-184 402
203 388
162 -236
384 -154
331 -411
256 202
-168 -248
-287 -77
-362 -99
449 -287
-351 -245
-453 90
282 454
-145 -470
-129 220
-389 -150
334 -240
-143 -3
-151 -450
202 -449
-55 169
-373 -6
-332 -309
-350 33
-129 -342
-87 231
328 -318
-343 -318
-60 -108
-418 332
-42 203
-400 -328
-163 305
-154 -424
216 -485
-57 -269
-318 -497
-108 326
-43 188
-256 -175
286 265
-176 263
24 277
481 -436
399 -421
442 -438
-464 -345
331 20
-476 -435
182 29
-411 114
-484 235
151 481
225 -82
65 -356
-248 350
-342 -474
112 236
-446 45
-170 122
330 220
-53 -319
-463 350
462 -241
494 249
269 412
478 2
307 63
245 -130
-487 -212
-488 -403
-209 -447
-401 -324
-132 14
428 -442
-63 33
-156 -152
-234 85
-143 -458
453 -88
220 -64
-18 -450
163 -231
440 -381
-349 -210
194 475
106 154
-215 -277
-299 362
352 -290
230 500
478 497
314 383
-219 117
-485 44
-3 249
203 -483
299 140
455 93
-209 -261
-394 -237
-163 473
-90 -295
-73 329
-337 39
-96 125
-367 102
-105 500
-435 -446
200 -128
384 -205
-118 -246
-397 -463
-147 403
-159 473
-331 -305
-301 214
311 -112
-77 -500
53 281
-101 52
-301 -360
-459 303
490 126
267 -119
486 347
100 465
312 -29
-269 -127
-117 161
375 -44
-267 -346
383 44
163 -215
100 286
-268 -304
325 -270
166 289
1 -416
-73 -112
338 378
-487 19
143 -237
327 115
-393 466
414 386
490 187
435 -124
-109 424
27 -74
-326 58
-132 36
283 -26
454 -407
145 -172
-475 239
-132 -130
-145 -362
-269 -379
67 90
-214 337
-360 -253
-304 49
-310 262
-302 222
253 96
-456 -70
439 -429
217 354
-428 345
418 251
-334 178
-71 466
-257 -80
289 116
-468 352
-173 251
-456 385
-371 -316
-95 386
261 377
-118 68
464 -59
-156 197
-221 -477
360 -183
313 347
468 -189
358 78
219 408
-243 -83
-95 -133
-273 415
-184 334
34 225
471 -469
-19 -135
188 100
-351 443
-210 152
255 -417
-143 -397
170 -309
31 -106
-413 294
-62 297
239 -41
-350 294
-345 -213
-116 259
149 399
-222 103
440 -253
311 -186
86 494
458 53
407 19
164 -294
387 -253
-447 -384
-204 380
493 -155
-257 266
491 -331
-119 -216
-318 -385
317 189
394 -480
-170 261
344 -6
-454 -290
-269 -86
422 160
361 -270
-279 469
435 432
-357 471
-199 308
157 -26
-154 362
-493 132
-83 -184
-254 266
-124 -303
-31 436
-54 -344
-344 -198
-26 -237
128 467
-233 -180
164 -473
-20 -391
-273 -14
159 -279
-244 82
24 -136
34 -235
-8 -332
-28 104
-454 -42
471 50
121 335
-83 -414
26 332
312 100
-408 172
64 319
24 271
-65 146
196 -383
-306 365
392 -463
-496 266
-456 -83
208 115
-198 -394
126 99
342 102
254 -196
-393 -451
-73 -396
-122 231
126 -383
-403 474
-456 -436
-473 51
-447 -296
-158 349
-338 419
-268 69
-464 99
343 432
404 -240
24 -350
-451 -361
418 -55
147 -131
223 405
242 -177
-68 443
-290 -2
-140 306
-125 231
143 336
-207 -336
456 -397
-455 459
200 470
58 480
141 -478
267 -30
435 -99
-358 371
-136 402
434 -188
-286 -466
-138 -360
231 -375
-219 -230
94 -332
-88 259
121 410
-371 -427
-291 -59
-245 106
-132 420
324 220
-173 392
70 -382
-10 -285
-167 -422
297 -446
362 202
337 315
-481 -198
-10 40
15 -120
355 195
378 437
14 -251
-256 188
22 -227
116 104
17 -443
-475 150
-316 -118
377 379
439 -304
-382 274
-312 438
202 382
-482 214
297 -239
161 19
-234 371
75 240
-421 -486
445 217
279 189
440 -8
-370 -365
464 112
417 -465
-259 413
253 -166
14 -468
117 481
-464 -462
-99 348
197 -260
382 212
476 -143
-381 448
-167 -327
276 -116
-109 -141
420 5
58 -80
82 233
-82 -265
-384 -480
-352 -444
-384 -208
375 -308
278 140
63 319
-252 144
-89 -372
290 -201
150 -330
71 -406
13 435
388 -334
-487 118
87 259
487 -261
240 108
-273 315
-39 -291
-343 434
144 255
-153 -430
-104 -421
-181 272
120 337
146 -26
-436 -181
-200 -181
140 -77
-49 14
-12 26
-29 -79
-369 -236
-228 -82
-72 -244
-111 -21
-184 -75
-475 236
-272 -139
353 40
-27 154
-471 -266
-351 -321
-164 -275
221 164
-15 479
24 -113
-203 146
238 335
-297 -13
468 232
-312 463
137 276
-75 -282
-497 -445
374 181
142 -239
141 -471
123 138
75 279
249 -339
-73 -96
179 -282
-419 -102
-33 -427
407 117
-249 -413
150 -32
160 -456
-477 -428
-395 -217
-495 -36
250 32
251 -66
108 -447
-110 -115
-294 -297
-298 162
222 248
-298 -122
-64 -279
-60 -286
493 -60
190 -238
199 22
-321 -57
218 375
-128 -364
310 -398
500 -461
123 -366
63 136
100 -411
327 208
-206 282
324 16
-485 151
-398 -471
-459 -371
-354 -10
-288 -500
-151 -273
417 -152
-402 322
169 123
-77 360
-56 498
170 171
14 197
292 -440
253 406
442 -471
-255 456
194 -212
-192 -290
-215 -112
-55 209
-403 449
101 132
134 239
475 54
-336 330
-463 483
71 -276
-386 35
-374 -311
245 325
-270 -328
3 -75
-189 144
-341 -225
229 -192
-13 -368
-355 -103
-380 -353
-163 -136
209 -265
-499 154
-12 24
-330 497
376 -58
41 199
-208 28
229 496
-472 368
77 -426
393 -452
324 51
-253 -434
256 -185
41 54
354 162
-80 -150
-418 -362
-500 33
-471 -130
-264 48
-57 267
-144 -134
-358 146
385 -250
-382 272
197 496
135 255
104 -234
-96 -481
349 -67
-92 -29
-441 -356
476 195
404 453
-180 327
-491 12
-323 -93
380 -216
-459 -320
321 -469
-112 380
494 -316
-39 76
228 39
-53 465
483 455
-21 18
-482 -225
292 271
149 494
116 279
-40 476
23 -177
253 243
36 294
-137 278
-14 284
245 371
-413 14
265 -360
331 41
-474 133
213 306
-88 -393
139 -462
-274 215
55 325
-77 448
-217 484
-276 -327
168 238
404 -497
119 -138
152 -106
26 -314
451 230
376 -343
-209 -287
-98 407
-134 442
223 59
-11 -340
305 231
-272 224
-44 123
-138 -378
-432 -241
-29 230
-269 236
266 -22
142 -156
144 228
278 -76
-160 52
157 -54
-67 210
495 -305
373 130
463 460
164 171
-10 -474
234 -328
55 201
413 197
208 -371
121 2
79 -253
95 67
-252 74
27 -322
31 128
-257 152
481 -272
463 241
-163 128
-377 26
312 344
32 186
-249 -331
378 378
-278 12
191 -425
471 -415
413 -91
290 -113
59 -360
99 262
-451 -102
-322 -223
-259 67
-236 -13
75 -468
-243 381
-456 39
-12 -209
24 -295
341 -29
-87 280
-419 499
260 261
294 -5
311 -296
240 2
-140 282
298 -82
58 -129
190 244
474 382
-469 252
-340 50
6 -133
-211 -461
420 276
0 -351
420 -6
-76 -169
11 452
466 74
106 79
192 307
-190 422
-291 494
316 -183
66 -442
284 -301
-305 32
372 -348
-273 -470
-114 -179
-42 224
100 340
33 129
-317 217
-494 179
127 125
193 -157
-270 -243
-393 313
-19 -164
-121 -222
-12 164
198 406
120 -137
-95 467
-373 211
204 -155
150 258
-333 132
-123 -260
211 27
-18 -370
-289 -386
-181 -74
-31 137
-495 99
327 294
-297 171
59 288
-295 -470
328 -406
404 -324
41 440
137 384
407 16
76 462
-477 -480
308 -194
66 168
-384 441
329 146
-355 -221
328 -290
468 111
499 -366
-397 -161
439 418
99 207
-294 -118
407 123
35 -442
-120 -429
264 -25
-281 -191
-284 449
159 385
-85 371
188 353
-360 488
340 304
380 291
-346 -127
-415 -466
-330 361
-111 433
-293 -169
10 -296
330 54
371 77
399 23
254 414
-86 68
-214 -77
440 -456
74 375
-220 -73
303 -19
-254 210
-430 424
-362 403
-110 -166
82 359
-110 -282
437 343
-334 178
41 -457
330 -487
253 -154
-410 275
-369 -130
-270 375
26 -81
-467 378
-75 -482
263 69
-257 63
139 -412
359 318
384 107
-307 178
281 -88
-236 -125
321 -331
-366 158
12 362
189 -138
-180 86
-78 225
-175 284
-411 402
-420 -249
-155 -480
-289 196
-177 147
455 -198
294 151
-353 -456
315 -285
144 -431
21 -485
357 57
303 -88
-68 -203
-230 141
-338 -412
-335 -409
265 111
2 -95
150 86
293 -472
332 333
-399 -320
147 344
-377 -77
-416 -366
455 -84
462 -108
-84 -54
-70 167
55 -56
425 15
-29 280
-371 -329
88 -32
90 -59
-174 64
-488 -348
-438 82
241 -144
-421 -432
353 -156
-184 -481
442 -377
424 -182
250 0
236 -310
-236 -146
-227 -79
-143 317
-17 319
76 443
286 -98
315 -118
297 -350
-284 -264
-460 128
-430 139
-285 -218
353 160
208 -70
-134 -90
-349 274
414 -6
-381 -298
-74 -262
-220 27
397 -45
-236 469
-64 -335
224 -317
66 -351
82 -460
-486 438
219 365
457 -193
82 428
374 324
18 454
-291 125
-36 498
-162 49
-86 -394
380 305
-3 422
317 315
351 225
-246 -465
340 -167
444 -84
-333 157
389 -58
-181 -473
-387 115
473 -262
403 492
-51 -389
254 385
-339 15
46 -148
23 138
414 -289
-133 48
407 -6
40 227
187 -295
152 -358
47 236
-253 99
-330 192
-449 -417
-73 -256
239 -170
194 62
-417 -410
-318 394
-148 -283
-316 -174
-420 -7
-18 466
320 -484
-437 -132
-146 -350
-316 -344
-312 394
495 462
381 -348
230 211
5 119
-392 -319
-242 -75
301 197
271 404
214 206
-172 -278
358 -371
-127 -434
-284 -97
123 -337
-114 -134
-64 362
-320 -487
196 -361
-45 160
351 489
27 217
-498 -386
-86 253
-85 247
-452 475
-415 -262
-196 288
185 99
-375 -207
162 -81
210 70
242 444
-190 -22
-38 324
-83 312
-466 353
262 400
403 221
-216 -397
-445 -417
483 319
100 -110
-334 -271
-284 492
-7 408
372 443
-246 -304
443 -37
-188 192
-161 -362
14 -165
315 456
-380 163
-452 -110
151 -277
-211 491
-484 -64
-70 -102
-354 92
129 -189
-256 300
-373 496
313 -45
-341 -328
-187 410
317 -163
-52 169
-424 221
-366 -407
72 -194
-124 158
219 -492
164 -453
164 -466
116 390
338 237
65 -429
-346 74
-61 -181
-243 -104
82 104
-268 225
-474 -307
455 -104
97 -156
256 -397
188 146
228 418
404 62
-462 325
-28 -168
-494 -418
-7 -35
206 -211
437 -63
287 -247
191 449
130 -65
271 -261
248 -403
364 -33
-332 302
466 464
-399 154
-31 50
-70 -207
229 464
327 -298
-71 186
-404 -348
454 -419
314 459
-8 99
308 -135
-435 69
-65 -358
-201 -360
-366 -230
-29 -449
238 82
-46 226
-362 276
425 -372
-277 391
-145 -444
-196 -298
-226 -461
136 -170
-309 -415
-406 -391
243 -376
-170 -182
-197 467
54 -36
-309 -25
-39 -15
423 -78
210 -192
-308 43
268 287
256 58
431 -391
224 -207
-13 384
-159 484
-198 -368
-399 402
120 -43
-109 -298
-480 -394
341 -390
464 -12
146 3
406 198
-293 -180
-457 182
409 -356
56 420
49 -333
18 -11
-284 136
-158 -264
-280 431
29 101
121 -49
-372 -21
-343 392
-122 -144
-415 103
224 -250
434 -404
178 353
-96 -472
-69 -179
357 -59
-397 -286
-489 154
-276 -128
-160 270
388 176
-266 -435
-220 190
374 -188
-475 -454
493 -363
48 75
82 -391
372 58
-92 -98
294 -233
450 -228
35 180
-439 -360
319 -308
434 -221
213 -471
-305 189
132 9
6 490
-356 291
18 56
-401 -372
-85 248
-335 -230
289 338
-188 447
205 484
391 -103
415 -50
-112 -12
452 37
248 -477
-48 398
309 -193
-430 224
-360 -298
-11 -61
-331 -230
316 -16
441 -241
-199 464
213 -498
224 -359
168 422
195 271
122 -170
-347 177
376 -238
378 -491
58 -243
328 498
428 -448
74 413
62 256
-190 -99
-14 -71
338 201
421 113
-88 -329
-400 -354
404 149
250 -9
-80 412
347 -210
441 29
361 404
-371 -215
-367 -349
-389 380
-193 -258
-401 239
-75 231
58 -492
-54 -363
273 -333
-294 254
-374 307
-454 247
-491 -212
74 9
-68 434
-423 -100
155 116
4 291
-268 137
386 -207
-482 8
432 -468
297 -274
-188 -70
462 174
-253 143
462 -190
-190 -467
20 275
171 -347
-434 122
-114 144
-364 351
449 -262
378 -319
-416 -252
100 -51
319 273
476 -497
-107 75
318 -188
-151 -370
123 -362
-48 -409
-9 148
415 408
75 466
-342 3
56 491
-473 58
274 93
36 -412
422 -123
-210 37
492 220
204 189
-299 -447
-362 -435
114 -282
-52 233
-198 -342
-207 243
124 -446
353 37
459 -188
-453 -460
422 -84
-410 -361
-486 124
-499 210
457 7
175 -364
486 367
126 142
-416 -156
-34 185
-311 112
-395 172
-2 171
-13 -19
-173 34
19 10
334 -257
-101 -155
-338 161
304 -203
8 -317
-38 36
-60 -343
-261 307
440 16
194 -285
271 355
-454 409
147 -428
-46 -319
-13 374
319 -209
85 431
-156 97
218 43
118 -471
-253 29
-280 340
-414 -465
76 -278
-126 105
-465 -65
458 -251
-437 193
189 -12
42 241
-190 384
-148 -300
442 437
399 -319
342 -133
498 -123
27 -287
-347 -430
-104 -195
431 -72
159 -445
-375 52
247 446
385 -330
-382 410
268 340
-225 87
399 177
301 286
-30 -36
303 -465
-440 -457
385 -433
-170 345
167 -406
113 -493
-413 135
78 -465
-298 115
-92 -433
-302 -218
-285 -79
323 -40
-206 -266
231 265
280 -234
345 -280
26 -51
-82 -101
201 -287
-413 -308
105 -490
259 335
-8 -324
394 -299
251 -80
-344 110
304 -141
-435 -353
-386 -131
-171 385
-479 128
186 141
-189 -417
-32 105
178 -304
-161 268
-192 -351
279 -17
-130 113
465 -444
-44 -461
-386 235
-313 -300
-462 -357
-78 -41
165 -411
310 101
-287 -297
500 426
398 214
303 417
406 118
-191 32
471 276
-257 -160
25 -151
-304 -292
-29 299
308 -266
-464 58
83 -318
414 -240
66 -495
248 -138
62 293
-100 -206
385 -83
99 41
-37 -373
418 -441
433 75
-477 -257
-357 96
-395 400
-127 34
106 122
-445 -469
359 490
313 190
71 121
412 11
-332 -442
-410 -181
-234 -357
-153 -182
-196 -92
-166 376
-174 -319
-70 194
-182 -40
189 88
-305 -442
-289 496
222 156
-329 384
103 214
-245 -249
406 -342
137 -209
-227 -183
474 -416
19 423
176 -163
-252 -42
332 -19
456 -321
-469 -106
-425 -67
295 176
368 112
-66 -105
-411 238
-274 -439
380 -216
179 177
327 -353
160 445
-458 -255
93 -307
76 -491
-114 -190
249 3
475 -411
216 253
358 356
-287 265
40 18
-18 -388
-360 -487
-182 -75
-498 -313
-153 -117
114 -291
-147 331
407 374
339 185
71 61
-320 332
-424 480
-384 -348
-171 -398
346 62
-200 305
337 192
382 276
137 279
-300 -33
-481 440
-341 -5
-214 149
-272 195
-158 -392
499 85
108 -96
-231 441
-123 219
333 168
-200 -14
-460 419
409 -159
430 -271
156 -172
-193 480
455 -299
-360 397
97 -312
221 406
463 237
98 -407
116 -246
-366 -171
144 25
-15 -284
366 -9
175 31
197 304
169 353
290 53
-278 -357
-392 -105
-133 430
-418 -158
168 -456
-411 -388
419 461
-465 -164
262 -255
-346 -254
377 -168
-373 -475
329 213
-242 384
-229 356
229 -61
-373 410
143 69
257 -432
406 281
-335 281
-492 -260
33 -168
-422 -479
-264 -364
119 -19
-109 -49
-424 -81
-352 -174
132 244
-226 -313
-465 233
136 -66
363 302
467 211
203 -150
-170 360
290 336
-200 224
247 292
-207 474
384 226
433 -141
-467 -321
-354 33
41 90
-370 369
-205 -28
-109 305
295 -370
378 15
-309 188
-425 -465
162 65
385 137
