10000
349 -79
-458 218
-410 -456
71 210
-17 5
-403 310
363 66
-379 -348
456 445
173 -496
-27 -309
69 32
234 -194
-132 -122
-377 241
78 -436
165 182
292 276
192 -372
-43 436
136 64
-334 -11
-42 -443
-71 27
494 252
-292 193
-24 -108
-162 -7
274 370
-123 157
-87 497
169 -169
-292 -156
404 106
306 -302
-223 -4
-478 -482
-414 306
420 -456
-437 370
46 -50
-43 322
22 89
426 444
-33 429
404 403
-485 440
-263 26
137 -72
202 -353
-457 352
314 308
446 139
-464 -381
271 79
419 -471
65 -408
459 235
265 -45
189 80
-49 209
-408 308
21 -460
-256 153
490 -210
220 493
-351 -451
-241 -63
-59 -388
-99 -93
60 75
-89 -231
-353 -375
-145 195
456 -457
-99 427
-260 -298
-324 471
496 -275
-468 207
88 141
-14 245
134 -349
337 17
-292 431
-4 228
462 -6
154 -170
76 19
41 -292
-362 -62
91 -407
-56 -212
-349 -411
-133 164
172 -300
389 190
-349 55
64 -243
-246 444
-342 326
178 3
131 302
-492 353
-154 -290
-76 -172
249 -346
-202 149
-373 -56
-303 -139
208 277
-404 -207
169 179
303 -29
-193 -250
-384 -242
-323 158
-124 72
87 -165
-301 141
-450 -275
306 185
-221 -318
-300 245
-397 -187
17 -429
456 -214
-403 417
203 -320
103 348
112 159
65 -325
-18 -169
160 134
401 293
127 427
-56 -425
-174 282
148 215
424 -99
-87 -1
-314 -95
-383 -294
110 88
-402 460
207 450
105 470
-236 -493
466 394
204 93
-440 311
284 -59
408 -9
-319 152
-450 311
-24 496
421 -127
-338 460
387 -258
54 458
189 193
-120 356
-440 248
-193 153
-355 292
-14 107
-99 169
305 -198
125 -82
-120 -136
266 460
26 92
-147 258
-287 360
224 165
430 -500
350 -51
90 487
431 460
-402 -84
453 -238
-271 -13
43 356
-19 -293
146 321
63 298
285 -454
358 -159
-360 -226
-312 191
421 -206
-429 143
-211 -131
144 163
-238 101
489 287
63 13
-475 19
-251 53
-463 -212
-205 -255
-166 -60
132 -195
321 -264
382 -19
-476 387
-420 470
-327 -445
442 -178
410 489
29 -223
-243 394
215 -243
-384 -258
-436 -374
300 -159
-97 -372
321 -434
146 -222
170 145
424 294
-225 -310
273 -349
381 395
199 224
302 36
-98 145
-372 396
-384 328
470 388
41 473
-74 18
159 -177
466 22
275 447
-406 -341
-233 399
-395 216
384 -181
53 -333
-374 79
244 68
-424 23
-311 184
-193 204
92 -350
208 101
-28 -272
53 -430
-121 290
431 313
-286 -210
-358 -226
465 325
-475 -118
-168 -149
345 -311
-442 469
4 490
443 128
151 428
79 -460
375 -42
158 285
129 -465
58 459
-463 450
487 -242
377 -37
-384 -440
39 -134
-213 -2
-2 -393
70 341
43 -88
389 -135
-107 -123
474 -184
101 203
59 364
169 314
-26 428
-236 346
118 -100
-120 359
347 -456
345 -305
223 318
276 425
-364 -9
361 298
203 -173
-340 431
-77 -172
11 -378
-238 404
-166 -114
-83 -37
219 -442
-122 443
119 31
69 163
481 219
-72 -45
-35 73
129 459
-324 -124
-21 -374
16 166
-498 377
420 -201
112 457
-228 86
140 -44
195 354
40 -37
-497 -471
-47 123
-400 75
59 -130
-255 12
199 421
-494 -8
-354 -158
61 142
306 327
258 411
155 164
-68 268
169 209
-254 -197
-138 424
333 129
-328 -352
163 381
-67 138
-264 17
-249 445
-238 -171
300 -150
-57 -134
267 -192
421 479
392 -165
-362 9
-183 -122
-432 154
-104 457
135 346
-397 -477
-175 77
-434 -202
-400 278
8 335
18 289
158 232
269 226
-484 280
419 -226
32 378
-347 -245
-428 290
-303 264
-263 440
119 -182
-415 257
163 498
-254 15
494 -446
455 81
47 -469
-125 -106
464 -391
-327 116
-486 351
-327 2
352 138
427 356
-211 341
-359 56
492 -370
5 389
500 381
13 351
-86 -411
361 -133
-442 87
289 209
-18 152
-445 -489
29 -206
73 -396
245 6
-167 72
-188 -179
137 -166
348 41
-25 -474
16 -365
262 115
-16 -419
416 -179
164 212
-47 -84
288 -399
-131 -291
24 -310
366 -25
88 244
-476 109
-240 -75
281 -430
-394 -40
-313 -251
-235 494
-401 -376
-384 -328
366 492
-402 -492
211 -403
436 72
336 -197
-491 13
-298 25
316 380
-433 390
475 463
366 215
485 238
376 35
-162 161
373 -359
415 409
-11 -197
-358 226
-109 -149
-42 142
-147 345
129 124
-292 120
-155 -74
456 441
-477 -26
182 -409
-387 431
-97 -314
-271 482
377 87
-54 -154
-480 474
-288 -112
-150 -19
467 -398
171 32
-187 -393
-317 -367
100 -46
204 351
66 -342
196 139
-19 -279
-474 -294
-245 -143
477 306
334 326
94 -225
-152 10
-14 -441
-346 -221
-294 -35
-273 352
-101 160
-381 144
-164 181
-442 -92
-168 311
-232 110
24 364
177 -78
-24 -393
339 -500
256 466
118 301
374 189
-427 29
339 -206
416 -163
482 -108
-221 470
405 -175
-87 -255
419 365
-408 438
-406 -475
-453 -404
292 -131
489 -311
-489 52
100 -490
-278 -241
408 274
-276 -36
-159 -155
217 -384
17 -331
67 -486
99 408
323 -20
-346 441
-217 316
-287 -344
41 -33
308 476
242 -306
296 379
-264 -82
303 267
-276 190
-122 376
-123 192
185 221
329 206
-482 -229
-318 198
-148 383
-212 19
-280 -8
-385 -493
-237 -128
217 -259
445 271
471 -497
-125 243
224 71
354 -254
-120 192
241 -455
-86 71
269 428
-393 403
380 -97
-191 -90
70 -342
158 332
153 -253
-163 314
362 150
283 -248
318 -65
471 -210
65 -134
-457 463
209 -273
26 306
-382 -172
88 -490
-214 409
281 -314
-100 84
135 -67
464 -432
200 302
148 327
-339 484
-339 -301
311 382
-353 -256
-49 91
143 425
-67 39
390 -116
343 -278
-221 -378
223 205
-76 102
122 348
-236 73
-497 130
454 234
132 15
-164 -41
-464 -205
431 69
-480 296
332 -130
297 229
-351 -316
140 78
264 497
132 -286
128 -93
276 -300
281 -470
332 103
-311 -172
-306 -214
-82 112
-428 -254
258 -145
76 413
-322 26
120 -478
-330 -366
146 -53
330 -340
258 -216
-174 492
364 -60
-408 143
148 -159
224 347
204 -233
278 240
-331 264
367 -152
459 -342
-120 -26
-44 -301
328 210
-134 -312
181 -479
367 444
349 -488
27 262
-198 68
-268 -44
-391 -485
-347 9
-225 187
293 -381
-483 -179
254 485
-415 289
491 68
36 -167
30 426
-69 447
103 86
477 -250
-93 361
308 92
7 -483
-370 475
43 51
304 267
-17 458
-369 123
-84 -168
18 -77
159 166
-40 223
16 -228
-463 -439
-77 -295
-9 39
-478 -270
-434 -427
-338 -345
52 -466
11 -169
479 -453
398 -395
22 -188
-133 -488
-120 384
253 297
-106 -248
161 233
387 -325
249 -402
-148 479
498 158
-425 116
-40 494
278 -393
162 66
-470 304
-100 48
-296 276
350 264
104 -394
275 420
411 -29
252 -136
140 -252
-499 21
-310 190
206 84
-424 227
423 245
-341 -266
-90 121
-412 308
80 280
431 -398
171 -333
52 309
496 -132
-462 233
-139 -258
98 80
-349 -309
109 -356
-477 -238
-404 72
336 -177
181 -495
-500 -355
111 157
-20 -301
412 -91
309 -435
-346 206
-103 381
98 -58
111 -496
401 50
-191 151
429 -312
-463 -459
108 115
-440 117
343 62
-322 -363
-467 206
80 378
79 -291
399 -328
-376 297
281 -203
103 0
441 -327
49 -216
-266 168
316 -88
120 227
-483 68
125 -407
-19 163
-223 -94
-7 283
-140 110
405 -287
-188 399
-305 388
496 36
22 -494
-170 -78
-164 -134
-425 498
-241 249
-159 100
208 -60
398 58
185 -297
-25 -428
-351 -30
6 354
197 219
263 150
366 -48
282 -436
272 33
-117 -248
-221 -95
-48 318
-133 -188
-412 -485
-21 -56
-156 78
368 -89
-66 10
101 100
-481 464
475 363
-281 280
-162 -145
-24 -362
209 411
-229 -209
206 -264
-91 277
-329 -181
-148 -27
-431 -98
-348 -92
-252 -170
76 193
-165 199
-329 261
460 -228
278 397
-476 5
-123 -345
-201 157
-166 -404
437 471
42 -258
133 309
-377 -48
-450 426
-469 -128
116 -139
-247 256
-486 346
-481 -229
52 -316
407 -486
147 -180
24 43
388 95
-466 -188
440 311
-378 -480
468 255
-468 71
-311 438
380 262
37 -58
-222 4
-18 148
-481 350
313 -286
258 339
451 167
293 -227
289 -363
-174 383
109 -476
377 -3
-124 424
-408 35
-409 442
363 -288
114 -157
35 83
90 106
-113 -39
-41 235
-239 265
-215 312
362 -304
105 67
-42 262
-42 -383
-212 -384
-259 -143
343 219
96 -361
-451 141
133 -23
498 179
24 -152
370 262
435 278
-90 -301
48 -181
128 -375
10 -200
156 -106
420 -416
-287 140
32 370
-123 -435
426 343
-234 -128
-407 -373
179 -342
267 -98
267 448
-151 30
109 306
287 177
350 374
-146 416
12 473
29 -273
-425 11
-318 -86
125 -180
-187 -467
-498 176
-215 -132
-408 430
373 -262
175 36
-22 147
-141 -274
-59 170
14 -338
0 416
120 -289
447 9
222 -19
186 -491
362 426
490 -187
350 468
-392 -427
158 -114
-28 -38
-211 -481
386 400
-474 257
-368 175
458 1
131 -301
166 43
-263 -40
487 -312
27 -331
128 -431
-491 -120
-440 -316
-201 -267
-96 -23
-325 266
430 -25
21 438
-369 117
81 -216
-398 -407
396 347
-236 89
481 -240
404 423
301 -422
-311 121
249 -199
-444 -268
-363 262
438 -139
486 331
494 301
15 -285
359 464
106 -282
62 305
24 -189
21 390
416 -262
167 218
206 -78
-482 -239
-335 -377
-323 339
-86 -206
-350 20
-264 212
-64 -12
-75 -444
176 368
-124 40
-287 110
-178 500
-190 35
-271 362
-51 -10
-283 -98
59 -291
168 137
30 -392
-431 99
411 128
68 -433
420 -114
210 336
-351 -478
-283 -258
-489 -219
-39 163
-302 -154
-498 -365
381 496
229 -262
347 71
-262 203
63 213
381 247
354 -50
-479 -43
-323 -144
-428 422
-105 -29
410 181
-115 415
-147 188
-445 -294
-239 352
446 -4
357 455
35 -109
-293 -246
299 156
466 346
438 247
134 -246
495 270
-230 -389
-269 451
84 -343
101 -127
397 -266
-346 -401
323 233
-287 -447
-178 373
422 243
-141 -487
-295 -100
-480 80
158 -294
-26 -270
116 -445
360 -374
-471 -71
-431 277
-495 67
-385 162
-117 54
7 -234
79 -421
206 -245
-443 164
-370 28
265 -349
457 291
472 -100
-41 350
227 -456
-121 287
55 -92
-137 396
-316 155
-292 409
-353 -387
325 340
473 -53
239 13
-247 -334
-12 380
361 218
-303 -12
471 65
164 -106
-367 -310
204 185
276 445
-29 -377
497 -362
-17 344
-137 -245
-394 -110
92 39
216 125
-123 -336
38 194
-137 -401
334 61
-432 75
-324 7
2 -286
439 457
-263 398
343 -69
263 153
172 477
-336 -469
337 -293
223 -52
-93 369
142 116
-391 -393
83 -315
460 -183
-82 203
-367 -404
-431 -223
125 -267
168 -256
-2 87
251 -360
-268 137
-60 450
-445 -189
74 215
467 -403
-51 -435
-258 -376
-120 -400
174 330
-375 -372
-191 -281
253 313
-124 -243
-418 -403
-87 437
-196 -372
342 423
-80 -116
-343 -449
420 -500
101 -248
-166 403
330 -110
391 -120
-280 -42
229 -237
-70 345
-226 472
-213 326
107 -237
0 261
-456 -441
378 -430
-305 -33
411 -352
-96 316
-166 -98
96 120
456 -322
447 119
-342 -116
221 278
-318 -332
-164 -259
324 -401
118 113
-304 235
201 205
166 -163
324 -126
-241 -138
-18 36
434 -32
-331 -232
-170 161
-260 348
-6 -451
276 45
-334 303
-68 42
496 -295
-313 -263
23 -260
106 -289
-142 -324
-452 93
31 24
4 -274
389 -16
-383 203
44 -93
-232 -269
66 293
-384 -45
13 -59
295 305
-156 -493
462 8
480 -429
210 154
22 -154
-178 -150
39 -406
-48 -364
77 206
-397 -317
180 -76
84 -459
265 434
-371 355
180 313
-369 80
-170 -225
-378 15
86 340
314 465
432 254
350 273
-5 152
325 -150
420 -418
-225 485
125 -59
283 -84
109 66
227 211
165 353
-493 -390
-183 289
-382 -21
28 215
352 -66
-259 -193
-202 -451
359 -252
-286 209
-436 -447
199 -418
337 -268
39 -360
-183 451
443 23
57 322
-17 80
-252 -121
-332 -497
14 43
455 -349
125 185
-384 -264
-361 -391
333 447
169 251
-350 -144
167 -10
-74 99
89 286
-318 -147
300 -128
-12 205
201 -41
-382 -201
-342 -379
-445 51
-333 -6
-127 -113
432 -388
214 -103
-430 -291
124 -228
-111 221
274 -457
470 -56
204 -91
-70 441
301 450
391 -144
-463 215
-467 9
-370 -415
-237 -19
-288 365
-147 -30
-435 -67
-103 76
-279 182
-304 -302
321 470
-467 229
-390 224
175 240
-359 53
-460 90
375 -404
-172 499
-199 55
-291 -328
365 -203
78 -185
419 -141
134 420
479 -360
358 -374
84 -1
37 -205
-454 -312
467 -135
-172 484
144 180
-80 -326
39 329
-52 -48
417 -237
-227 337
-90 -209
-317 -110
-280 386
-173 -101
110 177
418 -348
109 -271
-136 -283
-203 467
183 -460
480 -19
41 467
-175 -27
-203 -307
-347 -101
-139 -179
234 30
-374 -13
352 -266
144 319
-488 412
-389 -491
-192 -362
-411 -41
79 -98
308 126
191 -105
178 -421
-119 386
-215 -154
-279 182
-7 344
-494 -318
1 -217
60 -468
346 436
-478 285
-4 207
-319 -363
258 67
-445 -185
-91 28
-412 29
-362 -390
373 349
-323 341
235 106
105 387
-304 334
489 305
-194 330
418 -157
-174 270
-50 -465
240 472
-217 -172
-479 380
61 -269
-263 322
-348 432
-58 -482
3 437
-62 252
1 -92
-128 161
-487 420
-428 299
303 467
168 170
-239 256
5 -466
426 125
171 112
204 -214
-26 337
-447 209
-72 82
-56 -310
246 -251
-160 -231
-26 404
133 -319
-305 -152
148 -178
-93 -450
-269 -200
24 225
-6 -265
-76 324
36 455
168 363
297 -380
-47 317
437 -25
40 -416
401 -174
469 -27
-268 -282
192 -9
-357 -316
175 -101
-26 160
82 217
-484 382
-255 437
-166 -469
-29 156
147 -478
-17 -497
-109 432
93 413
226 140
362 -391
489 38
-41 57
-496 -26
64 48
289 104
204 36
-43 199
-65 106
132 -65
-228 -422
-85 144
-385 -324
-449 89
-344 12
132 -493
-201 43
-308 377
326 232
-436 341
398 82
310 407
-56 16
-129 -22
499 -463
148 -325
-239 424
357 -195
437 392
304 143
-71 257
395 275
18 -488
44 -150
31 -463
-478 430
85 -249
420 0
-388 33
-75 -21
430 -2
356 492
-27 223
-73 116
206 363
-70 -263
150 161
-116 -195
3 107
447 -188
416 89
-408 -207
-476 -252
358 -183
-337 -210
-154 211
143 -432
392 87
246 -376
-152 179
-262 350
-212 -332
237 87
-49 266
57 -308
405 -210
-22 466
-430 -366
334 45
220 -474
418 65
384 91
218 186
163 -343
-427 -435
116 335
152 -33
-328 270
306 -149
107 417
-337 75
-364 -264
-237 130
453 -127
231 412
373 -192
-368 -409
-481 -418
296 7
102 -481
193 -58
-2 -281
328 -361
-351 159
131 -249
-491 430
66 -327
-442 303
-48 262
-20 296
-382 0
-157 421
-213 147
205 321
-483 -434
328 3
-69 17
204 -209
428 416
-266 -267
-17 122
368 -336
138 410
36 -74
275 -475
-154 -159
424 -347
233 -436
326 395
316 47
495 313
302 -178
-454 147
246 -383
305 325
195 445
-175 72
-253 378
310 -4
-342 125
-466 333
226 192
19 444
473 295
194 -391
340 -311
-292 -443
394 31
-186 151
67 -371
-127 -256
-407 -475
-217 3
488 -299
-91 136
-137 -277
349 -102
324 85
-395 451
-145 -233
371 21
290 -456
-449 -301
205 -311
-229 -457
-49 232
317 231
-467 -27
127 -150
-48 77
349 38
436 105
-16 261
77 -192
237 -16
300 -73
67 254
-199 318
173 245
13 -439
-198 -267
492 104
249 -435
271 -382
180 -430
246 -344
-435 433
-412 -363
329 -417
-197 -74
378 -187
80 -470
293 -157
-68 -181
-211 36
-417 -60
-70 -177
-76 293
171 -439
-124 -251
-482 44
144 -52
443 30
-61 293
-284 402
-121 423
-165 -170
405 -387
111 -235
-147 -302
393 80
258 429
-151 -377
-268 -224
-412 131
183 287
212 254
74 18
32 328
-442 -497
-482 -286
-334 -50
8 93
-445 -246
-422 27
162 -238
474 -49
-26 -214
-388 191
132 -43
-404 -385
-361 -9
-168 144
494 334
283 214
-22 -74
-72 291
427 -493
-127 -334
450 -114
-433 -372
-368 213
285 454
276 453
-215 464
-111 95
-492 299
100 -433
166 376
474 -179
-331 -228
309 -94
-406 494
-42 460
-113 -93
-44 -52
305 -454
432 464
436 155
-278 -49
437 421
-416 195
241 -63
-428 149
129 -249
-304 -447
4 -321
-39 90
-386 299
378 52
294 -467
-320 -192
450 -102
381 57
211 160
261 -120
42 -72
484 106
495 464
428 -356
9 315
-417 -14
-289 -231
221 -23
-217 -270
-231 -467
121 -438
-105 -228
-334 -225
-227 215
-451 -169
60 -469
-231 -408
370 78
-495 386
351 153
393 -424
-285 -110
173 -339
484 485
-110 -164
281 59
-34 41
-428 445
-463 -159
-166 -190
-460 -440
96 -178
444 -141
-234 -361
267 -114
-98 48
-491 -26
-8 74
472 425
-174 -137
-371 321
1 -223
-429 -236
-158 177
422 -272
-298 74
-432 -350
-319 288
29 186
-405 223
3 -206
31 62
437 49
-340 -472
-143 -416
-182 210
20 -467
-10 -434
-189 313
-325 50
-202 -360
399 254
227 -125
-478 88
172 13
-241 -83
-172 272
-33 -194
232 -323
-129 265
-127 -377
18 416
433 -364
-479 -104
-169 -176
49 -127
-165 -441
-25 -471
-320 293
124 113
-224 87
45 -243
34 -199
-289 438
64 219
338 125
474 -181
-86 -298
357 -78
-88 158
121 -120
-423 -83
-261 -312
320 150
-418 -457
102 -234
21 442
95 423
238 -467
410 -7
116 -195
317 -194
81 -411
276 312
-257 -413
69 340
158 52
93 -209
122 -80
-273 -356
449 253
378 -6
-182 -176
-246 -379
-187 460
466 141
142 -277
240 -485
337 399
312 -235
-54 -13
-230 -308
190 -469
349 -33
337 30
-154 -49
87 486
295 -310
412 -28
274 -60
390 333
-294 265
57 75
-479 426
-369 339
-484 130
382 118
197 202
-179 188
-358 -20
245 -1
54 -191
16 -105
23 201
-328 211
290 321
-392 -312
-310 106
338 176
-285 362
272 450
471 -333
-231 159
-230 -413
442 52
9 343
388 457
280 -233
313 244
83 430
-399 -24
330 -265
-237 -309
-453 -443
67 330
-414 -290
-306 -115
58 -487
-343 -79
-254 -245
108 -78
233 -423
-475 402
342 -290
256 73
-79 -274
-249 -114
63 444
260 -205
404 -405
405 -194
-398 -475
304 -295
479 -343
-289 171
-17 354
150 -33
289 -497
-78 215
453 -403
-500 375
217 67
-194 48
151 435
-213 -206
2 -23
-159 241
380 6
-26 -379
-178 -222
74 -152
-366 83
-247 368
-224 358
440 -382
121 491
180 -152
27 -178
-208 -390
-78 272
-254 -427
263 -68
22 135
-403 17
-488 386
-105 149
-239 -273
-444 221
1 407
10 452
-285 -276
-493 280
-457 142
131 198
-391 434
-214 -188
-286 -272
412 429
-303 361
-301 -161
-319 417
323 -448
-69 -377
-294 340
318 297
-26 -110
31 -253
356 261
255 210
306 490
367 -11
312 104
-484 -3
-15 193
418 -104
42 -85
-433 -76
277 -445
86 81
-446 110
24 474
149 -216
-392 332
-279 7
-14 132
-136 -280
302 308
-89 401
260 -498
-344 200
9 243
-484 -499
-472 -439
-261 322
25 94
317 296
467 221
111 -421
-313 -433
493 64
394 -370
332 279
436 -52
109 375
-196 -464
-104 -262
361 -45
373 30
293 323
-100 443
-14 -391
152 259
-366 312
441 -3
6 183
97 -118
-323 -135
90 -135
-323 370
188 -499
436 -499
67 222
-463 331
412 -345
333 406
138 147
425 193
320 -331
276 -158
346 403
429 -414
-481 65
-374 -45
96 176
427 -314
498 -46
403 -117
-45 -350
376 -213
455 -250
19 -68
-14 -241
289 -255
443 -470
-459 -30
375 -248
441 -282
-229 409
-274 421
182 405
-489 -359
33 416
-266 -314
375 -434
-474 -187
-93 -414
325 -439
-110 447
-222 -342
-414 -221
-311 28
-193 -395
-487 -77
422 -103
-107 -359
192 0
327 -164
-123 98
441 -12
475 411
201 312
-108 160
-414 -251
8 317
34 367
445 72
36 75
-465 -313
173 -274
196 -349
362 -300
-41 -370
345 488
-24 294
248 50
417 -141
188 499
191 487
227 -252
21 26
-354 -249
478 -447
-118 476
-118 -4
444 -11
-457 41
-205 -22
-182 -25
68 -308
-177 -432
-316 12
-439 -109
335 -246
58 132
1 352
-133 492
284 -157
58 258
44 32
-345 294
426 237
-176 342
-340 -463
-249 -367
148 -470
-357 -79
-76 -183
-321 -317
40 -144
317 242
11 -386
-154 66
-246 416
271 -491
83 -123
-177 181
149 490
40 136
497 68
-240 -233
332 478
30 392
-479 17
-368 373
-50 490
-191 -131
-29 -328
-273 -358
-49 -471
-260 -304
204 24
-380 -7
205 -257
-197 24
-412 500
27 -283
404 -311
-127 71
239 212
-143 -29
-135 170
128 -253
284 195
468 442
412 -343
464 -83
417 -203
91 -366
-387 243
236 -450
273 -211
487 -449
-480 -68
397 -448
-149 -186
-283 -331
150 112
415 244
-172 -166
228 170
164 -219
398 482
416 305
-314 -31
-288 -85
-127 269
229 151
85 77
215 -492
217 313
176 -65
223 -74
150 -384
-431 -178
162 -357
471 12
282 -350
467 337
-19 -11
-181 196
-380 271
193 455
3 -38
-325 -31
178 307
67 -54
17 -441
-39 437
229 170
-294 -462
297 85
-128 -224
100 401
-85 -238
267 -450
210 305
-112 -145
-311 109
47 104
-95 -445
144 -474
-402 -335
-219 -406
452 -157
57 246
-401 180
152 -469
-407 282
232 489
-117 -271
-367 -244
-378 -452
358 -301
315 184
289 344
100 -143
403 265
341 -168
-108 267
115 194
-177 239
451 465
-244 -285
296 -209
-82 319
228 127
430 291
-166 304
-324 3
-98 -335
-500 -428
-361 104
79 -53
260 275
-173 228
141 -165
107 75
-30 332
-239 -162
338 -226
57 -361
145 -225
230 -386
-448 467
84 126
-429 -379
-214 383
-320 -68
4 -193
67 38
257 -293
-15 -108
-407 -164
278 395
187 413
-7 -496
-197 -497
317 97
-69 217
250 128
68 -234
231 -500
-355 130
233 215
-397 414
288 -148
-494 289
388 -446
297 -278
-211 -269
11 179
346 179
420 -152
-24 -479
-216 -468
-63 -443
-51 9
-339 -387
447 423
-292 459
137 104
443 294
319 -228
-94 -232
167 -260
109 205
74 -265
48 -473
-296 -367
186 -349
-29 -410
-389 404
151 -417
2 -473
-158 -415
345 -327
-43 29
-245 -100
-287 357
-358 -124
31 -144
2 -23
173 -141
-320 -87
-369 -163
182 -400
380 -366
-275 179
283 3
139 84
-45 41
-113 -325
484 -430
23 359
-128 89
-439 271
-297 313
251 396
-359 -65
-286 32
-354 329
217 -240
-194 168
-497 222
405 495
419 500
-467 -146
-261 230
-173 -442
-96 -20
-456 -448
-306 189
375 152
93 470
453 214
140 -488
-30 -277
201 90
446 -475
412 331
65 -189
-348 399
268 -373
398 365
44 -117
-321 -148
-204 353
-175 -222
-468 252
379 -302
69 329
369 216
-177 76
343 -77
-242 -290
177 185
446 19
339 -298
-176 232
483 -192
-24 225
-143 -192
-475 361
-92 172
413 -499
496 -212
-194 141
-371 -418
-209 -259
-480 150
-427 113
108 -198
-224 192
-108 -353
366 383
-128 -327
-340 -142
103 232
-223 -52
-449 -59
302 -459
456 -311
176 462
-392 494
-482 79
217 365
-413 460
-61 -485
-383 82
-136 89
7 93
-253 237
-294 178
385 -365
-452 465
-286 -113
170 229
244 -376
195 386
-472 -53
-124 73
436 -45
-404 363
278 432
68 -127
-203 320
-373 4
99 22
-190 -450
-194 252
-259 409
82 -376
365 91
-363 -256
-295 199
140 -301
39 -132
-420 -473
-53 311
322 133
-51 273
-178 -147
-389 119
142 -324
161 -301
-8 -269
471 -99
271 376
403 500
490 176
-411 -400
-182 498
-236 6
-422 102
242 397
-200 271
-377 486
-114 296
82 -108
-176 -286
471 -138
-147 -52
-280 -337
109 481
372 251
-482 -229
-399 256
-137 228
445 403
306 3
476 33
-118 -95
236 435
-201 -162
-417 -291
-153 -483
471 373
342 -54
468 249
-455 -434
-26 -89
394 310
434 -326
-137 364
76 -298
240 438
-5 -165
315 -42
-399 -372
-119 141
20 -225
-456 217
-406 176
-30 -190
382 280
263 -134
101 -47
422 195
-249 113
-93 -199
-458 -295
492 -495
-261 25
424 -156
27 -417
308 398
280 -228
-339 -198
299 -336
-445 -342
-67 174
-227 486
-490 48
277 297
355 450
-114 -322
467 174
-274 -270
-81 -431
-278 345
-426 357
393 223
-407 457
-282 -190
-322 490
476 -92
-335 192
-266 -440
245 -453
367 444
188 -281
-33 473
-267 -118
186 43
80 297
275 -267
159 346
31 -358
195 -243
-89 387
276 -151
216 -463
314 219
-256 -140
307 79
22 -344
43 252
-312 261
464 -483
-237 -350
-251 -211
-40 435
-205 -225
-100 -2
-290 -433
363 422
-91 -107
-25 -106
-275 89
-179 -260
112 -73
30 -158
366 -364
124 -191
232 -192
474 374
33 24
-467 387
149 -325
228 -177
230 265
262 -264
-57 166
427 344
190 219
-280 -44
-48 -356
275 -229
-298 -436
-459 -98
450 -358
370 -413
251 453
-198 -357
-267 -307
114 173
-250 -268
453 234
-381 395
-376 -317
-247 -25
-365 117
159 -316
-46 -48
-483 177
236 -170
123 -485
276 -50
195 211
289 393
261 -469
10 -182
-88 119
-447 -116
-410 403
28 181
-402 261
-419 -16
-134 -297
-409 89
-66 139
206 -359
75 -396
-206 423
-108 -266
255 398
26 153
201 -429
474 303
228 220
54 307
-477 -328
226 377
-366 -429
249 -481
-493 -147
-27 -155
127 35
279 334
465 -191
-117 171
289 -343
-300 336
-237 297
143 132
-302 446
361 -8
398 9
-335 458
-163 -377
-102 213
-469 476
101 367
-147 -267
65 -404
-30 -61
199 109
-429 -321
-426 234
241 44
1 -35
323 -136
86 476
363 -496
335 307
-211 98
97 -332
399 -149
21 73
-192 -36
-183 35
143 188
-103 231
327 456
-452 4
-404 -228
-351 -80
-166 214
-270 -136
-8 81
-369 -163
370 140
453 296
-498 -161
-126 -387
-15 34
342 -324
340 174
284 188
-420 159
-95 -284
-109 -378
-271 -337
-51 -384
252 -500
-99 293
268 -240
-297 486
123 278
-480 -396
213 -413
-82 -394
-36 -366
-180 237
175 -80
-50 -415
-156 -425
-493 157
334 268
336 419
359 -283
-117 11
314 486
-143 -104
265 374
224 263
35 500
134 -343
42 452
115 -340
195 -145
-199 -484
126 -36
-109 165
140 -156
49 272
315 309
-13 256
241 -491
208 497
-444 -305
-286 -422
119 -165
-415 350
-219 -337
230 208
-420 233
-39 -264
-106 190
-223 394
151 -168
-330 -448
113 -31
-131 -184
116 56
-91 -91
4 337
-28 -197
328 -254
75 295
-49 35
473 -456
-206 231
132 -157
460 -440
264 197
-295 -128
317 -123
-371 463
-51 -400
-101 219
-188 71
-424 -487
-205 -495
-74 112
-412 -177
331 -193
-318 -109
58 148
-276 244
-395 493
51 65
385 -426
369 -41
75 -178
288 -97
358 -75
-46 222
470 -192
207 192
-315 -124
76 -275
-35 -71
-95 55
423 -352
176 83
33 -391
-94 -280
-183 -289
-399 -462
342 -316
-386 165
-447 82
-60 455
350 -193
-179 -58
-112 -232
70 337
212 61
-148 167
454 -463
-105 -436
40 -184
140 -435
-372 -485
479 -397
485 460
363 -97
-180 312
398 100
-398 75
401 -358
-129 272
-54 -122
207 73
-205 -437
174 -380
275 -174
454 -153
-417 455
-487 136
362 -279
0 103
-258 406
420 452
337 368
104 168
-485 -427
-445 240
307 -108
-109 -61
163 490
367 493
384 -457
-17 -296
-468 283
-264 232
-407 270
351 280
32 292
336 -473
-153 -238
-42 428
-458 112
154 -410
411 -349
142 359
131 244
254 -253
-175 -158
132 -60
-360 37
240 251
-354 376
316 -44
-433 128
-364 451
444 229
497 16
-14 7
-432 -248
264 56
257 -376
211 -184
421 281
-169 25
-36 138
225 -83
383 80
-499 219
-66 -434
6 -4
10 -84
246 192
-207 118
-276 258
-108 109
-206 26
-398 -16
-279 -373
-360 344
344 -138
89 21
-382 354
-13 -284
149 283
-98 267
-174 -302
-249 4
158 -224
470 278
82 231
19 -219
375 188
446 -448
428 394
456 20
358 -448
-79 39
410 -122
-414 425
16 -168
306 -177
-162 -297
227 375
-445 81
486 14
72 -472
435 -274
217 -119
-143 286
-327 50
245 275
370 -216
-288 356
264 -285
-230 -359
-279 -237
-473 83
232 275
178 146
25 -192
80 -171
-28 96
-290 355
323 -178
-81 19
41 -159
303 -411
-311 -288
32 439
412 434
262 389
-405 223
18 149
-345 -327
365 117
431 33
-397 123
73 52
14 -77
-447 -284
-454 -460
491 481
307 -377
169 9
446 -300
409 25
136 -390
-431 -274
395 329
-491 88
442 -457
-466 -459
-141 -149
-183 20
292 -481
-77 260
60 370
290 425
109 -26
73 173
-473 -345
-235 -118
-181 -218
282 -413
370 74
192 -349
61 -70
38 -420
254 358
380 -476
-214 22
413 -172
-392 -374
-32 77
249 -421
446 -112
-9 -391
-491 -482
401 -100
447 149
-368 -476
315 241
-426 264
36 6
-335 -268
-282 -316
208 -308
-7 404
-398 109
240 -392
-133 -110
18 -407
-50 191
33 245
-120 -406
77 -153
104 190
-339 -443
-489 -148
439 -228
258 -364
411 -232
-112 119
489 -223
230 289
-360 -216
-198 35
377 -377
-181 484
51 284
-93 266
-278 188
376 281
51 -140
-143 -73
-428 134
-81 22
453 113
-407 29
-171 118
-72 -165
331 -367
-228 267
-384 -229
59 58
93 -437
-280 418
72 -203
-277 -473
285 254
6 -215
282 257
408 -337
-250 -412
-43 22
63 459
98 -111
351 -203
4 362
-355 217
22 -230
433 286
-483 -266
-432 -201
-274 356
-472 -34
80 -60
-286 -48
-408 -346
69 10
-382 217
-12 230
256 -488
-221 -302
-415 -103
-417 175
-436 -69
-163 -143
332 -221
172 116
-7 -152
-379 -224
-471 -32
262 -454
361 -496
-331 -99
-403 -62
-94 352
164 494
-353 -242
-500 17
295 -31
-426 72
-432 -174
-2 -24
60 439
-228 200
153 -346
114 188
332 227
201 1
11 369
135 114
-376 309
-138 52
-333 -419
437 438
-140 -439
77 36
55 -270
169 22
-477 -2
-168 280
-154 -419
-62 74
168 -160
-236 316
71 -342
164 174
-386 110
24 -348
-156 -379
253 -411
-432 8
-387 -406
-264 -35
-62 -30
97 238
-256 263
-334 269
247 270
-376 332
-117 250
-465 -81
-428 -492
327 -441
495 -84
86 445
-483 353
500 467
-43 -220
-30 -52
-363 -237
-96 144
105 -416
268 225
339 25
-462 232
394 440
-439 264
212 -164
367 -317
-397 -240
-32 214
47 -482
-143 250
-366 474
-204 325
425 -332
362 273
413 -375
266 454
410 -94
-397 -124
41 239
221 433
207 164
-271 334
-359 369
91 -463
-483 127
5 142
170 -352
202 479
-65 -161
219 -187
-230 -108
-484 338
476 174
-235 148
-161 251
198 85
127 112
419 -293
327 297
97 -244
35 262
-484 47
-10 -39
169 -25
38 -120
-41 -137
-453 47
291 -98
282 459
-262 375
-110 325
258 -457
28 -209
475 383
-472 285
-61 63
-303 -143
-3 155
81 -478
-144 394
33 -302
-300 -403
129 -95
200 194
151 260
374 -444
358 -158
10 39
-486 -52
358 -349
-196 -233
-418 323
98 458
436 -455
10 406
430 361
226 -348
-278 -30
143 481
316 -469
-350 -455
259 -247
-215 268
368 -172
-309 -30
-204 103
-336 222
99 -295
155 51
-143 121
-41 -326
-492 -429
499 96
393 161
487 -156
-485 -359
349 431
490 496
208 -7
-464 345
-346 35
-493 -23
-54 454
344 -150
93 -183
-147 -160
371 -87
-463 -393
438 -496
156 -259
-127 -218
359 351
88 408
-287 -495
19 414
331 -255
-28 -150
-473 -284
463 50
71 334
-40 467
189 297
324 260
154 329
419 -486
-351 48
359 442
123 -73
418 -448
431 -162
-55 236
-190 -274
-430 321
-428 -220
472 47
-82 401
495 428
-413 162
306 -324
386 207
-81 359
-402 142
-6 78
69 286
410 442
127 -495
-275 402
209 172
-9 -340
379 -491
228 -75
256 399
-291 -199
15 -153
49 -80
-9 -147
199 -123
-2 468
329 -2
249 -143
154 -364
-9 436
421 -127
293 160
-465 -171
-352 -150
-211 173
-387 -273
-305 -389
-103 -13
411 444
298 -124
40 -24
430 50
-370 364
-298 2
261 243
-452 104
212 -455
-58 -389
57 -93
-244 -67
336 -398
-363 264
-48 -317
140 464
189 348
-219 -203
-4 179
-108 -60
-20 -233
350 -310
-219 -318
-38 -276
-114 -287
-89 39
-473 -250
146 241
1 64
2 -344
-121 348
-292 254
-150 -112
-391 127
-326 33
-491 -438
344 -80
274 -242
116 -25
-92 -100
319 -28
141 -463
-347 -136
-334 72
62 -498
-461 238
275 471
364 -121
-82 12
337 -397
-315 -180
-309 264
-117 428
201 -448
71 -237
-191 424
410 -237
-52 304
50 0
236 68
259 458
-1 312
305 -207
438 -422
-354 379
69 -277
-216 194
-99 253
474 -429
4 363
-255 7
54 -227
215 177
256 -148
264 148
-381 386
-1 31
499 48
300 0
-215 378
73 -114
47 -397
408 132
-346 120
166 -491
305 37
-87 328
256 -122
235 -74
451 -175
454 -283
-179 -41
-136 -366
-457 29
-381 176
98 6
-144 452
45 474
9 311
366 188
89 -224
-480 -419
-271 142
-163 -63
-330 -333
240 -46
-344 -203
495 45
344 1
-82 196
-28 468
272 477
465 -227
410 -316
201 -346
-471 -461
-200 156
2 451
-371 84
458 -361
-126 89
325 -276
255 -45
314 465
459 -263
227 -132
144 -336
213 -159
229 344
448 302
-124 109
28 258
-259 -29
-131 401
456 -257
-149 -39
99 -46
-346 2
230 122
485 -334
253 -168
309 -312
-166 178
170 -358
229 335
11 -83
-414 319
445 250
-228 -260
-212 -165
85 -324
310 423
-349 -416
485 93
-89 -66
-55 235
-458 -66
87 -140
-493 84
467 -472
-472 -176
189 -87
480 -402
-241 -55
240 -195
194 139
478 27
-301 252
210 -500
-45 -43
137 277
440 -231
-249 -387
-458 474
346 90
-260 124
-209 258
-247 -289
407 281
377 191
43 -148
318 -322
-250 490
-37 306
-369 -492
-334 123
133 -19
-369 -480
64 202
-13 255
-269 -444
422 188
-348 172
-47 -214
421 -156
117 332
-194 -83
58 -374
414 52
350 -7
-417 287
-25 283
-65 492
-427 414
348 -286
-471 475
-463 -269
-206 -405
284 100
263 132
-129 471
-197 -13
208 -206
40 409
-181 340
305 133
-212 404
456 101
-267 -422
262 -349
115 444
215 -265
-221 -163
150 -319
-315 -470
-82 -349
-436 242
346 30
365 83
237 -211
-446 470
168 -273
371 440
-359 208
-321 -71
-406 273
-493 -204
-53 86
-339 137
-150 100
224 -478
-96 7
203 344
372 -469
-64 -134
324 -417
-324 130
-471 -68
-202 22
-428 21
219 335
-59 437
384 -35
430 -334
-455 382
345 279
-142 -288
-339 227
460 212
169 -135
-253 -72
-225 61
-28 149
-150 349
165 89
-405 -350
196 261
338 202
335 477
-1 -392
419 238
-193 -274
-90 345
223 -90
209 116
-164 223
447 484
-201 -285
169 -319
308 -117
397 -370
269 467
-65 -366
-261 9
-169 -459
-390 237
251 224
306 322
-88 220
-24 -375
442 367
-332 -233
-338 378
261 443
-59 94
-141 -230
-421 -448
189 473
367 305
-428 400
-376 36
463 111
-409 85
-54 -279
-369 289
-149 143
289 -33
51 -429
-309 334
476 -24
279 -34
201 196
-103 -102
340 111
478 -344
-8 -186
-480 181
88 -375
-476 -424
396 202
-33 484
155 -352
-284 34
-54 22
-55 -65
261 -463
-463 -500
-169 304
-341 320
316 -350
352 243
201 -216
459 387
371 -168
261 -144
261 403
407 356
-205 -62
-15 -318
241 -137
341 10
345 -449
6 64
495 -477
42 356
384 -19
-321 70
82 448
-105 418
-275 70
309 -90
-55 -84
265 -500
214 425
-348 70
188 -100
-226 325
-373 58
211 -248
372 -55
80 54
-391 215
-319 418
-166 319
-437 -452
201 -233
167 -393
235 315
400 195
347 331
234 -131
-462 -445
280 390
491 -307
-275 -424
465 -33
-268 -18
-217 390
298 -35
231 -257
-47 169
-487 196
347 -299
-21 -14
-379 406
-183 337
481 -307
376 169
171 405
-336 -254
-256 278
-274 314
-409 -95
312 72
478 -357
-408 32
-29 -360
141 -304
-379 -230
187 -311
22 -212
273 -389
-42 -384
471 21
-499 -440
418 -252
241 260
-176 -31
466 -37
-436 -499
-356 -52
207 298
454 -24
-355 -35
414 23
334 -369
267 386
170 397
248 -237
-393 -262
204 -80
105 -386
214 -372
194 61
-336 -457
323 223
206 -25
-220 382
18 -86
-470 -102
-274 -485
-302 261
-46 -346
141 209
499 -494
366 491
-41 435
222 -17
448 181
66 -134
326 -268
-36 428
396 259
467 -212
-70 -127
94 197
-163 39
297 312
293 235
-475 423
280 230
-490 295
193 121
-86 183
-418 -387
499 -24
254 -298
393 409
356 -106
-257 -104
-384 263
-63 416
428 83
351 313
-255 -190
68 375
62 280
466 -159
-32 -227
-233 -330
-32 308
47 160
141 355
-317 313
93 -240
433 41
-243 -235
-85 354
-435 -474
-91 439
-101 -407
404 143
435 -426
66 -471
472 -333
183 221
-373 -136
98 272
58 409
-382 122
161 -499
23 455
-304 184
88 -64
-330 163
164 -122
196 52
-194 350
226 150
-468 -39
246 198
-376 188
-321 78
451 205
194 450
18 421
162 -276
411 -335
425 63
-121 -35
123 -256
370 -166
-274 -415
462 367
99 -131
333 305
-489 -407
397 456
-137 295
-27 -413
-108 -185
-350 -253
0 -62
-216 -362
193 308
-403 330
-407 33
308 -152
-367 410
-485 312
91 225
280 -73
-126 100
-319 168
-50 -174
497 112
239 -40
-260 286
-263 438
-245 351
-174 457
-198 55
-17 152
-500 -75
-133 -79
29 -167
-291 -355
-222 402
202 440
-406 -37
62 -254
-255 38
48 -176
-187 -305
464 -472
57 -106
-313 55
-293 -79
-326 -401
-203 -27
356 299
375 142
159 349
346 -219
-30 66
-415 -30
212 -3
-377 80
328 -364
177 -235
427 484
-34 464
-280 468
261 153
233 -317
253 279
-49 453
160 330
113 62
-433 202
-132 -17
493 256
99 -301
-138 -377
329 -426
132 -99
-136 -20
-414 -475
-13 -306
-104 134
-391 -481
-300 -200
466 -359
285 -5
7 452
328 -117
458 -355
393 -239
-285 -58
494 -135
-79 256
-230 245
-394 -14
-247 143
-441 -142
97 366
-395 458
-274 -218
412 -276
-251 -333
-254 -127
312 -491
-74 429
-14 -425
-55 404
-257 305
-64 477
-223 -200
-37 107
313 130
-64 -159
371 375
54 -160
232 8
-112 271
388 390
-342 -253
187 -273
77 -448
31 217
-348 71
-4 -303
-279 367
-85 -231
-351 -447
-493 -182
246 -111
-343 147
40 -50
-218 -455
482 -332
-185 54
269 -429
-375 406
-169 253
-231 97
131 439
-22 304
81 308
32 14
326 -200
-301 132
-236 232
83 -307
54 -457
463 -322
-184 214
-71 316
13 -60
449 -286
-290 393
103 418
-484 -274
-149 -289
-197 -327
378 -154
-71 3
34 42
-145 -292
429 -177
-4 -347
-240 410
-95 -427
-62 -412
-417 185
-361 237
-136 178
46 -220
-496 144
-89 -126
312 -457
-476 -166
-471 -317
100 166
154 410
-148 123
-473 5
-9 -128
-149 129
196 156
77 56
447 175
-328 -286
-451 129
-90 -353
98 -22
-353 88
252 -360
-43 -154
87 -22
176 286
137 -312
-366 306
-62 2
230 315
-108 -22
-180 -394
-128 -408
169 -379
-411 88
18 427
270 -380
-337 -60
-360 35
416 343
-275 314
-493 -141
-140 -6
-207 194
-394 217
220 359
14 -417
-194 -186
-222 -186
101 225
312 344
434 421
-221 -225
-249 -457
323 -21
-477 260
425 -380
-421 -131
-335 250
176 -92
-496 -246
158 347
463 -405
437 244
161 451
-72 -60
-12 -365
395 55
-437 207
-446 494
-189 413
264 -368
15 182
176 -242
-415 -308
-447 240
-289 -286
167 124
259 -303
299 376
59 -148
-73 -319
-88 256
-155 -373
102 -277
155 357
399 41
382 131
171 -323
0 358
295 -405
-293 401
317 45
-173 440
400 37
47 293
114 119
-25 79
-469 -353
62 93
418 -240
-323 -406
-494 6
195 -450
255 -439
208 -198
209 -316
391 -250
-193 371
-271 -45
48 -431
406 488
374 201
422 -7
159 -473
395 -193
238 -175
-436 97
-480 165
-479 479
415 255
-421 -53
192 -388
395 -158
103 -55
318 199
-161 42
163 424
332 47
-323 -340
-475 75
150 209
-498 277
38 -94
13 -98
-448 170
15 -471
-145 -462
-78 142
-298 56
-368 43
-142 -456
-276 -392
133 167
-159 137
276 -45
-25 -63
244 426
459 314
-50 -286
-334 436
434 -184
-244 -4
193 331
236 -186
31 254
-456 -233
-322 -329
-386 91
125 315
472 388
445 78
-149 -48
-59 -285
48 -290
477 1
348 -257
121 20
-485 332
80 -161
-378 -96
-189 370
-492 387
-252 -40
208 343
460 384
123 -429
336 211
350 -164
-331 41
-292 383
-274 -76
73 275
-109 -141
-452 183
-412 -7
-104 323
252 432
148 152
-327 271
92 450
477 196
21 -88
96 -321
-387 473
-365 -247
-194 310
50 -365
-309 443
-451 247
183 -148
58 -417
201 151
323 485
422 -420
216 419
-242 -178
-51 386
77 306
-264 164
-425 39
-497 -396
-453 -96
-394 395
-83 -489
450 222
-263 165
-263 -442
374 331
-311 -273
377 183
380 14
-440 82
-160 6
-38 -66
174 -313
-127 412
92 -144
-64 243
-372 376
-381 220
-17 178
282 -300
283 215
74 38
414 -339
35 -152
-119 -260
5 244
500 -437
-338 494
-168 -29
-40 149
-392 -425
292 418
-58 366
-30 287
381 -98
44 185
-319 389
-30 99
-467 -40
440 213
-237 369
-136 -34
-422 476
-388 499
15 257
-402 -108
-100 -458
-164 -282
-18 -41
-261 195
11 -89
-125 -304
146 -192
-219 43
-230 -240
-32 -468
-246 464
337 333
-77 376
389 340
-285 76
-178 91
200 466
16 -286
40 322
221 -32
247 -181
-147 -438
-307 121
-113 167
430 -388
334 155
-299 236
-389 437
91 415
381 255
85 -250
-15 293
-396 -328
-165 -433
362 -429
-242 -3
-110 243
-71 88
492 52
399 86
-4 -352
333 273
256 -335
148 73
-308 -108
-301 287
119 -158
227 -406
-81 121
426 262
134 -391
338 469
9 -225
298 -380
-157 -32
-227 -257
-127 -179
-201 400
-401 -325
-256 303
398 -345
-174 -381
-495 227
-101 65
-245 -403
-172 -272
66 -401
-163 -316
-289 268
37 -334
9 -320
45 -489
11 -399
301 -453
-479 161
435 -458
26 475
-287 464
-374 -251
-466 161
-76 396
222 -233
-452 -283
57 328
-111 -199
-443 -309
144 -395
-123 173
120 -233
281 469
-445 438
-157 -222
-350 -431
260 482
179 17
57 499
-119 -87
-11 178
97 -422
-61 423
-238 -338
-423 -302
26 383
-226 -422
-8 -457
167 96
260 -109
377 -43
-203 204
125 -467
-341 202
-2 -378
261 69
-429 -9
-250 282
433 -117
375 -301
-331 316
183 -405
-326 -481
-466 297
480 191
24 230
-397 447
75 -278
-339 409
-354 -132
-500 -428
-160 169
-124 -84
-112 312
80 -449
-472 401
-273 -49
168 -126
388 320
-400 -64
-207 -461
-107 -55
-496 115
-102 -431
417 -52
-85 245
63 -73
277 380
-49 -155
118 -143
-457 154
-461 368
403 -161
-144 -483
-51 -393
-118 -349
109 142
-102 71
-460 294
199 -315
-129 -224
-174 365
27 304
-35 -209
68 474
489 150
188 -355
-215 91
206 -155
301 226
302 -119
-4 -84
-202 430
469 407
-211 -63
256 -82
-136 -439
-155 -205
279 347
76 125
-376 247
0 -459
-331 -141
-500 -446
497 -4
60 456
-36 58
-147 25
-467 -18
268 284
60 90
-205 -373
215 403
111 -91
-5 -280
83 -343
-193 -291
17 -24
160 347
425 421
-464 -437
-236 -71
475 12
-375 -458
104 -126
485 272
307 -42
13 -294
-362 -260
-183 157
109 -465
237 -146
-400 -111
240 -289
-27 -52
-313 -226
213 -210
355 -16
-458 207
477 310
-168 116
-247 129
10 -140
368 348
-107 189
-399 50
185 -86
-413 317
169 321
-432 29
-486 -492
-44 86
326 -257
137 429
-491 -111
-428 204
-492 226
-49 232
241 21
293 -169
-297 8
-188 -357
-7 64
-192 409
88 -270
-340 -40
376 280
444 -495
473 -332
403 242
187 84
-384 -116
197 341
-443 357
-2 -7
-422 -55
412 69
-464 -43
167 235
-132 -420
283 103
-243 235
-297 138
62 388
-179 482
-396 -461
116 496
-422 424
-90 -322
-16 191
-425 482
-9 -208
-186 486
-255 -103
-157 417
452 409
-228 69
297 -116
409 -376
363 -248
79 -17
61 -449
-464 370
-437 -235
-163 -155
-410 214
-77 441
-402 140
-214 -316
-61 -156
246 -271
-468 -113
206 83
-283 -255
-413 -433
427 307
-413 -262
-99 133
-140 -124
188 326
406 263
436 -36
456 203
87 314
-498 -156
-219 133
66 249
-415 -86
-137 432
-96 -191
180 -108
265 -75
-85 123
-250 -116
202 237
211 -415
-389 371
-377 -171
397 -108
-64 -107
13 172
32 450
435 -403
-123 -438
316 73
225 -244
-194 286
-75 -250
-357 -368
74 -226
86 -260
-462 32
437 -178
-427 89
-148 -242
311 -91
141 -408
-90 -178
280 -191
306 -52
130 -123
-155 -264
-351 439
391 -187
361 -415
17 48
-118 -309
241 -213
-345 423
-471 162
-21 47
346 32
-61 -439
203 -239
196 -379
218 353
-129 472
-249 286
43 -32
-4 -29
165 188
396 -297
-499 363
-192 -314
355 -273
487 -2
326 -494
314 -348
213 -402
249 454
-131 -458
-484 -334
-424 -473
176 445
-500 70
-462 364
130 -380
397 -26
416 -160
473 108
-251 -356
193 -486
84 -53
-459 493
307 445
-364 -4
113 286
286 411
-262 -122
-170 69
91 -497
-122 -189
-157 15
-208 92
-340 183
-51 -293
59 445
11 -61
119 463
295 -253
34 -422
2 29
136 348
-220 438
86 -182
-381 -28
-58 180
-128 347
273 -309
-390 182
295 -22
309 -322
-359 70
-101 -58
413 106
-40 22
-69 478
-62 400
-214 169
258 -270
176 402
446 153
-307 373
485 -230
-34 367
-420 -168
-70 -447
-10 -411
237 -453
-303 -369
216 344
-160 16
398 354
-459 263
-250 -13
-248 -122
-414 -196
-124 -286
-214 341
433 483
448 91
142 -146
138 -163
182 -289
347 -118
-84 -166
-265 -446
497 -443
220 7
-275 448
154 -34
486 -264
117 -418
-108 -204
-61 388
12 60
-259 111
306 390
-421 -419
51 -476
374 -250
-11 -451
84 197
-153 -185
-277 -38
248 -341
438 -54
227 217
57 1
66 218
234 204
398 -68
-320 -458
-191 -128
-366 -291
29 421
425 19
-375 -177
-117 71
-90 -212
150 11
-491 429
-362 -472
-346 -449
441 113
50 -328
-31 -248
-309 -402
-470 -138
-154 228
-89 125
-370 497
-192 -308
127 19
-403 -173
-246 -129
378 348
-91 -138
-120 484
15 -308
-124 441
447 434
264 419
113 258
-259 105
-464 -268
422 224
-399 252
306 -376
152 139
-147 176
-452 -319
81 -96
-439 -301
-371 182
-417 246
22 343
-410 424
221 93
-174 442
-82 -47
-311 38
159 177
-226 -43
-322 -105
-407 169
282 456
-312 169
-90 498
-236 489
236 297
382 73
100 -332
-401 399
430 31
-473 39
-245 -268
-20 -262
259 -94
-473 -94
214 -22
-17 399
-347 76
-298 292
418 -41
-298 -467
252 355
205 175
-246 351
-111 198
-142 468
-152 -353
-336 -91
-452 -308
-429 -141
147 -281
-49 -427
433 324
-186 -38
-345 16
218 43
20 105
-48 377
383 -256
-54 70
-340 -402
99 -406
414 -261
-360 412
348 406
181 -111
104 113
344 -374
423 -102
-68 196
-190 -475
92 324
154 74
-205 -114
185 338
-356 278
-219 44
147 -422
-86 -335
313 120
112 -100
-159 -290
-335 287
-427 484
232 -288
478 -431
-498 5
-406 220
456 -62
229 -61
-177 327
283 -204
179 -442
-356 -60
-197 88
-369 -459
-215 -435
-75 187
205 471
-447 -204
-169 146
-38 105
465 346
-212 252
-70 -291
-226 207
403 435
-159 -64
-376 -101
-319 -372
-103 -196
-40 188
-440 176
-215 -284
-276 -215
323 116
-389 -120
-462 68
-178 326
68 -74
494 -162
249 -392
-43 285
143 -166
85 -472
-119 -444
238 -467
-221 96
-98 -101
134 409
16 -120
-463 123
-488 -147
-480 279
147 65
-476 -208
134 -176
-234 -206
297 -214
422 174
227 -241
237 -111
167 -286
67 489
-118 417
489 181
-350 -415
61 458
319 405
-492 -411
268 -17
-212 208
248 251
-423 -422
252 -351
345 194
342 -437
-122 -329
-205 -412
321 -408
-143 247
403 -388
475 -56
-445 213
-195 -300
113 488
329 148
-88 161
-165 -37
189 -36
-130 500
-251 265
-205 -74
-441 210
271 347
270 261
50 -385
85 -94
-327 180
438 -375
125 486
-371 -57
-230 73
376 328
-170 -278
134 -451
-496 157
-208 40
-17 -136
490 169
-383 -313
-489 263
-383 358
-299 -298
-197 435
-131 -489
91 -243
-6 -284
-479 370
302 454
-386 -199
70 431
236 292
108 283
-56 130
442 -115
159 153
393 -300
-247 25
296 173
218 -241
17 -231
-499 184
-412 -184
489 273
-228 -133
278 -93
-102 455
184 -33
-157 80
257 -372
418 33
-105 346
352 -59
-179 -206
226 -109
-299 -93
73 -142
51 -42
27 69
471 53
228 -381
-223 207
268 122
-483 -129
-49 -93
-480 -320
-132 164
358 -208
-359 7
-312 324
175 459
-73 -433
-73 125
72 -3
65 95
127 31
421 159
-183 -212
-244 -392
23 296
-171 -168
473 -294
-442 435
266 180
-475 -186
65 380
-458 275
-105 -13
397 -396
-430 399
185 28
-41 0
-279 320
-407 -131
437 220
-386 -256
-116 -396
-175 466
-37 455
198 141
-364 227
-80 -444
118 426
317 160
-462 216
312 -41
-38 126
-1 -118
79 -57
52 95
9 255
-326 408
-471 -345
-238 49
-424 366
-220 -452
-419 -419
-47 322
-209 -181
-371 326
-170 -297
-149 -337
291 -281
-154 -117
-164 -296
-141 389
-362 467
10 276
126 260
-202 -349
232 -63
319 -271
32 42
267 439
-168 -453
-89 -71
-276 307
336 100
-418 75
100 -29
-352 438
181 182
-459 -298
-337 -164
-289 -420
-42 -475
59 -147
75 -126
-346 -100
-392 369
490 -348
-83 205
-40 -403
345 -325
387 -379
-261 -401
338 496
247 13
382 13
162 459
316 297
445 -95
-472 224
410 20
9 -493
423 -21
375 141
-353 184
-100 -304
338 -442
112 482
460 387
165 -411
89 445
-164 -436
-458 146
482 332
97 110
15 -475
-489 124
-421 -175
-449 61
-109 349
-75 288
-408 301
-180 391
-30 106
1 124
-497 -106
-317 -214
-432 -123
-389 -23
347 118
-50 -102
-326 247
-115 -296
-444 14
269 -465
-196 298
60 -273
454 222
-425 403
386 -55
151 -113
-35 22
-444 187
-71 63
121 387
-423 -376
175 127
-220 -144
444 458
-470 136
191 -459
355 342
170 -490
-469 398
-75 -326
-107 -197
-9 71
-62 174
-443 -157
185 216
122 -355
-38 36
-191 -140
-187 457
326 -333
-291 472
200 -498
132 130
-117 -217
344 -381
247 -150
-215 -240
-336 76
62 301
-143 -344
-15 137
-32 -168
-92 -409
-442 434
-2 60
-16 499
25 145
338 75
477 30
-385 -497
317 200
498 -168
164 -68
-309 7
-500 -400
112 -237
-456 -28
306 -202
192 -332
94 407
-5 114
106 366
159 216
-383 183
-419 456
456 303
322 477
256 -151
-187 27
-246 -336
186 187
41 337
471 -381
-158 -25
341 340
482 471
-330 0
-235 275
489 236
31 80
380 173
194 -441
-465 137
-441 205
368 46
-421 -337
12 -24
-499 -136
-329 40
367 -468
-417 -317
-474 22
-273 383
118 52
-157 362
-230 166
199 340
133 197
36 -378
-45 -140
-497 105
-15 -494
229 74
-204 170
-386 -395
-477 -160
-22 -346
-276 490
-239 419
-30 -44
-247 -195
-31 75
491 -190
-275 -117
-185 -433
-358 228
-55 -492
-69 332
-361 493
-129 -200
277 445
387 -427
320 -466
-247 -319
108 311
-81 -485
16 113
-361 -333
107 -197
451 -81
22 -153
159 414
494 -24
-451 -35
-288 -247
452 -376
205 439
177 128
33 -246
-246 -89
-477 -431
99 318
280 461
220 291
184 45
-284 418
-441 221
-80 208
36 106
120 -403
33 56
-169 -205
12 -413
-169 -355
-475 477
-15 5
-224 90
-380 -410
-63 56
162 344
-145 -67
-93 342
231 465
415 313
-202 380
-494 410
0 326
-191 -105
-5 -61
425 -403
-37 464
-467 -173
23 253
234 -191
-93 373
404 103
476 -216
290 -315
-356 465
463 364
-459 -386
-233 -123
-123 -386
-342 -184
221 222
1 -311
334 45
373 -394
-202 -142
337 -292
-226 170
-45 -228
-444 -30
347 224
-2 -194
-64 398
-228 85
70 252
-215 412
49 292
-139 188
-467 354
-297 111
410 -93
-259 346
-125 109
451 -486
279 209
-50 133
-421 207
-373 388
46 -237
-45 -409
224 223
-249 447
266 86
468 250
117 217
-473 -91
-364 -312
492 201
33 -468
-241 189
203 -485
369 -412
337 49
201 163
-433 361
303 -395
455 130
13 146
-290 66
-219 181
-309 126
-190 449
-277 -496
-245 -34
-364 -383
206 236
205 -150
418 -406
315 -476
500 -346
-268 490
-46 317
308 148
439 -270
-168 154
-28 -293
261 -287
-368 -56
-467 -443
261 87
307 233
-284 155
-216 -433
387 200
49 81
275 469
-273 263
321 -488
18 -453
215 -262
411 426
-437 96
-186 -455
72 -392
-479 -68
293 -79
-35 226
-375 -465
-248 397
463 -291
6 -232
404 -397
42 -185
-443 -107
-365 -147
477 311
-144 -411
-207 -497
414 306
236 -257
-101 285
86 -234
118 -304
208 -216
-463 -13
-75 306
417 -398
38 -332
474 -399
442 -225
-477 -39
474 -488
-240 82
-242 144
-162 -185
-398 334
-3 274
-162 -484
370 492
462 -104
-232 -314
-113 -323
337 142
-483 17
349 452
319 -267
-275 17
-278 -250
406 135
392 -410
-382 -272
52 -356
-162 222
27 -31
27 -175
275 276
-104 224
-6 43
-417 -392
352 250
186 -94
164 171
120 -415
-277 -50
-412 -225
65 -33
239 488
-209 -284
206 353
206 -4
225 133
-359 -242
88 325
-438 221
-402 213
117 -85
-499 -334
-422 -126
34 -395
116 -310
-326 22
-12 245
-175 348
131 -81
-318 -390
292 -213
386 19
341 130
-295 -304
223 -413
-148 -158
202 341
280 -259
437 -419
-243 96
73 -39
260 -112
-469 206
17 150
173 -466
424 271
-375 225
383 -184
400 -131
494 345
-253 303
469 -84
283 -350
79 114
330 -332
-260 462
-130 -323
-119 137
263 258
-186 -397
28 160
499 -98
-498 441
349 494
-426 402
-446 -298
194 28
-302 -225
-258 -388
217 -181
56 251
485 -435
-117 213
24 485
11 -404
3 -337
-48 120
19 298
103 -254
-122 499
368 -455
454 167
213 -93
-117 -443
-309 493
153 382
-280 127
9 346
-268 370
489 -293
58 37
270 -159
-220 -114
119 -347
222 -490
16 -401
114 350
100 246
226 356
-220 86
-375 -7
-418 -59
283 229
26 -203
-38 -175
-465 52
-439 -444
484 442
292 73
218 -434
-359 234
226 145
107 287
-495 -61
409 -154
10 93
496 -412
-335 350
-361 -41
-486 218
-357 241
41 340
270 326
135 324
-244 -164
-124 -338
295 -179
-305 117
264 66
-246 343
-92 375
-377 146
-131 -205
456 333
-123 228
-88 377
269 474
-321 70
-165 177
-285 18
339 237
165 -401
400 289
-36 -443
73 -252
179 347
-476 -483
-467 -287
391 -454
116 -219
448 259
378 -68
333 433
-347 -236
-319 -331
-251 -434
253 -491
472 -430
375 -86
471 -295
486 -202
315 416
197 31
29 285
-234 86
143 393
174 363
83 40
203 155
451 -480
-7 -111
289 -385
-276 -91
207 -482
254 167
-385 -219
-497 -485
342 -339
-202 -241
-43 -396
67 -266
266 269
-68 298
-224 91
-402 -355
-126 308
101 -167
495 243
86 186
-249 -262
-19 300
362 10
-263 171
448 96
-315 282
307 342
-246 104
336 -32
386 166
-277 -274
223 -92
-179 459
-377 163
-247 -165
-228 419
-2 -265
358 -3
-229 -125
-486 -385
266 50
-238 -190
-276 299
-158 292
197 -463
458 -446
-339 -134
355 498
-432 -334
346 -139
-43 -289
-108 122
-326 253
380 -340
-420 -386
-159 325
305 201
-65 -468
-290 396
328 -82
490 384
195 389
-492 -432
-74 -41
-193 301
363 -402
-492 -439
152 134
-384 -216
-339 -384
-289 -251
-389 -250
229 145
228 -226
66 -147
-493 -317
-102 17
-243 -373
0 -80
482 -437
-48 209
19 28
191 113
366 -179
-454 99
64 -189
-139 -396
155 452
-325 -405
-116 239
-427 12
127 348
15 -100
227 181
-100 140
-434 107
-308 177
-127 -163
211 -452
108 23
65 -72
-162 328
-475 112
494 360
-351 173
109 -357
29 -58
290 -463
-385 336
-250 499
-418 391
-27 404
-70 221
-10 -19
148 455
-469 -387
-395 451
394 212
392 -489
105 -282
-140 345
-425 95
260 -4
-136 -230
62 -250
-410 -348
232 135
-246 481
154 -87
346 47
-411 -436
-23 -495
160 -285
349 -310
420 189
-11 467
263 -9
-467 457
333 294
448 -167
-12 250
-140 286
199 -162
92 356
-302 -498
-358 -271
-295 -291
305 -41
93 117
122 -198
127 350
253 292
305 -143
-412 230
489 63
-395 -349
143 -428
274 2
98 -264
265 382
381 -83
-60 -205
230 458
-499 -211
-89 -471
-109 -495
372 273
-339 12
371 332
293 -469
413 413
-255 361
-316 -131
-432 -392
-135 -356
275 -117
461 -430
184 -412
261 -248
-206 -235
-411 -162
389 -370
97 -43
323 -236
24 -446
-169 -187
-299 -121
80 113
198 -132
-240 -99
-15 461
123 445
-459 -119
-476 -451
348 249
-321 -353
-116 -66
77 79
-296 390
106 158
-450 444
347 -439
-416 -353
127 -53
-469 -204
-392 245
10 -391
149 342
192 -383
287 -201
105 296
-188 226
160 112
-11 131
143 -269
244 491
-160 -153
-118 -438
81 86
-242 489
-335 -191
47 -24
17 -405
-167 121
371 97
-154 -323
-310 125
20 -1
-429 17
-257 344
-223 1
-130 366
88 -197
-432 113
-442 478
-448 393
-333 -92
52 399
-252 -416
195 -23
-264 372
326 64
-41 405
243 151
-465 -269
-137 -33
84 -466
406 -63
73 202
300 -478
348 397
217 44
34 -187
-268 28
180 134
423 -452
77 24
-325 497
-373 -124
-267 -243
403 -10
366 20
-238 5
106 346
-112 426
-141 -268
-290 -66
241 -85
14 -151
399 -427
-453 -242
-422 109
-52 162
-287 -43
-127 226
-205 68
-10 -158
-260 434
-331 442
-9 -47
82 170
208 -48
118 30
-54 22
-197 339
176 268
81 486
36 -78
-401 -139
-263 83
-347 -234
473 468
-226 -450
176 -363
434 -170
-148 289
-340 -170
-5 418
119 -170
-37 403
277 -70
192 -463
-414 500
-305 102
26 -448
187 -410
479 53
-281 -115
-301 -351
403 293
273 -90
433 297
125 88
5 138
-117 242
248 18
136 -352
395 -117
-212 202
-228 296
-436 178
-135 -230
-460 479
-393 -17
-182 -365
-328 98
244 -324
468 -343
342 475
-21 -131
-346 468
-341 -219
96 237
57 -21
-461 242
236 28
-458 -430
429 -62
-43 -201
-380 -496
383 -298
-73 -183
-142 -208
-379 -418
-177 123
122 297
-458 -256
479 -95
-49 266
53 34
-149 177
-231 267
-158 58
228 18
481 -73
148 -260
-413 166
-225 -464
262 145
-337 -211
-111 399
-500 3
-45 -488
-202 -303
67 -138
87 -447
-483 28
-388 202
365 135
-432 346
155 40
-179 218
318 365
-368 -115
-193 -281
195 459
383 233
-484 -250
323 -486
206 -366
272 127
-392 216
-307 185
89 44
-392 -39
-83 -345
232 -134
-97 120
207 -478
-144 -435
139 -233
-153 263
174 -457
477 -98
-71 -356
-209 -211
251 -128
-90 255
-147 -249
-71 94
-196 363
-471 273
-286 355
166 398
70 -18
488 432
-192 128
456 -129
-94 -337
138 456
-242 -346
57 258
-491 469
-205 339
315 -177
-189 334
-470 246
500 18
415 -354
-270 362
123 -426
-484 456
372 372
381 -234
159 142
-38 116
-369 422
-183 -340
-128 -480
304 -358
448 -174
-79 -326
-267 -407
-492 143
-291 -361
-94 -479
-472 266
338 418
-97 -228
244 -394
-331 233
-70 19
15 -499
-382 299
447 -86
489 392
115 71
-328 -59
-4 467
205 -91
86 52
25 -21
109 243
62 23
-16 -450
465 -196
375 -16
278 82
218 483
21 -177
463 102
-402 330
-85 -88
-155 83
220 -132
-371 286
354 42
324 474
-94 -285
195 446
-214 23
-500 151
1 -333
-432 -311
227 -367
428 -481
282 388
495 310
-436 375
-202 -102
-426 -227
-303 376
-339 -348
151 -55
82 -139
478 -70
-288 -124
-315 407
-167 -289
-395 -399
-202 -428
-315 -192
499 -485
28 -388
-231 173
-110 382
-464 256
-148 174
246 477
-218 35
-159 -463
360 -38
165 250
-367 116
-361 -359
195 -218
380 136
-50 -217
-364 277
-405 -167
-12 163
-26 -16
214 74
-483 496
456 -115
-47 -93
-351 -276
-316 -20
405 -78
23 -335
280 205
-234 -393
110 -199
119 -257
-16 -283
-312 -299
16 83
98 -410
-222 271
6 496
-335 270
138 93
-256 -13
-20 207
138 228
225 -403
-45 420
174 378
-88 -159
-122 -152
-242 394
90 82
84 -270
326 293
405 -146
468 288
326 -213
-128 -161
39 271
-44 -476
-248 409
293 294
-420 208
-16 225
-417 104
138 -444
92 -70
58 249
-22 421
-91 -307
-371 -184
370 125
-439 317
-358 188
-424 303
-266 404
218 -84
-134 -210
-325 -389
-126 -269
264 320
-464 -461
47 -403
337 -154
315 -212
-276 -168
-414 -271
-374 -136
449 299
334 495
-57 44
216 368
-122 496
290 224
205 58
216 -211
-301 -185
-39 -243
14 9
-100 151
-70 298
-471 421
172 -179
59 -443
269 407
220 -152
223 -435
-278 -359
-495 131
-152 467
217 -195
-453 -295
226 -492
-289 409
-422 -363
167 -185
307 -262
190 33
206 51
206 269
-313 -160
-221 -149
407 69
-344 -469
-486 182
-79 -194
418 162
-55 -437
371 365
-168 379
-77 -341
-176 403
-34 185
291 118
145 -484
-149 500
-405 293
-377 -379
-279 -104
360 -338
131 -451
157 42
-4 -78
-151 219
359 -412
-148 -492
-267 -361
-390 -16
264 77
381 -145
-300 -272
-220 -175
437 265
137 -422
343 423
-34 321
-455 250
173 284
217 224
56 317
-204 -466
6 -428
-274 -165
-287 -52
-112 352
-266 -317
-452 -306
-435 -64
-76 384
101 354
112 442
225 204
-156 428
474 -401
-273 -481
-293 -169
288 473
332 114
-352 397
-488 356
-448 233
-481 -265
137 -338
82 -316
-243 -370
-39 56
406 202
-428 -297
134 338
303 358
442 140
-396 168
-110 -31
-395 -162
-142 -95
252 205
167 401
296 258
378 -331
109 150
-435 -222
-316 -54
404 -420
290 -56
197 435
38 -495
-236 296
460 483
-148 -461
-4 480
112 -468
-180 235
-477 -378
198 -75
-312 208
299 6
-208 -424
409 -147
-18 -132
-277 337
340 -336
88 105
-31 -216
-371 -143
464 -424
23 313
-197 -43
-14 -490
389 -277
-385 87
-206 -126
-395 -74
-63 180
321 311
-215 -481
27 -462
-311 389
-4 196
-146 -176
-60 -274
244 -36
466 -335
12 -171
-2 -193
-138 -79
-423 -388
35 -189
-429 222
-178 284
-51 -332
-5 -423
360 -355
-218 -113
-284 439
111 -317
54 442
-157 479
322 452
424 332
-59 237
-384 -481
459 408
-84 -26
-112 -154
189 -180
344 29
-116 -178
463 -329
71 -249
270 95
-338 -164
-354 -126
472 134
353 274
-25 -385
-500 218
286 -455
-485 198
-303 -406
59 -190
97 -188
-224 -117
-241 -58
-74 -101
-101 445
-374 190
-162 -472
61 -75
19 398
53 403
-26 -209
52 -444
77 -123
-19 -295
362 -109
195 38
-300 34
-10 17
107 -441
438 -214
-383 -211
-425 -188
-312 -374
363 384
-483 -482
64 5
-157 -156
46 -36
24 -55
-218 -240
-130 119
466 166
327 -297
-201 -2
422 -487
378 -175
-35 267
-96 -497
151 -70
365 390
-121 62
238 168
-164 94
-437 44
-479 -308
378 -108
307 -78
250 -144
-96 270
149 -36
-107 -28
-52 -414
-262 73
48 217
-266 430
359 -80
-299 432
-219 78
473 187
-432 498
418 -489
281 137
239 272
-73 -390
-244 -492
375 -39
-169 221
125 -131
468 -469
-309 222
-99 -75
254 -263
-262 186
-176 35
-181 411
-99 -433
208 3
228 453
-455 10
404 -110
-191 479
-64 455
464 495
-95 -219
-178 190
211 -281
284 -70
214 -267
102 367
125 -271
-358 -174
417 -170
87 -8
-217 464
142 -347
-482 -4
349 -111
447 203
-306 -82
189 227
371 393
-57 117
444 474
-439 -325
-166 -3
-478 130
-152 20
-170 26
344 119
-44 491
-315 -211
-392 291
-168 27
185 -315
399 -8
-246 -50
228 307
-337 182
-244 -168
-5 -233
134 -258
258 -363
-450 -133
294 195
454 271
351 343
-157 85
81 -427
-120 -23
-369 127
-371 65
-217 138
388 -461
-311 173
-409 -114
245 -98
25 491
42 231
61 -11
332 -32
96 -50
-139 -418
-235 144
-280 -369
341 277
-162 310
185 -207
456 447
-409 408
318 161
-29 -269
340 476
-43 496
-463 134
430 -281
-45 -334
155 152
-386 -448
132 -251
-417 -165
-317 54
-30 -452
-70 141
358 198
80 224
-449 -374
-385 409
-292 337
-150 30
-20 -239
362 -334
-179 -322
240 -338
305 -253
135 385
-102 -129
-246 434
112 92
-436 196
-474 179
-41 -357
-277 376
192 -154
-17 443
-83 431
455 -317
-476 422
-342 143
167 -419
-432 165
-374 288
210 -147
-94 325
-37 321
207 -484
101 -272
-426 -486
-199 -135
-57 -321
-295 -151
-69 -154
465 326
-407 -64
375 225
73 489
496 49
125 -100
-95 -434
-74 -11
-395 -210
-404 -109
117 -130
-61 -362
101 -385
-17 -96
142 239
302 -172
-155 -88
96 245
453 -158
176 -476
270 361
-408 51
-330 243
67 21
227 372
-326 -229
1 -474
42 -258
-440 -388
-231 -242
-140 150
-161 253
64 317
-16 156
303 354
-449 -96
128 -493
347 -287
219 363
-113 279
437 231
-26 -244
-148 253
-455 -419
-398 -380
129 40
-328 -497
-223 -116
-29 500
46 -23
311 -373
281 -379
46 -128
-49 308
-460 483
-272 241
-320 453
-429 -123
-411 -246
-22 154
417 203
351 -117
-97 303
-8 -36
-164 262
278 -462
488 -27
59 333
-381 88
-232 -310
366 313
491 431
4 -370
-142 287
-232 148
-391 -499
392 136
431 -280
-364 -428
-1 311
-94 -482
-276 -170
428 339
88 266
-77 51
-339 361
170 -447
248 -237
41 480
-57 260
192 108
142 -136
120 12
-466 251
335 -474
-142 -23
126 2
123 350
-144 262
362 -53
-462 292
-487 64
324 -310
88 -340
222 -88
253 -492
436 319
-202 150
-128 -390
306 381
61 -231
-131 -136
231 357
133 314
-494 499
127 -324
-339 31
-448 222
-165 290
495 -199
77 91
41 -66
-181 189
438 -315
454 -180
-403 44
358 -229
-214 -436
459 -46
-145 -77
-375 -11
-191 -24
48 -84
-254 -105
369 -54
356 344
108 413
-69 -196
-175 -297
211 -263
-92 -301
58 441
112 -179
-356 66
-345 -138
-154 -225
-75 -366
396 -351
-313 36
105 -242
-197 -475
-52 220
-488 -242
208 -331
-245 45
-432 -22
-294 29
364 296
314 -449
107 -292
-353 -486
-221 225
-500 167
-271 -388
-422 -385
311 -135
206 484
69 497
425 367
-9 -220
66 449
354 -466
-309 344
-254 -65
-433 444
-187 441
-134 -449
-348 -55
-135 283
-107 34
121 309
321 -343
-246 52
-77 -470
128 248
-102 363
87 444
-303 -399
-440 -406
-292 -413
-316 230
-106 -339
-272 176
101 236
-207 -437
-164 -214
-452 -483
-155 466
274 160
-314 497
209 228
-173 394
412 115
-392 -122
488 -403
-298 -360
248 345
-378 -63
-145 -163
40 181
-30 -68
104 -248
-433 -416
-452 197
216 455
210 -466
47 300
166 -360
105 58
308 -308
105 -203
-109 273
-419 478
-487 -470
-348 -16
-125 421
291 122
-191 109
-399 -2
194 101
83 195
-249 -266
-274 43
200 -270
362 -329
227 -3
402 220
29 -489
-155 50
-137 -469
368 -331
-461 -244
52 -382
-495 185
-147 317
290 -411
287 -284
-121 -6
423 -61
14 -76
-496 264
497 -428
341 -302
152 306
-405 36
83 -91
312 -309
-220 -25
-93 -207
-238 494
171 490
235 177
220 120
382 396
379 -67
-382 -251
1 434
407 347
83 311
356 -153
277 -288
-190 -213
382 -344
476 175
-361 23
308 4
340 -278
400 199
-306 427
207 -226
-494 -186
-47 -368
-170 288
301 3
-60 422
1 101
-184 264
207 391
-278 -164
435 362
-117 315
318 -65
360 -296
-236 -361
-102 500
-332 296
-301 494
-28 -207
130 18
-376 -441
451 -309
223 32
468 459
135 -216
208 89
336 -174
394 -478
415 190
237 -402
28 452
147 398
-315 -206
-455 -80
-443 -71
-201 101
-390 256
-194 441
80 343
185 -50
-184 170
440 308
-368 -170
303 369
-142 433
190 -456
-262 371
429 -329
227 -13
137 -411
76 -29
442 -497
-473 98
-46 284
-401 297
-422 471
495 -300
415 368
265 220
470 217
428 276
287 -281
-377 114
-372 -257
-492 14
-117 -332
394 -264
83 435
113 292
-257 -372
-91 334
-432 -28
211 481
-155 -378
11 196
-246 -56
-30 369
274 -136
-433 340
65 -427
282 337
-251 -71
-436 56
-120 -159
-197 270
-86 412
1 -491
34 373
-272 -496
46 153
-11 -396
301 -135
-368 475
4 -99
-342 465
-273 372
96 411
-87 -247
104 399
-433 96
-462 481
49 285
-97 256
-341 480
-393 -162
-67 -277
-57 367
-293 381
267 -31
488 53
56 -80
-216 303
467 -313
80 382
232 358
252 36
-437 -404
186 -337
-93 -35
-157 204
299 242
-450 477
-179 45
-287 233
249 20
3 108
-115 -92
-221 416
205 -486
-14 -458
-402 187
-46 416
-346 -58
-403 99
387 -195
-3 -216
-41 339
104 418
-482 -354
-186 327
1 -406
-83 250
-205 -460
137 238
-145 -60
350 -53
190 189
-428 -194
500 346
181 -138
20 500
74 -76
144 189
145 266
-437 -163
500 317
254 -142
239 -97
-413 -259
237 -123
-232 169
-41 -154
-249 -291
-14 138
-243 -394
-463 -314
325 -289
26 -175
-53 492
-350 -244
-327 380
85 -279
398 450
-324 -485
-373 337
-395 224
-207 451
-299 126
-85 -388
494 343
109 284
493 426
-70 105
-478 377
-104 -41
83 -286
-114 27
-316 -434
66 -281
109 -175
173 -122
-155 382
-277 -8
55 -84
-347 427
-380 -250
383 40
-14 143
-119 488
254 -115
214 69
-62 195
127 96
-132 261
467 223
-389 -204
472 162
-161 86
-168 -135
421 -109
392 -302
11 -438
352 406
50 -286
-214 196
-126 483
271 -353
-38 316
-129 94
-111 -59
427 -457
-332 306
-107 -311
-262 -348
229 -466
-275 -213
-208 -408
195 -19
-76 171
-444 -193
150 -213
-321 271
-467 278
-259 -90
-173 189
-411 -225
341 237
256 -141
179 177
-110 2
19 -31
-472 -212
309 208
4 116
261 -448
-2 -110
73 -73
148 147
-211 -163
457 -100
-263 -210
-141 120
439 -139
-465 174
-465 -219
449 287
-218 51
80 217
224 280
-218 185
-347 296
-272 189
-137 -206
25 -32
-145 -41
71 -69
178 98
409 481
276 483
161 -232
350 493
-75 153
-321 -186
-164 64
-476 -437
411 399
-316 159
-98 -493
-488 -255
125 193
-379 -470
-55 109
-70 481
178 -159
280 107
319 -34
-482 -127
-398 89
188 230
310 -218
-294 365
-412 -348
-46 192
-453 450
-462 -233
-404 484
-12 -13
418 415
171 -355
190 106
442 -179
152 224
199 306
-73 -291
-423 376
-426 -307
302 160
-301 -16
384 143
-122 -341
-211 324
451 337
-170 -401
-484 110
135 -327
-339 367
130 -286
432 383
-338 337
246 -214
-242 -188
-414 193
250 371
-16 266
-462 246
406 -446
-169 -342
446 -279
10 -17
102 205
257 468
-134 -474
13 158
-332 465
-406 490
321 484
297 -269
376 414
75 -9
-429 -33
-259 -17
-67 -100
-483 -452
424 324
85 -396
-110 205
-8 -266
500 109
-261 356
-270 -474
65 -225
179 -252
336 355
-266 -304
-313 -322
54 261
228 -391
332 -159
-445 323
233 49
-354 -471
126 -241
46 -33
258 -452
178 -254
-450 325
-208 -388
-197 430
-320 184
55 -383
-38 -166
434 32
-225 95
251 382
-350 49
443 -201
321 169
-431 -82
-377 -389
2 -181
121 107
-181 -44
-497 -115
273 -470
-229 -19
30 -354
484 -40
-387 379
253 482
314 -252
-313 -22
-476 180
-20 302
440 -375
377 -61
90 -271
89 473
-326 490
-275 -438
-357 200
279 -73
-367 393
-236 -238
242 37
350 70
332 137
81 -32
-51 -27
-133 454
-461 313
-295 472
-446 73
207 -38
-1 -260
335 396
165 175
476 -178
28 -161
-498 -208
-156 362
-102 313
-92 43
201 -203
235 82
100 453
365 -500
233 -211
-471 42
-127 -329
243 208
70 -445
203 -347
116 331
-175 -27
-379 -181
-326 -119
140 292
379 159
70 -240
-206 273
-67 -243
138 366
143 190
295 -252
179 433
-75 -253
-68 363
-186 61
-149 -295
18 -318
68 -193
-59 -33
248 -449
332 -29
342 368
-400 -182
23 -358
-205 137
-434 13
-266 434
-341 -186
484 -351
-297 12
-342 364
464 110
209 -449
399 -333
-298 -100
146 308
-183 -334
-354 -462
59 17
356 494
-365 -498
-370 36
448 -405
-61 -350
-320 445
359 -450
222 -98
-494 -238
51 58
-497 407
27 -6
41 -158
120 226
286 -481
-218 -136
109 306
-338 -427
-364 209
89 -483
299 -73
-284 280
285 -186
-116 404
104 -132
-291 243
451 -167
424 -151
363 -253
-53 -19
-18 225
192 199
255 13
498 433
-348 286
428 -413
-486 437
274 176
-231 98
-28 -298
314 -9
360 130
-374 -478
285 -7
135 119
-131 168
-136 -97
-58 -227
-122 -86
-241 75
183 351
323 -281
-157 214
289 430
260 -487
309 -94
-118 -117
463 70
-444 453
-450 7
-384 308
-437 105
266 -181
-60 -301
-445 -390
-340 465
381 378
-10 -277
234 -29
355 251
221 -366
-462 -8
137 425
-360 267
115 -70
-229 114
176 -332
-351 166
255 404
-142 -173
197 -440
391 -165
-250 393
-401 308
-129 -277
54 75
269 -34
299 300
-239 56
368 -421
460 0
-124 -180
-289 -8
-232 -306
-137 169
-243 105
-201 196
-65 -140
479 -28
462 -123
-452 226
-242 394
329 -74
-332 51
-114 386
-404 247
317 487
207 -250
-113 278
136 -339
-253 -469
-45 -379
-87 -131
-361 -276
257 452
31 332
-496 472
-389 2
384 -57
94 203
-357 78
-385 131
130 160
-255 -447
3 -322
-313 45
17 260
-363 -302
440 -42
359 -149
116 -196
162 -299
-205 -154
81 -9
-224 285
-312 -37
312 30
-361 48
384 75
-408 119
331 354
-270 282
-213 184
336 -220
110 -154
18 -393
-451 185
-13 442
480 441
-138 -313
71 272
-447 195
-405 460
240 -297
309 286
25 -188
476 464
-67 6
-206 108
49 -252
-131 -220
58 466
318 -236
320 449
172 459
285 90
137 324
-321 224
-330 -69
369 374
-259 -18
-231 -443
0 347
-376 439
-112 -30
470 386
325 183
321 -328
-241 465
441 -176
353 -132
427 485
-268 -398
10 -16
-412 187
43 195
369 310
-166 -299
-298 445
-342 416
376 173
-398 1
459 113
199 -422
385 286
13 -59
36 429
-57 300
-131 495
128 119
73 370
-70 -341
-50 494
43 -326
-155 -368
-213 -2
-304 6
-469 -78
-388 -290
470 -78
427 -300
-384 141
-336 125
404 133
-405 104
-44 285
262 339
345 390
453 -22
370 262
-35 -47
-462 -296
-57 -88
-52 44
-321 -330
-88 235
-71 195
378 127
54 -206
-301 -27
411 -338
-202 221
-52 58
330 28
498 -323
438 310
366 -407
5 -181
-457 463
46 -358
184 333
398 255
-481 373
-106 324
-241 -226
291 -249
-86 -395
-34 -286
-282 -293
-227 -330
349 24
145 139
213 227
-259 -233
483 -262
219 -207
-215 -94
-474 89
-72 -105
-81 30
-289 -103
-407 -412
-202 83
166 226
303 371
439 -323
37 210
-421 -16
-24 -432
271 -366
-462 -61
-335 -257
391 -457
-363 -113
-110 410
-130 -1
393 -282
-141 375
150 -365
-499 -481
-117 -106
-65 -210
348 370
393 -137
141 -201
-390 317
-91 -211
18 26
368 -281
222 -38
-97 -170
-389 347
146 194
244 -497
429 -245
-455 -332
-29 366
495 -3
78 342
391 -226
-46 -59
-245 -180
-40 -87
21 -375
-243 171
-219 57
45 -437
490 217
298 -436
-33 -50
-350 -166
219 -141
279 476
-52 -6
75 249
-287 -464
359 -466
-9 95
-14 -129
-393 20
-317 -143
-432 184
-64 -50
-265 164
-112 -79
107 -234
-278 402
25 -2
181 17
20 125
451 -382
39 500
243 -208
192 -79
199 -78
-239 133
208 -447
71 -201
3 361
181 -306
432 -313
-166 -460
-117 -437
-30 157
-410 -175
-408 -334
117 116
-363 -315
-369 184
434 -122
-47 -119
383 -171
-374 -424
-313 493
192 -489
189 312
-467 237
367 303
-407 -227
280 -84
-2 -311
156 -146
-489 -287
164 -380
-398 -407
-148 48
-482 -252
128 314
86 -298
66 -181
74 95
151 407
-170 450
1 402
215 -267
61 -393
158 443
-97 63
189 -281
211 -309
230 -357
190 -44
459 257
-310 267
307 190
394 -157
153 -98
491 211
-255 151
-51 -362
310 -162
-461 89
-431 290
70 23
-422 421
-351 -81
-291 -392
-486 -434
344 -439
149 430
-176 142
397 -12
-205 -369
419 -361
181 324
266 399
-452 228
-396 121
-177 -399
-260 -199
-195 -357
3 -315
-448 -21
-5 -72
-30 -52
199 -449
-123 -444
103 499
-372 182
20 53
261 -28
479 19
160 -115
-78 -90
-252 -326
496 278
222 367
-369 166
380 -74
-180 454
-442 122
-443 -212
117 -344
405 -435
-167 283
-466 -363
28 -50
118 -95
129 -417
261 113
204 404
-164 -242
-325 -367
54 -491
341 476
-152 377
-128 496
325 -149
419 212
354 -482
132 110
-289 -496
-195 -453
-161 315
-380 -191
376 -118
-261 10
92 -324
-108 430
21 341
-221 -46
243 -297
-106 -472
446 242
459 95
243 489
-262 -417
490 9
-218 27
-368 161
-272 -319
-420 330
25 490
102 -230
115 174
39 297
117 132
9 -34
-312 248
-98 178
-135 246
-112 231
-402 157
476 459
-209 264
-144 213
-153 131
-351 -92
86 411
-450 -6
-154 -203
-219 66
3 -149
-406 -183
-484 -160
-214 -255
-443 494
454 320
-451 -388
-15 -263
34 -360
-41 120
-437 359
-31 442
-323 -67
-262 89
-433 -26
-47 183
492 368
178 -456
109 -382
-402 209
411 -293
-65 -327
-98 280
-80 422
445 219
-117 372
42 -287
218 345
-269 280
-453 -126
413 -25
81 38
-25 79
493 -322
201 100
-386 128
324 -33
49 -461
-136 -488
-276 244
-178 -326
-401 211
-315 -343
174 213
183 -348
194 -222
270 289
-179 -500
302 -206
98 -107
51 181
401 -395
300 436
440 337
-485 -57
-434 139
-304 -237
-99 -231
366 -62
139 240
286 -342
-226 192
296 -75
-387 29
86 -297
6 33
50 330
-459 493
395 55
63 -346
47 -361
467 300
383 -176
-177 -476
225 136
-298 411
4 -493
-194 240
240 372
78 204
-95 -33
-481 392
208 -291
69 14
228 286
219 -291
-3 459
-220 -361
-316 193
-6 390
295 396
200 288
50 -256
-373 208
284 -437
45 227
312 242
193 -372
-48 345
-334 99
176 81
-480 -53
-444 236
148 49
152 -292
-465 411
-82 -295
-29 -15
-438 205
49 171
379 414
-360 335
105 -259
-247 -300
430 56
-205 -42
164 397
399 440
-254 443
280 21
-351 -80
120 -71
313 -225
225 -429
10 -385
-72 317
310 27
-285 72
-205 -19
-357 -447
39 348
43 11
101 -276
-191 232
364 218
-398 -356
141 -492
345 -30
452 -237
46 202
56 -480
-256 -1
-172 -421
221 413
303 124
-400 90
118 229
-78 -337
407 248
-18 398
-493 -5
-268 424
-392 193
399 73
-488 -151
481 -9
-56 -192
295 25
-234 175
3 -443
54 -45
-460 233
-490 474
-305 157
69 142
279 449
-145 -489
248 150
-50 -166
-390 -436
-361 325
-85 463
140 59
-30 -150
389 -388
-338 440
309 -41
-235 -263
86 428
-372 -105
394 307
166 188
-5 -210
-299 463
257 281
-130 184
224 155
-329 408
-25 -466
-15 281
199 -63
398 -294
398 -269
-282 163
-189 25
-353 -353
-262 304
-352 133
309 46
417 -436
313 243
-254 -55
-461 -394
-346 -481
11 -201
431 482
490 -216
-369 135
-13 342
-349 486
-137 175
220 129
-274 -214
201 -114
-381 200
-287 -90
-326 435
21 479
167 -312
85 -24
-134 52
155 176
294 -490
360 22
-45 483
-473 259
318 -21
-211 -165
497 -258
157 128
13 -132
203 94
205 472
-250 -283
-95 -289
400 -258
-26 -6
184 14
-169 -465
-69 484
-252 -313
-30 -228
221 -301
-208 -364
124 152
-295 429
-310 425
-274 439
68 -393
-104 352
-98 475
137 -397
402 26
232 87
-282 249
83 -438
-445 228
-461 144
-471 -69
-117 228
-390 257
146 -493
-152 -226
-207 -117
133 109
-87 -41
-125 51
-28 -317
-200 228
12 393
-325 -15
373 256
172 -164
217 416
365 425
327 343
179 -319
-388 308
-204 -241
-29 -173
-155 -100
-230 -140
291 -395
-318 185
-349 -324
434 316
446 210
-58 -488
326 19
28 -480
-335 127
-206 251
-57 85
-116 464
186 220
-364 -317
-207 495
69 295
-182 -333
-465 181
398 425
64 314
161 -119
321 -474
305 -190
259 -225
-177 -245
496 -336
197 12
-9 -354
-33 353
147 135
-212 209
123 418
-212 392
-170 -92
-398 244
-318 -105
4 -20
90 327
468 392
-344 -471
55 -18
128 424
-465 -355
470 -261
384 -486
-279 -423
-356 -228
-16 38
-394 -405
398 -378
-245 -252
3 198
483 275
95 -357
-36 63
-128 137
-328 380
40 -95
-370 209
289 78
-173 401
-241 -204
10 -248
224 -13
171 485
-367 372
140 108
353 478
472 254
-401 -278
457 294
155 10
323 105
-185 -364
-446 -267
199 93
73 38
464 -402
149 -313
146 391
-463 -444
285 -330
124 -413
386 138
317 113
-191 460
401 -487
-447 -240
108 261
350 -144
373 385
-274 464
-318 139
162 485
148 65
-494 -50
-354 -308
-201 -364
75 419
295 370
-424 -277
-468 -86
-53 -372
87 253
11 -174
169 340
-64 -73
356 419
-246 74
452 430
-394 -150
-482 484
425 86
103 444
-433 -171
-428 137
-54 68
-148 -464
-230 -392
-417 -5
195 224
176 43
155 426
-474 157
36 -22
450 -396
-178 -115
-53 348
369 -226
109 466
-435 -437
-418 3
-93 -166
-159 -245
-243 -353
-78 38
-120 220
290 118
327 -106
353 161
-347 -325
-380 256
384 -5
-438 469
156 37
-263 43
-107 211
-304 -326
166 -292
371 -156
285 140
-467 -459
-237 -274
-322 38
-351 489
-296 30
-10 -9
19 364
277 -392
-255 244
-495 114
375 -499
478 358
-355 41
322 -193
-437 -96
-54 -69
-35 412
-220 -83
-435 -21
-347 -500
-160 237
-36 405
-496 -462
47 73
244 314
-314 -10
207 288
312 150
-140 -111
466 -285
-297 -252
253 -484
-263 259
342 -384
268 240
182 5
74 162
-447 384
-86 -105
385 -479
-483 -420
-327 -431
-392 264
467 408
273 -46
10 -266
117 -440
380 -165
-142 224
-176 200
-227 -372
-396 79
490 444
-448 -58
-353 141
-17 -145
-173 -434
-364 117
-377 -351
123 -391
312 -4
-416 -253
131 484
-384 -155
-251 97
397 326
134 313
-408 -413
-299 165
381 -295
453 413
-397 461
235 -341
427 -347
37 -359
-66 -204
137 180
370 -10
-312 163
-206 -336
288 20
-28 -282
-309 -10
226 -208
-89 406
323 -458
-335 471
268 -141
-440 168
230 -430
-27 -30
-177 491
382 -302
-311 244
72 -31
-273 353
-324 -134
119 -189
-446 235
28 87
-213 110
-224 -218
401 363
20 278
94 -194
-232 -310
-73 -204
-67 246
20 -155
445 -301
459 -154
-50 -356
239 165
-312 -106
403 473
109 -461
-269 -33
-445 147
-493 -372
121 -444
-182 -366
-66 -172
-274 -331
-390 388
168 -266
312 -98
258 -86
-352 -435
-203 -347
-354 86
390 -482
226 336
-346 474
285 -296
-143 184
132 -44
-306 -415
-126 446
15 26
-76 -372
-82 -444
492 -163
130 202
-492 -124
401 72
450 30
107 150
-197 -93
-180 -136
426 -139
-188 -313
361 164
-458 -293
-289 -159
313 409
-247 -366
-447 24
207 -301
-426 384
480 -330
237 -379
296 31
-109 107
160 -407
-494 128
296 209
252 -13
161 -177
330 113
-164 246
-80 -264
-306 -215
-34 116
369 -434
136 -205
-42 -410
-134 16
307 268
38 -454
-222 176
-99 -173
499 381
-438 -19
-27 340
403 -33
188 -447
321 -411
341 -395
258 -419
207 34
306 395
-497 266
-223 -240
484 241
277 -138
-229 493
214 -288
451 438
382 146
283 -487
95 -155
358 336
-44 257
-276 -20
102 232
372 -4
-26 199
-57 -86
17 237
483 -414
-157 -452
-40 -500
-439 451
344 334
248 -211
80 432
-431 -193
247 57
89 319
42 214
303 19
-30 79
376 126
-288 -142
-367 -402
-88 102
-492 -346
343 90
-176 -268
-150 470
-173 -229
-420 -490
492 -300
276 472
214 -394
-374 -405
-291 240
410 -181
-183 105
97 -445
-176 26
324 309
32 -179
456 390
-226 91
123 -309
435 -390
375 -32
-254 -75
-249 -314
-83 392
30 406
-317 -425
-48 -54
482 -195
-117 478
187 74
478 54
-219 140
287 -110
7 202
-235 286
-387 -373
345 237
347 469
357 470
114 183
369 82
-296 -284
19 329
214 -57
241 412
4 291
-396 493
166 -202
183 -160
213 202
-113 -197
80 -114
16 482
162 19
-212 246
135 243
443 32
329 461
-30 85
-441 97
-254 -22
-305 434
137 223
-305 499
-37 295
129 -307
8 462
379 88
469 -182
-138 378
-224 220
-211 -266
-136 458
-49 138
-102 -58
-399 -331
-457 472
-67 -391
-269 -84
410 -304
-431 -323
14 314
-57 -264
-363 -34
192 -416
88 -324
247 40
-305 392
-109 443
-304 108
460 -78
174 -103
93 -270
142 348
-107 176
394 377
276 122
-69 -247
-35 350
-216 -140
42 -102
438 243
342 274
23 344
-416 163
63 -130
-31 414
-181 322
-232 34
-162 -482
203 184
107 -400
-264 103
-111 396
-127 -286
242 42
-283 474
-465 214
-220 52
-21 430
-124 -490
-206 358
273 -285
-250 471
226 -441
-483 -448
300 252
157 -377
452 190
-41 -28
-99 -65
-351 -220
-434 26
-402 -276
-376 -105
415 299
-34 276
363 114
-26 -24
28 -447
-135 -445
316 -439
-298 -461
446 90
-50 -497
329 228
-312 58
407 495
-267 -499
345 -63
232 -11
140 176
221 163
-23 180
-414 -182
-384 495
334 435
135 -334
91 178
-257 -427
-326 -229
466 -168
388 -489
454 422
-184 217
-103 251
153 114
-252 -180
22 -355
252 482
455 -214
354 -171
402 -294
384 160
455 -382
467 -375
-240 -457
-431 -62
58 -10
-410 265
409 56
-257 238
-203 473
-355 467
373 64
286 408
-149 318
-92 -253
-334 130
-419 -264
-18 -32
87 -441
334 -83
435 -82
470 -368
-439 356
-448 418
-42 -427
92 -124
84 -51
-81 357
157 -217
114 72
-245 -399
104 400
-197 264
-213 361
-147 317
-188 -304
-198 3
-492 -11
-28 -11
-242 335
113 -153
131 248
477 184
9 -282
-271 -276
-88 -440
-332 -286
-435 -173
-32 -300
-275 -177
-333 -211
-195 190
-169 331
353 444
-242 -422
155 89
-321 254
174 -12
-39 404
498 284
-142 -310
-359 -286
-177 -103
479 -417
446 14
156 54
379 -294
259 95
311 -77
-44 162
234 80
0 20
-494 -462
66 -295
385 -224
188 315
393 -285
-23 -48
152 -246
-379 42
144 341
-361 441
-405 102
-452 222
270 59
-414 24
462 467
-335 -357
458 -248
-417 41
423 -168
2 -335
8 -310
-11 11
343 212
496 90
175 187
-329 -26
130 439
250 39
-197 241
139 -390
-228 27
-490 -369
-301 284
-446 -255
-426 -273
359 -404
-112 -383
307 324
-130 159
148 -11
347 314
274 -19
172 225
23 -320
133 70
-483 39
477 485
334 418
-69 373
-46 487
-157 -177
288 66
-412 412
412 287
-326 -299
-13 -276
127 -327
-269 495
117 -92
-300 137
-319 -68
227 351
213 321
449 258
281 -1
19 102
333 59
-490 87
170 399
-148 -410
-197 -406
203 -64
369 407
475 -356
-8 -406
-84 -416
-124 103
208 386
403 -294
-291 298
-441 434
-434 -495
-484 -253
301 -146
470 -66
-274 251
-496 -118
228 -198
63 -496
-373 392
155 327
484 -434
484 -401
-182 -264
-432 380
-322 318
-98 288
-228 52
77 -279
163 -474
423 -54
84 -371
-351 416
373 174
-84 277
324 -274
102 -215
-201 107
-129 -366
-39 381
-141 -320
-210 189
-303 26
29 -197
466 233
-286 -300
-27 -302
-133 206
474 -444
4 276
-334 -312
-411 372
82 -303
480 -227
-181 -454
-345 -30
-149 -65
-388 -343
-26 -187
187 -224
-327 -181
376 365
-141 -487
191 458
192 161
273 -196
-233 -58
45 -324
-342 379
333 -360
-261 49
237 125
-352 128
-243 87
319 389
-354 359
283 406
-117 450
-65 435
-65 69
-217 218
-436 -247
24 467
-87 54
224 -371
157 -488
-334 175
-440 -489
417 -16
115 171
0 -499
288 243
-369 -404
-374 -112
80 -30
1 -412
-151 -431
302 -273
-395 -19
187 -459
353 -366
-165 -234
403 153
-486 -16
-251 332
175 161
466 -276
322 452
-210 178
-121 186
-464 -282
-438 -440
413 232
163 255
87 -275
-61 -497
152 -209
252 -264
145 -379
192 -119
-70 240
-270 -79
422 -312
107 96
343 -41
-286 381
80 285
228 -46
-384 494
-454 -413
120 255
-93 -470
87 -60
-277 -259
-409 -389
-352 277
496 -268
114 262
-153 -125
112 257
399 326
-126 498
-155 77
490 293
66 -349
438 -56
125 410
-269 -102
257 175
401 467
-139 182
-289 177
-211 -66
-264 -180
-306 -335
-310 433
37 -490
-453 306
59 428
335 134
-454 316
346 489
67 -171
173 -45
-499 -279
-19 -164
-269 -335
-129 79
302 309
72 463
284 422
32 14
214 -253
-192 291
-245 25
337 -56
-188 -22
257 385
-304 440
257 -158
379 -308
-326 -404
86 -23
377 -373
-107 21
-425 -351
246 149
90 -477
-319 -463
-267 394
-365 -458
36 -328
-203 -216
-459 288
-109 -458
230 -5
-417 322
305 471
-178 -69
-484 56
464 -104
55 -205
-9 -74
496 -407
195 -88
374 -454
-187 19
168 195
1 -499
320 -396
176 -208
165 351
254 388
-245 -89
6 -454
-17 305
272 -323
431 -161
494 -95
234 451
-121 409
-258 217
459 -414
-316 181
-168 253
495 299
-148 485
221 -314
352 57
-114 329
420 -160
485 -1
468 -292
-243 58
-369 -275
196 -460
116 -458
-72 -226
-66 -230
-263 261
275 301
386 491
-455 -338
-99 292
291 413
38 8
-362 36
-479 302
500 -396
498 474
-423 -406
-221 -256
-149 -256
334 394
-202 -449
-222 -297
298 381
-452 15
182 -188
-415 358
-430 -480
376 260
-486 -424
425 -176
158 123
479 341
187 -136
408 -407
-167 441
259 -41
168 446
-372 -384
-236 -84
-15 -147
495 410
422 -13
203 286
219 -77
-355 19
-484 -7
-237 -83
259 -25
44 -318
-202 382
-484 237
254 89
-314 -151
95 -490
320 55
-397 312
-54 349
345 108
10 237
71 14
-380 312
67 -9
119 -206
-414 387
-203 349
-334 -373
-159 308
-187 46
387 397
-297 378
299 -306
282 277
-63 -6
-124 -355
-117 -246
-68 226
244 -339
185 -205
-366 177
-315 338
-246 418
93 141
-233 459
-417 329
-377 268
26 141
288 -35
149 -188
-58 -300
-95 457
97 -275
322 170
5 5
-438 338
-454 119
145 -49
-230 308
261 404
233 -178
-190 -116
43 -380
-334 300
-483 284
-477 327
-96 145
134 -382
-283 347
437 113
-22 466
9 -368
110 485
-413 41
67 -16
361 -457
-200 468
-435 421
61 -69
438 -228
-27 163
213 -178
102 -50
241 -163
258 166
360 60
496 399
-452 424
4 -155
-348 30
-482 37
-100 20
-500 -267
295 4
417 473
266 -292
-418 165
-437 393
384 196
116 182
431 -375
-203 -298
-202 388
342 -476
-126 99
442 83
-245 366
74 -479
-407 83
-154 -342
-395 236
-372 365
-405 320
382 459
172 463
-68 202
125 418
7 233
299 380
-330 -201
-455 119
222 -219
-350 -421
-50 247
-415 -424
-209 -396
88 -486
-23 159
493 -294
494 44
191 -257
-212 -169
488 251
-225 -429
-59 -24
356 295
-47 363
-278 -165
346 180
-405 296
-319 -458
110 493
-229 -19
190 113
-31 -273
-396 -379
233 402
52 63
-87 -52
293 -156
-379 -232
-310 355
446 447
-332 259
-106 491
40 337
223 92
-454 -345
315 45
-492 474
111 -289
113 437
78 197
168 416
-150 -43
-257 -372
8 -116
-291 -288
328 -164
157 16
330 -70
402 -480
41 -63
-49 -78
274 197
21 -433
47 -409
-374 115
-486 -44
-129 -371
-163 179
273 -234
-192 -303
160 -87
-266 -111
-372 -67
-25 115
-381 198
364 -206
-104 -82
178 -461
229 -40
-95 260
455 61
-31 -482
69 -29
440 -109
281 -424
110 -214
141 393
-403 -254
-235 202
-431 -58
464 -305
486 313
91 201
-23 234
-131 -115
120 -90
-110 -279
200 148
417 -144
-38 -273
387 -148
-81 -101
241 -186
-230 -281
270 -112
-107 214
421 111
401 62
478 179
-237 -302
-323 68
-3 51
-323 -463
-139 200
152 131
-457 87
372 224
-268 313
174 347
-284 72
19 -179
370 432
-260 406
34 42
311 -152
372 104
199 -234
0 -326
-151 -326
-373 -481
261 -11
-205 -492
367 308
253 -228
313 -245
59 -486
-140 -351
-187 482
333 99
202 458
-55 449
-416 269
273 407
-342 257
363 2
230 455
414 -483
299 280
-209 -344
452 -342
-293 494
-406 -67
-110 -73
456 -297
481 232
-100 -494
-56 -391
5 82
261 -374
-349 433
-400 -181
-93 -358
496 -337
-409 22
199 -472
-1 6
-353 58
-32 -495
-239 181
-68 418
-124 406
157 248
446 -457
380 143
311 -333
-411 -36
472 455
47 -361
-193 -94
403 61
-78 403
-3 476
345 -421
-163 -130
160 -234
228 163
-139 174
-351 -209
381 195
478 456
-71 -44
366 473
269 -272
329 137
-130 33
363 15
464 451
-184 -96
314 434
-429 193
-154 199
321 369
-255 470
300 -482
126 126
-491 -127
-37 117
-48 209
85 -497
-457 233
-77 382
67 -481
439 443
358 9
-491 -184
225 406
347 -20
337 466
411 27
-57 -219
-492 350
-185 451
-425 -165
-214 225
423 -148
414 -305
-18 -335
-296 10
104 111
347 -51
100 208
-114 175
329 271
475 40
-378 443
451 360
298 220
154 137
-13 406
135 -43
151 -68
-40 -482
166 103
231 -11
434 300
143 -216
485 -71
-47 367
-265 -483
265 -319
-424 491
45 158
256 -491
-265 480
301 -337
-362 404
479 42
132 101
-12 -431
405 264
425 160
385 -299
136 -96
44 -342
92 -137
219 152
-103 2
260 282
441 -32
21 -182
91 -384
-190 132
369 66
237 382
-390 -478
-331 -334
231 -183
21 -93
187 96
-55 -286
156 -358
-447 -422
276 137
-66 489
226 -24
-52 -345
-477 249
357 183
-151 234
-453 241
38 -386
-95 121
399 -486
305 181
332 425
-365 -198
396 308
-494 304
-177 -163
-180 -175
461 147
182 106
-205 456
-466 -129
151 -351
-320 -135
-133 450
331 186
400 318
74 -206
-70 -184
92 -251
-104 291
-2 -366
-403 -261
4 -287
345 -69
144 -305
-328 175
-362 -402
375 -287
-254 -37
-389 -373
-315 287
-225 -346
337 311
111 404
16 252
-28 -436
180 293
-85 -101
-348 488
-43 59
14 -221
-294 -198
281 146
-31 14
-274 -196
-190 -184
155 -254
-209 -195
411 238
-129 422
68 315
381 240
-455 -434
-494 -280
-181 19
-46 249
-12 -304
22 -309
350 -485
-44 439
290 304
398 -270
44 194
-312 -448
300 227
286 -237
-303 -76
134 -300
-9 -247
380 241
-383 -239
-82 389
35 -204
467 -437
383 -343
-482 305
85 -188
426 148
-184 143
-287 -175
-495 -492
390 -54
486 434
423 -485
-370 260
128 -348
281 167
-139 37
-5 -498
-409 -11
214 4
-142 -178
192 489
-18 256
251 -296
72 -241
432 -42
-264 3
371 -230
-180 -378
436 -79
354 -270
-385 -246
116 338
-408 -33
481 321
28 -134
-462 434
-189 28
-97 191
228 -403
-474 -365
473 282
421 94
-55 142
127 -455
-53 -238
-223 -89
293 -37
204 154
14 -157
97 -183
25 -376
-198 45
-7 136
162 -401
-334 140
356 -275
339 323
-306 493
-219 -297
256 -336
470 57
-437 221
428 377
-385 381
-330 -62
-240 -260
-195 -483
-456 -217
-244 -386
374 -498
-420 -497
316 385
231 -203
-386 91
296 475
436 6
8 467
323 -122
-378 453
-308 472
-85 -470
-371 179
-330 349
-273 380
433 395
258 242
-407 -178
229 -458
63 -63
-237 -297
485 -293
461 496
-247 -305
-472 -157
-104 -4
-35 -29
-330 -219
-427 69
18 357
-140 -126
-348 -478
-269 354
85 162
217 -81
189 -58
3 159
-304 393
450 20
-264 -78
303 77
-136 417
375 -29
355 -360
-248 179
-280 -474
406 -295
-270 21
-398 13
-47 -71
166 -221
-104 -426
430 397
-341 172
-340 -495
39 -179
-185 -63
339 323
-384 243
368 414
355 188
-276 -363
-226 192
410 414
-228 -186
-311 -98
-150 233
402 -41
267 -61
236 56
164 229
-87 -118
-316 104
-273 39
132 -238
67 82
234 -52
-248 -452
-144 222
-236 -346
-9 -220
253 264
46 327
-24 -283
229 -253
-125 -397
168 266
143 352
340 91
-111 186
184 -333
-280 378
270 225
-46 130
483 -423
-259 -487
-97 -86
-223 -277
461 -352
301 -146
-290 246
330 -62
350 -485
-141 -437
-397 372
499 279
-162 -56
18 206
-216 -363
-394 -261
-218 -212
179 -393
55 178
477 -238
-151 -463
-500 -103
-54 174
-322 472
-181 400
136 -114
172 -344
145 -392
64 231
-65 -499
185 -217
-405 -99
227 222
180 -248
360 -354
-308 344
-130 -310
-99 188
291 429
136 279
256 410
-164 81
-145 -484
364 -446
120 -346
336 121
333 483
37 -246
-316 -141
323 371
419 346
-29 377
-348 -448
397 460
33 496
327 -118
-454 -224
337 -156
113 -63
-160 353
-70 56
328 -316
145 -495
-144 213
-402 446
-3 -214
-223 -70
-193 33
-150 216
-50 80
-318 278
447 -494
460 -78
-274 -375
219 -320
-281 -386
-52 -450
-256 347
-439 -198
-162 185
18 216
-321 -1
-44 381
106 375
415 -166
-146 299
-313 325
-383 -269
319 -141
1 -51
65 -105
-372 104
-313 1
432 49
243 175
481 -173
-80 -354
-99 -323
64 356
-282 -444
453 -232
355 -65
482 -200
-367 399
-491 316
217 -145
437 198
-59 360
-367 -305
375 -30
469 31
381 220
313 183
387 113
226 -444
56 249
383 -493
-194 261
-23 -172
401 -128
-119 236
309 -207
-365 -182
173 -423
-16 -169
-169 -363
469 -121
258 128
-462 -495
128 88
-54 292
-384 -254
-254 -387
65 226
449 241
20 201
190 379
268 -131
-478 -389
177 -416
332 -407
-178 348
293 -296
-27 -305
-431 279
-292 220
-277 -306
110 -314
143 107
313 67
327 -199
-278 375
-195 -201
299 -282
-107 -334
-282 -366
127 280
337 -60
-364 491
-103 -57
354 173
191 -478
-97 -140
148 -103
222 -400
177 459
401 307
138 -301
169 284
-261 7
-375 120
-90 62
-15 382
-459 -370
150 -290
-245 18
-162 155
-240 400
-273 389
295 -145
-254 -107
-183 250
-348 -447
422 -60
-161 -215
492 129
468 -390
416 -240
-102 -61
3 -208
-338 -92
61 -224
435 142
217 388
-450 -46
431 -303
-163 -223
225 127
393 -224
188 -168
133 188
-139 -345
129 354
459 -113
-108 -226
150 -342
-322 323
-349 -99
-41 -113
199 -159
-76 184
-287 308
-172 -64
-342 -215
-362 -11
-372 213
270 90
-243 -312
197 -302
-446 -406
168 197
414 177
-31 296
-13 98
139 -42
121 284
-389 -154
-12 -349
-211 374
346 -450
-109 94
29 -407
-261 -384
360 -443
-471 -178
-24 -7
426 -75
-245 317
-16 179
-291 -470
23 -259
493 273
-44 107
394 -262
-319 -91
-388 -489
439 421
-36 149
399 -137
-287 -135
-15 -271
210 18
-16 -265
145 306
-81 -69
397 99
406 -160
117 -444
-221 -240
442 19
-352 -475
329 -137
-29 -383
-468 -494
0 -301
-129 -354
-249 -309
-99 -455
-287 378
-423 19
87 -357
417 78
-368 -127
-411 -152
317 -210
-343 44
177 266
-9 -214
191 178
431 -66
153 -188
-197 206
420 226
-237 176
482 -216
161 305
182 367
-308 -260
399 361
-229 -237
51 59
-95 -31
58 -216
477 -32
484 204
411 -208
-478 -274
424 397
-211 -172
279 -179
-192 340
-391 -187
-366 -494
-379 -279
266 -215
-74 410
390 -315
-37 217
28 -373
195 -251
314 -357
-257 -90
-378 -336
-361 46
-359 -323
70 491
296 -363
-333 443
-345 29
-475 334
136 125
70 -129
125 -270
349 -470
212 -147
-79 -17
476 19
142 320
-70 369
-481 -431
59 -365
-212 446
-5 -176
-244 69
180 422
-6 418
319 414
275 -478
436 -92
161 -479
94 -91
330 463
242 49
334 -188
86 265
265 407
90 474
-273 -34
285 -476
268 348
-77 15
-444 -228
-278 45
62 492
-248 121
-97 -490
-408 389
297 -409
435 -293
284 -309
-131 -403
-70 370
189 -85
168 -40
451 -324
-361 102
154 -334
239 -191
-446 149
-437 388
46 -336
-308 174
-468 109
-490 -299
61 316
166 490
129 491
-490 -250
381 -80
-196 140
-51 268
123 -59
-331 -415
365 263
378 51
-8 59
93 -92
-207 -36
-255 -107
5 -58
-491 325
179 304
102 -177
-439 -308
155 325
207 386
-166 -475
-246 -369
224 284
113 26
338 -134
-44 20
341 -356
-17 -10
