100
263 -478
309 -320
387 -401
-90 472
-234 -53
-301 215
-255 -487
-356 -114
-344 479
-266 183
-34 -73
262 -342
-110 138
167 297
328 -14
-119 132
-268 149
-138 -61
160 -274
110 318
451 -334
-109 355
84 -370
-138 145
359 -344
-23 -189
-158 362
154 -493
-430 -423
-106 -151
-203 107
-410 234
413 -265
-405 431
-27 40
-249 121
-107 -39
-458 -205
-359 56
281 -459
68 8
-498 354
-500 -21
412 372
-434 -319
-62 -224
-292 475
195 -130
395 -381
-21 -136
150 477
-237 -473
-497 357
87 446
304 -229
479 -213
53 -98
461 -162
-3 267
32 -212
-168 -15
-68 158
234 451
337 -408
-367 74
-309 -184
-156 -216
294 -74
-51 -222
-214 -491
-183 396
-431 445
302 478
397 95
259 294
170 -70
37 -90
196 74
-97 -346
-440 -189
341 -77
492 324
-63 472
-42 164
432 -256
322 -411
-397 344
-446 327
251 256
406 440
-13 228
-141 103
-296 -123
-498 471
-455 171
-430 -361
-317 3
176 32
-346 156
-45 -413
