100
-257 -251
-444 -440
343 -369
27 -269
-487 198
341 -101
-196 304
-329 -230
125 -357
-329 481
356 -92
153 83
383 -61
-75 -277
141 113
448 142
-227 256
229 71
-415 -266
52 97
-53 -186
343 -463
-404 -411
-230 174
266 -297
269 377
340 -25
-88 210
487 -285
193 415
139 -278
462 -346
416 49
-335 113
443 98
450 -288
298 -295
193 347
329 -293
-500 -397
-13 463
-86 340
288 222
389 5
459 113
367 45
-402 -88
-255 -359
-99 -317
184 349
-21 410
-357 4
-492 -97
135 332
260 -413
457 420
77 104
477 -114
348 -39
-447 495
-421 283
-380 498
236 426
324 76
106 137
174 59
478 113
432 164
-399 -476
309 374
165 -244
180 -228
488 -49
-24 304
106 231
-316 312
-356 -62
276 399
151 -199
-188 491
281 256
-452 -294
455 461
-347 421
157 -51
-37 -182
29 413
267 443
335 43
444 216
-152 494
136 -37
-236 196
-97 441
-246 311
75 3
-408 122
474 95
397 -436
195 402
