100
20 -292
306 500
220 -12
240 424
412 490
272 -457
286 -121
245 -205
-277 -172
-195 433
-468 271
-374 -483
-449 -132
379 147
264 -321
-444 -208
498 -491
-421 -82
-19 474
212 158
-80 -375
-441 -24
-293 429
-454 60
276 -287
190 207
18 198
14 257
20 -248
-247 292
-37 255
407 -191
-43 150
318 471
-237 -157
8 -390
-182 -500
-376 120
-85 150
242 117
368 -207
-33 -411
-100 265
419 111
264 -49
222 -279
163 171
149 364
-281 408
-421 -10
186 -211
67 -146
316 -100
-366 182
449 -448
-152 288
391 185
-467 -483
441 234
-81 143
387 -131
138 95
-412 415
-228 265
-75 174
460 415
124 -330
378 -236
285 158
119 92
490 403
-383 -258
-190 295
-155 496
141 -65
-479 47
389 406
-51 60
188 -168
-394 -398
-426 -387
-169 7
-454 105
79 -82
-345 -457
-185 183
357 -275
78 325
-355 166
-4 -12
459 -499
463 -157
330 -205
46 -41
-469 184
-43 75
-292 34
-414 -18
262 428
435 477
