100
-86 -35
-108 238
257 -170
208 19
-407 194
-455 -498
121 468
36 173
-324 -136
160 382
4 44
104 -397
301 348
190 101
331 427
-229 283
337 389
381 36
-59 408
-124 -466
-224 -500
-336 -199
-410 126
-339 -435
-67 36
258 190
-55 -68
108 482
415 -288
-337 266
-156 66
-15 -412
-181 103
184 -103
323 -377
-146 -319
453 419
-201 -178
278 -104
-363 392
-307 427
-10 -277
50 382
-333 -109
-271 85
-96 187
-214 -375
-387 15
332 21
104 14
-410 147
238 -149
52 0
388 -87
-348 337
-391 279
485 434
-163 470
-34 -310
102 136
225 -84
-211 -212
-153 -261
364 -279
-341 185
-226 -208
-24 -181
186 -199
244 -167
355 -295
227 204
330 -111
-334 -370
13 -348
-159 -38
350 500
-493 -395
150 -95
-14 -458
347 -82
-115 -317
-137 351
-275 -28
-415 113
-46 -457
-221 -11
-186 96
-368 305
119 14
409 -240
-311 377
-148 420
83 -206
-214 23
-53 -376
-51 -161
344 -179
109 -228
482 -60
494 -176
