1000
-75 48
50 -428
0 376
-6 332
-51 -496
-303 258
-384 -310
486 147
475 -420
-407 -150
51 160
442 -307
-444 42
246 431
-290 -188
405 -232
-170 367
-196 265
298 -106
-447 218
495 -107
-485 345
-374 -410
-465 -363
-24 -300
82 -93
78 -380
-302 444
-332 421
-168 -327
494 -5
200 -189
-343 -422
335 310
54 207
95 281
-240 -41
-284 -234
-436 -467
182 30
470 -308
40 -305
-90 158
-84 -384
78 -15
-366 -189
-472 -309
15 -326
-315 -215
478 207
-314 -152
160 -296
303 -220
-226 -131
180 -212
483 114
-345 -494
-387 -143
-228 168
-122 146
-372 -305
320 252
-493 469
-196 414
-56 -329
249 -98
-490 324
237 25
-326 -313
128 -491
4 329
-338 106
-207 275
-134 -199
61 202
200 -168
-87 -44
445 201
335 -104
258 268
212 114
-314 -169
5 429
-84 39
-159 -156
-285 141
233 -179
-318 344
2 153
197 290
464 -490
380 -114
-61 -86
-469 451
292 -287
175 4
114 20
467 -396
391 -490
38 -234
305 27
-452 -435
413 -17
363 358
-313 255
374 200
13 -405
115 -288
-459 -216
124 -16
-82 -247
328 187
328 -487
331 -77
285 327
379 131
1 -323
-1 52
-500 390
-281 78
-100 203
483 446
289 481
-431 -393
183 201
182 -314
-42 16
-229 173
198 -214
-136 23
-28 -302
-209 313
-179 52
456 108
97 -474
-343 234
420 -469
-319 -306
-48 -339
-172 -221
-214 -55
-292 177
366 36
49 -64
-242 -433
466 469
120 310
206 -141
-136 20
457 -115
328 -279
-402 379
346 -309
-352 270
218 440
155 -292
124 434
37 -282
-113 -339
160 -243
-360 -460
107 281
490 -107
-249 -125
320 129
22 -291
439 -362
-29 406
-129 -496
-255 -85
357 -40
430 -231
-31 -16
295 168
-190 -432
112 401
-487 -92
68 149
375 -74
-375 -380
-115 -498
73 270
439 -244
59 -42
-267 31
-194 317
290 373
-85 -130
12 -120
194 -351
-418 174
-220 -102
-419 -45
-106 221
-255 -162
424 -47
-468 -389
-332 366
-103 400
243 128
-345 357
-26 -112
146 -25
10 -6
309 -336
473 -428
-414 -365
-497 436
-79 -278
175 -214
-343 177
-414 21
158 263
62 -269
-6 -180
-482 -219
388 -414
204 -315
43 -335
-11 -338
350 355
177 58
245 110
-261 -352
84 490
-80 356
373 190
430 113
30 -425
14 128
4 450
159 -386
-268 31
445 -175
279 394
-98 -103
156 101
-403 84
355 78
61 -485
-304 419
160 370
48 -153
11 -26
-172 -82
37 109
-137 201
115 -222
425 -268
195 355
-64 -386
-415 -124
375 267
289 321
80 258
-120 -415
-359 -120
298 -289
201 14
229 365
165 436
-158 -433
-193 389
-231 127
-258 -287
183 293
-282 -24
273 159
213 169
358 85
-458 -346
-397 -36
-175 259
-496 -290
8 114
-324 126
109 341
442 -180
298 -438
-30 249
-483 433
144 -487
241 -58
17 -128
-469 389
-85 -261
154 -199
-483 -68
-175 104
424 -391
-322 -487
185 262
243 288
-204 -387
372 -237
-91 474
-118 284
-425 377
-366 -342
-200 -71
406 267
-164 287
-5 -428
-499 387
-17 -76
335 97
-122 -34
-246 342
-5 143
361 -143
446 -356
-486 -467
-422 153
-103 -262
-12 73
207 -130
-484 -278
-149 355
122 -451
-483 12
-351 39
-167 -94
447 -208
183 167
-79 -266
-437 174
129 150
498 -417
-315 -442
299 63
-369 372
23 192
-482 -161
-246 -204
-407 330
-231 -51
-124 -307
-104 97
-324 -380
307 143
9 167
405 -482
291 -219
-498 -117
-398 31
-73 62
-360 363
-230 166
254 105
6 -495
-487 -173
-432 498
420 -467
56 -498
323 -158
134 80
249 182
-146 -292
-409 -58
-221 38
-63 98
351 -234
-124 32
68 75
424 106
194 -405
-204 -45
-376 317
434 450
-263 210
85 294
-415 -447
-282 352
450 337
-149 225
-294 -260
175 -100
-388 -197
-124 400
333 310
323 308
-175 302
168 359
181 454
-295 -393
148 -273
-409 334
331 302
-131 -200
161 -371
219 326
298 75
394 -194
-355 -245
-300 368
81 359
106 24
-49 338
103 -161
350 -200
113 115
-388 -110
323 -334
178 241
-378 427
-469 258
-216 358
373 -337
-223 -161
461 210
91 236
139 -402
117 374
-164 -180
-247 330
79 -89
131 -474
-93 409
252 433
71 461
-178 -276
309 77
299 -396
76 -39
280 248
18 495
454 -251
248 -21
-466 -485
-299 202
15 496
-411 428
44 -268
93 288
-144 285
410 -229
399 79
-281 -450
-463 67
-171 -33
-493 79
60 160
-31 127
400 -208
-252 -57
-357 365
-440 324
-339 -313
430 -235
-81 -480
108 -154
14 -386
-295 189
22 143
-268 -120
418 481
189 248
33 -412
279 -322
-174 124
-310 -465
-129 248
434 -132
499 63
-336 -365
-163 368
138 -343
490 -473
475 455
-424 -465
-275 -306
344 172
69 31
267 -447
-457 -81
209 361
-144 -382
488 -498
453 434
-414 -115
-321 -308
-225 -277
-270 -81
-47 379
-18 -219
-170 -437
263 80
121 -276
30 479
471 104
386 -261
-249 359
203 403
403 -18
-392 -129
94 -80
314 467
324 175
-338 437
-192 -75
196 49
-457 499
140 -138
247 -151
448 115
-20 -402
390 4
-143 -271
-298 178
-80 130
176 34
-391 -469
152 -275
291 314
-280 286
-139 -246
-253 3
-236 113
11 47
280 277
322 388
108 -281
-75 461
-105 138
-316 -11
472 -133
424 73
198 -56
-494 413
298 91
196 -258
52 495
92 -469
33 -22
-390 122
-379 -413
-468 -107
-112 198
161 464
-480 -298
339 53
-265 461
423 -429
137 424
359 -27
-443 111
126 473
28 321
327 291
-373 -425
247 47
-39 6
407 286
8 466
-330 -391
94 -292
-296 -168
258 -99
235 211
-475 487
-312 -442
-199 154
-79 -478
-251 419
-367 -31
-10 -48
-394 299
-147 -69
184 399
-133 -63
-204 251
160 -73
-412 -388
323 -432
-486 58
319 -459
357 319
347 56
-368 67
272 -306
494 -223
485 341
-266 470
362 -47
-250 -158
-116 -216
-183 369
219 45
45 -488
-294 -99
-439 -52
53 342
175 144
-381 247
-28 131
351 -184
-385 214
-448 -500
-305 315
45 -297
-81 262
449 214
404 420
207 248
92 -35
240 -152
-368 361
-343 -362
-234 -295
-168 -217
358 448
17 -467
78 -175
176 374
-123 131
-414 454
60 -368
167 -167
-164 -134
425 95
-485 -310
176 -417
137 -412
80 63
419 -63
-207 -117
425 -186
-491 -221
25 76
-57 367
-422 -129
172 -447
233 385
-136 69
-13 -488
343 468
-213 277
-44 307
115 158
13 -225
-271 257
199 -79
-188 -497
46 -370
165 -305
412 -411
-40 -148
-229 491
100 -459
-49 -323
260 278
47 238
480 -57
-393 4
-99 -396
86 82
77 350
-32 2
394 -20
-241 324
226 216
437 91
-265 215
413 348
11 50
330 -123
-126 -120
408 106
311 143
-9 60
-186 -212
304 -341
241 247
-234 298
-382 253
34 344
416 326
-84 -61
-370 -48
232 -473
-64 -123
-83 -153
83 -87
-210 -251
63 -227
-333 260
-166 -72
-235 -397
120 -381
491 -308
187 285
169 -93
-497 -65
44 -480
246 -257
300 -476
273 -320
471 -72
-375 331
445 -260
-320 -230
-348 -266
-54 -218
61 -337
42 458
-290 -410
-260 -372
-290 360
339 -437
381 57
334 33
482 497
258 -282
-270 154
185 332
-421 354
297 79
-35 68
-200 -344
-258 -263
45 -192
169 -452
-117 -221
7 427
-196 -413
27 -273
409 -68
-267 -61
-326 -329
148 -264
262 305
-462 -169
428 -472
359 485
37 63
-192 -318
-309 -146
270 257
-260 -269
429 -457
-333 -194
54 15
453 -359
-18 468
239 -425
81 189
293 434
-41 -58
-467 48
-121 -338
-380 321
109 -405
485 363
-243 453
148 154
385 -419
496 450
-287 466
176 255
45 470
38 5
347 109
-372 -485
7 19
231 64
-21 142
-425 318
318 296
-214 403
365 -106
237 474
-446 -186
-499 -356
24 344
143 -358
134 -168
-279 -322
-408 -166
3 -314
50 208
224 -7
-253 -290
-433 111
55 420
-342 319
-319 -382
200 -267
163 323
-388 172
216 254
359 -74
-273 334
441 368
-274 -396
-396 -418
-306 -267
-21 343
-224 282
307 56
-132 2
-94 -149
-411 -370
-174 -232
441 421
299 407
463 206
-51 -481
474 -15
-204 246
185 447
443 133
84 361
401 17
123 -45
-253 -263
-150 318
483 195
488 -327
-397 -242
115 11
-84 418
144 -347
344 -228
-316 -192
-55 -193
305 108
158 -433
-356 -33
-471 358
-299 -439
339 368
-362 -146
-146 -499
60 134
-333 232
-174 251
-436 -352
193 428
-329 -264
2 434
-60 74
-320 -181
-86 -412
23 -301
-457 -217
250 213
257 151
-231 -119
-199 -91
294 -196
-442 164
-163 -354
-231 117
-233 -113
-10 -145
-265 142
436 -230
367 39
-405 -63
314 169
-438 145
203 252
187 156
246 255
-259 191
-13 158
312 -247
-481 453
477 316
-242 267
-290 -433
72 -14
219 -374
209 280
-237 300
-428 -167
-312 -115
-157 -320
-385 59
-347 -305
-210 -271
-3 -329
89 325
-337 -243
189 -411
41 -415
-130 -111
-459 -347
-133 192
-308 71
475 -271
149 -165
471 -375
433 -131
441 480
-287 -46
-363 -223
-349 489
-81 184
-380 356
424 436
-106 147
-315 -409
232 -268
497 273
333 11
243 75
352 459
463 243
409 -380
227 369
8 -366
187 -395
-423 500
284 411
-17 -88
328 -196
362 273
-148 -473
-167 -121
18 22
379 102
182 -493
475 96
257 347
-429 144
-132 31
121 118
261 -127
-466 28
-101 -247
-175 216
-468 -67
-65 12
-450 -104
-242 -368
249 0
-498 69
-296 -378
-439 -474
-67 497
-407 109
167 443
255 -178
-83 -412
-300 228
197 -62
65 443
304 -462
-18 99
238 -210
448 -494
-267 -135
-394 -260
-385 461
-142 -282
-290 -215
-113 282
60 -81
457 -186
-365 261
-451 313
123 -228
-235 -397
-38 -24
-358 -289
-451 299
408 480
-7 -89
109 41
68 443
-439 482
-369 -419
112 104
-320 193
-491 329
-209 -268
-441 -292
-219 72
126 185
234 -308
98 163
416 -54
482 -338
205 255
-345 -245
121 -90
-107 -5
103 29
331 -454
-56 82
-407 257
-325 84
346 285
331 -432
280 -202
-325 -203
423 -421
395 246
-221 62
