100
68 442
-146 -169
172 301
112 24
279 -282
-209 -43
318 -7
232 -141
-296 33
-230 -159
-23 -127
-380 -208
-396 455
221 -257
-284 -222
310 -365
-56 -56
89 -249
156 -178
397 -362
402 148
-283 -45
-24 28
-458 148
-119 -202
-215 428
263 -461
-420 -5
421 -307
-412 -306
472 132
-251 214
48 426
-402 -448
-10 254
241 267
378 425
-179 417
444 -200
-237 -53
371 -353
-469 -108
54 -149
-204 353
-460 -384
-134 -295
-132 -455
-131 195
52 343
-105 -133
-305 252
-320 209
194 365
299 323
-175 145
116 113
6 362
-401 242
109 202
-280 -42
-412 -335
-78 -163
340 -469
-45 279
190 -409
-341 -495
273 -350
-97 284
-189 60
261 -484
431 455
127 -468
-400 -139
-395 214
-496 452
116 -214
-357 -113
-350 -62
198 266
284 -134
-493 329
226 -266
351 336
-298 -277
-190 -266
334 411
-399 175
-330 -59
73 238
-51 -343
10 -147
-370 39
358 -211
452 -446
-53 -205
222 -435
89 -10
-279 196
347 -103
-363 152
