1000
-206 -352
-425 -184
144 -401
142 -478
-248 14
-107 242
-494 -481
-430 42
-43 -390
-468 359
-318 484
469 -324
193 279
367 438
182 268
-24 -61
171 176
-132 218
-467 -133
296 93
-383 24
-465 -231
-21 -100
283 80
413 17
385 118
-144 103
-263 419
377 476
-314 89
-237 195
-268 -282
199 -291
-301 293
330 498
-366 212
61 128
-232 -13
472 -93
423 -38
-392 -466
337 89
44 66
299 -334
-434 -395
-345 -79
-74 303
500 185
35 -397
193 49
134 429
-116 280
-495 471
-182 -76
-424 -441
285 -188
-349 342
-298 271
217 302
-94 23
-451 -325
39 -71
386 48
339 -23
-124 286
36 -229
499 297
-76 434
-172 78
273 342
262 -105
5 36
-231 -385
403 -391
212 171
-450 273
-121 -385
-310 -156
-347 42
-398 -250
141 -243
-256 -249
146 -473
213 373
429 346
-187 17
367 479
-227 -112
418 -338
442 -154
347 -271
-361 220
-218 -341
-305 353
458 276
-257 -486
-68 115
-107 386
-307 -116
186 150
-296 364
359 231
478 94
78 -155
-305 57
-259 -140
-496 481
230 447
43 51
450 190
-323 106
29 -322
-8 -287
-410 454
-335 -20
-394 146
-469 442
17 -249
-394 -261
337 -44
-314 285
134 341
-92 49
-39 297
-440 475
-418 109
-233 -478
-199 265
-54 230
-317 -335
33 -127
312 147
-321 210
-197 499
365 231
42 118
342 47
-423 -4
-451 -192
104 -317
127 -402
-277 -267
491 -278
-105 -251
272 -413
-392 -25
-222 -172
276 210
323 -346
325 -16
498 -260
-466 -43
459 17
191 167
-421 138
-179 -413
394 -253
339 71
-378 -152
-424 448
414 374
-327 36
160 252
-372 464
-230 -477
-258 257
-86 156
48 -242
-32 486
-122 253
134 -122
155 282
312 242
-240 -121
-269 232
236 -414
231 409
-430 268
-228 493
-149 -215
439 -487
183 236
-319 474
-330 -493
64 -400
354 9
-338 -134
-55 145
-456 357
-446 -351
-412 -43
424 281
-338 -263
372 88
24 196
-268 -48
163 -287
405 219
303 6
-30 75
-53 147
-30 395
471 -265
357 -342
192 -288
302 -333
332 -4
248 156
-361 457
132 -126
-399 -461
247 -21
148 26
-276 -378
436 -198
349 492
126 -239
-123 373
116 -381
-66 -232
400 202
-53 -245
183 -374
-291 173
102 -408
-319 12
-260 -161
-305 243
310 -484
291 125
-103 -2
-231 310
-35 126
-306 474
364 -327
183 -489
448 -340
-469 380
110 -8
379 31
430 286
20 -391
234 53
479 -288
-430 435
-178 10
392 359
367 -77
-139 -388
206 273
-25 207
-238 161
165 462
-215 351
225 202
269 310
391 -202
126 -194
-54 -41
-378 136
-110 -388
-315 312
108 -289
-266 -185
-70 57
161 -17
409 -162
-350 -484
488 -441
-449 -81
114 418
-328 -94
227 -223
-301 76
-314 440
288 208
-182 -142
479 -145
425 -140
-30 492
-369 -297
-407 161
210 368
-360 -41
399 -187
-206 -205
336 486
-410 474
-40 453
169 -91
-331 -127
-442 282
465 -240
360 -489
51 283
379 410
454 -282
-411 19
299 91
163 263
212 50
-422 359
324 -377
-27 -449
-439 -289
-127 -116
8 280
280 275
-219 184
-196 -9
-343 296
462 -402
395 95
27 -26
177 71
216 277
38 -199
-160 219
188 -234
-418 318
-178 -238
-25 -341
491 312
-439 -334
-116 423
244 -260
280 -331
-56 -230
20 -101
277 34
-133 -293
-326 -287
461 159
-407 -72
254 -314
252 -88
261 204
-349 -311
400 18
370 335
-446 99
69 -75
-26 288
-281 -77
390 425
240 467
123 -175
477 -354
198 43
374 -112
-315 162
-212 -490
-189 -92
-210 -148
-181 -499
-368 -356
379 240
4 -406
-464 284
411 197
65 379
-435 -181
-446 -398
167 -225
326 -128
-240 237
-205 -188
349 -408
-127 -82
-449 18
-106 418
268 109
337 -72
183 -77
402 -279
-410 -92
174 -384
-54 -233
439 -196
53 351
-244 -457
-252 59
-126 400
-349 334
-150 -416
219 251
-320 -66
190 208
-64 -264
146 -311
-271 -120
173 -125
-414 -25
-378 -486
123 -412
-89 76
143 -72
106 -342
189 169
478 336
7 -366
482 346
457 209
75 438
307 -85
-352 -485
-381 -430
224 296
-89 227
483 41
240 -39
99 321
118 77
55 484
-483 -383
166 -419
302 -204
-307 -233
76 -389
-276 -350
-183 391
353 162
-178 189
-474 284
7 -500
-418 98
239 -356
-94 -58
-258 -98
-87 329
74 -444
-329 196
-386 -95
-494 -28
-326 140
-62 -4
-431 -281
379 -127
405 -190
-3 140
96 497
209 360
-315 489
-300 493
-111 426
32 121
-425 137
-327 69
-249 448
394 347
177 54
-442 73
229 -431
-389 453
34 -198
396 -361
154 -80
494 198
-257 500
37 79
-211 -195
-257 424
-55 304
341 -210
-386 430
-478 -293
487 471
412 -27
-264 29
-141 -47
-10 -117
233 -134
136 487
64 -110
476 -460
307 446
-52 186
227 -201
233 -397
-453 268
234 376
402 -402
-179 -30
-288 -108
-226 406
214 69
-326 191
-114 -356
477 99
182 -49
-20 193
377 213
-380 -55
36 -268
255 -449
-463 -78
-185 207
364 401
-181 255
-360 65
196 -53
-431 90
79 -411
-461 -234
290 -378
-294 245
369 -21
-215 -297
199 -406
324 63
-334 394
-420 112
-175 -92
-211 -261
-376 273
-470 194
-233 -312
-134 -11
-236 417
50 -10
48 -198
-106 -464
275 -70
95 256
-161 -323
-116 -50
-354 416
90 -117
41 -201
476 52
-321 356
416 -152
229 103
-366 388
460 -241
-386 182
357 225
289 294
-440 62
-27 -466
-327 -218
279 400
-382 365
-344 324
274 -63
498 256
348 224
-2 169
230 -240
-252 -314
265 355
-306 -446
-424 -387
89 -118
159 -47
-232 104
406 -413
-154 378
429 133
51 -377
-407 -17
479 -339
-500 104
288 -433
-283 485
104 494
-168 -104
482 146
149 422
293 309
258 -109
-196 155
214 -367
-166 205
-373 -250
-4 460
-403 -117
289 -144
-139 468
357 -369
-40 -332
-403 -344
304 -11
114 -332
57 442
-165 -498
-479 339
-216 46
-397 445
357 -378
-431 494
105 -209
36 -366
-76 -28
309 325
-293 136
-83 -260
147 62
453 -350
-100 -493
491 -273
-71 -334
-55 -291
-110 417
-367 311
-135 130
455 108
325 360
-226 -182
-51 246
59 -130
-51 209
-258 -72
-82 29
-278 -135
492 177
-292 -463
-315 250
-77 452
147 290
-1 202
156 386
251 -40
-17 -57
-414 31
-67 368
-500 -14
474 359
485 -325
-197 -193
-287 -407
-373 80
-141 -283
-475 77
-469 408
117 123
-335 -106
-483 228
-154 -308
34 -271
-255 85
407 -165
54 480
-477 -389
-419 -350
155 -379
8 -324
-64 59
3 -256
260 489
328 117
-406 328
-149 -312
498 -247
-462 -149
401 -408
367 419
454 460
255 190
-416 -135
-110 115
-80 329
321 -118
-430 356
101 306
-232 294
160 437
410 189
-31 173
-445 -337
85 -51
294 -210
319 278
-253 155
-350 201
-218 -159
149 -261
-100 -223
1 -77
143 -192
249 482
-162 185
-129 397
-214 -75
-144 -362
-498 -349
-280 -39
385 -298
-73 12
-491 413
82 78
-348 307
88 -75
451 -91
-116 351
-295 61
473 -415
355 -236
-368 -64
-301 417
83 -368
488 439
-100 430
230 -401
283 -335
424 -260
244 49
-433 -399
-304 -205
25 380
156 51
145 -234
281 133
373 192
386 375
-114 -498
489 -328
-385 221
-360 -113
378 -455
343 -387
-478 -45
286 249
-368 373
155 315
139 120
16 -117
-265 133
299 199
32 -29
-373 389
247 -196
-459 -229
-398 183
153 279
398 298
-93 -401
349 -180
307 -258
358 -371
135 -376
407 -280
156 274
-28 -154
-346 30
-497 151
-392 167
-138 -72
191 -148
363 -177
-363 186
256 409
170 179
435 -111
145 196
253 465
302 -494
-422 157
143 -76
42 259
347 379
-18 -154
211 67
-63 62
241 381
-437 -391
-452 -7
229 267
30 -371
343 99
-162 -450
-466 -136
-6 -462
-396 -137
-243 235
-386 -29
-8 267
388 276
52 499
-411 -182
238 -217
341 -463
236 452
-175 51
14 -496
-20 75
154 -403
435 431
270 483
495 193
-35 167
217 -68
-366 230
485 -486
32 -36
-265 253
496 479
-384 -314
439 -383
497 -185
-289 -323
-105 -152
376 -248
-94 222
301 407
-173 -342
-144 -312
-366 -284
460 75
-340 -414
417 462
-317 -35
404 -176
381 -273
289 -362
244 67
186 411
-425 319
440 50
-282 257
-447 -19
-268 187
-80 -150
50 -198
-280 -394
328 133
56 -433
451 -279
9 81
-118 80
-343 -428
-403 -126
259 118
-69 -122
491 0
-82 305
243 -246
150 93
321 10
386 292
-353 -232
202 230
-217 256
261 -160
344 -382
-220 368
-348 332
239 -158
-311 389
-487 300
-498 -277
-55 -426
-63 105
-187 -184
-13 464
-481 -211
-1 -431
-139 51
371 126
480 -253
-136 -274
295 489
-299 494
319 119
-95 -152
143 -111
244 195
-460 -456
-364 3
32 -31
358 -391
233 -232
380 277
145 -230
112 -268
-301 -139
-292 179
427 -404
-64 -246
222 193
-265 283
-354 197
80 -231
445 473
-446 419
82 8
313 -250
351 235
244 -300
360 -252
-456 272
-318 358
-193 234
90 -238
296 32
-203 -400
-324 -425
181 -357
-366 -33
372 30
144 83
210 203
-457 13
-384 -246
-86 52
-432 143
-500 -49
-464 -459
18 -453
-374 94
37 -156
301 215
-67 -322
-36 -38
133 -111
-43 266
52 -178
-63 400
-371 432
-411 -175
259 277
-94 -14
-472 -192
400 241
-261 351
372 121
417 -62
228 412
206 -73
-354 44
219 -132
54 85
23 317
21 -251
-54 -366
-344 -409
-99 156
265 -480
-364 328
156 -450
-430 144
-376 48
-419 -298
184 85
-146 261
-126 478
429 441
353 -466
-408 -449
-186 -306
-453 2
-480 242
-153 137
-411 40
-112 -490
176 -112
-361 -385
341 451
-267 59
159 -433
-452 -367
-172 -27
252 -292
-176 49
362 444
-101 68
432 -193
-203 -423
427 102
338 -381
98 -235
379 143
-446 277
-409 -366
-28 355
-377 -131
290 -170
-254 -20
-425 -333
-81 477
-67 373
-377 -467
-359 120
341 390
344 -85
48 231
-100 -143
-86 302
450 346
-182 420
-266 254
58 -344
-494 112
-79 -212
145 236
192 380
-393 458
-426 171
27 462
-136 161
