100
11 -369
-199 180
388 -433
-308 151
-19 289
276 -357
-418 222
176 -341
245 337
146 469
-7 -33
443 110
-227 -483
82 348
169 178
-75 353
-304 -164
77 -438
-386 53
-32 -89
-277 35
330 327
433 -162
-359 184
-273 424
455 91
142 493
246 -52
-314 -24
-262 257
139 -151
291 -67
-170 -29
251 -68
-167 -104
358 -423
-217 152
172 -155
-469 -128
-265 -327
432 -227
95 341
-197 427
-190 484
135 406
-136 -479
-313 -304
-43 440
-377 487
-388 454
-51 -205
315 -19
149 -39
-293 104
86 267
-44 56
404 -304
-401 -466
11 -289
295 107
-197 348
-241 -158
65 360
342 -422
-442 222
-381 -322
-430 16
135 -356
-162 126
300 -409
113 -331
-16 245
-218 -283
-76 -98
369 -140
495 218
481 -435
464 -421
423 342
-258 286
102 -207
-87 48
425 -141
-205 380
131 -412
287 -120
159 62
330 124
-449 203
213 -110
76 -483
-143 -92
11 492
266 -107
353 399
57 312
-232 200
-346 209
-486 -116
-23 -317
