1000
484 -250
-182 448
130 -11
97 -121
-267 -182
183 167
-442 -147
-427 -480
54 -173
-156 -326
-68 -462
-364 199
11 21
-54 -86
124 292
-179 397
-491 481
191 67
222 -393
-105 -133
357 129
-493 434
-23 100
-368 499
-242 -6
470 -222
-413 -80
294 -301
454 -252
254 488
412 491
-388 489
-350 -68
-498 448
-259 36
-213 188
-138 -145
-459 10
-63 207
472 71
276 -131
477 -257
-105 45
380 30
425 301
-126 -246
78 179
-202 -323
284 162
81 -49
196 86
-95 -240
232 -310
-280 -448
-437 409
479 -320
-431 -273
-118 -163
315 -15
-182 33
195 3
-317 -215
-468 212
-159 249
253 -357
-29 -297
-68 -247
427 425
223 329
70 323
-170 230
-301 230
19 130
-464 153
-85 -342
-455 -204
-176 173
156 -147
393 315
405 242
-113 306
-342 -22
442 -385
321 103
111 -304
-304 -28
274 -337
-358 331
-334 39
-236 -132
86 -209
-195 158
-21 12
-492 286
230 391
146 323
350 -488
-241 -45
364 -122
208 64
445 -240
-278 -15
140 472
-91 57
164 -296
36 -104
106 -243
-432 -154
258 -74
378 -170
174 -433
32 -500
-328 422
122 -245
-473 71
255 75
-124 -382
28 417
-425 -215
-434 -60
188 209
-108 -21
13 124
-327 179
-352 -326
422 -93
-381 236
454 433
-466 -394
223 77
-154 73
-277 70
74 412
180 -295
-401 133
-62 353
208 -127
-291 354
-123 -50
199 -124
357 230
-389 200
-223 15
-162 -220
-230 430
87 -305
395 -313
115 -353
194 -351
177 1
-112 -318
-415 -253
-403 -340
121 286
-154 484
392 322
312 71
423 93
136 43
-62 -479
-315 358
-385 271
294 259
226 180
466 -297
409 85
-416 -227
-246 366
-268 -246
343 242
49 209
192 381
283 103
-494 -136
436 -290
-101 202
-469 -34
385 387
133 -476
-237 -13
245 -30
330 -30
-431 -434
-428 204
416 -239
255 409
-301 -275
-243 -199
-465 -118
491 112
-99 497
-63 486
75 266
-436 44
181 -191
-495 88
-103 147
382 -163
295 260
119 249
-15 210
241 -191
213 7
208 -432
-451 -24
-500 214
-62 -321
-446 -31
-476 -60
140 149
101 88
-413 493
-44 -229
-389 -72
218 -217
238 -190
146 307
123 6
-261 283
-363 455
88 23
-55 196
-436 -133
462 -184
7 -59
-476 397
316 -345
312 24
-98 424
172 -6
-294 260
297 213
375 464
-496 216
377 -469
-7 361
-335 186
-270 -198
405 223
465 -409
496 -428
-1 259
-161 -441
328 434
96 414
-486 -291
-419 -24
-457 396
-372 398
368 -448
206 -36
-390 65
-173 -477
215 386
100 -297
-298 -279
-101 230
120 -143
311 284
69 -107
-444 -376
-288 -497
493 -306
-499 449
321 145
-89 25
216 279
183 -90
439 375
-255 237
51 324
9 209
5 -294
491 331
-327 354
-114 187
357 -469
-416 280
55 243
248 198
135 19
366 -468
308 419
388 -257
272 -213
2 -258
271 275
-278 -131
252 -419
-432 -73
-60 122
-403 -159
-423 383
144 127
15 -251
472 -390
-412 94
-254 187
42 -431
-255 372
-373 154
-32 -159
293 82
-153 443
-75 -211
86 48
-52 238
-260 417
459 -161
151 -42
-455 124
-405 402
-242 393
-264 93
360 -371
-153 324
-319 32
-498 -70
240 55
-23 124
48 265
-112 -430
206 426
-173 310
338 174
411 -370
-42 215
167 -400
157 -470
-492 -342
178 207
117 223
-338 -391
-324 -386
124 -108
-221 -475
438 362
406 240
-364 266
444 490
-440 -237
395 324
258 -247
-127 344
322 -41
-48 320
-351 464
-327 -124
-343 -177
-122 312
-177 141
403 275
282 120
83 253
-368 -124
-379 -68
-389 353
37 -339
-77 -317
-269 -155
235 53
-15 -242
-120 23
91 -223
76 -335
164 -67
14 -39
-407 -308
-247 129
-72 -185
21 -407
-5 -472
-397 404
-230 252
460 120
-129 -215
53 372
-205 -412
-244 -100
349 491
263 -221
-138 -214
-180 176
34 213
113 8
-87 -440
-361 145
-154 -317
195 39
-307 -30
-305 173
187 166
-252 -307
-301 -165
-121 181
409 -327
479 -349
94 -51
-127 412
472 -308
238 -478
129 150
101 -275
29 -174
336 287
42 -315
320 223
409 328
-142 364
130 189
-188 -406
-364 -139
-211 -255
-164 -427
421 54
269 -84
484 -94
211 419
177 -473
446 459
-42 -157
81 -319
-259 183
372 -307
-444 -98
-177 -136
-75 -476
274 407
-396 452
464 -275
-340 -429
-416 16
-181 353
395 -308
-12 -274
-54 156
187 -400
-52 -387
159 -60
-319 -358
494 -92
-403 -226
-75 479
152 397
-449 -57
-407 -206
-20 141
-476 -38
141 -290
-237 -102
-482 -253
215 -481
399 171
-369 -366
-498 -49
161 -430
282 -242
-375 445
-98 -399
43 -416
-416 -322
-112 24
198 -417
-63 -17
430 -355
-182 -452
297 -303
-83 -111
-450 -156
-322 -369
12 -267
203 -70
272 -188
40 106
-490 -438
225 305
-373 373
-139 140
-73 464
-11 347
-208 -85
-228 417
-299 282
10 -430
376 -145
465 377
459 -420
-175 62
-262 251
-440 286
294 259
-2 -127
245 -115
-212 57
226 -496
-211 451
-49 478
-65 -83
-236 453
369 183
-477 472
86 -392
-345 -282
161 -334
-172 -332
-19 56
-11 -316
-349 -410
308 397
-33 37
-496 339
300 443
-245 125
293 90
-17 -70
-141 -359
23 448
-290 -267
239 487
421 -73
185 444
273 -176
253 107
-173 357
85 204
140 426
-370 -268
348 215
210 35
-206 79
289 469
294 -199
162 -233
265 -218
-84 465
-463 -84
235 425
-48 -209
-233 447
202 112
175 -239
-358 -227
343 430
-96 -80
107 333
-8 271
-418 -227
399 429
-479 156
114 -426
57 -106
-92 -369
295 419
-308 496
-382 249
-275 -50
160 -500
116 -254
176 72
-108 41
-341 -252
124 167
-225 23
-365 154
65 -71
127 -299
103 -255
-4 336
133 316
-320 -190
-112 5
98 -41
11 277
-12 16
352 -467
-18 176
159 272
-177 34
-424 -421
499 238
163 389
-336 -441
323 -129
460 -322
254 12
-459 123
343 142
-23 -411
344 425
-339 -247
-475 197
-19 -3
-288 213
-192 69
-75 -376
124 291
391 -119
-195 -33
397 -171
-427 -437
-341 57
425 398
-167 416
-305 -135
-274 -41
58 -109
1 -336
-277 -164
5 103
-241 -489
478 216
435 -71
-256 458
-3 -48
438 -35
388 459
-382 -262
-38 318
-29 -88
455 179
29 -270
-313 -290
418 234
179 -116
-370 -385
437 150
-329 96
175 -423
-35 10
-90 -406
117 403
435 -390
-377 307
-109 -141
458 82
-56 -172
-100 -269
-472 231
-351 -145
390 -140
-455 245
225 -417
330 215
378 -53
-65 215
121 -368
461 241
-498 18
26 -191
280 9
327 -34
-163 312
121 253
273 -368
-495 332
336 13
303 173
-264 417
167 371
-13 159
89 -165
-172 202
-59 -443
123 362
-355 467
-423 317
185 -60
-385 210
398 441
-210 -176
47 106
-42 341
18 -354
-470 439
-143 94
-437 -382
476 115
-258 164
-10 -29
332 -36
-460 17
-133 -402
302 461
-372 291
-421 62
496 248
-331 72
-100 -118
209 -67
359 -195
-101 -198
-481 -114
260 439
356 -50
224 90
371 242
122 -491
218 -94
189 -169
-350 285
250 -275
482 -330
-148 -452
-47 -115
223 201
-317 -168
443 276
362 -395
-148 371
333 334
-13 115
-266 -119
180 -364
442 -42
-11 -342
197 -132
-92 208
-212 -344
61 366
-282 144
128 490
281 80
367 155
146 -464
-53 -277
-352 -434
247 -195
325 226
252 123
51 -385
326 -3
-190 -413
-116 -91
-330 29
-88 -207
-442 -487
-327 -55
131 -403
14 -37
-438 482
190 44
295 -269
206 238
-461 262
458 -337
-76 300
17 -486
325 39
219 220
433 456
295 365
265 236
-249 -130
-176 39
468 355
142 324
-135 -103
-175 387
374 -431
-410 32
285 -75
335 -114
-110 297
-447 -83
-372 -119
-52 -71
-483 -236
215 -461
-486 254
-88 -256
-481 -15
426 -60
-242 -475
405 469
-482 -63
-40 9
-266 429
-189 495
400 478
-500 232
-500 -265
4 260
-403 498
-206 -6
236 -490
360 -405
-160 248
-16 483
163 263
188 -230
254 -429
324 103
471 324
391 319
-417 -440
7 336
15 295
352 -109
-123 57
226 315
322 311
198 -167
225 456
-48 195
-332 -1
-257 19
461 446
60 237
12 -87
7 174
-22 270
23 -192
146 366
185 395
337 293
207 -70
346 261
-380 -272
-400 307
193 452
-274 -98
-233 -99
395 -435
-205 499
75 496
197 -272
178 221
-240 127
450 372
-169 -48
-130 317
-307 -161
367 159
376 201
194 251
-402 -463
-155 -25
275 -371
329 -490
-219 -349
208 230
416 -391
-320 -255
201 -477
-242 441
360 -356
0 297
412 282
-354 -415
-65 -83
-90 103
80 64
413 -265
284 395
281 409
412 -490
-298 -263
-240 318
81 323
-294 -289
-450 38
-393 75
-486 -35
-190 488
-134 164
477 337
407 491
384 395
-280 -14
430 43
498 -439
-237 -124
-222 -159
85 -401
124 214
347 -477
315 -346
-352 478
-1 421
412 -146
-478 57
440 303
56 442
183 39
-148 -342
239 -291
-99 100
342 147
-311 -145
379 202
447 -63
78 -249
419 444
-221 -463
-112 492
122 -265
-215 388
21 150
-412 115
113 279
235 -239
-8 -444
-270 1
-170 26
83 -53
407 -127
233 -107
394 163
-230 268
-167 490
429 -177
30 -375
383 -295
-153 341
-227 225
36 -282
359 192
-482 351
457 466
364 208
-228 -399
236 -234
-241 114
-499 122
-139 331
-349 154
244 160
362 -123
-167 -140
132 375
181 439
-272 -129
-291 102
11 -186
-85 391
-446 -95
43 -173
-286 493
429 363
12 493
257 444
165 7
208 33
230 -323
414 -269
274 -99
-287 -215
368 343
-324 230
-79 -342
-9 -377
117 272
-281 482
-199 465
323 395
446 -15
389 333
-213 110
462 431
345 153
427 108
-420 -49
-98 444
-36 -359
112 336
-423 368
-64 -174
44 176
-234 189
496 -474
-322 206
-286 -54
-319 -216
-491 188
331 303
308 -344
-406 337
218 -324
55 -42
146 -290
-415 395
-27 300
97 -478
9 -133
-446 431
76 74
494 27
211 -436
-83 80
-498 -106
6 275
79 -462
473 -395
18 -79
-50 -259
304 79
-363 483
102 66
111 -405
-84 -191
