10000
-453 -65
412 300
453 -406
-156 -34
91 349
278 -113
-340 308
-156 -471
239 -406
264 186
282 -318
-32 490
-339 113
400 474
456 438
38 332
325 239
113 402
-387 -232
433 -161
284 -217
-423 429
166 472
150 -297
-451 446
409 243
-259 -117
309 127
189 -302
-109 -322
-436 -234
7 5
338 -440
276 -194
449 428
-149 123
225 -288
-231 201
-455 468
-204 -369
-325 -35
-320 272
-7 -455
265 358
-141 -248
-493 180
-73 -125
159 286
290 -11
-245 -114
325 301
-367 -361
-464 248
-218 341
-133 -325
234 69
-461 234
102 170
-6 483
10 128
-13 27
139 498
293 174
500 316
-296 304
-45 -288
-351 69
-11 -89
-263 448
-312 471
415 492
419 125
119 415
-35 -291
157 460
161 382
263 -98
-289 55
439 -188
-427 -491
-233 476
296 -253
-307 -407
280 -482
157 -124
-204 138
-250 -45
-256 333
-198 -407
322 434
-319 365
-403 -142
430 226
-136 88
-330 309
220 -398
-388 249
275 449
215 465
-306 -37
449 446
231 -183
30 -241
-400 -379
-35 129
-359 -96
384 483
416 -426
-221 287
0 173
-199 -193
-240 -136
-454 453
26 34
377 154
-416 -141
293 -76
-400 -128
-372 -5
326 470
-494 -243
377 -133
361 325
364 393
138 19
90 -252
-189 388
28 -127
-382 -342
-141 16
392 137
-225 209
418 446
371 118
-94 -3
313 362
282 397
-488 -345
424 346
-112 165
30 189
336 163
181 -302
287 187
-91 -224
-263 -388
249 -237
274 47
-358 -107
150 -221
-158 -18
-183 346
-204 -128
265 -148
-319 -234
-211 173
-330 -155
491 152
356 123
-90 420
-181 193
-254 -381
-135 -347
-55 -449
147 -114
327 -60
317 493
-488 -42
-276 -375
-83 -306
-291 348
76 441
-270 -348
169 422
-94 -467
259 -438
352 -330
75 5
-471 241
-9 301
492 244
-149 -465
-55 -134
-482 -451
252 498
160 165
399 -101
199 -281
312 -31
-280 -272
-298 153
214 -36
317 104
-281 -288
-395 423
26 454
277 -23
-9 429
442 214
-10 177
34 88
321 -120
-184 117
358 -326
-145 351
-27 468
100 49
389 346
-153 -178
-382 -164
-415 -367
-448 99
-161 -190
-422 433
-224 455
-78 -165
-347 437
252 -379
297 183
-430 -153
-62 -418
156 -355
-343 -274
243 252
479 -145
252 -166
-422 -336
-313 -130
282 104
-17 224
-203 367
331 -482
184 206
-226 -486
-453 -346
426 22
-303 -35
-215 355
369 5
-268 257
50 -403
135 -451
-267 208
-359 -287
77 -88
32 3
230 170
392 481
136 -180
-98 290
470 287
-346 -332
341 -472
-183 375
275 411
463 305
-19 -16
-57 -75
-376 -17
278 -242
-195 -75
237 383
-476 197
-330 -113
-467 38
205 -83
483 -120
271 -482
103 496
-286 119
-382 -162
71 92
-340 71
-174 -358
-220 -165
-429 353
84 -166
402 -392
467 -250
327 -219
-373 -435
238 -474
-23 -405
429 -41
452 -146
200 71
-420 -378
-445 436
244 90
-170 -133
489 111
-483 283
313 231
-245 20
-166 459
-92 -275
76 -458
289 -320
412 444
204 -439
-183 -362
479 357
-10 -491
483 -401
-240 351
-39 355
262 -142
306 -100
422 -475
-348 -6
-318 -230
-245 -415
-169 -232
-372 406
45 322
463 -131
-277 -465
-178 -106
230 192
-266 -48
-296 480
-469 287
-69 156
-175 252
72 -439
-240 136
-296 245
39 -37
-107 -144
-29 -92
-326 -165
73 -40
-338 -332
-316 -343
482 -204
-90 111
397 -292
-221 -28
311 495
178 396
-330 -421
322 401
139 222
-3 -157
325 -411
-106 -80
-101 45
289 -53
74 225
-227 199
-333 -192
176 -474
-372 -446
-24 297
-392 -115
229 13
-158 370
434 344
71 198
176 299
498 -50
442 44
499 -462
-271 -56
-240 312
-334 -235
-171 -402
39 -30
-299 110
495 276
148 164
-53 -225
134 -59
-70 476
209 263
440 193
221 227
-100 190
-479 -175
188 -260
-290 -149
206 47
-182 -126
-381 290
284 -202
484 -218
-113 62
182 -424
-258 437
78 -335
71 -116
-40 152
-316 153
422 111
253 109
8 -75
-13 -35
303 375
244 -455
388 -292
-440 -374
-140 239
-464 320
-295 40
-36 157
-239 164
-158 107
127 -137
-259 -118
-280 -316
209 330
-443 75
241 241
-33 31
-101 42
-494 217
400 -395
-300 276
-270 416
9 389
291 92
294 235
-132 -55
-440 104
-329 281
-397 -161
222 476
182 -252
-208 -186
-170 -92
-231 -141
455 19
329 146
-36 453
342 277
217 -7
279 189
37 -445
-265 -262
-55 149
470 -105
-126 -373
-417 -349
-346 14
266 92
326 409
142 125
-255 -424
-426 88
-186 456
296 -170
175 350
386 162
462 481
-125 -116
218 185
83 -469
330 -134
-149 487
153 -342
-449 33
-318 -457
-193 -423
481 -302
-290 -356
424 180
-94 132
287 329
-455 -255
-178 279
408 -133
-200 113
-31 269
484 122
405 270
67 -388
-433 -247
-210 276
-283 33
93 95
114 -452
300 370
-55 -8
177 -33
-219 361
423 -463
277 -26
387 235
-98 66
68 -216
2 -479
190 -375
210 73
396 163
-479 -481
124 -47
-464 233
-442 -44
330 -2
-187 -303
-252 -145
-338 -6
19 87
-67 -441
49 -27
179 285
452 -22
343 66
459 -356
-374 393
-313 103
378 -438
167 85
222 263
-90 4
438 -98
-4 -455
-99 -463
237 482
-426 341
423 285
490 -460
360 28
-175 388
279 290
-411 209
23 430
-328 -238
-341 -250
152 -103
410 -179
-327 203
79 10
432 -225
-431 433
-149 410
376 -52
230 -473
398 -169
402 18
340 44
-14 -496
341 -486
-345 283
-124 -249
-43 93
50 310
190 468
-474 -197
-146 288
493 -499
-478 43
-282 -117
-157 228
238 -10
358 353
278 234
291 -352
263 297
-139 -12
22 205
462 284
-187 362
286 -207
73 -268
-214 309
-382 -45
432 -497
485 -183
-154 -153
-205 -371
370 -181
473 -284
412 4
196 -193
-392 314
-225 48
-446 -257
409 -402
297 146
-20 19
-88 320
210 -357
307 85
333 -419
254 -308
-259 -97
-490 375
-62 245
-254 -170
446 -296
434 174
-1 -448
135 -256
164 -490
-76 -393
426 -210
266 -481
-194 -112
298 -404
-21 -316
-242 370
-336 203
-415 -379
8 284
355 -370
-311 -364
225 87
-302 -400
-68 331
465 444
-325 370
191 16
451 96
130 -295
-258 489
-462 -393
235 -487
-1 -408
414 153
366 100
239 -260
-280 -275
327 -161
-371 -306
-307 -109
229 22
-102 -202
-146 172
-111 52
-217 -266
-279 -266
-402 370
-103 -86
304 411
-89 351
-125 -237
-179 -497
-386 405
-215 -87
105 499
39 492
245 -35
72 437
-108 396
288 -429
-133 350
105 450
89 -479
-425 -43
79 -225
-350 189
364 -122
252 81
128 27
168 110
334 71
226 177
431 310
493 -461
9 -294
-286 14
220 -72
-450 76
486 -84
489 -40
389 28
-339 373
-285 221
-479 -118
289 307
-107 -312
447 437
-59 141
196 -278
46 -98
-144 -9
-168 263
223 136
-186 173
10 393
299 413
-337 193
195 446
463 -368
-69 21
378 -182
5 -178
483 106
375 122
-475 438
-365 -282
391 160
399 -486
497 -47
277 63
104 -232
176 215
-74 -42
194 228
-176 24
317 65
-360 363
39 120
311 -56
298 146
263 250
310 442
288 -234
-305 31
-79 232
163 -422
429 -444
330 -154
438 307
-23 433
-499 484
-235 65
287 -199
-156 126
-484 -81
237 -148
207 96
-254 208
-260 -313
-226 -497
460 131
-444 -59
486 -241
-394 -492
-244 152
-339 410
195 -151
331 389
83 -190
496 -66
-216 418
-111 193
-289 -57
-95 476
-338 -382
153 -155
-415 396
134 405
-256 472
-108 367
390 -212
-483 -285
387 -130
82 186
-426 291
116 -283
382 182
-384 314
181 2
306 28
11 496
436 -99
-323 -226
-81 -366
-497 -165
-221 -376
409 112
-261 6
-81 304
58 -172
432 162
-488 -172
-76 -298
370 -227
344 34
-315 68
-337 -495
-144 -4
280 -315
449 -486
225 474
81 -177
22 484
-246 -258
291 294
404 36
112 -356
-321 82
-80 500
240 -185
-66 305
496 -376
-252 -468
-118 -332
-58 -352
-124 203
78 291
365 100
-100 -472
6 -4
176 209
-45 -499
-371 -423
-111 34
-302 142
-353 51
397 -31
127 441
-249 296
483 230
147 359
-273 -159
105 -151
-344 481
-175 77
437 -123
-233 272
300 -61
-341 -439
-470 362
375 93
-278 -284
52 -497
35 335
497 365
107 -247
53 -207
166 323
-97 57
-277 233
444 -470
-307 448
361 -423
159 -280
169 285
-211 -280
-93 -114
-71 220
251 -132
-306 390
245 -336
-11 -252
308 106
214 -175
371 230
232 -307
60 30
-387 -251
-310 471
484 -180
-218 -64
-124 213
214 -410
-254 477
-75 317
-275 289
44 -412
-336 -51
-185 194
241 158
-500 145
-303 386
455 139
276 -186
-435 -98
-171 347
11 51
-422 -339
-385 471
-304 265
-237 143
-137 303
-337 228
-445 202
-38 341
102 76
-312 -252
289 73
226 200
59 249
264 151
434 383
454 -479
-497 -458
29 154
343 216
321 264
-139 231
184 241
481 -347
-500 303
-272 30
325 -234
-496 -111
-36 -8
179 -67
-245 390
444 -479
-33 327
-234 -482
317 -352
171 -96
212 -345
160 370
61 -62
437 97
324 440
-371 476
-321 378
-370 305
-459 362
-196 -81
153 -449
460 19
487 419
-53 -211
94 -434
166 312
-211 -322
32 -228
-288 342
166 186
-414 -489
175 -214
-130 144
-443 387
248 492
339 246
87 105
5 -106
39 452
139 -446
426 -264
-480 -480
-77 441
-445 -13
-256 -285
209 435
-188 -470
-210 500
-408 -189
-252 -23
54 169
-338 383
200 423
169 356
221 -55
421 471
-408 380
-137 481
292 171
484 128
408 -419
-454 -279
-225 194
65 -400
12 -399
38 -126
143 389
-361 -185
-244 -93
-93 363
187 38
-115 254
244 429
294 -158
457 75
-490 449
-330 385
260 -156
-52 325
-354 -281
445 -29
31 82
-186 -147
75 341
-288 434
-247 -195
-82 -104
457 479
492 463
-500 457
-196 493
-173 46
293 136
445 -163
-192 471
-232 -150
480 184
-358 -336
477 331
120 -10
34 -145
-499 362
-369 384
481 -352
-230 -250
252 -32
216 249
165 218
-78 -31
-2 308
41 264
176 442
472 342
-61 -296
-116 -20
-206 425
66 22
421 170
481 12
-302 430
-183 -478
-477 -301
157 -275
130 254
240 -424
-265 -70
366 -349
-18 165
75 -318
380 437
365 450
-479 -312
-253 342
-242 212
244 -425
71 -399
357 -222
-226 -296
-213 -454
-212 394
-79 -421
-107 -361
201 206
-129 460
44 497
201 484
-296 103
329 -75
-283 -162
351 -162
-482 -180
100 360
-363 -473
484 193
-114 120
-289 -167
-184 -215
11 -414
4 13
-358 -252
199 -246
-366 -462
-402 423
-445 234
429 482
-154 114
-491 -346
-40 20
-148 462
52 456
-173 134
107 -60
-57 139
-394 -286
241 -172
319 431
177 -161
213 -239
356 -290
158 146
-14 -239
-204 142
306 27
-166 179
255 427
368 -275
-431 -493
-171 -114
79 -295
423 40
-48 76
-111 -431
172 -174
235 -112
159 423
446 311
60 121
-130 161
-60 -375
449 374
449 -469
-387 362
426 38
-157 -214
49 -393
118 -17
400 -313
-131 417
-482 -182
100 -68
-89 -311
-307 -47
-127 172
-288 458
-450 280
127 247
198 -292
-420 -264
93 119
469 469
68 115
276 331
-337 254
-290 -221
367 -290
-193 490
-356 102
276 477
416 150
-400 -360
-447 31
358 145
377 -200
446 -217
-116 -157
-408 308
29 57
-102 -179
57 -224
-262 357
-276 30
-364 383
405 -133
19 57
-395 -62
313 -200
-289 477
352 -55
94 401
-119 304
-428 210
-459 354
-76 44
276 -393
327 129
388 -256
-442 283
-117 -282
177 -40
-320 -454
-282 258
392 86
-78 307
-206 -133
252 157
143 322
135 54
-259 -43
-283 -170
-202 240
297 -236
16 -205
-74 369
263 281
-355 -486
-268 -81
-148 -159
-58 277
-228 392
-377 499
390 -464
340 382
288 239
-246 163
-50 -480
372 -255
120 199
82 67
106 -464
377 -113
-340 126
-26 -456
449 -71
-190 -365
439 496
-261 59
318 -81
44 -473
113 -283
-477 -382
375 30
-312 -321
-126 -106
166 250
-166 -243
-5 186
-76 363
-102 -99
-465 307
403 -7
-490 -234
337 316
-298 -135
-252 421
189 -347
-236 147
-100 -424
92 -473
-307 -134
248 -375
-424 -26
310 -266
157 -318
-203 500
231 493
-93 -366
46 440
447 -329
302 393
299 74
70 -140
113 469
214 281
-121 -379
132 -409
-445 3
-394 -284
140 369
-427 259
-190 -463
270 312
284 -28
-255 118
136 476
-332 427
285 344
-102 -281
476 -254
-231 209
61 435
422 -11
-475 -154
-157 -414
-299 118
308 -262
271 480
-108 265
-477 327
-245 -113
56 -159
-157 -483
-163 225
185 -347
-150 35
12 -442
-482 305
145 -409
496 284
195 174
160 -402
-452 -72
425 -329
269 259
121 179
-345 98
58 5
-319 119
-76 -160
44 -243
-429 279
-398 -33
-32 246
-250 -24
-3 -260
-309 353
454 -279
-268 -422
-174 50
-117 209
426 -9
78 -301
-48 -112
-361 220
75 -330
455 19
-16 465
-219 -288
-59 -416
421 279
288 -126
-193 -228
-174 311
-293 -157
-72 -353
-70 110
234 355
398 -353
-194 232
-210 483
16 192
129 -289
-335 328
-458 -472
-378 264
-188 281
-146 17
-355 -230
17 -302
-500 473
341 83
-138 -152
123 -244
-13 158
369 296
-173 -409
-24 -236
436 -73
-440 173
-65 -212
437 459
-458 85
-27 425
-309 5
-189 -161
374 37
104 -254
456 -176
-186 -398
171 130
-427 279
-417 457
28 471
487 358
-69 -393
-332 -281
-337 400
-466 339
381 -187
-397 -146
-300 -405
-491 222
4 260
-197 -396
-465 374
-230 441
378 43
-399 -399
314 229
-247 -112
443 408
-129 421
118 107
-480 455
448 229
-398 -11
212 222
-116 -319
464 -41
-131 -163
-284 81
-130 -196
-222 -302
237 357
-470 326
479 199
225 -67
53 -229
-246 303
-86 -492
13 142
-52 213
196 -376
-387 -166
-35 -268
-388 -129
-188 107
-123 268
-128 23
446 215
233 -488
320 -476
122 -343
-401 171
-219 468
-87 491
-202 373
-238 -186
62 24
-293 -437
-96 -30
411 -291
282 -185
-494 -292
397 150
396 -477
18 -353
119 193
-241 -266
-478 194
-190 -14
-250 -457
428 -384
-382 499
-385 28
252 235
-384 52
-79 -95
176 439
-29 252
-454 -85
51 -68
149 170
289 426
288 499
153 -111
157 -444
258 -159
-92 414
205 -62
58 311
-277 -94
-49 -338
487 425
175 120
396 -419
263 -241
342 366
86 449
-453 368
-403 -291
-458 -341
29 434
296 325
-205 348
-496 212
354 -312
-319 -475
-264 331
-141 235
389 473
-345 185
-94 251
-130 338
431 -414
-89 440
470 -45
-335 -167
-89 -112
56 -55
-387 178
-97 284
-2 -222
-319 -260
205 316
-113 -287
-96 -121
-454 -471
-232 -131
58 -425
247 101
60 -214
-361 213
333 50
36 154
-302 -363
-371 -307
385 -399
111 -34
-367 -363
-347 -388
465 -231
-127 -93
-313 242
-444 158
317 -266
106 -172
-30 -386
-146 -97
-187 -118
416 188
306 248
91 -28
127 474
351 338
-409 -433
-42 15
-359 152
96 235
465 -407
-495 102
239 -94
208 11
12 357
172 180
-411 372
160 236
-256 -92
163 -38
62 374
-72 -155
-486 -410
243 -265
268 -313
-148 -77
-105 -394
-437 -259
-370 185
-63 -445
-417 -79
176 -125
388 39
310 126
-379 385
219 -148
-89 162
-471 -233
68 25
480 324
-202 -193
-313 422
-241 369
-43 -246
139 53
358 -283
-69 -46
-354 439
127 394
83 -20
303 56
185 390
148 -497
176 -426
-443 77
-325 337
-204 248
462 85
189 252
221 273
-355 66
402 427
114 -275
383 68
-261 -28
371 425
264 472
-399 136
203 155
-49 -155
245 -162
-218 177
-43 -354
-287 -368
-348 -360
244 191
319 -101
401 241
-20 -22
-33 -190
145 -146
311 -480
-345 -83
-50 163
-355 439
492 -458
-47 -444
453 75
166 227
394 -48
280 -384
-398 465
323 -58
158 132
-281 263
362 -61
180 -10
-71 -238
37 -116
380 -220
-140 -137
-252 404
316 471
-422 64
-170 279
-428 157
331 -71
-265 72
-202 356
91 471
-123 186
57 -332
2 -101
-113 96
60 -403
481 125
39 11
27 -260
-146 294
81 -200
-47 -313
-419 205
-433 -20
385 77
-12 50
61 -351
-62 -470
186 -302
-379 0
-275 -421
130 -141
-341 -101
-277 81
-409 112
152 -79
-410 -20
-468 -431
-105 460
47 401
-189 -305
-145 446
-359 -204
-301 214
76 -346
46 -129
-416 249
-311 -7
215 407
-350 317
146 82
-321 156
-334 487
329 381
403 -202
426 -227
-278 -266
49 188
328 -272
-19 -147
122 75
-211 302
4 -466
67 25
-253 399
496 -163
91 297
288 74
443 332
400 494
444 -162
204 -261
-247 -224
142 -272
-422 111
-77 84
340 -426
-324 -227
-60 496
78 -21
348 -444
85 -355
219 407
-270 -66
-218 -72
74 379
-18 128
-114 -284
90 188
134 403
-497 -178
-202 -221
439 -103
171 96
-175 283
-421 105
14 -72
-272 -370
-422 484
257 -392
120 -343
-105 -362
-81 -245
-284 -500
89 -52
431 140
-196 309
264 417
-92 325
-49 -368
441 -111
-188 191
-15 46
-385 111
10 85
-341 330
205 446
-46 -276
125 -88
-481 46
395 -434
-346 476
-170 471
485 182
245 308
-154 -485
201 -56
149 -250
-106 -26
-96 368
385 128
301 142
-418 -488
-276 150
-189 -205
359 -376
-458 -450
-169 213
-21 412
-342 -110
185 225
28 347
-491 -227
192 -370
-269 -432
496 -339
-497 -178
498 89
-149 19
-309 344
-116 364
100 -470
68 118
-22 -479
-257 304
491 273
-89 372
-252 -238
28 -480
95 -273
453 444
325 -166
180 -309
149 272
239 -392
-34 350
111 -90
-100 98
339 -144
112 -170
196 -420
417 13
145 -383
-232 270
-227 61
473 -418
-113 -494
77 323
-318 -333
-369 -20
189 -406
-467 -323
-232 257
378 346
370 298
-68 -300
-302 310
84 -425
268 390
209 306
467 -138
360 -219
-143 -489
369 -436
249 -452
-462 397
-424 -159
-44 -52
-249 328
46 -421
-270 -290
214 228
135 0
-219 71
410 148
173 -178
324 -22
-490 -297
456 46
113 387
-103 -7
-228 -487
-462 486
360 471
-59 114
-195 340
6 491
381 389
-347 -354
-278 83
173 297
-500 109
164 222
-282 134
-471 -360
62 -445
-377 335
-442 80
60 352
-84 -344
-446 -62
298 74
-250 -325
382 347
-348 98
4 203
-399 -377
-381 -298
97 -371
-490 -197
-271 189
213 397
-60 -180
-491 4
-72 -246
395 -470
73 -39
260 1
-118 216
498 347
-142 -53
13 -412
-409 212
-201 -90
-319 172
109 -194
-430 332
478 385
-370 -259
-267 -112
479 -107
429 438
253 -81
-40 35
225 369
-479 283
-365 -166
-324 -170
-490 -254
74 373
-227 -181
126 -399
-197 297
65 -420
-52 -446
40 -150
446 284
302 -103
-252 -17
-490 290
101 -17
369 219
24 14
-259 -197
498 437
-453 433
482 -481
-461 -213
-123 -30
77 -440
-218 62
493 -352
-401 214
-292 386
488 -219
-291 238
-36 -217
-307 301
-368 327
249 24
195 -270
-23 329
452 100
-133 218
-195 438
447 25
313 321
-3 399
35 -247
475 -104
2 144
-387 287
256 -311
314 353
-209 -441
302 -85
204 -406
183 234
377 100
-330 -228
-453 -335
60 43
303 -192
435 197
144 -2
-197 -203
-346 -58
-7 486
-162 297
-389 -132
-301 303
-93 279
-459 -327
1 -419
290 211
-289 -135
451 406
-371 -453
-413 452
167 34
76 -414
-290 -431
371 336
-451 109
-410 425
-25 -146
357 441
-156 382
-442 -62
-50 289
482 101
-266 -156
430 377
322 252
71 101
-409 158
165 136
-145 40
-435 -356
-210 325
248 -330
-243 243
-145 213
206 160
25 187
120 -1
136 -176
-178 -395
-364 322
351 191
-17 -415
87 -384
-154 -346
346 -350
-234 -106
-339 90
233 -156
-196 480
-427 50
141 -492
305 -182
-206 62
-483 -414
-487 -428
468 245
71 232
54 380
-72 -318
73 185
89 -3
-402 127
14 -71
-465 -458
15 258
88 -89
71 310
-339 -337
-387 -223
411 474
307 185
173 287
-337 304
-295 385
438 302
440 417
395 192
165 336
-380 -183
289 150
-383 358
-418 180
216 -303
-212 -71
-16 -312
-11 19
-46 -398
-301 -412
3 -130
187 -409
-280 -3
136 -31
-493 386
-337 264
-357 -101
386 420
-164 -427
14 459
-149 -359
121 -474
-51 -387
1 -5
446 463
366 210
-217 -382
-338 -340
441 -65
-481 -96
-280 -102
-46 -351
-261 118
128 65
63 -145
418 41
88 156
-283 355
35 -482
-159 -377
442 300
27 152
114 -44
-449 164
-470 -450
4 -126
-340 -192
-154 243
42 337
-244 -139
-435 365
36 405
-326 364
-249 -344
-285 -172
5 -399
-154 223
-286 -116
-135 -287
-34 244
-97 -104
-194 -290
-231 -497
-242 -382
353 -495
-426 273
241 -442
-122 256
-361 -121
-335 3
218 460
453 373
-256 -276
270 -185
-192 160
11 179
-466 449
-343 164
-32 419
-252 -374
-314 131
-127 84
-281 -239
24 -359
-329 -383
-432 483
53 -58
-56 -24
252 -219
-5 -283
64 -416
-370 -466
234 299
-190 -175
-448 -140
107 -282
296 -259
-181 -18
-367 485
24 -15
327 -366
-92 -268
299 -236
61 191
-452 -129
-408 -241
223 -357
-427 -179
-271 -53
103 416
-479 -422
161 -169
-346 -77
133 494
-193 -99
210 -308
-440 470
-305 -380
-31 -29
40 105
-118 -366
-456 287
-500 -223
308 -318
-46 -469
434 172
-28 -316
176 -299
195 24
-13 -325
309 -373
-218 255
49 308
213 316
42 -247
124 335
417 -356
375 -154
4 -30
11 -327
331 56
-47 -351
214 -281
24 126
-429 149
-36 -268
-222 -129
497 238
103 413
88 218
162 439
49 17
-6 208
306 -99
-87 -204
47 -141
191 -190
216 -207
-133 -353
-472 -341
452 170
-84 98
73 -451
435 349
-64 334
16 -320
430 -65
462 205
253 417
-251 -28
203 -442
130 -473
267 156
-272 -140
421 -424
-17 -464
492 -423
-363 -242
454 435
352 191
-244 106
-9 142
385 8
47 239
328 -262
-51 382
217 21
50 -427
423 -15
-181 412
-336 -459
-408 -485
272 -445
357 -93
-171 185
13 248
-488 -114
491 42
489 -491
184 0
-274 -95
406 -178
-324 -8
319 -342
-83 -329
-173 442
-152 -469
-21 493
-105 366
157 453
230 363
20 315
-292 -167
490 -102
276 266
-141 57
-208 -171
443 106
-161 -309
-104 -419
-221 -385
-124 232
290 -142
357 230
-93 -174
336 -335
362 156
-403 442
-124 -216
466 -354
-480 193
104 -495
188 197
216 62
-94 -478
-60 -130
235 -142
191 -499
-8 410
-100 -369
-297 428
-455 173
-414 307
24 300
-39 -183
89 441
-72 325
-186 427
-182 38
106 -249
-393 -295
-7 -169
149 -458
8 236
499 -216
-208 227
-389 -151
-53 97
-279 331
29 -109
366 -63
198 450
-74 42
-138 -390
-333 428
309 132
109 374
213 -6
-181 -461
-242 -476
497 470
72 283
-385 -1
370 212
-410 35
425 -79
-40 -486
-376 -313
92 -119
279 118
189 -466
-454 238
196 -4
-423 -192
-281 389
-130 343
-471 360
-308 -368
-200 -313
-411 245
-338 285
492 -5
-257 455
-385 -203
-348 62
50 471
295 -49
-216 -426
85 487
-158 473
475 403
-205 59
320 374
430 176
-29 192
410 218
84 -369
-459 -108
68 158
-245 -404
269 306
-268 -301
455 -122
66 477
-295 177
78 406
-32 -444
-260 174
135 -478
-121 -192
122 -347
-161 -78
-479 -270
-451 -63
-314 -191
-479 -188
174 464
220 292
154 -335
-494 -486
123 235
257 118
344 -57
55 -307
107 228
-319 -454
65 -456
-332 -453
370 -215
115 165
-343 -334
-321 167
-92 488
246 228
-181 -299
-273 -385
-315 268
-119 178
-73 353
427 -266
-186 -262
307 299
-242 -344
-462 -62
92 -493
239 460
47 -429
390 0
-254 13
-141 -464
107 12
134 351
495 -441
-398 -448
81 -38
314 128
-127 248
353 231
226 -132
427 15
-289 -215
-404 -248
14 286
-159 143
107 -371
-81 478
-84 -141
265 -478
1 -189
-271 -484
-279 89
278 206
-273 -4
98 232
382 -51
184 256
321 -377
-438 498
-494 392
37 -389
-353 478
425 -7
-21 37
-474 -169
-223 -430
-117 -376
-417 -52
-196 -225
444 -198
-103 65
-139 -470
63 288
-359 -260
-38 441
-174 364
376 337
320 -308
-272 -468
-262 -403
-259 -27
343 93
-246 -394
148 407
-188 316
447 -320
-82 253
-402 -408
-426 -403
-368 -100
79 -49
254 -224
-208 32
-422 -69
362 -231
-296 251
377 376
-317 -236
218 -173
66 426
-198 167
-460 46
-393 409
22 428
-106 105
-216 -491
152 -460
-423 -141
-74 -346
17 -101
361 239
-172 67
421 106
50 483
204 492
-322 -52
393 -56
9 -48
126 469
223 43
-375 -346
227 -222
-225 -23
384 362
-191 -36
230 161
474 440
317 -412
-326 -443
-97 375
-430 275
16 366
-288 -186
149 457
88 -24
405 477
284 324
-212 164
-442 355
104 454
66 58
-405 316
319 -490
312 -290
-332 -149
-35 -131
-252 -65
-7 -320
234 -349
-438 -292
-391 -145
-33 105
478 1
-147 2
-97 -374
-477 -312
-151 240
185 -188
-35 -378
451 -293
329 118
250 -458
247 -226
85 461
138 -234
147 -441
-82 316
-158 390
6 180
14 482
372 100
351 104
-474 -224
386 -53
11 488
-318 275
-254 430
-312 -269
-38 394
-10 -473
72 126
419 310
127 101
277 -162
-444 -363
342 -152
330 -285
107 -489
-473 -158
-49 -447
-431 -382
1 375
-202 326
-467 -491
-450 -88
-268 -310
-213 411
51 -483
316 268
-258 247
331 -237
211 191
-170 422
-214 340
-13 271
311 375
110 -379
-40 -481
105 -13
-321 118
276 -205
-1 -371
400 110
-465 -386
331 337
-325 -209
277 -400
-89 41
-366 83
233 -342
493 -81
255 103
356 58
-195 191
448 -54
-251 -284
150 96
-338 32
233 477
142 257
412 166
-244 100
-211 149
186 190
-483 263
-93 -359
-396 304
-423 240
-88 196
158 -436
426 54
228 491
399 -490
231 -30
285 -285
-63 78
-37 280
-179 -170
388 -80
-11 -476
293 -385
348 80
179 334
441 187
429 359
500 -457
-153 268
-2 393
-256 -317
157 290
-275 -238
-123 -287
-32 -327
-393 -114
-12 176
60 453
-427 -24
483 312
-455 20
69 -223
126 111
373 -443
317 -415
292 300
-107 185
383 -146
-97 -62
-300 122
-435 248
-159 -85
236 349
-405 427
59 285
30 -255
-383 -17
140 41
136 19
183 170
221 -339
-201 -356
193 72
-262 -26
121 -404
-461 95
45 360
265 66
-19 -357
490 -117
76 -291
-71 -486
-96 -247
-283 -115
3 391
93 -137
-282 -7
-311 -231
398 -325
18 170
-152 99
241 325
-458 -91
-205 -73
35 -422
-258 244
-92 19
74 -462
169 313
-41 225
76 -453
86 361
325 8
-67 -251
-231 -280
-391 6
367 -23
1 413
67 -289
-434 29
201 108
128 386
327 -237
271 -271
-44 114
23 -22
-452 -59
133 -88
-411 -142
-21 145
-52 -306
431 228
287 410
-402 -371
-219 42
-367 31
463 -486
477 -70
426 99
-406 -54
398 -479
-213 -276
267 393
343 343
157 -480
22 -474
121 73
-273 -215
138 -361
465 248
223 -437
425 -239
-147 321
394 -39
87 -13
-72 132
-326 103
177 -255
-80 -65
224 -304
-126 1
63 434
-237 99
168 -7
431 -152
334 286
-471 -91
359 -278
218 -25
-292 417
103 75
-468 242
-246 52
-141 292
-443 -76
-170 328
168 -340
119 423
256 -379
-121 488
397 -471
-229 379
-402 -86
-209 -310
219 -102
-9 -462
179 -355
261 -66
-318 -76
355 -244
454 452
218 430
277 323
-151 400
-462 -44
354 420
-157 -91
-188 142
362 -190
182 378
241 484
-246 117
122 315
300 -244
463 -107
115 -421
-480 -365
-456 201
-429 -359
-95 -308
-121 353
27 -364
-371 229
480 -74
-484 450
-363 -408
65 358
-356 50
289 -368
-303 -75
-268 -275
71 -149
-404 -102
424 191
313 -375
270 136
232 323
115 385
-90 -107
40 -144
-154 -301
61 267
-272 131
-338 -28
-457 195
106 -176
422 -301
76 190
-70 326
-312 365
308 178
-104 449
-194 -257
-447 -457
-417 -30
-21 -194
319 -465
130 -452
60 21
-97 189
-359 -67
185 -67
424 148
-213 -240
349 -455
-55 -194
-45 -467
-389 61
122 -366
441 413
-90 -172
-477 -429
-272 -41
289 169
193 -49
62 -213
126 -498
207 109
109 373
82 323
104 392
132 71
-277 212
422 116
-105 -219
-307 171
-470 315
-117 -397
352 144
-186 -224
244 -140
482 -472
-113 -26
81 -415
351 -336
-48 -245
93 77
480 250
-267 -305
-358 166
330 -455
-365 -105
404 67
-91 437
315 -313
-341 217
297 459
-165 347
105 -247
62 -452
-464 441
-111 473
232 -355
213 450
119 -232
-103 431
-77 -296
-230 -173
24 303
-105 384
-419 -250
-439 -407
343 -461
243 -235
430 272
-282 135
-138 -89
377 -486
194 -452
23 258
159 58
225 134
-156 256
26 -230
-482 196
-281 184
83 -62
103 354
464 24
318 -82
-16 -111
361 -120
-226 113
465 50
149 87
-65 -348
132 -327
-393 -101
406 -338
-435 238
-232 28
385 76
-204 97
43 316
-382 228
-116 -194
217 -135
-222 97
310 -220
-412 -460
-259 326
-186 134
-165 267
485 -291
-206 384
-429 -105
423 494
-368 429
251 -493
-379 -390
389 244
-329 288
240 185
411 -263
-229 -123
-480 -394
288 -356
276 -406
-114 -51
43 -405
53 -134
62 156
431 440
-423 411
-214 197
247 107
369 -194
-450 111
78 480
-26 -420
-211 122
254 192
-40 -283
118 40
8 446
499 479
36 314
-23 -22
92 45
91 -109
-257 -262
291 468
-203 105
412 -336
-432 411
466 6
472 -249
441 27
24 -305
-51 -369
-114 359
-435 -340
344 -366
-284 20
-172 -245
-270 -357
-259 496
-373 49
-380 -397
-373 -474
284 -115
-72 470
83 -158
-201 -460
110 -165
-270 -329
-137 493
-291 -68
-295 -401
96 -333
367 369
290 170
153 497
99 181
-198 243
-442 -488
-404 -107
-69 -292
-11 301
-135 133
369 9
-206 500
-176 127
-402 -105
-321 -383
454 -127
-303 -256
102 -289
21 323
-344 -34
-432 194
-95 -72
270 113
106 377
235 -367
-131 475
-413 -487
408 -372
-51 -454
-8 -30
-173 234
-256 -246
161 484
240 457
-377 -138
407 302
100 80
383 -159
356 -197
26 -40
325 240
-475 -107
302 466
-90 -26
-190 260
-329 -213
220 -423
219 11
-273 -259
-112 -358
-27 487
484 435
33 -212
-182 -351
-217 -163
37 186
-333 -194
-119 -143
302 -463
-419 282
-498 309
-159 -485
-30 293
-326 -47
-499 172
76 68
381 -272
-182 -16
-491 94
167 -6
23 -274
148 -278
285 -116
-448 391
-488 -303
400 476
337 446
-425 69
-355 -160
374 124
-445 352
88 -14
477 -262
-455 -17
-372 138
-92 281
-161 -443
113 -49
-270 287
-118 439
224 -296
377 444
-285 62
433 -55
-140 -106
157 -311
431 -257
-116 -464
398 -465
-280 199
-144 219
326 -103
-100 132
253 247
-207 -17
-83 262
63 340
418 -107
-466 -315
427 -339
203 -492
470 -125
307 185
391 117
-273 116
159 -217
435 282
274 -93
-134 -230
-118 180
-237 -255
91 333
-321 20
-239 247
-323 41
435 498
-241 186
-295 167
354 365
-384 97
190 118
12 -272
171 373
53 -48
500 483
-44 253
307 -92
191 -262
-169 -105
102 -77
-207 -478
-124 -405
164 -70
328 481
-477 267
-417 50
212 -356
-324 268
231 -309
99 -96
18 -95
-26 -57
-276 -328
380 285
352 -218
-91 -87
119 316
161 -493
313 -463
-433 -434
-311 81
-92 225
379 -25
-317 -373
-237 431
-9 300
-31 -481
-453 -37
479 260
379 -93
-116 -227
-15 134
306 252
-130 -489
-283 -47
71 -294
-241 -441
-8 -265
298 209
-254 410
-155 74
152 -146
-350 -14
-128 441
50 478
398 -307
-321 91
-185 170
264 221
445 62
-119 324
318 220
323 -277
332 94
295 -199
398 -405
-346 47
-94 389
211 -125
-399 45
295 -196
-61 215
81 435
-116 49
-171 146
365 338
72 -253
-261 -84
247 -119
18 73
285 -130
-426 409
-86 452
462 489
147 316
-171 -432
160 -421
-202 182
-470 61
-46 -7
222 440
390 -12
-294 134
-218 448
-204 -179
469 -473
-481 -367
-486 -341
328 -5
244 -384
371 170
280 -321
-465 470
-55 37
297 -336
-495 262
296 453
359 65
-410 467
143 -67
-129 156
-492 376
-18 443
-92 408
190 -463
244 131
235 272
-167 289
150 -6
-204 -29
443 -100
112 -487
285 -360
142 454
-236 -376
-299 -119
148 419
-65 -431
-134 210
-476 67
-273 378
146 226
157 -319
-283 144
464 144
142 429
432 126
-108 -208
-91 330
362 342
114 420
173 -370
270 183
439 -63
-29 286
-444 170
137 309
-426 416
297 -471
21 -43
487 -406
17 -396
316 256
-362 20
-134 -468
499 346
-37 -163
14 -433
-232 88
-82 394
331 -96
391 -185
-413 -493
-208 394
-255 206
-447 -348
-309 93
-257 -478
157 298
350 319
168 -158
-370 184
-166 -301
239 325
-10 -279
155 -414
14 -388
375 -309
-278 157
-6 309
251 176
-386 -483
-261 -377
-286 -60
209 -449
252 135
170 347
-162 -29
409 -46
-139 -143
102 -227
-89 178
26 24
232 282
211 -497
180 390
-415 444
364 389
157 -20
164 301
378 458
-467 -236
397 196
-306 -204
-22 -406
403 69
-194 301
55 353
219 127
288 363
464 -68
143 196
343 -272
-411 93
161 -398
216 72
-433 -111
-65 215
-284 460
-142 469
-380 291
-276 461
-155 -468
451 -38
315 -108
440 -187
-280 0
216 -114
-24 -57
225 253
85 -432
-20 -78
-38 346
447 -358
-185 -146
458 289
431 178
189 291
285 208
165 -356
274 -394
-450 -226
-466 109
203 -128
-197 131
-241 -327
-323 -175
107 386
-140 -50
-83 -216
124 -261
-8 -257
459 -183
142 -397
-439 -169
-436 -310
-333 2
-318 159
-71 -249
337 481
-65 102
-129 247
120 407
465 172
-375 -139
-75 269
270 373
419 54
292 213
263 -147
322 287
-32 95
2 23
354 -244
389 305
-146 -198
281 243
-465 494
49 164
-386 34
-131 140
484 -192
137 301
-41 138
1 345
-123 173
75 -345
111 80
-86 -168
441 -344
294 247
-303 -295
283 -184
93 -453
-138 312
43 -400
392 138
106 -96
52 -149
-165 9
-25 52
-216 477
-122 -252
418 201
182 -246
247 -211
-183 106
-369 25
9 194
187 374
398 -184
-409 301
-268 -236
26 409
341 -232
-186 -286
-487 28
-469 276
164 227
94 -399
180 459
-397 -353
179 135
-81 -192
230 -125
-298 56
-8 408
232 96
-226 -415
-352 46
-378 446
310 -49
498 -380
235 331
149 -145
-414 -44
200 24
389 -189
42 175
-122 486
195 343
-235 371
-274 132
4 -328
449 268
65 111
481 372
151 71
-123 253
-308 -406
492 216
226 407
-442 -239
281 -469
-436 302
215 40
-296 362
230 46
-222 -384
-396 231
-1 -22
-196 -241
86 170
428 484
323 -348
68 294
384 -109
11 147
-172 148
209 198
204 438
-142 -351
78 175
430 347
-236 -234
-280 454
-257 -85
498 -496
439 244
-302 177
192 -154
-428 -249
-360 -500
-368 146
231 -133
-493 -128
65 45
461 -466
-10 53
-37 63
467 -162
352 77
-201 204
-280 313
-283 -80
496 -420
-75 -164
-70 -263
253 -342
381 -11
-445 349
133 136
-433 102
-443 -306
498 -417
-368 -22
251 -230
-475 122
-227 -73
-366 -159
137 -376
-329 -284
345 -374
282 278
-422 -446
251 -369
-338 314
122 356
83 434
-94 231
458 -5
-30 179
-356 -18
-257 42
-148 -417
402 269
-254 302
-285 -342
-324 -203
401 -196
-235 119
-427 -441
351 226
43 273
24 -297
386 25
-3 -463
318 -436
-324 106
-295 199
-248 252
423 -43
-53 -476
235 -178
-38 358
432 -78
-155 226
-34 -452
400 -120
-280 314
204 290
280 38
500 -228
310 222
361 272
273 -300
-391 -137
317 -445
-334 -198
385 292
316 11
-462 248
283 380
173 -431
-392 456
-225 -16
431 438
-42 -315
153 -496
231 492
-379 -170
37 -258
-481 -193
-34 -245
228 -72
-459 -15
-433 49
177 288
-23 -147
168 -298
459 -159
24 255
250 197
-131 -205
178 187
-259 141
105 -317
-229 -349
-376 264
-170 -227
130 12
-356 -363
-482 203
-192 428
479 178
-95 291
283 -116
391 -212
187 310
101 360
-11 -52
259 156
238 -31
-366 3
-99 297
2 -40
-356 431
-120 -373
448 112
-111 -397
-20 464
-303 -214
296 -113
-466 211
-421 337
428 -476
179 -38
-377 491
281 482
348 -376
-166 170
362 -279
-447 240
336 191
371 187
193 87
-152 190
344 269
453 496
-419 52
467 -242
-204 -394
334 452
167 -404
321 39
477 184
46 222
-287 -373
308 -350
154 -48
236 -310
263 -240
47 -90
-220 197
20 397
230 199
16 109
-144 11
-33 -209
-149 299
11 179
-412 179
236 217
-153 106
363 -263
385 -215
-432 -256
237 36
-76 130
-370 398
338 -303
-496 253
-440 40
-439 -334
373 170
24 -85
-13 -322
133 402
292 -315
192 -471
355 281
-361 458
-456 -119
-185 329
307 -188
-210 -244
346 -481
-176 -374
472 -95
-348 -189
-261 270
148 -9
403 -416
-330 404
-360 380
267 390
260 -269
-43 283
220 -45
-188 125
-168 -48
145 -495
-65 -287
-188 -197
415 -115
317 -14
-44 461
475 5
-247 -388
-209 -91
358 -316
255 -120
-284 -340
-15 223
324 -480
317 -60
-273 257
-357 231
95 -491
127 341
489 -343
-111 484
102 201
-183 236
312 -121
-173 325
187 147
6 434
244 417
441 -75
-462 -67
-33 -495
-81 -461
231 142
-301 -86
386 401
-460 233
-436 122
428 -214
328 302
-172 -191
-41 -108
323 199
226 233
361 373
-238 -390
250 -413
-243 -87
307 260
-426 -127
-105 -394
146 224
-460 -318
251 -286
326 -324
220 107
388 -311
179 289
222 -302
149 -384
247 -353
-463 198
18 -446
-282 -486
-200 -351
-418 24
179 374
-491 -138
-310 -455
94 412
400 331
-257 47
-303 188
-318 54
316 -424
-481 250
-347 194
65 456
-313 -472
-117 124
-410 19
-369 433
258 314
72 -6
16 -146
-148 -47
299 492
499 -480
-338 86
-351 432
404 -324
321 -151
-381 274
263 52
-242 143
-435 319
-359 417
140 -375
-148 -220
314 439
-144 498
381 250
-417 -240
330 -58
-493 -233
53 477
302 470
29 -479
-92 180
451 189
37 152
-275 -214
291 452
70 -119
48 -462
-498 -339
293 354
-341 -286
-242 258
-327 327
383 -193
92 -451
69 -217
-403 -135
-100 -21
-178 495
-210 -76
92 103
361 73
-227 -87
-165 -135
363 29
-104 186
-235 330
452 -200
59 88
66 -447
-332 119
-496 5
384 -454
152 403
306 363
-226 291
34 74
42 81
-42 55
425 316
-57 -458
-121 -496
-305 108
-447 -127
239 -167
322 144
-287 -291
176 -368
-247 172
-367 -399
229 353
-61 -251
-281 -490
-479 364
45 -79
-286 29
300 -238
-399 -379
386 335
127 464
-471 395
54 499
-339 330
119 -385
135 250
-261 23
-264 434
-217 454
290 41
-30 -59
-400 138
-265 268
-48 -99
-450 103
121 299
-166 346
-382 -168
476 -471
-132 -322
-179 -438
206 -452
438 -146
469 179
413 224
-113 220
-292 -436
104 -23
-252 -188
20 -135
-98 28
36 -85
311 -257
-61 -2
299 -306
-146 -483
24 -290
-366 -290
-279 -183
8 196
-186 -75
-297 -42
216 358
129 -56
15 -247
19 -307
335 463
217 390
354 243
-9 75
475 164
-14 109
-117 385
453 -15
-464 47
-205 498
-461 2
128 -371
83 96
120 -464
391 -116
-470 -119
-473 5
60 46
-440 -210
-464 -24
368 293
251 25
365 3
-385 45
2 -197
-172 -399
-371 123
207 -215
-9 -412
-451 -268
269 -298
89 495
323 -385
42 356
-92 -305
-383 -288
-121 -493
68 -395
464 -312
477 -250
-247 203
406 -17
303 -180
193 53
0 277
148 -250
-383 -327
-105 -216
101 -157
466 208
400 -360
-212 -33
114 -76
167 -86
447 -296
-99 -282
404 428
-457 -366
-100 202
-485 -400
361 -421
252 457
-312 -45
-96 465
-419 -484
-94 353
79 361
155 208
-446 -220
442 205
426 250
321 486
-49 490
-242 92
-16 -291
-165 -209
-224 -431
187 57
-58 -134
-231 319
-258 351
-116 0
-395 287
-155 -4
302 226
-283 -453
-86 -128
200 237
441 388
-109 -93
-389 268
473 460
398 221
63 185
-300 233
-4 109
388 488
-26 283
448 128
-185 258
478 -197
85 114
403 315
-34 146
-222 272
437 438
180 405
438 -208
193 343
-279 -153
-400 439
134 241
90 395
-401 68
-142 -379
-98 181
-339 80
274 273
-280 -290
82 -91
-499 -465
122 -376
-193 -104
-29 442
182 -34
-312 -422
377 301
-366 -103
136 -95
221 483
-229 -18
-282 -386
-258 -349
343 249
-377 -402
-409 53
75 198
305 14
201 -330
167 -222
143 -457
-103 -293
168 -61
111 188
-271 -486
-473 127
183 -170
141 112
251 -82
-24 395
-146 -85
-271 70
-102 -46
-483 163
326 475
449 -236
-95 -33
377 424
-492 175
1 -361
-398 -418
75 32
60 -239
-401 -260
-132 479
-487 260
160 434
-242 470
85 485
35 176
262 -229
-64 -364
230 227
315 298
111 363
70 -401
365 173
211 -120
124 186
386 58
323 11
-484 -153
-344 49
101 247
421 -347
-337 -348
-342 74
-191 -17
-471 -291
-89 -186
-51 -140
486 -354
-452 -248
182 126
303 158
-473 172
-380 453
380 285
43 -84
15 -334
180 364
-162 -424
-300 -65
-120 457
492 -20
224 151
9 237
-494 -421
350 -326
-468 322
478 -129
-231 282
363 294
347 -158
-308 451
399 -55
450 -239
343 -108
-431 -415
-274 423
172 437
303 17
-122 154
440 -397
499 -469
-458 161
240 133
154 371
69 -469
439 -177
66 348
491 -476
-242 -105
55 77
-379 428
-6 420
295 -35
34 23
-157 -144
-37 -241
277 129
430 165
-146 154
-26 439
181 186
-151 55
137 -115
-317 106
106 -14
-78 58
19 -328
-292 393
72 422
390 391
148 -22
25 408
-328 417
139 -203
-437 -494
217 -499
-72 387
-289 -27
96 402
25 272
-355 -52
494 -106
-374 449
-382 -49
-49 -160
-486 -442
124 212
359 -413
142 126
383 183
114 -435
208 -403
293 -355
-386 314
270 -322
-262 488
310 73
-114 -301
8 -33
64 -387
-432 -472
-391 250
-281 -277
-433 -51
486 -87
355 310
322 -214
368 -428
273 125
-281 261
410 -128
-254 33
-61 -238
460 -22
3 -21
-404 254
-66 -319
158 -170
405 300
291 278
468 230
-286 116
-276 -332
356 480
-261 467
236 -108
314 294
130 -27
499 406
216 -291
-464 -403
292 -223
495 129
-479 -88
-191 -491
276 -92
-175 -124
229 -156
-118 500
-445 415
-362 151
-395 260
-408 481
-468 238
-279 -484
229 63
120 -300
351 362
410 -266
-154 -443
459 36
360 -452
8 -433
-445 -345
-485 -264
297 476
13 1
302 130
-282 -113
153 24
341 -491
142 -356
289 -45
257 49
-122 -400
203 412
246 -22
169 152
148 -333
409 383
24 450
195 -277
-114 -399
-118 -382
78 50
285 28
-228 -114
-407 380
-198 233
-95 249
-245 -398
-134 -248
477 8
202 -182
434 -3
-37 363
-386 -142
280 176
-480 182
471 -81
-97 -54
-480 168
249 43
205 223
-137 -152
-422 365
188 -200
-63 -446
-398 -336
-282 -421
392 -256
224 -459
77 -260
462 384
-300 56
-405 -54
280 414
-253 134
360 -394
389 473
349 290
170 -353
138 -271
361 141
438 -235
-391 -126
-428 -17
310 34
-39 78
-110 494
130 -225
387 -434
88 -39
375 -265
259 209
-330 -171
-287 -331
183 -470
117 382
12 -485
-100 -438
-149 -128
-259 421
177 303
-290 377
-464 -424
-29 -366
357 62
-484 392
-157 62
367 492
194 -98
-397 -25
66 -411
37 -152
337 22
255 113
1 93
277 -330
-367 -93
-344 -434
236 -214
-251 -44
434 179
18 402
367 -16
64 57
-159 -415
159 473
379 -446
287 -434
0 -216
-194 31
-158 -102
-231 162
-129 -218
-316 125
-182 259
472 180
153 237
-120 32
171 93
-109 401
-350 488
-95 -436
-270 -490
94 49
289 -286
-116 -284
-135 -276
-186 -307
-167 -92
249 211
-366 410
390 -316
121 114
312 12
-42 58
42 -165
185 193
417 290
-270 49
-186 -266
-198 140
205 300
447 -31
224 282
482 246
-129 440
-301 -407
-430 -327
300 454
51 -165
94 235
-350 422
-33 -254
-396 -135
-74 -145
-72 -38
-102 -238
-286 341
284 -174
151 236
33 -397
-144 196
410 -137
67 -11
347 -250
166 -209
-440 -21
155 -392
-396 -105
434 -352
77 237
449 397
-266 438
270 -294
383 203
420 364
-4 108
8 366
-283 -455
233 -194
4 285
339 306
185 474
-228 -462
58 -48
-261 369
132 -3
153 -423
447 -221
-64 396
450 -367
-45 -239
-81 184
-274 204
-251 37
221 -17
271 52
-38 -41
158 -380
-340 -407
-276 -158
-84 -47
237 450
3 441
-160 414
-299 110
153 -178
-417 293
-328 188
-408 -188
295 23
200 382
53 295
-199 216
-498 -50
-310 -285
-128 291
173 164
-385 360
-313 252
-485 -199
-399 347
325 -123
95 469
79 -363
204 423
-316 356
8 97
238 -128
-394 93
-264 -170
491 285
-155 -464
-86 -392
-200 -186
-499 -184
267 -146
-267 14
-70 -372
366 -111
-395 404
320 379
-216 184
-125 -205
-139 12
-448 183
428 53
-322 -92
137 16
110 -414
-225 108
50 -498
480 105
-223 479
301 -274
-460 386
171 -230
88 182
-104 -235
-83 -410
452 -344
422 -355
-66 -249
498 381
73 -375
-138 389
220 -279
-397 304
-413 47
-496 168
246 -221
4 -434
-67 -324
-363 478
-179 170
-482 333
-55 191
-15 -370
158 296
268 422
-25 -14
-343 462
-438 111
371 221
433 -311
62 -121
-112 -5
-251 -481
447 -290
435 -198
-40 294
226 -56
-176 423
-456 -472
385 -90
-171 -481
-314 -355
115 -174
-398 7
13 353
-394 411
44 -264
-369 -460
263 285
-350 -188
45 251
205 -207
-446 -410
239 15
-239 -457
74 -175
71 415
487 -238
321 482
-136 -399
-279 193
-70 96
-13 -71
59 -23
-486 -388
-218 -400
275 -204
23 -500
-187 113
399 178
64 186
-56 272
339 374
-7 82
-293 179
-392 282
141 300
-349 -23
-404 7
-5 425
72 483
-207 22
-173 146
-316 39
-471 -446
-148 -422
-283 277
119 -491
-44 -298
104 352
-254 95
101 -36
-389 310
390 477
139 -196
-118 344
-471 144
-378 -493
-115 -88
-375 -277
400 -291
-352 -420
93 6
-109 -260
-500 -347
70 429
412 -135
-38 274
-479 -55
133 -171
-211 149
189 112
-188 -92
15 0
-237 198
381 137
298 473
70 468
-162 200
434 104
55 -179
242 366
459 123
-356 -420
-194 342
-11 45
-327 -13
-409 406
405 274
-156 -116
-181 216
12 457
185 351
494 -175
431 -161
49 406
-198 344
424 179
-288 -113
-377 376
499 232
485 -79
-487 65
-9 -460
131 -41
322 -145
-158 330
-492 -393
273 -303
447 428
273 -148
288 -283
-356 423
-192 -200
258 227
169 -459
78 -247
-325 -108
-339 311
196 -39
-374 -194
371 -276
-124 -491
317 179
80 168
471 -438
48 476
-194 -409
161 300
-398 -450
257 11
217 -256
193 3
104 -190
364 126
-248 340
271 11
273 -54
307 281
-56 157
-134 312
291 404
-422 193
481 98
209 -266
-348 -24
477 412
-83 297
-122 443
485 -225
-305 -316
356 -122
-316 -70
-174 -254
487 167
106 121
178 220
67 -349
-108 -351
-325 -110
-363 142
-93 -398
-165 248
40 -75
-441 -158
322 -398
237 -89
-440 -449
259 343
-476 87
304 -167
-456 -180
-473 -204
300 68
443 -231
193 171
325 324
285 -189
434 293
-413 272
-76 -462
-132 -239
-3 -429
-311 -18
243 156
440 -15
35 9
411 338
-101 399
-76 -472
-430 -443
354 -397
-53 456
-318 -245
-188 -8
49 -407
-448 -324
424 -481
232 455
-269 350
434 -245
122 196
-348 -77
104 -491
359 476
-293 282
468 190
156 84
380 165
-253 -65
472 -68
-45 -161
-118 19
-450 -463
233 208
-4 13
-468 94
269 3
255 443
8 -500
457 289
-183 -35
-381 67
-469 217
-150 -265
175 -25
-372 -184
243 203
486 -129
167 -289
-388 42
169 -123
-233 102
-128 285
-367 390
119 -102
-247 18
298 104
419 235
-450 438
344 442
-382 307
20 102
-343 -446
-3 397
183 -33
-72 114
-327 -483
64 52
238 51
-87 -309
-152 392
-419 -323
357 247
-161 -81
496 -309
343 -400
-102 183
-247 248
307 154
432 301
-258 305
-115 -52
393 -285
288 -395
-125 -123
-486 -464
103 89
-381 -30
-29 -8
4 343
475 82
441 72
384 -26
-124 -330
-259 390
30 99
-26 -483
189 -90
-260 -386
-269 -94
75 -261
-5 -81
-256 477
-254 -440
460 221
-241 -22
116 -38
-415 -314
-40 -471
-141 440
-430 -289
299 486
500 22
42 346
-193 241
468 -490
108 355
-239 -177
463 279
303 79
303 306
468 19
495 70
173 282
118 -385
255 -386
-84 -53
-319 62
-382 -314
37 -137
-201 -29
220 340
14 481
132 -300
401 -171
492 208
-3 305
216 -405
-263 38
-162 279
-224 -429
20 444
56 -343
100 354
-357 0
-335 498
62 -201
-126 154
-138 93
-151 -391
120 -256
-229 -155
-158 -281
-25 -54
-251 -340
-83 215
381 -413
-93 -390
-179 478
154 -340
134 -233
436 73
357 -461
-484 -40
185 493
94 323
-144 -461
-483 -38
17 -49
-422 -119
396 277
252 442
96 -138
-162 64
358 257
-262 34
-480 -445
116 245
105 -272
-96 44
244 317
253 154
290 -33
395 257
-61 -293
368 412
-493 -132
329 296
435 -170
-470 -37
450 -217
-281 -18
244 115
-232 -330
-472 392
-341 -433
488 349
426 -131
-456 -24
-179 -33
-282 34
126 -98
364 474
113 -78
-375 -85
407 402
-143 463
-496 89
-389 -462
-210 -246
345 -126
90 -382
-394 436
448 -431
245 -9
12 488
-69 -108
489 -98
-392 197
-325 473
-156 -264
94 -347
-273 335
-80 -193
75 332
-367 461
372 -409
-167 -159
335 -63
484 454
476 122
235 105
402 149
245 279
-485 -83
-478 -256
-288 -328
-40 -64
103 461
83 435
-244 9
435 350
-481 398
31 -193
-460 186
-72 -16
-362 -76
67 -482
20 -209
350 -110
-409 381
-159 -462
-458 5
273 432
249 -464
302 -367
319 373
-452 -486
200 442
-333 394
-286 -272
415 349
-54 -206
427 -105
12 -140
9 184
4 0
-219 200
63 -259
-262 -71
-416 53
369 -37
277 260
-254 203
-361 219
261 -252
-212 357
-189 482
-13 -18
305 -5
69 163
-228 -215
17 151
-3 216
-170 418
-150 -109
158 -54
-386 273
-330 -276
17 410
-262 -154
-21 21
-404 264
-21 122
-225 -471
102 -5
-482 56
-17 -472
-259 -228
-210 289
165 113
71 -58
161 -490
-394 404
-297 -52
-286 -399
-500 -319
-256 177
-36 -88
-6 449
-321 223
269 333
-499 40
-253 -69
112 -478
249 -42
210 14
182 7
157 286
249 408
111 390
-90 315
-491 -115
321 -161
-3 -163
-326 -293
204 -498
222 476
357 -90
-191 -498
111 120
-315 130
163 384
264 426
158 321
439 -91
-110 264
-278 51
-440 -14
-84 -64
-194 -401
322 -319
320 -297
-76 455
-400 327
-73 -100
192 493
-342 -254
498 282
-463 -148
493 -212
29 -286
-364 251
-137 -494
426 370
-35 -457
365 -356
-484 257
433 -59
-19 -211
-463 361
-69 63
-121 -398
-176 213
-194 -428
166 -320
388 320
-459 385
-212 -329
423 -399
381 -83
175 398
-196 -17
-469 404
463 -311
241 -437
-500 205
-333 73
-307 -313
-227 120
-238 254
-377 -280
282 79
-376 -8
69 -274
-60 -307
-294 -287
109 166
-319 373
-423 -119
-268 -340
-448 -403
-457 353
-384 -82
-211 481
480 46
-380 361
-117 -199
-360 240
239 -217
-257 -37
305 -327
136 -462
-6 -161
-457 -326
145 -272
-333 -462
-230 -75
109 200
-418 108
270 377
-287 -453
-375 131
363 442
217 18
-126 176
-65 -219
182 72
-371 -340
115 310
264 -16
5 248
269 305
-157 -377
88 339
465 -267
-234 416
307 -76
265 4
-288 112
-468 -399
-47 494
360 58
273 167
146 341
-456 176
142 472
-274 -492
-236 303
-467 -157
448 282
-146 -248
93 460
461 329
-342 369
289 10
-235 228
163 268
-462 -165
-163 377
321 430
353 422
-454 379
-105 115
-198 211
-6 252
-353 463
270 -457
234 448
-245 -42
290 -204
-34 439
-187 -58
-436 2
-428 369
-281 171
495 -403
-204 454
229 -452
453 -415
277 -423
-106 150
-106 150
485 -406
53 382
-298 77
-114 -407
122 -268
-149 -100
-99 -12
-15 234
154 -151
-355 -231
60 411
242 -179
441 -238
-78 397
31 -384
9 -112
-400 -101
-376 190
495 -368
-149 -43
-237 41
370 272
-254 -278
-230 290
230 88
-432 276
498 89
-246 -471
-212 156
70 482
-158 184
206 268
-350 414
113 -400
-175 450
-18 -309
232 -285
112 -77
194 316
351 -101
224 499
-182 117
-47 -227
-154 442
494 161
307 48
155 440
78 -252
339 60
-207 -173
272 237
-181 -255
-55 -189
384 -114
-45 181
85 411
-399 -253
253 -309
-236 328
344 309
-385 297
-285 481
379 -177
254 -388
111 -449
179 348
-165 162
460 23
332 -183
-463 145
-452 132
-58 -205
-135 -4
486 -209
431 17
-124 -240
-381 208
331 57
312 -406
-167 -59
-428 -104
279 61
-233 150
140 15
-368 123
265 128
476 -43
209 471
43 -435
-189 203
-425 -263
-61 437
139 212
362 488
150 -228
-236 100
-322 -51
208 114
450 -284
280 253
-29 -354
-396 458
-481 -360
333 197
-395 -396
50 -469
-320 497
488 335
60 -353
-80 -246
82 -43
392 132
282 -467
-266 -355
-89 -331
457 88
426 373
-285 -202
-386 3
-127 185
90 -366
102 333
-319 -133
-215 307
492 299
-143 -391
-203 90
-386 -349
-186 185
-247 -50
-427 -60
101 76
-496 316
486 425
70 92
-33 -226
-262 430
-211 60
-445 126
-90 -167
-266 156
-224 137
489 -27
267 221
31 -176
200 271
345 56
-171 445
433 120
306 395
-80 -452
-220 430
310 -334
-184 167
328 340
-463 35
301 439
-402 436
111 409
-17 313
401 -63
40 -262
362 35
-274 -52
-429 -13
452 -470
218 220
408 11
-243 292
-365 -415
260 290
27 45
487 -497
-320 -364
126 303
-399 436
239 318
-399 237
-229 -53
-290 -483
-88 -332
8 164
-322 -227
-336 -475
184 -458
-135 376
-114 -432
13 -122
162 275
-390 -489
-99 165
-80 -117
-278 348
-149 398
407 347
-279 391
446 -472
-155 -487
443 338
22 227
-117 -130
-446 293
-249 200
-1 311
266 -66
-486 -395
210 -161
-204 -292
297 -307
122 -63
-253 -271
-169 -324
229 -37
364 436
-3 58
157 -445
-143 -240
-194 287
247 -220
-317 -94
149 -446
314 466
2 52
-211 55
338 -123
-31 228
218 449
-464 99
-13 481
-181 -259
-429 -99
-171 -463
-411 354
-29 -213
-488 -131
307 -292
323 138
-296 496
469 -1
-346 488
-69 -480
-320 -328
-207 384
427 -298
-235 449
-60 496
-314 494
300 -178
57 404
201 -296
220 294
-310 -472
59 372
-414 -29
179 364
64 355
288 157
247 167
-275 268
-398 -497
-113 -110
-162 -260
402 -338
391 -54
-115 347
-457 235
203 379
-78 213
-28 228
-150 -29
-120 481
65 127
-169 411
-487 306
-206 381
-353 -496
-335 145
285 -67
80 478
496 349
-166 97
388 373
269 -71
11 168
-291 -309
-463 -140
322 54
272 -197
-347 -348
-272 355
495 130
-154 314
-186 413
-10 472
-268 317
-431 44
-33 -38
-76 -164
294 356
-190 381
-151 -112
356 242
-106 255
40 -441
-469 -252
-219 -240
-102 114
-202 53
74 215
122 -238
-441 334
-57 82
196 364
400 302
-411 -254
-8 -500
43 -145
-349 488
435 213
429 -268
-49 -256
457 -173
-383 463
148 500
206 105
-334 -460
398 230
484 423
244 45
445 -362
-135 284
-184 -176
397 55
150 -485
-172 -483
29 -343
-284 176
499 -214
300 81
-176 432
403 -494
429 277
498 399
-18 201
-485 211
-161 134
-327 33
398 287
-264 399
-242 420
285 269
-151 80
-235 88
304 -321
-226 196
-79 121
289 287
-131 -364
-100 31
-368 -163
384 94
-275 291
201 116
-144 -20
-412 -33
-499 -294
489 -96
-266 435
271 -399
-240 -111
452 265
437 -145
-110 465
136 412
185 377
-472 -186
81 370
237 -47
-168 -253
-43 89
-84 372
225 -386
233 468
308 449
258 404
-296 -353
-158 -36
-397 459
-344 -361
218 -285
50 206
-226 231
441 -445
214 58
135 -101
-32 -262
471 228
117 41
325 304
200 -405
241 -263
137 -89
-433 -354
25 -342
258 328
-226 313
-147 -23
-385 -58
-28 -292
105 275
401 -130
-437 -138
101 -191
364 353
-172 -98
260 4
-128 -424
-131 -172
381 0
-426 -265
-60 233
-464 -452
125 465
-99 -66
116 -345
-64 -75
-262 417
435 -240
236 492
309 -82
181 -263
-301 -469
-240 17
-20 -44
227 371
-44 -130
-235 -224
-84 -39
115 -69
-226 -445
-359 -102
479 -130
42 365
168 -147
-378 386
51 -435
326 -218
-214 122
-268 -141
-7 -206
-252 -283
490 258
-266 -9
-273 406
231 -203
-158 -484
-412 -405
66 485
239 -37
150 158
422 -96
-57 221
280 170
401 486
242 84
-12 -150
60 -173
277 159
-387 463
-325 -420
-167 -316
-363 425
-337 473
-436 330
245 274
-423 411
-11 310
-28 166
-321 53
-268 -442
152 102
-78 -392
-70 426
-31 385
-280 169
-354 388
426 -112
223 386
79 -125
193 170
388 -142
-264 -334
-319 -4
-112 -215
-319 -35
199 332
306 344
-23 174
-435 170
488 -411
-115 271
391 40
121 -215
86 266
-87 319
485 150
207 284
-59 344
-343 -89
256 -489
173 190
-258 -31
-98 -251
-369 -303
60 -475
-259 -252
81 -295
198 447
-341 275
324 148
-89 -263
429 423
-140 -179
-387 104
119 -250
229 -213
-477 -260
-103 -446
219 225
271 374
67 -24
-178 -328
303 -213
-338 278
-359 160
-475 -155
-96 -240
173 9
-83 -299
483 -494
-250 395
-113 66
-379 -246
-287 361
-365 255
92 -105
369 52
-472 -42
83 431
-416 -111
477 462
-21 -116
88 263
-470 -310
6 -187
-482 -111
-16 -500
371 500
498 245
-292 326
-173 -325
-216 -94
-451 349
56 339
333 -444
329 -237
-334 -266
359 172
-476 442
77 348
64 69
-337 440
-481 246
268 -421
-337 -331
70 -384
299 38
-363 -89
-70 -243
-302 -327
-422 -34
-3 -498
97 -88
-63 273
-316 213
350 -281
-215 222
364 334
-162 -145
-122 -155
403 239
-177 495
375 151
-361 -325
-79 75
57 -251
-173 -42
326 414
131 315
367 490
295 271
132 357
-69 -283
56 10
28 -430
140 -423
328 -282
108 314
-291 460
321 216
-212 -46
-334 402
292 -401
-64 -362
78 479
-264 343
395 -240
460 -68
-412 -224
93 -15
118 386
178 -467
-321 266
228 -45
-215 -200
8 -82
278 116
-310 347
101 269
89 13
-443 78
-419 291
17 314
375 265
-107 -342
-150 406
110 -382
12 404
-292 -245
-270 97
-74 335
-272 -65
419 486
470 12
-296 -209
-410 -420
41 251
-263 138
-157 487
-445 -201
-363 -254
354 26
-217 287
-475 282
-172 -232
-138 466
218 -383
-437 404
-296 112
-145 -174
146 71
106 324
200 297
482 -422
-371 -251
-429 -19
21 -153
404 499
-436 -86
-308 6
-178 395
331 355
-114 -11
-296 245
-477 331
-306 -181
3 11
96 117
196 -28
-436 453
-169 258
-418 28
-226 39
299 62
-497 -465
-115 163
119 -170
-316 280
-327 77
236 -298
305 -46
-175 165
46 -392
236 -307
-274 484
-28 247
163 126
-115 128
-413 285
212 -234
40 433
254 155
139 -379
-60 -39
-399 -190
-266 -398
-440 -69
322 -358
-370 -124
227 -445
492 199
-77 -356
230 -152
76 370
-309 245
332 459
99 -120
-393 292
55 350
-28 354
436 -312
217 312
490 390
274 328
-288 41
-293 -255
75 472
-36 -131
79 -154
-237 -207
498 -285
108 56
-164 -264
-283 -374
23 -484
476 -66
-94 174
-308 -294
90 -158
-128 233
-410 -258
436 42
-61 348
411 169
80 245
244 -250
144 -216
224 60
-117 327
6 -195
-176 322
-164 -476
-356 -68
-276 -417
387 485
94 -386
-492 -224
-194 176
-78 -276
-465 -123
-254 236
-471 -34
-78 401
497 -49
-476 217
213 -474
-14 341
415 -283
-43 -87
215 264
-454 161
435 -207
373 311
-119 -426
-317 362
243 -190
-52 287
-310 443
124 402
-406 413
-500 -64
407 -20
-188 477
308 -294
-143 402
93 439
-406 -191
-447 -229
-240 316
-427 -87
43 230
211 236
-44 -359
433 219
-472 277
-449 271
-58 411
152 -420
-317 149
309 -476
447 -176
138 482
-274 233
85 -442
-354 -372
306 104
-145 -104
226 -99
-195 199
-57 -313
179 386
-346 -147
-97 268
-251 -160
-219 -386
-434 -329
-195 362
-472 -61
-411 -153
340 -171
-271 -24
319 477
170 314
496 -76
126 332
-350 -214
-389 -29
441 -107
-11 180
-194 -155
-465 -237
-397 -175
69 -398
229 -17
184 258
233 -148
493 -33
-288 288
-456 -483
-280 -163
175 129
-204 110
121 -25
210 439
450 204
-306 484
-379 -282
455 -298
-147 -473
230 492
440 204
180 373
-285 -383
437 443
-292 -163
364 192
388 -333
-14 184
-452 179
-257 -252
269 -453
-216 -146
457 20
-489 471
-45 256
101 -21
169 132
-127 -108
277 445
-63 -68
31 371
163 -291
263 312
-453 -164
76 -160
50 89
91 41
422 169
386 -15
-38 -30
6 498
-411 139
341 277
-80 81
-379 410
63 -280
-383 -341
-344 -424
-422 406
311 28
-475 -400
104 -481
-191 -302
-402 -266
344 -238
87 -285
94 -61
498 182
335 243
211 -130
455 75
-51 -140
489 97
71 253
237 51
384 13
-346 -127
-153 87
462 174
-55 297
-50 -99
339 414
-374 36
289 7
-122 -198
343 464
-446 -212
394 -326
276 32
64 -438
-470 -215
143 -432
-50 -320
-350 -199
170 396
-448 -498
199 457
314 -385
239 24
16 -472
-246 -256
-168 29
415 57
349 -316
-430 -252
-485 -426
-278 408
-168 -461
-150 -484
116 -455
63 -47
301 -435
261 347
-85 -292
442 208
-315 317
64 -43
-31 -463
19 360
-57 -108
-91 -258
356 -497
34 176
-378 -253
-487 187
-454 -123
115 -169
-319 -308
-185 227
-491 179
-118 -192
-233 86
-117 -82
-184 413
232 -243
6 470
-451 215
97 -499
218 311
-101 479
-126 -117
-154 428
401 -155
309 -1
-215 456
-279 341
268 -324
351 458
-359 375
226 -354
45 -330
16 461
-348 3
176 -178
-422 173
-487 -95
323 349
278 -119
-279 -280
-227 72
-424 117
-171 220
187 496
268 164
-391 441
-376 -450
324 -257
90 -222
470 -108
313 166
-448 -347
278 -31
158 65
-93 -235
54 -179
-281 334
-165 -372
-421 -60
-133 -124
-359 -150
29 151
-459 -257
-96 35
17 -384
491 -313
121 195
-12 -348
-123 -292
-419 6
384 181
160 235
-271 143
-261 -312
-134 -228
225 -348
323 178
-214 491
-184 159
-20 -99
-196 -361
-303 445
-415 -120
312 -462
215 333
-366 -226
204 313
414 423
-467 -291
116 286
-330 270
260 465
-425 246
-340 -276
-79 80
-118 -200
-381 166
287 290
-105 229
284 -353
-301 327
-209 147
-246 265
440 -464
-79 27
305 -373
204 439
163 -51
45 -448
-187 -321
-99 198
236 -491
200 -306
77 -440
87 403
246 362
-449 -97
-258 -78
-451 122
-360 -115
-240 -431
141 85
184 253
-266 -495
-315 -427
-105 395
46 -349
-155 -499
-2 428
-162 -366
-30 -436
-302 348
240 1
-100 289
-63 -59
269 55
-349 373
1 -255
429 41
-211 -247
-443 -197
40 -11
314 -155
-416 310
379 -225
-269 423
-454 -344
3 169
-447 184
-405 -483
246 -493
-61 227
-332 -100
459 254
396 456
-209 9
-190 -248
-206 211
114 -368
76 -462
236 189
-444 211
395 -373
-468 -476
-334 -293
-54 -5
-75 127
10 348
-419 -447
-119 148
-172 -262
-93 44
166 480
-10 -342
-32 0
-403 -491
487 -183
75 -286
-175 -25
444 -311
448 -57
-249 274
185 164
-338 -471
-115 -131
-31 40
-89 425
-137 484
-429 315
49 -146
248 475
-122 -460
453 120
-56 -196
-347 -13
87 -69
-385 481
-387 -36
-133 -148
93 173
-216 74
298 120
217 -489
-385 -196
138 69
76 -436
-43 -219
-51 -51
-115 269
-280 -130
-291 -471
27 -227
301 -259
-169 -458
98 475
-234 -181
172 -141
-7 150
232 41
410 -260
-224 -62
346 -363
295 244
-139 -388
14 269
-148 -56
385 61
350 -237
38 32
-156 -468
478 -315
170 -173
124 -332
402 53
337 100
-240 -471
498 -403
-229 -116
-297 -471
-401 -445
86 -69
229 -234
345 -265
-148 401
-199 427
334 77
-485 -54
439 -492
-313 -486
-494 78
-397 137
-16 -173
328 193
-289 344
309 -312
-50 -342
157 -256
379 415
-493 -484
140 86
168 274
-447 335
-104 -71
203 408
-69 167
257 -450
-183 -371
-151 -31
61 86
-73 -310
104 -45
308 150
-293 287
97 -155
-199 -315
-20 -339
-495 192
32 -457
75 -142
-275 -304
166 198
401 455
402 -113
-154 -492
283 -139
-206 -317
396 -492
135 417
-380 -52
-58 -33
-274 -44
437 287
113 -348
381 -154
261 12
-322 -260
-162 -498
19 -140
-154 463
-448 229
-209 312
128 316
72 214
380 412
-361 -151
395 -240
243 -375
298 253
-209 -435
318 -77
-318 60
-402 302
-409 -205
116 -338
262 379
346 315
-414 -346
-228 -441
496 124
-58 -374
44 399
-391 -422
231 289
-470 55
365 -305
-1 186
198 319
-322 -458
481 485
468 390
459 274
-481 -39
194 -275
-81 -121
90 -490
7 -36
249 -460
-251 -351
127 395
-385 -468
-147 126
-401 -103
222 120
36 388
-261 -128
186 -309
188 148
-8 27
-27 -331
500 158
239 4
359 -468
190 -131
-390 -179
-427 490
101 468
-421 -27
-370 72
57 -326
-291 289
-37 -217
-414 -244
77 367
238 -455
-322 105
-288 -475
-438 46
98 197
190 -425
-159 246
428 64
203 327
397 -21
-57 222
393 268
182 -122
35 121
283 23
-240 -226
-295 105
-375 406
74 64
-320 -402
-163 -14
277 -89
-133 252
210 -345
-142 23
-439 -9
-123 -378
488 275
343 137
267 75
404 87
153 -456
-238 95
-227 220
-233 -179
276 -84
198 238
299 -272
339 -428
-373 -131
-353 -499
-308 -486
-5 -303
178 -471
477 -381
405 394
430 -361
476 -152
228 -180
352 -204
-462 -272
323 172
12 -58
108 -173
279 -37
205 73
-11 27
-402 -259
290 -122
355 38
-250 246
75 -316
32 9
324 -13
364 263
-338 -390
78 -338
201 -15
-139 207
429 -317
-147 -410
-281 400
-18 -31
-325 98
374 -408
118 -389
354 -452
-474 345
304 -32
-141 486
-379 103
386 6
-168 -396
-480 -151
-7 441
81 18
462 -116
-77 -416
-312 -83
-86 -43
239 -42
-68 180
368 462
220 -307
231 -412
47 226
294 -242
-176 -288
247 460
130 -384
-10 -352
-340 299
-475 -395
-37 97
189 156
-282 163
-370 -447
115 186
403 -121
270 202
158 -143
-422 -375
-52 41
410 -168
-293 -396
-298 133
441 8
6 100
-30 -94
438 -449
58 369
2 -122
-433 -111
-382 -295
-21 289
251 142
-62 -430
-160 47
-500 73
-189 -461
-386 -499
115 8
-308 233
44 243
226 -405
-378 212
-204 1
-417 492
247 -432
98 -87
-265 38
290 -442
-471 143
-15 107
458 57
-471 -38
-152 1
-361 253
-309 -477
246 356
-305 364
-185 298
404 -109
-12 -97
273 69
-355 -91
42 -112
230 -350
-6 -446
254 -386
452 -445
158 -255
218 394
19 -213
-68 -305
-204 396
-256 124
-83 7
226 295
429 195
66 354
-356 -256
-286 -437
103 248
-167 124
258 211
-261 295
-398 -411
-374 -298
430 -20
-161 372
386 -361
198 -421
-379 463
-122 -408
-54 -11
-133 230
-89 -356
414 -162
41 384
-338 481
422 211
-428 86
456 16
101 -485
-194 -248
126 323
408 367
-200 263
252 392
-94 227
-234 86
-48 87
-318 -498
-238 -119
378 125
167 -92
-253 -233
-201 -201
307 -174
333 -294
337 357
105 348
-76 -313
163 -453
-16 -455
-189 227
28 139
-39 466
-192 -282
-201 -58
481 -285
-370 -116
398 -474
489 174
-58 -107
371 341
-300 -289
-101 -25
-152 494
-269 62
-497 269
-73 -358
-197 -403
447 351
-277 270
23 19
37 411
-123 157
-460 132
-301 -476
-39 302
-418 -497
-69 75
438 -138
231 -221
55 -85
-173 474
213 -342
254 -71
-439 -346
14 211
-287 -242
-500 -396
-452 349
75 262
-38 467
236 -81
285 136
491 378
428 353
314 -470
-238 -95
31 102
97 12
185 -75
-12 169
-189 -31
-486 435
136 -396
454 385
405 326
459 -273
-459 -104
-348 -99
464 -24
-34 131
410 -480
322 48
410 -17
285 361
-124 -93
275 -245
-193 176
-191 489
-418 282
-115 72
-346 293
293 -88
-404 -2
-458 -135
-83 -140
245 498
408 -312
-130 105
-51 -306
354 44
385 348
-141 199
376 147
426 -326
445 333
-219 318
126 425
-160 -425
38 187
276 152
252 -19
-339 142
127 192
-393 55
-272 427
-340 -53
295 14
18 -111
459 -312
499 -473
-117 87
213 390
-83 277
-458 -408
-304 386
475 -57
-165 -207
-403 -38
-425 -387
129 127
183 95
-148 453
-479 -114
-359 -454
183 -197
132 -488
-78 292
-297 -492
-464 364
124 46
-21 470
-155 209
6 355
-139 65
-293 -145
-428 127
290 493
-162 -378
214 171
-249 36
-269 276
-104 -255
-100 150
-115 149
-341 112
9 157
-79 -319
-489 174
184 -406
-17 -144
-85 291
233 18
-270 387
434 34
-436 -107
-454 339
379 26
-143 366
-217 -94
58 221
204 -425
497 246
-193 440
-75 -55
387 -264
253 -64
68 -67
382 -25
158 44
-185 79
435 186
-289 -310
210 -451
-412 -45
30 -345
282 -357
-425 430
133 398
-113 183
-271 301
182 -280
315 279
499 -358
-446 85
87 -136
-363 358
85 -347
-368 454
-330 -427
327 -120
-73 -139
-257 -421
-253 -487
279 -488
-195 265
-60 375
-264 478
-486 69
230 -89
-445 433
-319 -282
204 -149
80 -288
394 -255
108 -375
398 -478
109 336
149 458
-370 -267
-441 -14
156 269
264 -333
264 124
-176 455
152 -326
-138 -245
313 -289
154 -269
-126 134
-280 300
-13 -29
353 19
27 314
-391 157
-69 384
-279 75
200 80
332 28
213 -484
-313 -83
-6 -278
355 454
234 -361
-20 -426
237 380
-491 -321
-76 159
331 -371
-402 -297
420 332
430 231
-134 170
-292 383
392 -153
-68 -52
-49 -80
365 -408
-130 300
413 -297
-421 -436
-75 12
132 -202
104 468
-68 -390
499 -460
226 299
444 -319
27 -184
22 -378
-463 -238
-261 -443
49 402
-177 420
169 279
-203 -447
-88 147
58 -269
301 169
-58 -220
-393 -17
34 -247
-159 -274
68 -182
-303 -193
377 -245
-94 436
143 -290
212 -407
212 383
-188 90
-382 -51
-154 -368
-30 -292
435 -93
-346 -269
-29 -54
-372 -33
-136 -294
225 -371
-228 220
257 52
8 442
-327 185
294 285
92 -83
-93 -114
405 64
-493 -345
-63 455
-393 283
472 -425
212 227
-288 111
455 -18
-388 -69
158 461
-39 219
284 485
352 -9
452 -133
-476 39
-283 -347
414 -126
-387 81
-267 250
-368 -5
72 142
-14 -276
-384 -252
369 421
-154 -49
50 -373
-347 129
-330 -209
-429 -279
378 -78
-133 -409
-33 63
332 -331
29 -91
315 -277
-136 203
-306 247
-46 454
352 -356
-160 140
-414 -276
482 -481
-41 -134
380 -209
118 -26
78 247
-59 -500
405 -78
-389 401
-418 -362
-427 -101
-142 120
-462 340
-247 288
-26 23
-103 81
-349 180
-15 225
100 107
417 481
-226 -101
-183 -191
-134 489
144 -210
-369 19
-340 -119
402 -406
-185 -287
216 414
109 100
155 29
-93 -22
-481 -402
389 -403
359 -449
400 347
-252 -480
306 58
120 166
50 231
346 356
308 -68
301 60
218 -253
109 -275
155 300
-267 343
39 -219
-143 443
17 129
12 410
-460 498
485 -369
-233 -83
-362 -422
271 -207
443 133
-486 223
251 340
-51 464
-440 -212
-439 417
-3 -244
-59 -154
-197 -437
-429 -449
-473 -279
461 73
-37 164
-203 315
-460 -81
-58 -36
-214 -279
-478 -283
-483 -39
41 -212
263 29
185 -132
5 356
254 261
133 -398
-91 256
87 -206
-273 253
-91 406
-290 25
-348 278
-357 -273
-33 -264
319 -379
312 -190
-244 -409
329 328
36 150
-187 367
18 -406
76 -497
417 439
-109 -363
267 -193
-178 -415
-299 227
-273 423
-385 -470
400 -321
-326 -187
411 -58
-174 243
174 438
24 400
372 -162
142 143
-18 404
-127 -330
240 409
204 -202
-278 -51
157 150
409 89
-14 -366
-473 297
-105 330
-85 -38
-224 -50
319 141
-157 -44
439 47
-268 90
345 -275
-367 -150
-357 35
23 -487
-317 -498
488 -322
-13 -161
-396 -215
190 429
412 -309
279 93
224 11
-312 364
-82 147
-110 -5
420 146
-415 -429
-34 255
-384 -344
300 -355
390 -176
-232 -144
-404 -304
-402 -303
-46 148
322 -68
347 -7
448 -157
-202 -152
-261 350
-343 -380
32 -295
337 132
344 473
-353 -17
362 -400
-177 321
395 -205
-90 -114
-301 233
-111 -462
486 -243
-255 71
498 -365
373 -333
-192 190
356 457
389 383
88 282
480 7
-293 189
226 -464
489 -252
-273 320
-288 393
374 471
490 -410
255 166
211 -274
475 -43
-69 284
-58 -144
-343 230
-93 -45
346 384
-443 441
327 242
-499 -424
-375 228
-289 -180
-195 -367
428 -395
304 -139
158 470
-117 435
-291 -242
-382 -254
-342 409
-247 -218
297 334
292 -96
-62 -299
-151 -318
-78 448
-241 29
-108 -43
235 -497
-392 -254
-459 -134
130 13
216 463
-1 -49
61 -292
7 238
-185 -123
1 -346
104 -449
-151 208
-252 -253
-393 6
60 -422
363 -5
170 224
-32 114
298 14
86 491
-11 -390
376 -362
438 452
461 -348
203 -59
-209 263
62 367
314 19
138 -401
238 396
0 165
-394 -138
-95 -393
-317 -191
350 174
-109 194
-68 -55
-425 402
52 400
178 10
-366 -328
-343 203
308 -242
245 -319
372 -66
451 -76
282 -471
-456 -457
-338 -46
180 -295
2 -448
-217 323
-359 -144
-468 66
-231 200
-111 -377
-408 7
-57 161
-437 -171
47 362
-30 461
-70 219
-238 -313
-462 -385
52 -79
-196 -301
34 -278
-415 -370
479 325
282 -24
-425 -379
-125 192
389 225
-350 205
-68 -47
47 -454
-16 -422
265 -36
-19 500
-465 81
-90 221
249 432
-25 25
-183 347
272 -339
32 -317
-377 308
312 305
-236 -39
-358 382
-252 -196
264 197
351 445
109 -295
-441 331
-72 -108
-8 -209
-351 -121
-340 -250
-176 -421
-11 -28
98 160
-237 -353
155 59
192 115
384 425
2 -314
467 78
-315 462
66 141
-23 391
222 283
103 174
149 375
-1 -62
457 -202
-477 302
137 153
418 -341
103 -354
-173 -489
-206 -119
-416 -393
-202 -472
-224 198
279 -404
-435 -368
-440 -479
90 106
124 57
143 -475
354 -391
382 -46
-390 303
110 366
151 -25
-81 11
308 215
-378 223
-349 158
384 -350
-67 -429
-469 -277
171 -200
336 -211
89 213
-64 -367
442 192
381 -347
-19 -456
-162 -342
145 422
-104 121
-377 -313
-56 -61
114 -3
297 53
405 47
-377 -74
119 313
85 -30
-362 -353
63 429
140 -195
-218 26
-330 -426
93 -62
-192 359
488 449
495 -298
419 3
-469 -196
-246 -226
-163 44
-156 246
304 -116
-374 455
36 -250
-411 259
218 -469
-3 -133
401 66
-14 130
187 223
-139 81
441 305
-282 3
-340 -487
205 -48
216 -467
324 -160
493 40
-275 -161
423 13
-419 -32
448 381
-386 -492
493 71
376 -143
485 253
-294 111
-79 -176
-144 -107
-481 -51
285 -328
145 -471
197 -294
52 144
-114 167
58 -210
222 -392
-151 225
-408 -147
162 -344
-42 6
213 -136
368 -186
103 -253
353 365
105 -486
-161 -443
-70 148
-468 -14
-35 -318
3 49
-326 -421
392 -93
-160 -165
-132 -415
409 -276
-61 -214
-363 138
-276 -268
162 -448
-434 323
204 93
-199 185
-302 -453
343 333
-180 -49
193 251
128 -256
109 -281
-110 49
-36 -482
-475 -206
203 -467
-420 -338
328 281
-5 -183
-407 335
-169 374
490 -318
121 -5
-387 -315
-18 -494
-210 191
106 307
-337 486
-376 158
-336 -31
31 35
-482 155
486 212
-450 -32
77 -176
97 -486
-59 406
116 -258
481 -233
381 487
404 -269
57 -495
190 116
-381 -376
8 -119
-147 -370
-64 109
113 -86
214 -50
287 -135
-330 -236
-334 -320
441 -34
-41 -4
-91 105
-396 -414
35 -115
-134 131
1 -349
455 -273
-134 250
-279 -483
159 -152
-395 -55
-107 -113
42 -22
291 -262
349 133
325 -84
348 423
394 -212
146 323
-295 -304
-344 168
-21 135
497 -480
60 -471
-398 -298
338 -372
-305 381
417 18
161 357
138 113
177 104
144 15
-378 81
226 46
71 330
-265 263
13 157
403 352
118 111
471 367
-413 499
-134 -1
67 411
127 -193
-184 438
-42 75
433 371
407 244
130 -315
102 -487
-341 -47
212 -391
46 -188
-383 418
308 -100
119 245
-434 -457
326 -150
186 42
162 402
-113 -411
-392 443
-488 291
-273 -455
50 261
-58 27
170 374
163 500
35 -272
98 270
-365 -218
136 335
78 -500
293 -116
-83 -263
452 -117
89 458
10 -41
5 418
-258 -361
2 172
173 121
24 484
481 -91
-391 -72
393 -141
372 -243
-439 119
-185 -18
423 458
-364 -245
485 -234
-47 -232
410 143
-35 326
29 378
-276 -300
-417 21
370 -280
357 474
-226 -192
-293 460
352 -111
289 18
-233 -217
-315 443
221 110
312 457
-110 -121
-436 17
304 -455
119 37
233 72
110 -102
-414 36
246 -473
303 372
141 375
-137 52
316 288
27 -254
-286 -354
481 104
375 -337
257 226
310 -416
-193 -274
185 -377
-99 -92
34 -53
-97 -41
299 258
123 -178
-203 -443
-438 283
-310 -70
-180 307
132 417
67 -9
143 -462
22 442
-422 -209
174 -307
-354 -22
-432 -57
317 -328
427 -382
13 -341
57 307
296 213
391 475
-362 -442
198 -179
207 194
333 52
169 83
-283 192
349 344
80 -57
317 96
-84 140
8 -220
-120 171
-161 228
-437 -436
-284 204
78 422
-33 -216
-239 -482
20 105
271 -154
-135 227
166 90
-23 129
292 -91
-495 -159
-337 487
-353 290
32 444
-483 -368
379 9
-206 -240
-52 330
-170 151
-244 -1
-490 -268
19 -366
7 -302
-355 -117
-480 236
-431 -199
-326 -343
93 -37
139 150
-150 -243
-278 227
-133 -72
488 -86
233 -161
319 -485
-58 367
-491 -70
289 217
-287 11
77 -245
500 -131
-476 128
209 318
445 252
248 494
-45 -400
344 -433
-74 253
305 -128
-301 112
-264 346
-209 -415
-281 57
164 423
-374 423
264 -80
-287 -66
173 -432
-163 279
168 114
14 -200
28 -244
492 -244
85 -19
252 -19
-308 342
-213 -336
-369 -50
-134 -54
276 296
489 456
257 1
-444 67
-127 431
464 232
329 359
479 -275
-256 112
-118 -408
-416 -194
404 -316
-318 -491
444 -77
-207 -71
-318 36
-42 86
333 -128
-305 104
211 -37
399 4
-2 -75
-482 -202
106 -247
-362 119
-390 445
-399 -89
-254 -278
-126 80
-73 38
-57 482
166 -209
35 -149
298 -60
-81 -94
-354 -327
-328 -13
319 -69
-341 222
321 -56
-390 -133
432 376
-310 -352
-68 465
479 -419
-475 -219
280 -71
-338 -326
-240 205
121 -84
-299 257
480 158
430 57
-319 213
201 -342
286 378
-270 -60
-43 -239
-111 296
-178 97
-239 -408
-446 49
-107 -82
469 224
185 204
0 424
434 -370
-385 -91
-115 465
-33 57
-34 291
131 473
145 -254
281 206
-181 -405
482 147
-43 -247
-455 284
-277 -206
297 -445
319 115
-315 438
-280 -387
239 14
-117 -50
-51 92
360 103
349 76
46 221
-167 388
126 -70
292 183
115 449
-439 -217
308 -237
207 -240
131 493
438 488
-188 -389
-154 -89
173 41
-1 53
-271 -54
-361 -336
329 151
-157 -431
422 -310
-283 364
111 24
-51 -52
-24 51
490 -167
319 -154
-223 -254
244 358
-126 94
194 -42
-184 -432
400 -412
-343 -220
410 -284
49 -123
-16 130
-161 -403
208 -1
148 -410
54 -381
-117 -441
-191 -37
-237 6
-496 89
-60 343
344 -195
-375 44
-43 -375
-9 311
-347 -436
300 236
-387 -449
239 110
421 303
270 157
-475 391
-38 -394
-498 74
434 -48
-240 -390
-37 218
-5 83
130 -490
36 -53
345 -260
-447 374
-82 1
-283 493
-144 57
-344 -33
152 250
5 355
-408 323
94 329
224 -257
-248 -50
-301 5
-310 -197
143 -458
-362 -25
251 -279
-402 -394
136 -225
-286 433
-275 -287
-247 -318
-177 -167
125 158
-378 445
-9 -460
217 262
-149 -51
323 447
372 3
466 -224
-175 -477
416 80
119 138
464 115
-416 -64
494 -50
404 -334
340 -446
-241 -438
499 -292
39 271
-379 165
-380 84
354 61
-258 37
-271 341
-349 -382
354 312
162 -161
-458 303
-477 -352
429 340
-305 331
407 -469
184 69
-497 269
152 22
-122 -196
-196 124
345 -411
314 6
-379 -371
-104 -265
-252 -147
478 208
-494 -156
-169 393
313 -424
142 -49
159 -235
65 -419
270 414
-74 380
-318 470
355 370
-4 332
-459 490
390 -309
-62 406
477 140
-21 -248
186 -460
104 304
-26 -299
-51 187
-194 241
-277 214
138 -92
-179 496
-272 329
-108 345
89 187
208 -415
469 210
10 401
370 222
344 263
-285 24
-205 -290
-420 102
43 -10
333 -431
-159 -420
-101 275
-273 130
-184 132
331 -51
-203 200
453 45
-337 383
-409 -123
-362 -36
108 -115
-368 206
-279 -147
-453 420
-71 -170
-475 -155
179 410
183 493
121 -253
365 148
196 -263
71 268
-200 187
344 95
233 347
-22 -351
282 259
-329 398
-496 280
-80 -481
243 358
101 63
-380 -330
481 311
374 -120
272 337
210 -179
-305 -35
-444 76
-171 62
-214 -483
0 491
120 -489
-15 495
-324 -112
439 -410
499 430
-2 431
87 2
374 -16
134 -377
-119 367
38 364
292 166
312 -308
253 14
396 147
-277 -32
299 225
-431 269
228 254
-267 389
-275 6
114 46
446 135
-205 -367
388 -155
-15 -190
64 404
-494 -307
-143 75
-95 149
-444 -383
-360 240
153 262
-93 456
-224 75
162 455
-174 -321
-386 -177
-260 -454
-251 122
21 300
-115 -382
-394 298
370 -468
83 212
417 475
-359 404
-148 -388
138 -182
253 -151
-288 -348
-150 -87
255 -404
92 -281
-292 133
498 348
119 338
-326 102
-397 71
-177 493
406 36
-407 459
399 414
113 197
-173 324
-424 -253
10 74
-423 389
-94 202
379 240
483 -60
86 269
-273 210
165 371
419 403
241 388
-266 -368
216 -100
-367 380
-487 -164
312 -125
466 489
-425 -500
-197 199
-424 406
56 171
-343 -70
265 -93
-380 -176
55 498
109 487
-157 365
-121 322
-433 -360
-232 439
-342 468
-370 -111
238 -190
-332 -205
-498 160
-16 -39
129 241
-379 -338
116 -282
-9 -489
385 -461
146 -497
461 -436
92 -1
477 272
347 -240
154 34
-255 9
-423 -496
-52 -462
-389 -483
-309 -362
-286 -141
70 90
-12 -118
139 -390
-125 -244
327 63
157 -421
-180 -35
-295 -498
-47 -15
-168 44
-145 -364
-188 -217
-82 107
-346 -331
215 173
-216 66
-283 -129
-188 -304
-4 -230
168 -392
-92 147
372 200
-82 -252
-294 -97
-292 -465
290 356
-39 -246
-301 133
400 414
8 -461
265 137
-322 -160
406 -321
219 477
407 144
21 -436
-7 -433
-332 -104
-297 -395
-305 -340
1 -378
-239 391
-142 -120
439 -102
-409 232
-95 347
392 -484
465 -172
262 -258
-149 -380
-271 -84
-123 -79
-451 -377
-105 412
-261 -176
289 453
-490 469
-209 -100
-460 -455
283 -123
316 -297
344 368
377 -135
-123 -207
470 -366
-211 25
-187 -19
-44 345
137 349
105 -274
-438 39
395 -400
-118 93
441 -438
-40 -306
-303 189
444 250
263 -2
-420 255
-360 -292
415 432
-19 80
98 -359
272 -273
181 -5
61 -178
349 237
420 -443
201 458
-255 433
-190 487
-402 -284
15 51
31 -366
241 279
-249 215
-436 -127
148 -290
-489 -466
352 -50
471 -130
441 486
-49 76
-398 -333
-159 -118
-344 -245
-448 26
-468 339
-133 384
-83 407
-229 359
-484 -260
-140 407
-370 -299
-11 176
-408 398
-238 -298
-68 90
88 134
37 -51
-381 -435
473 -371
-326 2
-57 347
86 -415
178 -204
-429 436
-249 -105
-95 306
-7 -349
483 -180
-17 -478
-143 -454
497 360
363 114
-253 408
244 -29
368 165
-424 -471
-126 325
-378 443
421 -21
252 208
418 367
321 -293
-228 -383
-496 445
-151 275
439 203
-179 262
92 -378
247 450
91 169
-19 -240
388 -86
-277 -394
172 251
191 -438
-429 -89
356 432
248 -82
122 81
-348 305
118 80
99 432
-150 -333
426 372
-146 -484
169 -310
481 469
241 452
-42 -429
-411 184
-385 362
72 66
270 213
-316 321
259 -367
232 418
268 -318
244 327
250 -298
-324 -169
402 495
216 -307
178 293
-343 -10
469 -343
-168 -465
243 -384
33 235
-101 -465
-323 -261
-404 44
354 -249
-36 188
312 -490
-397 -228
28 -37
-436 95
-182 378
-87 23
465 -62
-203 -217
248 395
193 -494
-217 -365
-253 323
-31 -304
-245 19
391 41
468 -49
-99 65
51 -310
-347 -458
-363 -133
-451 -242
40 457
453 -492
4 272
-4 -45
319 476
46 -64
-255 23
494 -221
-263 -473
-287 108
382 -344
-360 -464
70 97
375 74
221 -299
-409 100
-228 42
425 81
-424 314
275 399
-172 426
-202 158
190 -417
103 434
243 216
83 276
-127 -364
-140 77
-433 -187
-291 -321
-121 -30
445 259
-334 -46
323 -462
-84 82
440 352
201 442
70 -111
83 480
-137 114
-74 -89
-401 -213
179 -275
-173 114
291 -436
168 -473
-36 -347
-452 -55
-379 344
215 -490
136 -299
-319 62
457 66
-276 369
-353 289
-234 -74
353 431
-258 226
-88 299
322 470
485 -267
76 -301
466 239
-314 407
0 476
454 -260
-429 67
109 193
462 76
-120 170
-212 -428
-46 -371
-478 31
290 -279
-396 -47
-156 17
39 350
361 111
-480 419
232 32
477 -119
220 321
260 63
301 496
186 180
195 -399
480 376
-259 -29
-186 -372
-151 351
170 160
-335 -130
-479 -226
286 -19
-368 401
370 316
254 -277
288 -55
489 -243
-494 -49
11 -453
382 368
452 -275
103 290
438 404
482 -155
-155 10
207 -265
-88 491
-195 -293
-207 380
-445 140
129 -74
396 -426
-443 14
-320 -482
-453 72
-410 -195
-97 -425
-264 246
450 116
-344 419
-97 26
-25 -115
-336 -402
479 369
16 254
-129 -140
-163 -174
151 282
-86 -175
337 -61
-369 343
-123 198
453 -277
-18 -180
-437 258
54 -262
470 249
134 325
355 -403
160 78
451 253
481 -287
83 302
-374 -369
198 260
-333 416
-51 465
497 72
-110 448
-481 335
-225 163
-70 -353
244 -100
152 -147
-9 -90
-74 81
-386 -421
-415 409
101 89
263 233
-274 219
-426 -478
172 308
382 306
41 -151
-18 109
348 -465
44 448
-2 -334
463 -19
-333 -217
200 -243
6 17
-62 -397
-113 -66
-16 36
-398 -162
-423 -207
-211 -69
152 -269
-234 -126
-44 81
270 453
-258 9
-163 -4
177 -268
-13 475
189 370
-61 320
-314 217
163 122
-290 197
-333 -462
-404 402
473 -321
86 -191
486 424
46 -492
177 257
188 303
306 379
339 257
-60 250
396 -233
-82 -178
-376 -297
368 -46
-324 72
106 -104
-196 -392
-155 -433
-391 192
-318 496
311 -417
-155 -61
-28 -476
-159 -211
78 -258
-154 -66
-326 223
395 357
396 -199
373 369
-403 8
313 -53
-314 380
93 158
333 308
121 280
-178 -238
-68 -377
80 -86
271 75
-52 -455
110 115
-137 -153
325 11
459 219
316 163
-260 -342
340 -198
37 -256
3 296
-149 375
-498 -391
-375 -85
-443 -356
-172 -404
-222 365
474 223
-447 210
-235 -170
-378 371
-475 -489
-351 228
-194 -255
308 -1
-450 -392
95 329
-340 -38
238 -448
293 320
-444 -430
-363 -243
-195 -217
313 -288
450 251
273 -365
317 172
-380 -255
-460 -329
141 -283
366 458
-229 155
380 354
-76 63
296 -144
-144 -35
281 -374
-434 -442
96 312
486 -47
328 410
220 125
-245 -369
178 453
423 65
-151 355
-210 318
447 -164
477 -364
153 -178
-432 -59
-446 -162
-145 -226
143 -459
-455 -409
-491 -377
-483 -294
336 144
-209 -191
-420 -429
238 131
-193 -445
435 -99
-232 414
-36 429
-335 372
323 -73
-333 -249
-394 -96
-34 -10
-376 -321
348 -20
1 311
-2 -402
77 -292
-413 -341
224 -150
129 -413
231 65
491 186
-95 -28
-136 109
-199 236
-178 -296
-2 -88
-354 -347
12 329
-408 489
120 -424
-362 -9
-276 -243
-94 -191
-177 356
416 -128
387 -488
302 32
423 -448
97 -418
-307 -299
-90 -459
368 185
387 -139
-30 313
312 -371
-284 2
416 184
-120 311
-365 -88
332 -403
-305 226
-234 -429
-18 -181
196 -225
451 379
407 -394
-255 -286
-335 -476
-340 -17
161 -481
-370 107
-93 -30
20 -67
-146 452
68 -105
-413 400
-303 -320
-375 -55
-137 -37
490 373
303 446
-275 -403
-111 317
313 -360
-34 435
-176 67
382 -216
-158 -454
-325 -471
242 -479
-123 -27
191 -40
449 -311
408 -60
-14 -94
197 -407
118 69
-323 -9
349 143
-163 -41
-256 120
162 -492
-371 297
97 218
-112 13
42 -444
119 56
33 -246
-462 -317
-479 -391
473 -34
-354 -327
265 -491
367 465
-341 -246
-59 237
463 239
0 152
-451 -269
-243 -385
202 320
334 133
-182 23
-32 -310
28 149
389 -474
393 -421
262 187
237 414
-368 159
463 299
216 414
344 105
-336 -416
56 -46
-221 -3
-15 392
310 -137
-175 271
-179 80
-488 -352
256 419
-306 376
-446 10
-76 358
-141 249
48 -117
-165 194
-156 -186
210 253
-479 116
-77 124
-406 383
-24 -210
232 -7
431 380
-469 -183
321 404
-228 76
110 -465
259 365
458 82
366 18
484 -69
248 187
31 131
355 -376
-227 352
-320 113
361 455
-370 -321
87 -386
-29 -497
-147 -39
236 -235
-356 -143
424 59
-330 -57
-52 -367
96 -452
-118 126
-179 -451
416 21
-281 -241
65 -395
-275 169
456 -456
-400 -463
-76 -15
499 -166
-454 -37
-442 -319
-103 32
-413 17
-103 -107
-76 442
-409 -384
-244 172
191 -390
-109 -379
19 58
376 316
302 -90
-53 356
-81 -486
410 -60
102 -27
-221 147
360 -47
-21 162
-23 462
-496 199
341 -249
63 -469
-495 -474
341 154
-264 357
3 349
-346 -35
-56 -437
228 281
-108 438
181 47
-208 45
333 176
436 214
-92 435
129 -500
-281 -149
-429 -82
289 -396
95 -27
-13 462
-381 170
71 -144
56 -77
82 -180
-270 -316
-173 -496
213 387
104 103
-343 -30
-196 -455
26 -113
387 363
-223 -49
-324 -410
-64 -244
132 45
-131 118
121 10
-225 334
-193 -123
105 -154
-367 277
-51 -213
277 -12
93 20
-55 -452
390 -406
94 -39
-166 57
333 -13
-214 291
-232 -22
-488 45
156 -454
29 -168
466 135
-376 -480
-39 342
-265 -126
20 -36
190 31
178 -190
496 6
-221 -198
-51 -30
272 -444
3 -206
198 -42
290 118
202 -109
-446 273
-26 -130
-405 361
-250 210
-386 390
328 89
87 -338
136 -319
-147 150
-461 74
-423 -69
470 136
125 426
182 0
-49 150
-274 -409
14 -487
-164 146
128 180
-396 -163
357 39
364 -203
380 -179
-456 -314
-445 292
-344 48
190 -40
-457 -220
249 60
-133 -469
189 424
-367 471
200 -448
-130 -252
284 -482
-127 -324
-167 144
224 -353
428 65
183 408
98 -455
-316 -312
-445 -229
320 418
-208 367
-119 -189
230 -289
-267 107
431 338
-273 17
34 -260
-293 412
267 -48
49 325
-274 -421
-48 -220
230 432
11 -452
-64 255
-52 -113
-396 408
219 -397
-443 101
319 373
-279 20
429 449
268 -129
268 -277
-90 -270
346 57
-359 -217
-52 -81
260 443
-77 -469
-434 204
-316 -303
265 430
-65 120
-183 37
270 417
24 133
102 472
-463 286
-101 -359
-487 -446
-293 -55
-152 273
400 325
-236 416
-314 -363
-110 -491
-293 397
318 -128
496 -462
30 420
150 -439
-297 64
-212 -113
346 219
150 102
-444 -494
242 286
-137 35
-95 297
-445 342
334 30
-420 27
-63 13
69 181
306 -252
-41 500
346 25
75 61
-196 412
-496 94
456 167
212 -218
-325 60
267 -261
222 -489
-384 29
110 -421
-411 139
-270 429
392 -485
204 -314
-132 374
157 10
-280 -3
-125 98
499 168
27 157
-498 320
-480 -244
268 432
-293 -474
-217 228
-332 -177
450 -93
-431 -360
-288 -443
341 121
-110 -143
-91 84
-7 161
-275 -173
-236 313
325 394
220 -137
366 167
-336 313
-446 375
423 29
-325 80
252 141
-139 111
-274 -246
273 339
399 -440
-384 118
122 438
297 295
-340 -442
-262 69
-424 277
-98 104
-122 -192
3 38
166 232
-213 -205
25 86
138 -250
-297 -483
-6 209
87 172
-157 -420
344 -476
194 -233
16 -301
21 -23
-500 -133
308 467
-365 20
105 -498
-216 391
471 458
90 -312
180 96
-424 -174
17 378
384 -415
-386 -400
95 32
183 260
489 -93
491 -127
264 -212
278 312
-261 349
345 429
-5 -312
103 -500
-488 361
-246 -448
-430 -364
-398 351
36 489
-223 140
-420 -357
173 474
-414 106
-172 -490
437 -254
493 448
-124 476
290 -209
451 -329
357 -47
37 -369
-245 -333
208 166
-191 -200
157 -62
-51 -304
253 -176
-123 -309
-227 -177
327 398
495 -279
-307 0
297 82
101 499
-144 -199
-411 489
-334 292
-144 106
-75 238
-261 331
-123 372
-256 -361
-363 -74
-323 328
457 395
-184 54
68 391
123 -305
68 282
172 -365
391 -54
-224 -291
472 325
112 -283
-160 443
-460 -493
413 -22
-20 402
402 132
337 -12
334 -99
359 81
-478 -235
-40 -14
249 167
-368 488
187 -190
50 -246
446 470
427 -474
-381 402
89 -257
118 -178
194 173
-395 143
-231 86
-420 130
-35 160
402 -283
374 485
491 197
77 136
140 56
155 168
-423 27
-416 -32
-193 483
204 31
-258 -435
53 400
276 351
-329 -314
-291 -325
174 -161
329 341
-50 282
-428 -256
-305 373
-494 489
347 -34
-328 168
-132 -451
338 34
-478 -325
114 -461
340 -152
-421 373
-462 78
-54 -349
145 363
-369 163
309 -197
121 -31
-116 -71
235 345
7 -158
244 107
-467 407
153 354
82 -225
26 -283
-158 -433
473 384
-483 -71
470 -467
237 -29
-37 234
-122 220
-48 51
-52 -291
-57 289
86 -268
303 -314
-239 -192
-222 335
-377 -166
213 33
100 -331
258 -358
-352 -66
374 365
232 -345
-445 -214
-346 -441
-192 -255
-174 161
-433 145
278 81
-291 287
-248 58
-433 110
-461 -410
-336 -421
-344 -29
-159 -411
284 399
62 -184
-478 399
120 -271
-472 -368
-57 -189
442 -15
430 -99
-87 -361
-351 -187
364 -267
472 -362
-463 -453
471 -68
448 -309
-373 -311
-28 -421
-43 439
-135 123
-106 202
315 394
-407 275
-196 -365
-76 496
-234 -57
-40 144
299 -441
-276 413
-8 -353
29 55
-29 288
-221 264
108 30
465 -29
98 426
-278 454
347 213
-61 468
168 -448
307 -358
-459 -419
392 147
219 -340
392 -385
-341 490
-393 135
-373 403
-222 203
-295 -255
-427 51
-473 443
22 -239
-474 -405
-181 264
191 -119
325 492
-477 -205
256 -387
-385 -127
-147 -99
-364 500
-489 -35
-50 -112
-43 398
-103 -45
284 -131
103 -208
-253 194
-244 13
475 -474
-139 -240
-433 92
103 -40
264 449
8 471
223 440
-37 -350
-319 -500
197 -290
110 -9
-235 148
484 -374
23 -11
-360 338
-87 -100
-56 211
-399 -495
33 338
368 266
-25 -105
478 230
319 -56
-439 -14
-255 -113
-266 229
344 -172
449 152
-495 -297
276 -130
-370 495
-340 79
484 343
268 389
-306 141
-101 246
315 173
397 225
-268 156
-115 363
32 319
168 -351
171 49
-142 -249
-447 434
462 73
-32 -352
-176 13
-65 -134
-225 -328
-22 86
-300 275
-289 340
-261 -297
55 430
-435 -281
-310 318
-307 117
-413 -302
159 128
-241 149
44 187
2 -126
153 312
128 -100
289 -313
-285 89
221 -171
264 76
194 -38
353 472
-462 290
44 460
125 387
-437 418
213 -470
-415 11
143 318
284 3
22 398
236 -189
-183 143
-144 -198
-112 -335
-377 -342
99 263
-406 57
-447 -189
118 -289
-182 -426
-240 118
94 -491
307 363
-466 -301
-47 430
314 430
-381 -169
-182 -170
-102 -218
76 -308
-395 185
147 -387
364 295
195 388
-357 -493
-148 117
-211 127
-157 -303
-53 -298
338 -274
174 408
274 -102
-67 -242
131 391
1 -191
-359 71
-494 -299
422 -301
377 -72
-153 -383
74 -344
288 -219
-179 -184
-168 -361
342 331
460 246
-181 51
-62 -337
-296 396
14 -250
271 494
-415 -445
244 -223
-92 97
-196 269
-58 463
-249 472
-30 -233
-45 -465
184 365
-311 -206
239 -179
-189 313
-296 384
-8 -269
152 -300
378 37
108 421
54 217
380 246
-484 133
-224 -290
382 -126
446 -219
-302 -379
-300 499
389 -495
397 -390
176 -87
107 -149
-201 -126
-173 458
198 350
-402 -443
381 -132
-438 -60
356 -463
459 -351
301 461
-9 490
-316 176
237 -438
79 -270
-226 21
493 -309
356 294
-217 353
-4 -135
393 2
-456 188
-403 135
-65 329
-329 497
297 -438
242 349
483 -106
-163 321
304 -204
-236 -298
483 124
-447 394
110 252
-139 -484
-27 -158
128 160
371 -189
268 312
-48 380
-140 246
141 -229
-367 166
-5 98
-229 -30
347 267
457 485
-29 -328
-405 8
451 -392
247 -471
-18 -310
-362 -39
16 403
-297 103
178 496
399 -36
170 384
491 198
441 84
-59 399
110 336
336 -249
247 182
-209 388
169 65
-355 -24
-401 164
-216 6
381 -132
-289 -230
-304 -199
-363 -21
261 216
-63 378
149 -400
168 -302
241 -474
-132 358
451 192
186 287
372 17
-156 -280
230 426
467 -183
379 -137
-108 152
45 90
-136 -87
-359 212
-462 361
-455 -61
433 -77
231 430
-15 -86
395 -395
-201 396
-251 -407
424 244
407 -310
-244 -100
-63 100
339 -64
-389 155
433 -26
239 -71
87 224
-438 101
206 -23
88 -204
-382 -427
-429 366
-427 -485
410 252
281 348
249 156
-408 476
426 -338
-498 -330
-493 243
5 139
-450 388
-149 -8
121 -58
12 -237
-137 108
488 -108
241 82
-416 120
149 -61
24 344
103 -459
131 191
-277 258
-144 -444
-85 -485
242 104
403 77
-288 217
-176 -400
-6 13
312 -353
-480 15
310 320
-279 384
-258 359
104 29
72 -87
329 163
-88 50
221 -65
-205 318
228 492
-17 410
211 205
41 -414
486 69
452 -115
400 -479
128 354
267 495
345 -383
-443 234
-235 -168
-423 -471
-156 229
-75 395
-17 -296
-434 -334
-210 -240
450 26
-131 -269
85 30
88 63
481 268
-226 -386
-62 -494
-432 -49
300 213
-265 -386
-187 192
198 286
-16 166
-5 332
-237 460
473 489
374 332
-400 262
135 -350
440 470
176 -90
-472 334
385 247
224 -283
-399 -184
213 159
308 -35
0 -418
-96 -199
-374 474
495 314
-24 427
-150 -339
103 37
-475 416
-91 184
-301 -288
155 432
-316 -79
-428 -284
272 452
-388 402
250 -410
111 -399
-137 404
125 -35
342 50
114 -118
257 106
-483 105
-125 -351
-173 181
136 229
237 -325
-49 -163
121 218
-183 181
326 -400
296 466
-416 -179
225 134
170 -163
434 -144
-300 430
-351 -73
137 -178
287 17
-205 -350
-206 386
-330 257
-367 273
-399 187
-466 371
188 141
0 -48
358 -200
-1 -1
331 406
264 106
-53 -357
171 -175
349 -445
357 -136
-362 140
487 382
-396 308
-153 -251
-294 -392
115 -52
47 253
-210 57
395 2
232 -394
193 354
-290 -261
89 -207
-397 -287
-221 -95
-288 -243
180 -138
408 358
-351 372
-376 143
156 -311
-349 -250
180 434
429 -31
-398 484
132 292
434 -1
297 79
500 23
180 -323
392 279
416 372
485 476
201 -122
-282 -467
111 22
320 48
-104 346
167 363
-70 127
417 -180
-146 461
-225 482
158 181
112 265
19 -261
-108 -342
-267 -367
-138 -177
282 -386
141 232
111 302
-267 159
-204 -349
-188 108
-158 -281
97 441
434 166
328 -309
-285 361
-419 -329
-308 193
67 -136
450 -19
399 70
-444 -70
11 -60
-65 -383
480 61
85 -275
-20 173
281 -230
-252 -298
-132 -438
464 181
195 286
-365 -207
38 120
-458 -229
161 482
-233 -345
-25 466
279 154
423 -485
396 -110
-483 312
257 427
357 -62
-465 346
-489 26
500 305
57 281
-442 -138
453 -351
-64 -283
-339 -381
194 -454
350 -270
-361 196
-149 207
-340 -197
64 379
-133 300
103 4
-441 284
-182 107
160 187
-441 -138
321 133
-173 128
120 34
-134 147
-434 -492
478 -416
-106 -110
58 -159
6 -312
-173 256
-217 -276
-209 15
422 -118
-206 414
476 192
-273 -448
201 31
-52 -192
-181 -339
-306 -278
43 44
-142 -78
-338 105
-253 -493
137 -303
-132 290
-205 125
397 379
297 45
-494 -66
-492 292
-379 -242
-90 331
271 -179
433 228
360 -263
-422 -441
-260 -447
434 67
354 -158
42 305
-50 238
149 -493
62 -160
55 446
-440 391
-408 -338
-42 -282
-22 -150
-83 253
24 287
242 472
280 -201
-226 93
134 -346
-169 295
-218 -270
472 -467
45 417
-65 207
322 166
83 -84
-433 161
205 -447
57 -259
-461 97
-458 -447
-195 -319
-107 157
-272 -267
140 336
-208 -273
264 243
-225 368
-203 167
236 -385
-160 436
312 -182
-89 66
149 -82
-249 319
-84 139
488 29
-483 -263
46 -45
-204 212
493 136
446 -101
-70 -200
-260 197
67 -263
-212 -79
456 261
12 -247
8 53
125 16
377 289
445 45
-336 111
291 -408
-403 -80
-112 -160
-2 417
314 -91
-290 -5
429 -152
31 -31
342 369
