100
445 -347
22 10
-318 -177
1 -314
56 121
275 271
276 -92
184 -500
213 41
-437 462
496 149
-304 79
-135 117
111 -199
33 440
-333 416
116 178
63 -18
-415 464
241 296
48 303
-108 -9
-334 -427
-122 -339
-81 -163
-205 -204
495 -493
18 -345
96 94
-352 300
213 418
477 492
-356 -454
-108 -279
-205 136
193 -216
96 179
390 -168
-449 -65
253 323
-295 147
-224 -407
347 127
160 -308
402 37
445 355
-119 328
-321 -359
332 -333
324 -473
313 -58
-358 290
216 100
15 -26
-416 -142
490 309
-191 32
-90 -62
-288 477
-168 -184
207 -211
-118 304
240 -86
327 -290
-401 375
-14 -208
-263 172
-325 406
-146 -238
-147 295
401 -387
125 -285
-40 30
139 -391
-470 437
343 460
46 124
11 117
61 -8
-445 -121
111 422
356 -218
127 -365
27 16
-122 490
415 -212
366 -148
-313 -86
420 -254
362 -246
260 -158
-9 243
246 423
-496 -482
237 -194
301 431
294 -200
37 -287
299 193
478 -244
