10000
-411 -397
285 146
141 -37
454 304
420 457
322 301
-210 222
482 -338
93 -18
55 -382
477 -221
211 -235
292 -387
-385 4
411 -300
323 124
-488 -247
-51 -82
432 -144
-195 -437
-210 24
-68 247
72 213
159 -435
223 476
-405 -301
-89 415
-162 -66
193 -118
-239 -82
-249 -324
-251 290
-75 -206
422 398
472 220
-295 210
134 -106
-312 152
291 256
111 -148
-312 -313
-241 144
236 246
391 -349
-174 443
-92 285
-349 -62
-64 -354
123 20
255 -364
309 -185
-8 5
-141 260
-488 -111
422 296
159 -287
261 158
175 453
-428 -326
459 -398
-150 338
-405 -211
-465 358
89 104
-70 437
-350 304
-351 350
-86 -96
448 338
-407 -404
-324 276
-138 -16
-133 -119
258 17
13 192
105 -242
-40 -91
326 -16
-262 -321
272 409
215 159
470 -289
-239 328
-488 -445
139 496
-274 245
-242 214
-160 324
-200 -93
-491 480
-113 490
83 -136
213 -71
256 -91
-362 -314
-84 -352
-86 380
179 -124
271 -329
117 -160
-420 6
-66 -295
350 210
-85 -83
32 451
31 -240
309 -392
127 -270
445 -91
-422 295
34 476
472 -174
-396 233
439 39
275 290
-21 343
157 -113
69 -64
376 -40
226 390
345 414
-291 381
-178 -67
-245 -264
-45 356
380 -440
-384 203
376 -396
-376 30
438 435
177 -365
15 444
-123 461
311 -120
-227 -420
81 -488
-136 -184
-251 26
-186 0
-127 -287
-404 -153
407 239
-297 282
-323 -261
-113 -83
-195 106
-254 -401
426 -500
440 -107
396 -264
-389 -376
304 -213
351 -65
-151 -428
416 -75
490 312
-222 283
-304 332
-83 309
83 -272
341 228
289 -241
480 370
295 467
77 -339
-392 -105
-218 170
407 131
431 -177
-233 -155
-339 210
250 -184
485 150
111 -413
-139 -53
210 -267
-330 -13
-64 247
-340 445
-16 -346
-102 421
-457 -156
84 126
62 112
198 -115
-305 -63
-85 499
-17 -325
195 -74
-200 -384
68 321
-386 -235
-284 317
-24 -3
-63 399
194 -184
384 14
153 67
425 -482
455 402
415 -249
241 -324
-335 -83
-167 -272
-188 -293
-111 -297
307 2
-225 -194
452 -320
383 112
478 44
55 -36
320 215
290 390
292 310
-231 -44
493 -129
-202 -254
-75 34
440 -147
-229 104
-20 193
44 433
61 83
143 -220
-68 385
-413 171
-51 213
276 -81
-104 482
306 -447
-29 26
21 418
445 -248
-446 15
389 244
144 -271
19 -57
-405 -308
356 -133
447 -446
104 339
384 -164
-493 -49
-366 -386
311 133
-10 188
53 -329
-65 473
434 390
-446 87
-225 349
-305 310
-27 16
-276 5
-195 -157
406 -422
361 -68
39 -14
-155 -51
31 192
-21 194
126 460
-432 -249
-471 212
-340 -365
79 346
-76 -44
-33 301
-115 -278
487 22
-64 -78
-33 -45
-482 108
171 164
-68 267
65 13
-492 141
-1 468
-137 119
240 -22
11 114
-66 -87
-482 21
-214 316
232 27
91 -210
-430 341
4 -115
407 -342
-271 76
-100 -340
-150 -140
-449 105
245 -8
201 448
494 -324
170 -7
-108 -158
52 479
195 -197
370 -104
236 -271
-68 34
-286 186
9 96
322 -20
101 328
59 -135
185 399
-466 60
-290 -46
-97 -128
-76 357
370 -104
469 -217
78 -127
-304 65
-487 -311
89 -173
221 -165
202 -392
-60 272
293 -465
142 209
52 -369
-397 -254
153 -481
425 -489
77 -76
345 -174
163 323
-164 -339
-283 15
-78 -498
-71 -313
-44 62
169 -76
-429 -60
318 -307
406 -269
-254 -217
-430 -462
-449 336
169 -80
294 -220
-243 -4
-39 -203
466 -273
-372 272
-286 -56
-191 284
-116 -430
-330 -11
-441 91
-181 -16
45 -324
-245 118
213 151
-421 26
-366 -165
115 -48
-352 -413
-107 -189
209 82
-117 297
-212 -171
-339 54
-79 148
-476 -472
340 333
-239 110
-20 -484
341 339
56 -263
-129 -277
65 35
346 470
-42 425
-18 176
49 -339
-203 -261
-465 29
-120 -70
316 -162
-380 12
329 -351
51 26
-432 423
275 215
-100 316
48 403
261 -424
-121 184
-133 -281
-137 480
-357 -189
223 -425
110 438
-308 -261
-460 10
245 116
497 -382
-207 -185
-413 -313
396 -8
284 -327
234 -442
-385 -304
14 -134
0 439
225 -343
-110 71
-193 -60
273 -108
-444 41
491 -430
409 272
495 -313
243 417
-76 477
36 53
42 302
150 -434
416 213
-187 -218
320 -328
-127 -305
-379 67
52 -114
14 -93
-96 347
397 165
412 -247
-500 -243
63 306
341 -223
-482 -264
14 -268
-272 -1
-272 -157
496 330
311 -369
74 180
-285 477
482 -221
-41 16
-296 -308
35 56
231 -474
-93 -87
334 -353
-449 -166
24 -172
-123 233
164 -433
-318 -206
316 -284
259 -465
71 -12
488 345
-338 -120
132 460
-314 -22
-374 -91
-337 113
-288 485
209 6
442 184
-40 -398
156 -317
-392 -313
-387 -69
-71 -277
292 210
-432 -208
404 -272
52 -481
207 -303
-350 -11
-28 53
-230 -357
-179 360
450 310
-25 211
268 361
-470 45
358 457
-179 38
165 442
165 -284
156 -391
-183 -83
-348 -281
56 -101
245 413
-146 -127
438 -368
-20 -134
297 -51
243 180
-292 -3
120 391
-52 342
105 114
-135 -257
-311 -99
-416 -48
36 28
-217 -308
470 365
52 -214
221 -232
-197 94
-202 -303
-13 180
-441 370
-405 479
388 497
274 -256
438 -17
33 452
-22 -455
-207 -372
-165 -337
-371 -289
-494 -45
440 -310
271 -207
-11 149
199 273
-413 216
459 -64
-480 336
-136 166
-114 133
285 -327
-178 103
-386 24
497 445
-257 349
421 453
-330 253
34 179
-121 -328
146 -369
-170 257
-149 314
161 301
17 -46
-313 156
35 125
-315 -467
-316 -148
-500 -417
-304 415
365 319
-412 -137
246 -194
483 -46
-284 -11
-345 263
339 130
-495 -179
276 432
74 -301
206 406
216 346
-57 137
430 -223
16 -59
-396 430
281 -127
452 150
277 -304
-387 -194
-107 305
-422 52
461 212
353 139
80 196
-65 -119
439 -309
-71 -355
26 -455
23 425
-42 -216
347 -135
245 488
273 -228
-173 -131
315 203
-237 179
-387 250
93 460
-262 -460
-61 -52
70 38
-432 303
-412 491
46 -308
371 410
-479 29
-1 -457
-58 -461
-365 157
478 197
428 -25
363 -114
-412 114
-437 -70
-178 -276
-214 414
-357 -206
-211 -416
388 310
142 -14
-394 198
60 43
363 31
281 -468
437 282
202 188
83 219
350 361
-473 492
418 441
282 -109
494 -274
-460 -46
405 -124
423 -206
18 15
-35 -315
-193 412
62 -157
-255 234
-462 -93
478 176
-245 -127
-96 46
-489 268
471 -454
-130 -13
-230 -339
-297 -179
-133 196
113 -27
351 258
-433 371
-441 -320
-11 -187
-143 402
-219 357
-183 -252
2 -116
-474 -415
-433 320
205 484
-250 30
-449 220
-203 144
337 -65
23 -219
-461 -344
443 132
-331 24
-175 5
-95 -459
69 78
136 -52
287 484
140 434
-33 278
483 302
51 415
-50 -212
-58 -449
430 -293
-230 -367
-159 -17
-98 385
279 65
472 -76
142 93
181 -451
-116 -315
-278 -356
96 -195
-68 37
-214 -264
427 236
-385 3
311 145
432 -282
-218 314
23 -263
-391 -360
182 -188
166 -363
72 -87
-493 113
244 -24
-495 47
252 134
-435 356
80 39
90 -388
-125 449
220 127
217 186
93 -53
-84 -41
-171 86
38 -389
-149 268
-254 28
64 67
-233 -439
348 55
-124 -77
-114 -179
-191 -288
-103 -56
-447 190
46 -367
65 332
-145 400
316 81
485 182
-254 -92
105 186
-248 270
105 293
142 -438
91 -310
251 180
412 -370
312 180
204 465
-336 -460
427 14
-381 -333
26 -17
405 347
87 -485
-396 -335
-176 -393
-31 294
-136 -236
-89 -284
287 -376
236 -64
-429 -107
-422 -284
-340 36
412 159
-184 202
-427 -407
-390 -276
-487 -103
-55 155
6 -130
25 500
17 -290
292 317
-245 -330
312 284
231 -363
173 -360
287 494
-93 402
-132 -117
-232 113
43 -113
-349 -370
-260 320
-477 -133
-128 -3
-370 -40
-22 276
235 -491
437 428
-108 371
5 419
314 -468
191 -94
-271 126
-393 -181
280 -467
384 20
-431 489
-483 -168
-129 221
-333 253
-331 -197
-329 -451
329 163
-382 -20
-469 -230
-8 -30
-259 -105
499 -359
163 -356
-133 -421
435 -340
-165 -211
113 329
368 -128
-117 -121
-380 -229
-491 -134
-171 -246
-372 475
-493 -57
93 -208
271 -219
-492 -368
-452 191
343 77
-76 -499
96 356
-335 -285
-283 32
445 -458
202 141
-97 156
-125 28
-76 -226
99 149
-139 84
178 340
-234 -147
302 462
348 129
-458 -306
-489 -369
-134 -61
-280 341
-40 362
-118 -403
173 140
-184 -255
388 -423
296 -121
268 368
-316 120
-114 362
152 -16
-11 235
185 245
-119 -219
-65 -216
249 -151
287 -272
-2 -417
-395 -411
-213 343
-141 47
-318 -83
-410 -285
-455 -487
140 -285
47 -143
-251 148
463 219
-245 112
126 368
-247 -87
-239 254
54 9
-76 -458
-296 201
37 -283
-386 367
115 -216
239 -107
446 -137
-269 -446
5 -142
140 -11
-256 -218
-148 -152
-215 -496
302 456
-308 348
64 57
168 -472
-141 -145
-70 124
-78 453
-248 379
411 -103
118 246
500 167
223 325
183 264
122 321
-418 -32
-278 17
-223 -276
337 421
412 399
102 252
-380 92
461 -228
457 444
-238 187
177 103
357 -424
27 -59
226 -489
153 -237
497 500
281 445
-176 116
242 145
498 -500
-63 463
324 -319
361 -99
111 259
-272 -208
168 -355
330 234
-242 84
-149 -70
199 -44
-44 -369
354 395
135 144
31 -134
500 -310
60 421
-177 426
18 -105
-263 250
-85 -171
-341 -385
-466 292
84 102
257 362
-193 -321
-450 -111
-134 394
-500 427
-164 137
299 -341
-81 -178
-260 380
486 361
-482 455
-336 59
90 -431
-350 322
316 -460
-296 33
78 343
-436 -44
-180 -77
-54 -41
-176 -111
-189 86
385 129
-301 -263
456 -5
270 11
395 480
453 16
100 -421
2 237
157 109
2 -189
338 295
-338 -451
-378 -357
15 -16
-415 353
-364 -313
-159 -264
218 -326
-52 -399
254 218
-462 219
-125 49
-122 62
-19 351
275 -212
456 87
214 -282
155 225
-256 259
-115 274
-124 -369
-361 -54
-195 -129
-95 -417
-215 -128
-221 -37
429 357
189 59
206 36
221 421
-286 373
103 -307
-23 366
-458 -143
375 353
-203 -479
382 -265
314 -104
-315 188
-131 -495
-20 -34
470 40
344 -65
-150 488
-346 48
-477 -142
388 -169
57 268
253 -249
335 -126
131 -77
362 -179
-77 -165
-133 -86
-492 66
-66 8
-168 34
-263 231
-160 -219
-195 45
-103 467
480 -133
-189 42
-111 -249
-43 113
136 2
70 196
-476 106
-53 -26
-365 -424
389 -286
321 269
273 -153
131 -285
-90 -15
290 7
-182 290
431 14
-126 31
-85 -428
300 30
-144 -32
70 -442
337 -239
113 185
-472 -22
-39 -9
64 -426
-435 -331
22 -428
-129 212
369 413
102 10
121 145
185 -291
-229 -360
-22 -455
-344 55
-66 164
499 -96
243 -181
357 382
-439 -76
23 450
51 83
89 -126
-252 -309
-65 86
64 359
432 309
63 -482
363 345
-212 -55
47 245
-472 424
339 -443
305 -12
195 -334
-25 77
-152 327
352 215
-491 -495
448 -70
-29 323
-357 -350
432 0
213 117
136 166
-353 -49
265 379
161 -60
-125 -267
375 -276
-249 -184
-279 233
326 -53
221 -428
-30 178
255 -209
362 399
-455 -294
-477 453
8 242
327 330
183 -56
-300 224
-232 -149
148 235
-218 420
-446 30
108 124
-363 -13
-248 -150
-346 316
88 180
-173 -42
40 -100
-10 361
-182 30
-399 -302
-153 -416
-54 171
440 -457
189 216
17 -452
233 -46
188 2
29 55
11 -66
-121 -281
174 -487
235 -308
288 420
-36 27
121 -262
-344 313
426 326
-25 -57
434 50
-475 115
-335 -282
136 -390
-470 343
55 -123
134 -452
380 310
57 -267
-445 -22
207 -439
371 204
240 50
-284 -298
-2 291
-113 -95
-142 -124
-448 289
418 22
-71 -245
487 370
-443 -170
-59 -138
-303 -286
402 458
-149 -411
156 24
-422 401
144 193
-293 -322
197 -360
-354 -310
304 78
-45 -429
249 249
-124 -127
69 -94
-485 421
472 -384
-74 176
295 119
-444 15
-475 387
-12 -463
239 468
76 75
328 24
16 101
-189 174
-433 24
-243 -293
28 223
-274 131
-228 452
102 -406
166 -185
-23 -121
8 -268
76 478
-86 -21
-313 -42
-85 480
-270 130
-296 -67
-202 -3
-464 -81
-337 290
158 -161
362 -417
-300 -224
-312 -407
246 316
-313 -429
260 -312
-78 217
-473 -207
101 20
248 -171
-252 -2
-375 138
-181 319
-372 108
-469 428
-46 135
-235 210
120 383
77 261
-74 261
-349 -240
286 -161
347 330
-416 -60
-420 416
35 -406
481 -240
-160 309
368 99
-468 37
378 -490
-280 460
-273 26
-178 -421
-469 -242
61 -424
-58 35
-74 33
210 405
221 -411
-364 -12
290 -230
-190 -7
315 212
39 -68
-50 358
-158 -265
-100 94
279 -220
-404 -357
-108 55
256 -62
-150 -441
-349 -165
5 19
-466 365
-176 29
330 107
-20 186
45 183
-54 -329
-122 -286
305 57
-395 -492
300 -204
201 -399
31 -226
494 479
-353 477
-498 394
-16 430
283 -327
161 54
-413 -311
-260 384
112 71
-189 -424
381 335
-60 218
-62 257
-17 -474
342 447
-113 39
-480 -82
-79 -129
70 -367
437 -265
-109 -173
-51 -142
-313 -113
160 -38
-393 259
28 139
-43 -326
284 365
-317 -230
-55 -123
-152 -234
-189 79
492 -64
98 325
487 473
-345 350
175 42
440 -323
2 233
325 -381
190 -121
94 -244
182 171
-29 453
-165 259
-348 -32
-346 -481
-215 401
119 424
376 -216
-165 400
-98 -311
-70 -252
346 431
-75 278
496 -288
349 98
-360 218
328 470
-310 -375
14 58
-86 -126
157 -74
341 -254
324 -259
-279 239
413 319
486 -86
-255 287
9 495
-239 -28
-175 208
34 36
-303 8
409 196
72 252
205 123
290 102
108 -414
422 168
-130 -26
-414 -278
413 -249
358 -189
94 229
-4 -189
176 -435
-106 472
196 -487
451 315
-382 -80
37 -12
-275 -454
81 319
18 -99
416 -159
-92 120
-355 248
28 -249
469 428
440 -415
-232 -496
337 105
237 37
-250 266
-34 -61
12 38
498 149
-385 -109
-380 53
234 -165
-39 232
-127 126
-192 -369
-14 140
-487 -260
19 -5
36 -167
-235 58
321 -166
343 197
-36 -158
136 -90
110 307
468 -254
241 422
-450 47
-412 -133
-127 172
-427 194
-63 125
-44 134
-342 -461
-143 184
428 -92
-444 300
-5 85
149 47
-20 -474
-324 -403
138 19
-146 459
309 -174
40 419
-363 -473
-48 -8
-333 267
-293 -121
-458 246
-207 -24
-67 29
-209 -232
67 459
336 -337
-297 373
-48 424
376 116
269 -487
-78 -381
-220 -369
-182 -177
478 165
-154 467
-281 -292
245 -467
388 -124
148 -62
-172 -480
190 86
44 14
-169 -445
137 -343
-64 438
-430 -134
-437 -417
324 -472
-350 -115
53 441
208 328
132 -246
-134 -431
-244 478
293 307
242 -116
123 -288
-186 45
-180 -91
454 -419
-124 -67
-51 279
-458 110
-24 -370
-65 451
-494 407
-196 -373
-241 -46
-296 -486
-109 199
-338 186
85 480
52 -297
-189 -300
-323 449
497 -150
-206 341
411 -192
-149 359
-123 282
-116 -191
390 191
4 346
356 473
28 343
493 322
-482 -454
-301 -442
-235 -195
274 92
-182 -174
-69 193
71 -469
402 471
218 33
-7 309
311 -199
117 91
420 -167
250 308
-139 -350
399 102
-474 -321
-193 -413
-301 295
-435 136
332 21
416 252
254 6
-104 418
-212 285
-286 183
-109 29
30 -324
237 488
-289 -497
31 4
112 -2
-128 -185
-298 -148
-294 316
-318 75
-110 -199
169 -75
237 -130
160 -54
-58 -187
160 391
287 205
208 -70
-440 -157
377 -404
107 -14
463 -419
220 -13
-166 117
-422 169
333 -398
145 -367
-342 444
-169 89
393 231
-486 384
-352 -243
470 -69
169 375
-456 -179
103 230
-175 -46
-97 384
-116 396
-375 -344
237 -470
-122 386
494 -333
-294 337
-362 -135
225 -448
166 -367
-127 -289
497 -56
-70 297
62 160
-474 -56
-248 -108
-417 394
-84 -197
-28 58
118 -461
-269 -323
-237 -288
-174 171
-139 -125
321 140
111 -197
198 -29
31 -38
-124 160
324 142
-293 -106
475 393
25 159
448 -416
-404 144
-302 -297
423 366
-243 346
-273 -169
-236 -223
-401 466
-270 475
303 196
129 482
-290 -492
-134 210
432 -196
-382 434
-99 246
-484 -416
71 -312
285 277
-229 -202
295 84
396 -270
156 -124
-270 -238
-115 -451
-254 -375
-419 154
-130 46
246 6
130 480
187 -432
-310 484
293 -347
312 439
-377 466
265 15
-115 -147
-48 -212
233 492
235 -82
-193 -229
309 -500
145 -486
195 -289
-483 288
-365 -68
352 343
436 -468
73 -445
143 -266
-244 297
458 -480
341 -273
230 195
-231 458
-493 -89
-457 -66
293 -209
180 143
-119 -98
-277 419
393 -70
288 101
-272 33
393 133
1 -416
-23 427
310 245
-38 -53
-100 -329
59 375
67 178
27 494
144 -29
-328 354
340 60
-229 -300
126 -232
187 355
98 -419
-62 -245
374 288
77 54
139 -382
449 134
-8 263
-178 -412
-37 -35
300 437
-445 -12
415 -54
58 -473
444 -158
-42 -458
470 359
-125 409
-76 263
122 -6
-121 -85
-161 283
-13 -358
-379 -109
263 -478
167 197
-365 -240
-193 -368
257 -436
-247 263
-442 -143
-391 -211
-98 254
432 -266
-160 -448
374 -395
269 306
-307 199
485 337
-446 -39
-50 287
-182 333
439 16
62 -67
-70 -193
-306 -310
-146 498
355 35
-56 -295
-60 -476
-409 443
-480 214
-327 -253
374 469
-208 -102
-431 69
421 438
-176 64
50 -29
228 -302
253 166
245 -67
78 -467
-331 469
471 -125
372 142
271 -338
-427 -408
-386 67
398 -214
-447 376
-164 -113
443 -152
74 221
-286 -91
-186 200
-284 -153
-492 -133
333 -78
482 54
-192 -370
-407 -229
195 371
-427 -465
-298 478
395 60
-492 -175
-277 -89
-64 254
195 481
-203 427
-165 -415
451 109
-293 197
-111 213
-310 186
-141 238
-432 74
-219 248
-78 -309
-259 -130
227 73
374 -138
-496 287
163 -322
384 -165
-189 500
456 -204
486 -40
-122 432
-379 -49
429 487
-159 -367
-433 67
-442 -52
-412 63
489 469
106 150
21 -487
118 -268
320 342
101 -411
-406 -357
286 388
114 -24
433 -275
141 -347
-266 376
115 418
460 -47
493 -164
-73 -473
-184 439
366 419
-186 -139
486 -467
-163 91
107 -290
207 -219
-449 252
-29 -12
-402 -467
469 200
-279 -304
12 43
-395 -229
463 301
-27 71
187 377
115 99
-250 280
-318 -221
-275 267
77 414
274 319
-85 53
243 -394
-261 -490
-37 289
265 492
-66 -115
422 -407
136 360
33 -56
-463 92
-370 -104
-75 -444
73 -415
-128 -362
-180 -413
80 74
-333 -463
124 38
-122 -67
396 453
63 21
-76 -278
-135 -249
297 390
-91 18
-13 368
-296 324
-217 182
-482 436
366 -314
32 323
-498 127
472 -481
-493 -35
375 -458
333 -267
-237 -138
286 -354
-77 -390
-28 -477
227 280
185 -293
317 286
-278 -463
49 -441
393 206
-320 -462
97 -426
453 12
461 -99
282 102
-190 -31
186 101
-378 71
76 -296
-330 -177
116 -396
-265 226
-442 -1
-435 -186
-331 -451
74 291
366 -184
97 359
265 -428
-390 -342
424 -211
-237 428
458 364
-22 228
-256 -417
-300 -179
-22 -101
179 -102
466 119
275 466
239 233
-492 -498
-409 -471
-121 85
-97 -325
276 -188
100 166
-335 52
500 366
-339 -102
211 -157
-206 -24
-485 -75
317 311
119 -281
-24 356
-469 365
-395 429
416 368
-132 151
471 23
-413 119
94 116
367 -79
-344 -216
-218 387
112 382
46 -403
-202 488
393 4
339 -494
412 -121
492 -469
-263 -327
252 250
-329 461
126 225
-370 -267
-11 -442
101 401
-9 380
-117 374
499 300
-442 18
201 138
46 142
386 72
21 339
434 157
332 -147
452 -402
113 -78
-453 450
-411 320
116 202
174 188
-26 -235
75 408
-420 491
110 -489
-144 9
-425 -366
355 -204
161 39
218 472
217 464
321 -341
-253 384
-165 -478
477 371
178 90
-168 15
-424 338
343 332
107 -425
412 220
-223 251
-36 -335
262 -6
-448 -157
454 -254
-276 -271
-158 227
-155 193
-94 -180
137 217
-429 -243
-248 216
0 112
290 332
278 -385
-496 101
118 -315
-309 -334
-85 -43
-364 -408
-374 -153
-411 -94
109 -239
374 -279
152 247
-386 -120
-139 498
431 -474
69 324
147 -233
431 256
-238 -248
-252 390
33 454
-52 -100
13 -249
-271 245
217 123
106 -151
-41 -92
-136 -370
46 -365
9 489
-351 -315
-134 -77
-144 -476
470 470
269 -40
-113 -64
-63 252
225 -475
-62 -79
150 260
130 -118
486 -176
-445 -170
430 124
335 -341
102 -162
390 -434
128 -289
276 133
354 62
307 -128
169 238
-54 208
-385 25
12 -248
-404 457
179 -377
278 -432
102 -269
-36 -170
-320 66
-329 -379
-350 8
-481 -412
201 122
447 -174
404 222
187 85
-12 364
-421 -365
319 -218
-481 150
496 -432
269 175
-388 359
-164 94
-104 -259
-306 295
43 -62
-79 -169
429 -12
171 209
-442 177
-378 -80
72 173
141 152
-155 -178
-161 28
-26 277
495 479
221 -230
-172 -91
199 -463
26 -198
-364 -19
154 377
-138 486
349 247
-277 -15
85 146
30 -111
489 -145
-292 -322
95 -264
494 -83
172 -349
90 -214
414 -391
-99 423
279 61
-211 -434
-81 478
331 -468
184 414
-127 -149
255 -384
-124 7
286 161
-334 264
22 227
118 457
482 23
296 -470
-297 55
211 -447
283 -253
-205 -102
-134 -369
-120 426
190 -292
42 -425
19 -457
-444 143
-476 247
408 152
88 280
474 402
161 214
185 31
487 483
122 -116
-339 -8
-497 -476
37 -63
-277 292
155 462
207 222
115 62
-332 16
-75 -457
174 -112
-183 -292
-392 -309
-145 144
-32 303
23 318
64 -455
234 457
414 -167
-211 148
321 -106
-448 -265
461 -188
-26 369
-315 -43
23 442
-320 -277
209 492
-380 -225
242 -203
-417 -220
-480 -28
66 -334
-23 -82
254 341
93 -423
31 429
-357 -288
-175 305
382 -191
128 -336
76 286
473 -56
-341 -172
-364 482
-167 209
-97 107
-266 -479
382 -333
-266 0
277 301
-31 -440
158 470
223 451
-105 17
-28 -126
-443 382
-481 310
42 382
456 208
-417 -333
-63 -199
437 -77
141 171
-437 -247
-256 -479
4 -170
-373 -487
103 -485
321 -164
433 -158
-460 368
402 -121
140 -407
-196 -211
411 -253
-85 169
-94 401
-58 -337
407 123
343 -460
-178 232
-262 220
247 -339
390 111
-66 -422
-338 95
464 -382
-128 309
-430 -11
143 -38
-308 65
-6 -16
-49 -163
-396 -413
-9 315
204 98
-291 246
-40 -293
409 -10
-195 -358
-425 -385
-299 389
188 -283
-481 475
70 12
193 182
230 434
49 -101
-60 10
365 -350
265 2
208 -372
-410 349
-59 325
51 489
481 401
-439 -289
-23 -437
-307 91
347 321
359 -68
-381 -331
-181 -201
-437 -217
334 56
-385 179
-340 -352
53 215
-290 210
470 191
62 484
-301 9
129 469
-413 -33
304 -45
-220 -334
-461 -96
196 90
-11 471
-282 -98
431 102
-181 -347
303 -164
396 41
-323 74
-293 259
-224 101
-404 -220
62 266
-153 -426
-372 -400
-62 -323
-256 -414
251 -293
-463 -469
-48 -235
478 -259
-175 195
101 214
-450 497
-483 433
-68 -167
-173 -255
-244 -206
-323 95
480 5
-298 336
-132 -341
-230 92
271 -141
141 -106
-269 340
233 33
34 211
-251 458
56 164
322 162
-66 330
220 419
348 390
391 394
-320 180
485 -228
440 -237
-483 -110
142 -290
-225 28
-479 -253
34 493
-274 263
-188 108
-258 258
-426 -468
422 -79
-439 -190
-183 -376
139 481
-138 259
11 -373
-193 -79
-231 -358
-307 105
-414 167
-306 -326
304 64
-430 385
-426 -242
-172 -288
-114 -448
-443 -111
-146 -383
239 -458
408 466
383 307
440 149
-36 -462
-170 -422
-112 -157
185 -252
-24 -115
431 472
173 -320
-52 -357
333 51
360 343
-17 266
187 118
223 -161
130 431
185 466
-219 250
-219 -456
488 -416
-284 -164
-187 219
-435 82
416 -383
415 225
-21 295
-159 309
202 259
-65 -406
382 -333
-330 -79
103 123
161 -500
-372 -243
-127 -389
-212 325
-79 -345
-296 -264
-21 287
-152 348
-352 470
33 -324
324 -259
403 -92
407 -426
41 -65
114 -436
19 -365
-240 -392
498 -277
16 117
118 -132
371 -117
420 18
-336 398
16 -218
281 50
101 143
457 -359
-441 205
-43 -265
299 139
-78 -374
-38 140
-478 192
371 411
369 -437
339 -488
-55 -142
-160 -72
-2 -258
273 14
431 -414
420 -300
-363 460
320 71
-354 180
-47 457
-372 358
267 -8
-81 -96
318 122
-496 46
342 113
258 454
-337 330
482 101
76 178
460 496
-295 -243
292 259
-348 -37
130 40
-306 87
-362 -108
-276 418
-430 382
129 164
418 -75
-142 472
-463 97
317 -409
-164 -435
212 -322
358 259
-353 237
386 -309
124 -226
341 -457
-403 31
191 365
367 -166
333 -462
-413 76
-331 -318
436 -232
250 -193
-320 -439
-66 469
-234 -9
-235 -151
-302 387
-53 463
-154 434
440 168
187 475
309 219
112 371
467 19
147 -399
234 383
161 13
-51 299
-262 241
369 -438
98 -173
329 165
205 -388
15 359
380 193
153 18
144 133
418 -380
-321 -241
177 -31
325 -374
-35 138
14 54
-186 -229
-75 -449
211 75
-62 -260
244 364
-477 -287
275 -284
-159 186
-271 467
59 452
-448 476
-400 -129
-367 29
-39 46
-355 285
-447 -392
471 -390
-259 240
473 176
54 -185
202 362
-296 -45
142 106
-448 462
-483 320
217 428
-188 -239
-416 38
-383 -83
287 -341
200 -367
386 325
-363 193
384 -87
-204 121
-111 98
244 -326
-172 405
-100 -157
440 136
465 445
285 250
259 33
-429 166
270 -92
81 203
140 40
-316 -72
38 -197
-486 -407
-119 -240
-165 338
-201 203
426 385
136 -19
462 102
0 -463
115 367
454 -217
162 -157
-478 -363
-397 240
292 247
-228 194
273 94
-255 -193
-422 448
372 277
402 -176
-486 30
-146 -116
-498 160
-221 -201
271 76
13 -370
-176 -479
-323 -292
320 87
459 355
461 166
-39 267
-55 -374
-87 -380
411 -293
335 -123
-50 -12
-426 386
299 386
469 -461
-243 171
-354 393
-119 -320
-419 143
-413 91
402 130
363 193
186 88
-72 -175
162 90
-171 -244
-83 -247
-107 85
122 -30
-372 -110
165 -443
-192 317
39 -375
-343 -269
313 -485
436 -248
365 154
-438 -104
-170 -340
442 -478
251 347
-25 183
-199 414
-298 174
-383 2
98 -387
138 59
-253 217
39 246
19 354
-398 454
497 -421
-430 -402
240 -437
-413 -230
176 -1
8 -87
-298 -86
-55 -483
-408 -230
0 -106
-349 -268
426 103
7 -349
-372 -195
416 135
-152 -156
-228 -177
197 -72
-93 -249
-189 -254
289 56
-239 65
231 437
-345 291
481 370
-422 -210
-105 -296
-178 -417
-54 85
240 192
-27 371
238 424
119 322
469 -72
-445 197
25 98
45 263
-284 315
383 454
383 -39
-333 -175
24 -111
-14 -309
-312 276
374 -490
492 321
484 283
458 230
342 426
377 -380
274 127
-207 -382
337 234
-167 -181
90 -130
339 -77
-419 472
-142 -412
456 -321
-206 165
-124 -317
450 37
-40 -372
-370 -320
-119 393
-337 361
-246 496
-76 -279
82 455
-112 131
106 379
-283 318
-261 -96
70 -400
411 -219
-444 -88
-275 310
-344 -198
65 281
-326 494
-227 -173
250 -244
-428 -168
-466 -340
-286 134
485 396
394 90
-447 -64
-422 208
-216 193
-65 152
223 -32
-222 475
114 413
-300 -219
305 310
-361 -438
226 -304
-277 33
197 391
-211 -204
86 -111
-415 -264
-211 -68
-404 94
29 -389
-94 -153
172 259
-354 -146
187 366
434 379
121 234
84 -280
-430 453
240 484
61 38
122 381
400 -209
185 12
-77 203
-343 237
-7 -247
436 406
-91 -406
500 -472
-460 325
-325 203
493 -53
181 365
227 298
103 301
500 -270
-375 243
-381 442
107 -226
-78 297
-370 15
-35 -488
164 411
134 331
168 157
-31 -183
-183 -52
-426 -364
45 20
-478 180
-108 227
475 262
157 -173
-255 103
495 409
288 190
226 69
-376 -68
-37 350
233 263
186 -330
-92 -150
120 -42
66 -253
-21 -83
274 -233
330 -167
-9 306
-412 489
-421 487
200 238
-155 345
-421 -365
44 -233
103 240
238 36
-175 -212
-498 18
-44 328
298 -120
-258 288
355 484
-243 86
-47 393
343 380
-479 -257
217 476
270 393
167 -244
-462 264
-248 184
63 -81
251 417
3 397
-65 -448
-56 -320
158 -289
-282 -435
-300 -178
-497 368
494 -377
-20 168
-343 287
-457 410
-312 34
443 -137
-368 -203
430 295
149 79
-325 297
-381 117
38 111
-46 89
101 444
30 27
173 70
-161 -183
325 249
-207 132
-386 108
228 -420
159 -451
-82 -292
305 62
-476 -178
-341 216
-64 483
76 -168
47 -301
-59 415
303 163
262 -209
356 447
-479 159
27 -21
-258 90
132 286
-445 -230
312 143
-282 -291
-23 -455
-121 173
95 337
495 165
-330 -80
-53 -335
-366 -160
-177 -450
-134 -439
56 255
226 306
-262 485
-253 147
15 -5
-358 -181
222 -191
-311 199
-73 334
297 435
-104 447
-358 -491
457 -341
153 -419
-431 216
428 341
-77 -171
171 -268
115 33
-316 -271
262 32
-342 -383
-338 300
112 -352
36 -44
437 248
362 396
-238 -278
-485 -147
-265 7
-289 -318
178 -321
-313 15
202 422
-249 -335
-465 -43
51 25
445 -192
-491 -148
450 -244
-221 41
-161 128
228 -248
381 -143
-360 -158
78 -60
-45 -390
497 -42
-63 478
322 -133
160 -395
-438 318
400 437
95 153
405 424
-425 -183
-313 482
-209 -151
-8 194
279 -180
309 500
282 400
133 405
151 262
-171 -153
-321 343
335 -22
-321 83
-59 356
-162 -45
-478 -410
-74 403
424 257
117 191
323 125
-44 269
255 78
-217 -407
398 421
442 -457
76 80
-252 88
461 -29
-455 107
-158 336
61 -22
104 367
-343 75
-294 -358
259 213
457 454
-309 -123
13 -58
383 39
125 -213
-429 35
-272 188
468 -218
-332 -327
275 197
444 -119
331 -1
-381 -364
-182 133
147 171
133 -447
321 -190
-237 -214
140 -186
-305 19
-386 261
-444 -43
217 86
-242 -371
446 381
-381 434
-299 360
-261 -22
188 -274
166 235
-457 -78
-199 485
-133 -292
-95 399
-213 324
-50 193
-429 -361
345 -321
-127 -359
249 -60
26 -149
-197 35
423 69
-370 431
-43 387
-282 -181
384 -454
-238 379
433 382
161 -256
297 162
-59 -377
371 460
12 463
-32 -205
123 358
9 496
44 396
-87 263
-41 446
-196 266
494 134
205 -358
-299 403
402 -115
78 17
209 426
-351 -294
68 35
358 -232
-103 -246
415 463
-473 -377
-285 181
19 -473
367 310
-155 -287
-192 -165
71 -472
52 207
-81 312
-418 -229
-67 180
188 -139
203 306
38 -439
14 463
108 -198
49 223
-496 142
350 -186
157 -98
-144 -42
136 -91
-326 224
259 131
81 90
421 -345
365 148
-10 -379
341 66
134 -153
142 84
-121 178
269 377
228 -406
303 -158
-28 213
-194 -386
-325 97
-290 89
-287 -126
-15 -198
-355 -40
-277 190
49 -251
-353 425
398 189
-376 102
-220 136
-461 489
-370 -89
93 108
158 20
88 353
14 334
-96 447
-45 -472
81 90
-357 -399
-478 -26
436 232
100 -270
-492 -252
-276 -428
160 -463
25 259
487 -62
249 254
22 122
58 -104
254 67
405 42
165 -457
30 -210
-39 -439
-194 -197
-108 -364
-74 55
-45 -317
233 196
-186 30
243 -147
148 118
-25 284
337 -314
-434 -313
78 254
-306 430
-497 22
-433 -151
-437 -413
257 391
-311 432
482 -234
-430 -203
53 -92
-372 -484
-244 -46
188 -343
422 425
-255 305
-73 126
-315 56
-37 340
-262 -213
-382 126
-169 -136
233 59
22 -421
215 303
-424 -399
-16 -164
-416 180
388 353
-197 364
412 -99
28 -423
-188 -301
103 267
-147 -32
-60 -148
-159 365
-333 248
5 -246
223 281
133 176
-452 487
-102 -185
-143 -307
-62 -218
-352 -209
201 470
-123 -98
-351 -143
387 87
343 -498
347 -353
-224 -386
-285 317
83 350
149 -231
414 -193
123 -295
62 458
-330 324
-169 336
56 -3
-149 -440
-54 -453
354 158
-230 169
308 37
-466 -230
306 -99
47 324
167 164
66 -438
33 9
-381 116
-21 -189
-14 -438
-15 -274
-122 266
-225 -254
283 -95
-72 282
-75 -348
-479 -375
-137 -228
350 23
269 -416
-115 118
166 -467
-23 -107
-232 472
350 385
-240 -2
-249 471
-182 204
90 -109
-494 -162
-217 -416
348 -382
200 -455
-338 -435
-96 -257
-488 326
-450 424
-47 302
412 298
-104 -68
-276 -332
-20 -31
450 104
-52 -265
-442 -284
10 -196
224 30
269 450
-170 -438
493 -402
-256 -376
-272 -225
268 155
212 321
259 -254
164 31
170 -327
-117 13
-250 25
374 241
-488 218
-62 -251
-120 56
228 -328
-476 -132
179 -129
-234 -141
-427 279
-128 119
292 -446
-355 -226
441 -115
-351 -414
-147 451
-194 -339
193 -51
433 434
259 49
-90 -351
-179 -310
152 -11
298 -51
-462 121
252 473
-270 -27
-124 -167
-414 460
-194 -264
-82 -308
-358 226
-352 -420
-326 -97
17 -139
-491 100
-361 219
82 -296
154 11
265 433
-42 222
29 340
161 -143
-67 -233
179 -19
-44 102
-112 -308
459 413
23 -13
417 6
257 395
-450 230
-389 -415
185 417
-415 284
487 250
-109 397
350 -208
-48 214
-196 199
168 -445
231 -217
18 -194
-83 -225
451 -368
-59 249
-47 -448
396 -129
44 448
-320 415
361 489
208 312
-107 -27
97 386
258 -135
-386 -424
-230 108
-45 482
387 -46
-446 -259
29 240
-246 111
448 337
-379 435
112 -136
-215 -417
-232 155
-63 -186
-144 -15
279 232
-273 229
-266 -343
28 -472
476 286
90 -169
-483 263
-61 264
-453 55
258 -371
103 290
-299 446
189 334
-480 -350
-216 307
79 5
167 -466
-214 -409
356 -81
-51 490
-448 380
171 -445
56 -201
-11 434
283 -334
396 -120
64 111
110 2
307 -346
124 -226
-395 -63
-147 284
-40 218
-146 -380
-224 488
332 5
-121 -71
-301 -430
433 -490
352 419
140 -134
-200 -226
280 407
458 -297
-224 -345
497 -328
-116 185
231 410
-132 34
-391 401
-371 108
220 -410
-411 -449
-345 -170
-18 342
-329 91
-351 317
286 432
332 -342
334 442
18 481
-145 201
255 48
362 -321
-64 -301
112 -204
-450 -216
-356 -444
23 -85
147 -480
-271 332
335 384
113 333
-268 315
206 341
163 -368
29 155
254 -15
-325 -100
-469 79
-252 8
-49 200
-402 -203
-343 478
223 -329
207 157
-450 -128
-318 130
351 487
159 -432
-368 -164
234 -32
-257 328
-55 88
296 173
-410 -57
11 373
119 134
56 202
-59 -84
21 159
-157 165
13 55
-160 6
110 136
93 -340
-133 10
-137 -189
338 -325
291 -281
250 102
48 -497
41 -153
400 -374
35 11
350 214
-329 173
65 305
115 -379
391 98
380 244
221 -448
408 -463
-307 226
489 149
-4 -427
-397 -28
-474 -379
-300 -26
438 -459
-340 70
178 -296
89 36
329 -97
-379 -208
420 378
40 -313
187 -423
-89 -324
-430 120
293 416
97 158
233 -320
-24 274
459 -104
-264 -473
305 -266
349 -319
-72 249
339 -496
-145 -306
459 172
101 -23
393 -491
242 320
164 -200
-141 67
-25 -489
430 371
205 -388
-401 -323
329 397
72 126
-448 444
6 252
-131 -52
-264 119
73 -479
-283 408
-206 -423
486 -300
-376 69
111 359
16 -442
-430 -159
372 -61
435 471
481 282
392 238
456 484
-111 412
151 471
26 379
-337 96
-89 264
56 -86
10 -443
475 39
90 -398
-499 -251
36 -146
-386 -204
462 281
202 66
-308 -255
-481 50
408 -46
115 -497
101 434
-229 229
62 208
-300 -485
409 342
-288 -150
-141 -365
-299 86
284 -499
-354 40
240 -485
-472 252
-152 264
297 -329
348 -476
-117 -311
-362 -20
287 -224
238 -71
257 -111
-184 186
236 -29
472 -204
-366 -347
153 175
-91 441
442 -370
168 203
20 16
439 -292
33 182
54 496
-436 5
-74 -18
-157 -173
170 341
-102 275
-224 -475
-355 -72
-267 -439
325 246
-148 -488
233 -297
366 288
376 -172
17 149
-498 -99
-20 -7
-485 445
-257 -487
179 216
176 -409
-281 292
215 -338
84 -7
-61 -428
-61 -261
-416 317
-236 89
309 -293
368 111
139 181
-200 328
357 92
482 -320
-247 -163
-478 -37
172 -311
-222 332
-163 435
277 -181
226 -63
-374 -340
115 6
115 -18
-447 375
219 -479
108 -298
-310 -487
-35 463
164 237
189 435
192 -486
497 -373
-84 -279
-34 -5
-390 206
454 118
84 118
-209 -485
-374 156
-77 -361
88 -220
-89 87
-100 360
-142 293
-367 -377
317 296
380 -33
-289 -176
385 -97
-297 -38
-141 197
282 -422
-81 -52
130 -422
-222 -364
283 -386
-85 -154
-404 -221
368 -307
339 269
-111 -418
-123 286
-440 161
-187 -124
422 258
-28 -394
139 153
-289 346
-345 -94
-247 467
-315 -316
-61 -249
443 166
187 176
-302 322
361 132
497 -246
389 292
137 207
-157 389
444 434
-333 36
305 438
-40 174
-397 9
130 -242
-72 213
173 -385
53 -481
118 -338
195 258
-197 469
299 204
-368 35
-400 -325
357 452
-38 -255
-224 82
400 -269
195 -229
223 403
-223 -56
318 -391
-142 -445
356 -196
-95 141
127 361
259 134
-19 157
149 63
-461 -370
333 351
-420 -201
148 -123
-410 -400
-107 -360
-335 214
-225 -345
248 313
238 171
369 108
402 -277
-105 9
-12 -269
-492 -351
-134 126
217 317
397 -242
-4 -250
52 -314
-418 110
-188 278
-275 482
-55 -447
431 86
-384 310
300 -219
317 357
-30 66
-454 380
82 418
388 -96
223 -248
160 -426
455 473
-222 101
412 -55
329 61
404 -304
497 -408
251 -377
270 -187
-415 -392
208 116
-193 -420
323 324
-465 -498
469 407
-232 396
-56 226
66 -83
375 -61
-406 -47
-351 -115
-26 -298
-294 -53
500 -481
151 -437
-499 7
-54 -392
291 -251
166 -124
-44 -241
479 300
259 113
62 -48
422 476
197 -441
84 -437
-458 -99
41 -87
474 -152
264 220
-409 -146
11 -5
153 -32
-296 204
386 -416
-143 -79
-243 334
352 -355
-129 263
-295 42
-88 -243
-388 -235
400 -183
-423 162
-39 164
-250 -134
-147 -356
302 -75
-288 266
-249 -10
-131 -259
-481 -212
-100 171
-195 327
-261 -150
-185 -175
78 -279
370 50
-31 465
-259 -103
63 -217
-372 362
473 71
-157 348
309 -229
-3 -301
290 -165
-73 -401
48 299
292 412
-92 -263
370 297
-487 -89
-232 231
-340 217
94 42
349 -482
331 267
15 -9
485 213
401 -225
-100 387
376 303
496 146
-163 -236
-491 -10
-202 467
-472 -108
-145 -366
323 274
-197 179
199 -235
-3 -41
15 171
-381 247
-135 85
432 -494
11 -483
-262 487
-43 -263
126 -415
71 138
38 183
240 -21
-183 290
-238 -185
32 -293
-484 274
295 -398
476 -217
-25 -293
197 263
-374 -65
-175 171
210 -145
-188 -494
-92 -325
143 406
-447 -244
-470 461
117 366
-413 -365
485 -378
-55 -479
-35 346
-57 483
-37 366
86 184
454 -300
201 -274
51 133
-88 -126
-441 415
-163 -225
414 221
53 489
187 -15
-351 -78
439 -238
356 -136
371 195
197 460
351 -497
144 144
289 329
376 381
-152 140
-387 102
225 -87
-497 -68
-41 -212
199 -313
391 -98
-132 378
57 207
-269 30
-101 198
465 -206
309 414
203 -130
-219 -185
-487 -352
407 248
16 175
-442 274
322 -371
169 -115
-493 -179
-340 -366
-83 -141
38 -286
323 -234
-381 -78
320 -171
146 -303
435 78
-28 35
375 -114
333 397
283 -131
-196 42
-174 -489
-74 -377
-30 -219
90 -421
84 -232
-99 -467
34 -232
-1 -390
-407 -208
-341 -473
-30 -475
251 295
255 -398
87 153
416 -122
162 177
176 57
74 -365
-376 295
373 470
390 429
-378 -161
138 314
-183 -220
79 -167
-43 -14
378 460
425 367
-220 -311
193 166
391 -230
125 -461
289 260
383 463
-426 396
-355 48
-494 -93
-72 87
-314 -500
411 -304
-111 -386
91 289
-482 -77
-308 -357
-64 -210
212 -290
-469 476
-485 -285
-382 -374
271 -430
-314 -413
-411 -113
4 -490
-200 -484
158 97
478 449
255 -255
307 420
218 -124
-128 245
225 -29
30 375
500 177
-490 -331
-405 157
123 -357
-29 -4
463 306
116 -283
250 399
-55 102
-252 -81
-186 238
-75 317
201 317
455 498
-290 -113
84 197
159 390
40 34
-185 -304
350 -489
239 103
-381 -337
53 187
20 -475
-346 292
-323 -311
360 198
479 -390
414 -77
-50 -114
-104 -453
-447 417
87 -334
273 420
256 485
-341 -303
479 -247
118 -358
73 0
384 236
367 -412
-344 -222
-299 59
249 311
-499 95
316 -251
217 117
-197 -255
426 192
46 438
-195 -281
435 -410
99 -272
264 -199
71 148
121 238
462 231
252 200
195 -326
24 340
-150 -292
381 -128
-14 441
-293 373
110 -391
-338 -264
45 436
341 437
-76 -19
435 -350
461 -365
423 -174
393 -376
34 253
46 -322
-248 -338
460 181
263 -254
-74 185
29 -422
-117 87
-235 -287
-422 -9
-120 25
59 417
-211 -170
-447 -183
-100 -172
-232 -500
-105 -416
-155 83
-299 465
-429 241
296 -463
195 -13
-244 134
259 -277
268 172
-453 341
-5 -99
-343 304
-89 -359
332 -493
133 -88
-447 273
-500 -96
281 496
209 -229
300 -162
128 -387
-285 -424
-236 -159
-450 445
444 172
-53 474
-403 -47
16 -389
356 -263
-286 387
-368 476
249 43
-446 -12
-34 -386
98 -164
280 23
137 202
-15 468
174 -234
499 63
496 -425
-197 -402
-440 -16
213 -266
279 -371
156 125
-84 209
-199 96
208 -265
186 411
453 -444
319 -473
240 -15
452 -403
409 206
-42 -199
434 303
-325 -154
-32 176
275 256
39 -406
113 124
-327 141
481 36
-191 112
-155 -348
-104 499
-365 211
-95 184
-45 -277
-308 373
-303 -498
-117 -220
16 263
-233 313
-432 195
140 19
70 -412
158 172
-392 -420
-73 -441
-4 -342
182 -442
442 372
-453 -338
-426 195
-449 20
-423 -492
-144 144
-426 -90
54 395
-288 -414
-238 417
308 -237
281 -55
18 411
-255 -350
-220 170
496 -139
451 396
316 119
-416 -198
-147 -382
255 179
-4 -156
458 21
306 81
-269 -120
187 321
411 -204
-359 433
282 -468
-333 -160
-347 120
-332 335
319 -455
-413 -403
-333 38
194 -30
123 86
203 -91
382 363
459 -225
-86 102
-2 305
-411 476
439 -160
53 9
75 -188
-481 -265
-135 381
-226 408
-48 -290
379 -302
437 71
-424 119
267 362
420 421
-265 -468
-129 -466
204 -292
-118 -97
379 -57
63 -101
-484 223
305 -208
-81 40
22 282
356 35
-344 161
-152 201
-151 -173
408 497
-134 -194
-298 15
-356 466
106 -435
-253 -299
-350 69
-389 -463
366 -387
391 -381
395 -291
194 -338
339 171
112 35
-208 -300
-308 -143
384 -2
6 -332
433 425
284 132
-316 -311
186 16
389 -397
-78 -94
424 385
-62 203
214 -346
-444 81
-343 116
451 22
63 -177
335 -498
266 -65
25 470
-37 161
-480 73
-437 -473
-414 -3
-183 -239
305 48
-313 -32
425 -364
-21 44
475 233
-68 -293
374 218
-198 22
-352 280
-450 498
-327 407
-335 -74
-362 379
-348 -382
385 -239
-182 324
193 275
270 -177
9 -175
-109 79
-208 -469
-363 205
384 356
152 -300
401 143
17 -167
-306 245
47 244
206 432
119 -358
-355 418
-89 435
4 319
355 260
438 458
470 -328
-71 -63
411 108
-17 -359
105 -115
-460 152
-440 65
-114 206
250 -213
-196 32
110 394
-416 478
-450 57
196 -344
-150 388
12 136
372 31
105 -234
-114 267
-397 397
248 421
29 -92
-409 357
498 86
228 -110
22 200
-182 -82
67 -83
-406 58
312 -409
404 -347
-489 342
179 -211
-6 -208
-108 398
156 -276
-351 433
-108 -223
-479 -333
-422 427
470 98
-417 471
214 110
166 122
-233 -161
480 226
-237 12
-193 134
-121 -500
324 -392
-460 -254
-202 257
-128 189
-196 214
298 -313
123 56
-404 -38
41 254
355 -446
-154 433
-130 402
440 362
-365 152
-207 86
-210 396
-80 36
362 414
109 499
36 337
-181 -91
497 -407
-369 -152
190 -405
-258 -419
-453 -310
340 299
15 -359
-238 -282
392 386
81 -38
-316 -124
147 -192
-349 -401
-467 350
18 316
236 49
-160 -64
250 -244
426 -163
-281 -32
277 107
-497 -138
-271 178
-380 -217
-97 -59
-249 304
293 -481
-428 475
496 -206
283 57
216 458
-287 -83
120 -54
229 -201
468 103
-279 -23
139 136
336 -213
398 -108
48 -216
-347 317
297 -280
-351 -301
309 280
-157 416
-467 -257
-465 -218
-457 471
427 24
-450 434
121 -275
234 -22
-421 99
-482 -81
36 53
-80 197
252 -360
192 -479
319 -462
368 -34
-133 -344
233 242
387 -495
271 -342
431 -208
231 214
-115 -399
60 -277
365 -260
-291 213
144 -395
367 -268
312 -8
-99 -88
-436 175
95 -212
-153 353
257 -30
-214 395
215 21
279 -345
-481 270
208 -231
-146 251
439 -466
433 -129
-230 343
31 -43
-31 -276
-42 -399
-349 37
319 71
-371 -372
-181 493
-158 -423
278 424
-33 -445
162 367
-19 -222
198 -213
419 -227
107 -115
438 -325
319 163
318 161
-400 -389
490 327
-167 193
-197 160
-337 -328
-360 -144
324 -393
201 -36
-472 85
-376 455
305 -364
-187 -313
449 -248
-17 88
500 75
367 194
-48 -419
-171 321
-341 42
68 -36
-277 -481
-327 261
155 411
-131 -149
239 -316
208 309
-402 409
-386 170
-127 343
-362 -25
444 -41
125 77
-91 -418
-149 -247
298 -73
-27 169
-38 -387
70 -171
-234 236
478 409
-248 324
315 450
-245 -491
-263 -166
-256 -407
299 133
-470 4
121 -135
-270 -240
386 225
-452 215
-448 -76
128 185
188 -97
-374 -35
-305 -39
-453 89
-484 8
-321 19
91 393
54 -195
-12 -256
-317 -323
221 -129
492 -280
-76 267
89 -94
-14 -452
406 -156
-488 120
-277 -20
185 138
-35 255
317 104
-444 255
102 -476
-41 306
-386 -77
343 391
-23 226
391 400
-94 146
388 406
-31 424
-479 421
280 287
-240 41
168 -181
376 -399
-388 68
-207 185
407 292
162 -479
-382 -217
347 362
-214 298
-238 141
-352 173
-277 -172
-192 34
-429 -36
-176 209
317 -393
-410 28
-160 278
-417 -111
-149 396
22 421
60 -79
237 81
14 -287
-29 -374
174 356
390 -148
101 -125
45 238
-107 -332
-191 -128
-320 148
-422 292
-302 -155
-39 209
-478 85
372 -58
-67 -281
-443 -17
-144 238
-10 354
-214 453
102 409
-494 -69
-411 101
-452 -83
-423 -260
362 345
-269 -206
324 248
256 -303
-278 108
338 -229
-498 -424
81 292
235 -67
385 282
-176 299
26 -236
-72 204
30 -358
255 -444
-175 180
-484 -307
290 -163
91 133
-311 231
-243 119
-10 -100
64 -391
-385 74
-106 240
-244 260
345 390
-116 248
80 -71
179 269
398 -376
-60 228
362 -202
-264 194
-223 492
238 -116
405 -80
129 471
315 -162
48 488
5 138
-205 -136
-262 155
-25 283
459 384
-370 -25
-291 292
-219 210
181 231
457 -437
-388 -179
-340 475
-482 -267
-348 -142
434 484
299 -55
-202 491
-175 -62
79 -300
-448 -194
-183 67
368 385
-63 11
497 73
-479 -295
243 -161
111 -272
-186 187
289 48
449 -269
462 223
94 -131
275 -135
147 -281
-268 -18
203 -370
35 -485
-226 238
204 -289
-285 174
253 -91
238 -347
68 -147
186 -330
-277 267
-311 -24
-412 415
-222 363
-148 237
40 -259
-251 -211
-60 -373
-220 -98
-147 -20
489 437
477 99
299 184
-487 102
361 262
-285 389
-425 -135
-49 -145
-156 197
339 470
-255 -324
-309 148
-279 -141
117 447
389 -499
-217 -128
-235 -75
372 -467
-413 -452
-451 492
-177 -73
276 264
181 380
225 169
-364 -6
-270 330
8 -439
-132 400
240 437
-206 396
-171 -62
-437 -429
487 -105
-267 260
51 66
-332 425
491 -255
253 -378
35 158
-242 486
219 -45
86 241
71 -64
139 448
440 487
-319 -242
-472 378
-209 -112
301 -16
40 -273
388 397
167 -2
-210 -417
347 -150
297 -455
-441 490
-162 286
173 -157
29 -91
-408 80
-3 355
132 -259
-378 -150
328 -196
-87 38
29 410
258 433
450 -143
7 -205
-76 61
112 -259
-236 -312
-22 22
-276 -254
114 297
-220 -353
488 475
80 -69
278 400
-477 -407
489 -39
-325 66
151 471
82 -438
-213 -14
-137 -456
328 79
210 -16
-395 99
-475 367
-134 -385
-437 381
-292 -132
-27 279
-25 95
-307 39
-130 -71
-492 460
45 248
-384 422
-340 -405
-159 257
152 -451
450 -277
500 458
179 -438
233 132
311 -385
-241 356
394 437
370 184
494 327
113 -491
286 355
-167 -333
-282 226
-399 69
142 -447
65 -144
365 -138
-373 358
412 484
-93 408
248 225
268 -415
59 44
390 -201
-194 57
-411 461
34 -338
161 -142
-460 -128
429 445
-286 -68
-246 141
-482 -342
362 -237
-168 496
-498 -398
-197 390
-366 2
432 -213
-83 465
-461 -169
23 -46
401 -498
-437 -58
-341 -262
238 -256
-244 -197
-241 262
-167 -479
-179 -382
-328 -334
347 7
131 124
244 -399
-343 -114
396 -478
49 96
449 -146
-55 377
-409 -496
225 -399
-98 191
-389 32
-77 412
70 236
405 385
-370 22
500 -78
254 54
18 -353
-350 131
422 301
-21 -250
-136 330
152 164
-50 -395
-209 223
363 -403
17 455
138 -225
-191 -260
-427 225
339 -417
430 -293
439 -349
-120 -225
-347 -22
401 -18
260 -82
-197 -71
-426 221
-247 339
-239 -464
-446 209
291 197
345 -30
-353 380
393 242
-22 -226
-95 -431
251 403
326 -390
292 163
420 68
488 78
-497 195
-201 -422
-410 -303
-111 -112
416 -20
97 257
432 -487
-372 136
-254 449
-475 -26
-245 -359
378 -408
70 418
-41 -290
313 -455
-434 -136
-480 150
-134 133
89 74
-136 -274
487 332
313 -93
-384 99
-204 -364
309 -276
289 8
-310 -134
-211 -470
-152 476
470 -430
460 -50
-356 -499
-235 -322
71 -439
-343 152
247 -290
-182 -44
464 437
-292 -460
194 186
-94 -48
442 -293
-108 412
198 -484
302 191
-364 -39
-243 -329
312 -484
-13 299
-291 234
-216 174
-16 -465
143 252
238 378
-462 409
181 -117
-1 -5
-191 -326
3 140
-296 -345
362 227
-16 -191
-105 -150
118 320
-67 -96
492 -182
-317 102
479 -470
153 43
149 212
-496 -52
12 -212
336 373
-110 -269
-285 -33
-233 -218
-348 -335
-82 228
-419 -18
170 -466
440 -33
-197 -69
-19 499
109 457
199 475
-349 -105
-422 -193
465 452
-207 -402
76 -221
-209 -287
453 -461
471 167
-444 14
-211 409
-382 -111
476 69
75 -338
-494 199
-123 252
-347 -479
-234 121
-450 302
-403 377
-492 -357
270 -124
-476 203
489 -145
185 178
-45 320
206 -349
-174 38
-148 -454
-101 284
61 196
-116 121
304 423
489 499
30 174
-339 -436
-192 -127
392 -77
429 22
132 165
-238 -2
-339 94
14 40
340 48
442 159
233 268
256 249
289 -10
-435 -228
348 -146
232 353
142 -216
-212 187
114 -47
104 171
361 118
170 -461
-81 271
495 -482
-254 363
473 279
-353 304
-55 461
452 306
33 466
302 -389
-426 -191
-132 449
-82 44
222 -34
208 -237
-360 -324
269 161
-339 -10
-334 168
-215 -336
223 -95
-320 445
-271 277
382 -79
-127 254
-366 421
-81 -464
24 367
479 -172
-297 -280
-363 284
-414 277
-425 -155
-187 -429
-116 -238
-444 -403
499 13
136 -311
-25 -236
-367 245
-90 -67
213 241
314 68
-13 56
-361 377
449 -403
211 351
-141 373
-25 168
-434 -468
-18 -250
-403 -289
71 -452
132 -301
-243 -479
76 487
-342 274
-116 345
-126 61
-2 249
40 -166
-340 -395
218 -185
-486 -477
476 34
203 -482
-482 31
-194 -58
-421 -184
43 -218
10 62
377 491
156 -277
270 223
70 179
-12 -365
417 403
-170 -238
-63 493
199 101
429 -352
496 311
-39 -287
-115 -309
148 -220
-210 -3
31 -148
-272 338
-18 -471
280 231
73 102
489 -440
41 479
206 479
442 41
120 81
431 -82
-67 -171
395 450
55 -241
86 -323
-179 -426
147 -267
-477 -258
99 166
155 -167
-426 147
-480 308
213 -478
45 -242
-203 271
325 -427
211 -464
-176 -467
392 60
-453 199
140 -46
498 -228
427 107
425 -250
-118 408
-319 -57
-312 -493
327 281
-96 345
-46 335
-110 150
118 -109
234 -98
-84 -209
105 -364
192 29
-332 -236
3 -66
-209 -129
316 497
-475 -151
-173 -209
464 228
300 439
-374 -197
357 -176
87 -300
434 121
98 -133
316 128
-394 277
221 454
-24 -80
5 489
152 -51
498 -5
163 259
388 292
122 238
209 46
125 -358
-371 449
362 25
33 -316
415 -252
498 -22
402 -161
361 -165
-410 499
-386 262
-52 116
-176 -412
137 -103
-52 -451
95 115
-38 -389
68 463
387 99
-298 -451
364 -171
172 62
-151 -338
210 218
59 362
-299 -212
234 -334
-188 72
446 -1
-257 355
94 -425
-66 345
130 -416
194 -145
46 -437
-130 370
232 -398
414 -406
-118 -280
-130 -178
-323 481
385 -134
-476 342
-23 -143
499 467
439 425
-251 -45
169 -109
461 10
251 15
260 305
257 -54
-337 206
223 417
-483 -144
422 -118
256 128
304 328
151 221
-315 -443
-155 -164
-401 365
-404 -56
-465 -453
-164 -155
-345 165
-297 272
190 -85
-410 449
-279 -396
-446 34
199 -188
126 261
-369 -158
-440 39
257 65
-172 -66
186 -278
-412 228
-136 -112
483 487
267 -75
30 -174
-28 -458
-195 379
-384 -390
-333 397
-370 -401
260 -418
271 433
266 -3
174 -66
-340 -134
498 -461
-18 301
424 347
-421 487
286 -83
-130 335
-361 171
-100 331
-132 300
450 256
-222 432
61 168
48 95
116 147
54 363
-307 -246
482 -306
273 -479
167 -431
468 370
57 279
91 -231
-259 -309
-394 280
449 -279
395 68
205 419
-325 -292
113 477
-30 59
268 -329
188 -202
336 472
-246 -323
-80 -287
336 -348
165 182
-123 385
-295 -239
491 398
322 -270
410 315
128 -213
27 111
473 20
-188 -212
-229 -116
200 221
-152 -288
-82 411
-48 -309
369 119
390 474
-443 -354
291 -143
66 110
10 -100
492 71
35 169
40 474
268 81
313 -243
-308 -185
-102 -378
312 219
-210 -2
-432 227
-397 477
232 -347
-51 22
446 -450
-180 -156
-166 -114
31 -78
73 -251
-40 -261
126 384
415 -153
-457 328
43 79
175 444
-79 -120
-58 -457
263 -164
-332 95
-52 -93
189 -467
-384 480
-192 254
-395 121
-258 -180
-112 314
13 -275
161 -385
199 346
-218 291
-432 -37
239 295
173 15
368 436
296 -7
144 105
-346 198
-98 -156
-317 -376
443 494
10 100
-354 -462
330 410
135 -187
290 -189
-148 -367
-126 77
-266 -156
155 285
-397 -468
-457 357
-156 78
-410 -229
-341 326
422 236
289 -272
10 42
-242 284
334 -25
-92 295
-253 227
-252 426
137 -491
348 73
-165 -451
-122 254
398 -1
-360 429
-296 127
-200 -358
71 -269
175 359
109 35
-314 306
-341 330
384 -87
-467 -320
84 67
370 460
-51 226
-126 -213
2 327
-59 217
-435 -357
-30 1
37 -478
-301 -332
-123 -82
-238 -319
166 -434
57 145
-200 484
112 131
221 465
7 77
-340 100
155 -386
-396 265
218 232
479 496
-442 423
-301 -160
6 -226
389 416
49 284
42 495
436 313
-427 -149
-314 140
-314 90
-341 19
50 -112
161 -294
-245 -369
-388 163
29 -146
345 -460
139 -211
220 -16
465 -267
-413 454
-64 446
78 216
-284 75
-26 -109
272 479
332 165
-211 -198
-234 106
-78 78
95 -500
267 -481
428 -377
337 282
397 404
-492 -252
457 120
-185 304
308 -347
269 165
296 -9
448 -344
60 389
-183 -420
-145 -206
431 -85
-345 -418
-154 332
-52 152
-225 411
405 355
128 214
195 -77
212 314
-46 181
-357 -249
-488 -20
-356 -287
-217 113
-413 225
-91 225
309 -194
-243 120
19 -169
-221 410
313 -315
445 368
-151 312
-499 -444
-260 -268
299 -465
81 474
130 -31
115 -490
315 -59
22 -252
-384 150
-245 48
-342 359
242 -295
223 373
-322 150
278 -247
496 -331
-5 -101
384 400
-285 -85
-52 116
-162 288
-474 18
-186 -497
-427 -68
-370 -157
-27 -195
-423 274
-421 -201
27 92
-380 -194
-277 442
-482 319
-247 -239
-305 167
-254 366
-105 -258
-427 -211
302 21
-352 -227
232 371
414 -334
423 371
-461 256
250 263
-255 20
58 285
-61 -377
-108 -233
-421 -312
161 -197
167 -465
140 75
413 -101
-128 121
-151 -7
-198 323
433 386
-370 -324
-158 412
187 -496
-426 -216
-224 341
-352 22
93 162
-296 441
330 375
-453 -70
438 -345
-150 327
17 24
61 -338
-286 -366
179 154
448 -297
302 358
180 340
438 -86
10 197
-468 397
-160 37
494 -495
120 131
-264 -156
493 243
333 132
419 147
408 479
-74 316
-18 483
-240 377
37 302
138 -183
-337 -232
-337 378
74 -63
60 284
240 432
-355 215
-463 87
481 -236
-13 126
-292 -246
-290 0
-212 -146
60 284
415 -63
-362 178
121 -389
-127 -295
-282 8
-210 -77
153 -356
111 28
292 300
-322 -20
-374 -119
354 88
-60 185
-120 -448
-436 -479
-376 -278
315 -20
172 -380
-157 -317
-102 198
353 -459
16 -187
156 198
-106 -273
331 381
-267 45
465 -417
-371 123
-193 -343
-310 24
-37 -435
-264 -369
-486 34
150 84
-3 333
-379 304
-345 -206
98 324
263 -213
-443 244
-2 -306
-139 279
411 465
261 42
57 -400
30 230
388 346
114 440
-240 -80
171 280
-169 135
-402 77
454 7
-195 -370
-184 -54
93 484
67 -146
-89 -70
278 253
253 261
144 -83
4 204
75 297
-45 -344
-146 -415
-263 -342
-15 -283
-395 -148
-121 252
145 -335
369 -18
176 -280
-330 -146
119 165
-346 -186
-102 264
131 -192
178 496
463 241
-301 -112
331 149
-466 -208
0 -129
97 216
-308 225
-474 90
178 18
-275 346
-108 6
-10 -237
-162 -330
408 -167
131 -456
-468 393
210 -250
4 349
-226 -391
395 -87
484 -404
184 -254
-313 -462
356 310
-298 321
-20 -315
440 402
170 72
462 37
65 389
286 392
162 316
484 153
-299 -80
379 -231
-313 259
-487 -332
-402 -256
-398 27
253 -279
-62 -446
412 131
32 -127
493 300
-47 20
-352 382
-481 -378
189 178
-107 -414
-420 326
307 -286
80 -170
372 209
398 -138
-47 -239
397 24
230 336
-366 -291
168 129
-305 -54
-40 225
-90 -405
-415 283
-379 408
464 -330
-378 39
-213 -376
93 -470
-201 -463
-14 378
-25 -23
-94 -57
-416 -110
-219 291
394 -152
201 412
405 -173
-435 -247
-17 50
472 -379
-26 -219
286 188
489 -66
-494 230
-117 406
377 -294
490 32
373 303
335 -409
-128 127
157 152
57 392
-313 -456
-478 -165
-320 -213
69 -296
-49 475
74 -109
320 -43
62 317
456 425
-100 130
-316 273
115 205
250 -76
140 -30
-107 401
477 420
182 186
-310 16
469 -279
-388 386
-411 362
492 -423
141 -258
314 -6
-50 -55
-105 399
389 423
197 358
100 -416
54 365
63 368
388 137
217 255
450 -26
151 22
-360 -328
-141 -241
465 87
50 265
336 478
-215 -202
260 206
-409 154
-9 -22
53 2
-482 -121
477 -246
-92 -61
208 185
1 -269
-370 290
443 393
-208 116
-91 -88
-380 307
-38 -71
417 -221
435 -254
-44 471
-300 -282
391 190
-411 483
200 25
328 16
-332 -2
294 25
-241 -295
-213 67
433 230
-319 191
0 -225
40 414
-5 -369
-459 -228
-70 -20
-371 457
-230 23
216 123
-70 -270
326 437
87 241
100 42
415 242
-423 283
-497 -378
292 -17
147 372
-494 -69
-406 -102
320 -41
210 469
27 163
283 18
-422 465
129 317
134 381
443 -432
-412 -25
-452 -306
-364 -444
364 -54
-282 -244
320 485
-429 259
135 -297
-55 18
-289 -249
-438 -378
121 -225
169 497
-1 -182
178 321
212 -93
-140 -54
102 -48
-383 -76
164 349
122 361
173 245
241 310
277 86
-318 -206
355 48
-123 306
2 -189
356 222
-98 -198
-426 200
427 -339
430 -127
457 320
-128 30
435 450
208 139
263 -7
-425 51
-186 414
-158 317
243 -218
-217 -366
-347 -104
-470 -14
-370 -337
56 413
372 185
-376 257
-432 -51
-474 -206
111 -112
141 -21
178 -168
82 199
294 -187
-266 441
312 242
374 88
82 -384
-432 11
429 464
-307 -175
-365 71
-186 260
336 234
66 -75
270 -17
-272 346
-58 423
448 -303
-92 277
92 336
-163 488
144 37
-141 7
242 167
58 -69
495 -400
109 204
265 -271
-282 -268
94 -313
-21 262
-83 27
286 -252
-62 415
-455 201
473 -468
-187 45
-325 -67
230 -227
-313 239
386 -123
110 -455
456 467
-47 -259
300 258
214 -172
370 67
434 -346
-324 392
166 -50
-211 284
216 -366
-148 486
-238 -43
122 -264
-295 -65
142 -490
-458 -55
-291 400
374 -289
342 297
-383 202
-400 -441
121 -93
-52 326
32 -426
-407 -37
-406 356
1 -71
-498 499
118 0
59 -408
-15 271
-415 419
354 471
-14 -267
266 112
366 185
-434 496
62 202
-25 -262
128 -92
121 -77
75 113
275 381
-469 237
47 -500
-64 -331
21 364
-200 -387
361 484
-410 274
364 203
210 413
429 362
248 208
265 12
-207 478
-395 160
-168 -449
-460 -239
-193 -60
169 480
322 -141
-331 -458
320 144
-425 -252
431 -123
-433 -330
62 -422
-378 -174
140 348
285 -72
242 -346
156 386
38 415
165 -193
-342 317
-420 -150
457 -467
-70 67
-15 401
-60 145
-110 -443
-390 68
-48 -187
149 448
321 396
-369 261
152 -100
15 -293
-65 -163
-360 -282
-32 -369
54 306
-12 -146
190 317
-457 112
273 -275
-76 -306
-199 -461
-287 134
-164 -392
-427 -147
-217 470
-215 190
-243 311
-45 -431
-314 -153
-82 -19
209 -354
45 -188
-474 83
471 247
-118 437
438 403
-23 -452
347 129
33 -338
267 -45
-4 62
117 132
-314 283
267 43
-420 92
476 89
429 -307
280 16
339 11
-123 183
82 474
390 123
-267 -227
-50 -321
-216 -446
-245 295
-499 -201
-21 454
-113 354
-107 276
281 -467
482 50
335 232
448 -77
-401 -233
262 400
221 328
-124 106
264 -360
484 -432
310 -3
350 120
-427 266
120 273
-379 4
80 127
363 13
-409 -149
-213 60
-322 -190
-69 -214
293 362
228 -406
-425 165
-66 344
432 -304
312 419
-12 47
-447 -352
303 488
168 -157
70 12
15 407
-96 173
64 221
-499 100
492 -423
163 86
-278 -376
-166 210
-486 113
264 463
-394 -43
173 40
-342 -11
233 -337
437 428
314 313
105 -319
316 -407
-355 332
12 -123
-168 -165
-365 -237
341 -279
-391 -70
425 -94
-353 -137
-7 -378
-357 412
-156 340
-462 -444
-265 -496
22 -258
-134 -380
290 346
65 442
-340 -148
43 -109
-200 -173
-61 288
-313 -435
-61 -134
-116 -21
-403 -165
303 290
235 -236
-31 471
245 -436
-311 281
-354 -145
-25 -450
-303 158
-498 -177
367 336
154 217
-302 163
-105 -460
-286 -323
-366 151
17 -245
-425 490
434 -8
-182 292
91 -447
305 372
-420 78
-378 -457
118 -181
-133 -255
-455 -377
-381 402
-473 5
336 0
-22 464
-241 116
164 204
466 409
493 -466
-139 443
171 163
-360 -94
-435 -192
-55 356
414 468
388 418
-463 -289
447 -218
-395 229
-95 -403
87 187
-50 -254
-499 268
-71 -387
87 496
-110 334
-120 289
-398 16
54 181
-451 -330
-90 444
301 408
235 -333
-321 -119
-261 -417
331 402
323 -318
431 -455
-238 -357
97 462
325 16
58 322
335 128
-196 -289
-8 355
-11 -305
350 69
-149 -94
-310 -140
-489 -53
244 64
453 449
-328 499
392 -269
318 338
5 -164
205 -172
-246 -68
244 459
-449 384
390 -225
-251 -66
-252 -44
118 479
11 314
480 70
331 -207
497 -475
87 184
176 -422
280 483
401 -406
-93 500
-291 340
288 394
435 235
-101 -372
187 28
-80 72
-286 98
-144 187
-266 -459
17 5
348 -5
-148 116
-44 111
406 -57
385 359
451 32
482 381
-409 -333
-250 -143
145 194
-405 -433
-426 483
91 489
265 -388
-343 390
-383 331
270 -193
168 171
120 -236
-90 -397
168 117
-94 -174
383 53
-196 -443
-25 24
-39 -48
427 -248
-446 238
20 -175
-428 267
270 315
-198 280
364 -114
-3 -85
-497 -488
-402 -319
-79 331
137 -91
116 88
-94 -42
-312 188
-79 -60
-126 -167
-141 -9
-349 -309
-191 280
379 -237
-45 -393
252 412
214 374
-24 -187
72 -280
257 386
105 318
153 -392
342 170
-41 -343
-150 -11
450 316
127 305
-329 -78
176 -69
207 337
25 481
227 -41
319 183
-476 -367
235 -451
-296 111
-479 -474
-309 -298
-375 -257
196 315
498 -465
-361 187
185 146
-328 -376
206 123
155 187
63 247
220 -102
-213 -57
45 -446
-33 -89
-58 -441
-176 -123
66 -306
468 276
112 145
-454 -475
186 -357
96 -26
-43 402
-61 210
-80 394
-487 -37
185 -267
-134 -291
-385 211
-380 240
45 163
-427 293
357 122
-396 -307
-296 -475
257 5
-107 378
-3 -472
34 -271
85 -493
-389 -219
-46 -416
-203 -68
-372 -259
-51 319
-245 -276
117 340
399 -275
170 100
-146 454
-233 -120
203 -436
335 90
-481 -362
429 495
-323 -72
187 -108
-74 242
-356 -346
285 -212
206 -163
-342 -248
265 -497
-365 -210
177 340
13 -71
-375 -229
-489 -291
405 20
-413 -485
355 404
-499 -394
244 -191
-148 -484
-34 -60
209 -491
-166 262
334 167
164 375
-401 35
-122 -352
-51 335
226 34
-252 474
-204 -34
338 299
287 274
-75 -299
197 458
457 336
247 -54
-133 -160
-472 423
345 176
-374 -472
178 -152
-85 -409
-152 -380
57 -108
233 -21
65 -295
-356 180
363 469
-96 323
475 54
-260 223
182 275
357 -307
-282 -31
-219 180
370 473
-398 236
304 -132
-24 -365
-168 -86
235 474
58 88
391 -292
378 205
91 -102
-332 278
243 452
-457 185
88 474
291 364
65 -71
473 208
-35 -310
408 -225
341 390
-302 -492
241 471
-119 -483
-221 388
-39 -331
246 -413
426 72
36 -170
-452 411
53 -113
-494 -390
-378 -218
-189 -364
304 -476
264 -83
-171 289
195 -454
-194 454
221 377
-179 43
390 487
-400 481
119 -217
115 -482
433 244
-46 -175
255 -211
217 -165
308 -53
-229 238
298 278
173 -270
-450 -384
-267 -438
87 230
-8 2
-466 -85
159 -129
299 -16
223 372
-246 -291
41 106
-183 164
316 49
83 72
191 -195
-196 245
-388 42
-64 -364
152 -388
106 19
383 247
217 -186
435 314
474 329
-275 232
-261 239
-88 -250
-20 290
368 138
175 -144
-67 -488
-211 -374
-372 -242
-103 -419
-280 4
-56 -223
116 -470
33 -297
-432 469
43 -213
-339 99
-74 -495
253 84
-180 283
-255 -476
96 27
126 228
374 -380
340 -94
44 340
138 21
-401 -499
-225 -466
-79 -384
144 -135
442 31
423 -437
46 470
28 409
314 -474
77 -412
-173 -202
-406 -298
-243 -47
-307 -208
-404 -16
-36 -306
298 221
-333 -53
302 26
-62 388
74 475
11 -49
-147 331
373 242
-297 -54
-180 -285
38 -236
487 -315
-231 79
-405 -4
35 294
459 439
-11 298
483 -364
-239 144
-250 -156
188 -65
-48 307
305 -388
-73 374
-326 160
454 -428
-390 -15
-238 43
165 -96
-128 303
146 -69
209 463
100 404
-348 52
100 124
-415 11
470 -301
-98 -402
82 -301
168 -94
126 -144
122 48
-156 158
-211 -411
-315 337
-107 105
-112 114
70 260
-13 -172
307 -148
-375 -164
-262 -28
-237 -142
336 173
-201 186
107 63
-337 36
366 -362
-240 -57
-115 -36
59 -226
-477 -352
102 381
137 62
-456 -400
-333 493
149 324
-213 439
250 82
433 317
-495 293
404 142
361 -71
-8 -317
11 165
3 372
50 10
492 -319
-104 110
382 -491
300 403
53 397
458 -205
414 -481
-376 -399
408 452
-159 22
-490 -337
160 68
-126 -194
386 -310
-459 -234
-84 95
-353 490
-85 -246
-153 -314
159 65
-448 -238
352 98
98 -175
332 8
130 80
337 348
102 119
-176 -303
-223 -143
-312 -204
-387 -123
333 -306
-408 98
-472 -282
-271 -396
-92 -38
330 500
-443 160
365 -380
-222 231
-305 387
89 470
-178 294
-109 -252
73 492
-342 387
261 491
434 322
-489 291
227 -336
-136 -219
338 65
-361 210
438 101
289 118
-225 -456
-378 -376
296 -347
-209 123
-377 -151
-180 -182
415 -242
426 -182
-57 -261
211 -489
493 1
76 430
283 151
285 -28
-248 -422
-146 280
-106 91
298 -132
293 -207
-282 -323
-389 -241
-300 31
-266 -261
-42 143
-225 -165
32 -429
-367 -79
-369 373
30 -463
2 269
479 -247
-299 -494
-345 -40
380 100
-352 67
-80 100
31 -382
-430 430
458 302
-311 -488
245 -412
321 31
-181 -373
-444 -437
157 173
-199 -440
-132 -18
-446 486
11 241
158 -252
407 258
235 -340
294 -233
-283 73
-426 -76
-430 -43
-144 448
-479 -66
-89 228
-163 456
156 156
-255 464
-451 171
132 56
297 -284
190 177
-222 -239
172 194
246 -150
-90 396
318 -240
187 -458
265 397
35 13
-121 -292
-341 135
441 201
101 -262
278 383
-285 236
-103 -335
-109 -442
270 -240
-59 -397
-315 42
-77 -222
-341 -318
286 376
-402 6
217 -164
455 374
-74 -210
-62 -434
-237 -360
-246 -357
-72 -15
48 385
63 448
-25 192
-305 -191
415 -93
298 -489
-61 -312
483 364
-285 -312
-488 -451
224 372
-409 336
380 25
30 -210
-289 -388
-348 -437
-63 -457
-238 -249
-25 430
254 -335
264 -71
-193 93
52 -199
-481 -64
435 479
135 117
467 -465
496 496
245 364
476 -238
307 -485
-43 -81
-480 399
304 -139
112 -279
-84 91
-391 396
309 -329
156 -412
457 231
189 310
255 -436
-122 480
482 -285
-400 -3
100 125
-314 -438
-201 102
-87 317
-216 -115
-380 -193
473 -358
-448 -108
172 -38
500 -497
288 453
-481 495
73 -419
425 -343
-237 189
192 -271
5 173
-373 -302
397 -51
-393 -206
-343 -22
-275 42
-228 -472
175 -230
-13 128
269 496
52 224
198 366
116 161
191 442
-19 -336
-163 -41
148 342
-463 -455
-79 -237
276 4
237 307
41 401
291 -274
455 -171
-78 -365
-443 -443
-234 39
399 241
34 295
111 397
213 -413
466 -411
-14 394
450 71
-22 -474
-394 -459
-218 -76
452 80
-90 -451
-49 -415
103 -306
-9 434
-158 457
57 15
418 -163
185 383
165 352
-226 348
-269 -455
-115 -452
-256 -485
340 198
-57 454
-264 -133
190 -197
-305 -394
-394 162
-378 249
-118 -5
178 -1
-49 434
-24 450
165 -21
55 339
-177 -337
469 282
229 -67
405 207
229 -80
58 -457
-46 -369
-8 134
-206 109
-338 335
-432 498
-445 -52
453 383
-100 -450
185 3
322 -469
119 -338
-462 -396
373 -35
-500 152
261 51
271 -374
-168 495
-110 389
22 23
-180 -24
-337 483
205 -340
491 104
190 -362
484 -106
-241 317
240 497
388 -182
-266 -418
465 305
235 -382
6 -28
-30 -148
-51 461
290 -394
-315 488
-119 -4
-153 -138
-444 -264
323 -430
-54 -67
-280 366
-484 -298
-294 -462
-435 235
-466 216
422 -5
-180 -320
-191 -368
297 -105
-414 33
140 -259
-347 -453
156 -147
-16 82
126 406
164 -286
197 92
-211 -144
-227 105
-466 -96
225 256
-20 14
453 -105
-318 93
204 406
-123 169
-95 -423
66 489
275 -28
200 285
368 186
-210 -480
225 -317
301 -9
-345 353
70 97
102 -130
-182 67
432 147
-201 273
279 365
306 -269
-10 14
-37 -487
117 301
280 136
-131 40
-33 223
-177 94
-371 -350
-431 -209
-363 -392
60 367
-38 265
-263 -82
120 269
-476 -298
-414 -328
358 -264
-312 331
158 421
-16 -484
89 -189
34 -23
-296 388
-114 -100
-300 -407
-469 -290
185 -319
-2 430
-424 287
-258 -442
351 183
73 -51
-209 -244
40 -29
182 170
168 -229
-83 -55
145 416
468 165
262 303
287 179
267 394
100 -106
5 325
-447 428
42 259
127 244
188 91
-311 498
-167 -214
-317 162
-304 294
98 -259
-377 352
172 -278
-289 -220
294 -439
459 -279
-376 -307
494 44
370 -452
344 365
223 402
327 481
-335 -175
386 -62
-177 -283
164 398
132 331
-12 -319
-480 -151
-288 -160
-177 315
343 194
-454 29
-491 500
273 -237
-488 305
440 122
-52 93
-126 -283
434 327
-425 56
232 276
138 402
151 -206
-378 -42
99 374
326 -62
228 17
-160 -168
-380 487
-360 172
217 -498
346 -365
-292 224
-438 -217
-261 -260
215 436
352 -224
382 45
140 41
-448 -482
295 -188
-341 -426
193 -104
-131 179
-182 394
-479 2
42 -162
-75 -38
-445 -270
-164 -18
-140 -326
-350 210
300 -281
-479 -201
488 237
-489 273
-391 264
330 -156
497 -344
349 407
323 -258
-85 380
59 -359
144 34
22 382
-146 -151
-342 200
-414 141
-226 32
43 417
277 -62
-77 -424
-90 423
-428 251
-437 -131
92 -132
-338 74
250 -104
-14 -466
-338 227
105 175
82 77
276 25
-340 86
135 -457
-3 65
303 -341
-113 96
-81 -66
21 -2
46 -220
323 -379
122 279
309 187
-298 190
-92 -270
-85 -357
326 -218
-233 155
32 -401
-268 434
84 -486
-341 -440
-268 456
-221 -359
-451 159
-153 434
21 -95
36 -390
-296 151
412 466
-421 -390
-399 70
377 267
-459 -240
446 -206
340 116
-366 488
31 125
-29 -208
-235 411
-267 -184
-227 445
-384 232
436 83
121 455
-267 495
372 357
-283 -183
16 -321
437 -325
221 187
-245 174
-140 -152
380 78
303 407
279 123
387 212
-137 -64
442 -483
384 370
47 -128
447 -141
-154 90
-32 25
-221 454
211 -160
304 -181
136 255
-112 413
-211 243
159 458
417 22
372 -479
-169 287
-60 7
266 -397
-296 -72
-305 -318
-396 157
-4 -140
-490 403
98 -93
45 160
-186 -42
495 208
109 -307
-243 -313
-282 90
-188 38
394 -445
159 167
-457 396
-93 297
-132 -283
229 -13
-284 84
-443 149
-355 -335
305 -316
263 -285
69 337
-201 -109
-483 -66
190 26
-76 -117
-128 166
305 -454
468 394
425 -469
-69 203
173 -427
484 381
-162 149
-443 -362
-60 413
-489 378
-213 -99
-307 131
427 330
-448 -262
-117 466
-207 244
-96 457
492 -131
344 289
499 406
-275 -94
340 -41
-41 143
461 -191
-31 -234
-40 -76
-88 112
286 -42
320 -155
-494 -124
-50 -133
-207 146
-163 -263
392 -1
41 -58
-211 -393
-272 -457
103 138
402 -415
452 20
253 -326
437 51
357 -309
-460 -82
-429 -343
-339 -230
499 -56
409 230
-143 465
9 -241
-107 437
109 -3
-195 267
-114 -259
-128 -256
493 53
113 275
-302 399
-35 -382
413 216
-310 -403
-279 -25
-168 -160
241 496
-48 -387
-435 -430
243 379
-409 36
23 -472
-92 -105
134 -253
248 40
-108 -344
-356 -206
-147 -207
53 -357
-21 342
179 148
-394 258
396 -191
495 89
124 290
-445 -469
-166 -157
209 -457
-334 189
-466 447
-39 -54
-495 135
-90 389
212 -417
-28 -429
143 -234
65 -255
-286 -348
-257 104
-481 -322
120 283
298 -407
404 307
-289 100
311 -235
101 395
146 -122
-73 56
-376 201
-462 -353
-301 101
216 179
130 -441
-347 123
236 -179
-405 33
-439 465
497 32
-119 -168
-312 360
-275 74
123 16
38 300
-276 -262
-212 -90
-349 75
-382 -439
295 133
-199 -477
220 -334
0 22
239 145
406 133
84 424
-205 -104
271 421
433 241
492 -106
222 182
-409 321
276 -56
-284 -228
-186 308
-244 34
433 -100
-137 -413
442 330
-147 -188
93 -108
59 101
53 -10
-77 36
98 455
259 73
52 -77
418 -479
-466 -151
-254 422
-183 -447
334 173
496 -310
-282 -108
442 93
-230 -67
-279 -217
426 456
284 -386
-309 -193
86 312
-124 -427
73 -58
479 12
-53 210
-264 171
317 403
179 88
-88 454
283 -286
311 52
459 67
-345 -73
216 86
85 251
482 -96
341 -102
-386 -138
215 59
146 340
-477 221
-343 -387
-295 151
361 370
204 -455
-358 167
-178 -419
-216 -30
-277 463
-309 -358
230 124
15 117
-258 494
-140 41
-33 412
-195 -491
334 19
39 -414
335 -30
103 -269
34 -348
-483 430
273 -140
358 193
-270 -26
-500 -355
195 -329
-367 -282
441 -100
-495 -499
362 279
-75 -208
-46 225
-204 311
-473 447
244 -327
154 75
-203 -274
-282 -188
-327 -227
149 126
255 474
1 435
251 400
-158 386
-376 102
-379 -480
393 266
240 396
46 -47
209 -229
-167 -181
-50 -469
336 -484
174 340
-472 -326
-14 85
151 462
271 -239
38 -219
239 383
103 -186
385 478
149 459
-379 -293
382 80
-108 223
-260 203
-196 404
387 187
92 -155
-409 -73
166 -465
-39 336
154 -217
-133 -228
-9 -103
-426 -59
346 -52
-428 -60
-449 99
-40 273
107 -342
-3 92
440 49
368 -26
167 -59
39 455
-47 163
2 -353
321 -477
-302 -318
-52 132
354 -457
-233 118
-63 119
-22 -140
-355 -253
-70 27
295 51
195 -47
-334 -311
-26 -498
32 -324
445 126
-367 90
-164 -253
-467 66
40 -145
191 35
-475 250
-162 35
99 17
-409 7
205 484
-313 -441
98 93
343 196
70 424
280 207
497 -382
-479 -59
465 -308
140 -403
-80 299
-412 163
90 448
-160 151
468 149
-185 233
460 -282
210 -478
-426 322
-407 293
-102 -378
-302 239
-209 371
-226 -204
-243 267
295 484
326 44
-243 -339
-82 323
264 -34
321 5
161 -113
213 -310
213 -339
442 -197
-217 -353
360 -466
-428 -82
179 142
479 -294
358 -458
-459 -170
368 270
396 140
-261 332
84 336
351 -141
444 470
8 168
13 467
-296 -434
170 236
413 147
-254 281
-71 238
30 492
-247 -464
446 103
40 -320
-186 -183
96 -38
446 493
-200 156
71 365
187 227
-142 291
-478 399
-445 143
319 157
485 272
-45 -237
155 366
-189 168
75 -261
12 496
-254 -409
-79 233
266 -357
494 151
-476 22
-89 -130
491 -265
291 -410
-175 250
-397 494
-408 -434
-304 -479
109 -183
407 19
-252 92
434 -225
62 85
-472 -148
-265 420
-99 -232
376 176
-406 11
-367 -306
79 213
474 -143
418 86
152 -342
311 161
466 -333
-410 -14
212 -293
193 -492
364 381
-181 431
-118 38
71 215
-20 409
319 333
-183 441
-216 -51
470 237
-82 402
240 -143
158 -322
42 166
45 -29
139 -93
121 463
314 32
340 431
-418 -58
77 96
470 206
-444 327
202 -312
-176 359
375 -219
-199 -89
379 -289
-407 -360
-197 -216
369 130
-230 -479
151 -133
-426 -20
126 316
77 -197
-445 209
283 473
-465 -385
-396 -443
345 231
-168 -462
-375 -256
361 350
21 -9
180 -213
432 -88
-177 -344
279 412
261 -8
483 166
-474 -93
-126 -433
21 400
-443 242
309 383
-237 -80
119 -90
-463 187
-149 307
143 -220
259 469
-382 -17
-185 116
-153 -391
-158 201
329 -435
185 375
-56 189
-66 428
-298 -57
-268 454
347 -467
294 445
145 -401
-328 -164
-93 396
78 -299
223 -318
-163 481
-10 -72
-257 -12
-124 145
-491 247
-84 -491
-43 -34
-403 197
-414 12
-283 297
-448 103
-57 334
-436 480
-69 -222
400 -53
-384 342
-88 410
58 -212
-189 -496
17 131
397 -281
-55 -327
-95 190
-259 -209
-159 -432
180 -136
106 94
-338 -462
-325 -394
-268 163
-231 -296
-217 -467
-492 -280
137 -186
208 -404
414 273
125 -381
391 305
246 -363
295 151
-178 253
-40 489
206 416
-289 379
-111 376
412 195
293 -366
-275 31
-498 -163
-411 246
-133 341
-109 201
-114 -172
377 320
-41 -21
164 29
140 66
-149 14
368 -76
-314 360
52 194
-303 -271
392 -78
-272 354
-438 -436
-306 131
-380 -13
-497 -124
-178 -270
-277 -444
322 171
463 168
129 -35
426 178
315 -367
-241 142
-467 479
-296 5
-102 -4
-260 274
-127 -291
-445 -219
365 -120
-206 -368
-304 -330
105 -42
118 -39
245 -124
351 478
-35 289
277 -28
111 -413
117 -300
-184 264
72 -314
450 58
-53 -349
-123 -266
-227 -26
202 -157
-424 -464
-275 -62
464 488
207 -99
9 -73
-35 -197
-60 391
-234 -48
400 -345
-272 135
-304 263
-160 -90
25 408
-331 233
-455 86
-360 108
55 -460
-149 417
242 52
-474 -281
-347 -362
204 -312
-448 -259
-451 304
-293 -238
-128 -488
-328 167
30 421
-63 63
-98 494
-250 498
-81 -369
-320 -427
-15 -416
348 372
-368 -86
187 -488
349 298
458 299
455 318
-267 321
-333 46
121 -288
365 -349
338 386
-42 171
288 -313
-467 116
287 -27
89 -32
150 232
310 -294
26 -273
384 -442
12 -186
321 -224
190 282
236 -262
-323 75
-376 443
-141 -241
169 -333
177 -155
-344 429
-393 -204
-82 -171
310 454
122 -161
441 473
-78 415
-101 76
396 -357
8 -55
417 331
289 193
-158 -169
253 74
402 -465
4 -425
342 -354
-385 133
-351 -214
-490 55
-146 -380
398 -306
-126 -195
-240 -239
105 305
-57 -244
-362 493
-359 -62
-291 -263
88 55
-464 -16
-353 -6
-39 -20
40 434
-241 -302
273 -163
283 -47
322 441
222 38
-23 -202
-43 120
399 -105
471 458
-384 107
-241 -106
-30 434
-331 18
433 176
360 126
78 395
280 -368
181 117
-363 -215
91 384
-27 384
393 -164
-382 498
-74 -428
-241 -3
-348 -90
-463 318
446 -333
348 495
-141 -383
162 -42
-124 -56
-20 -330
-497 -163
315 -145
-293 9
-478 347
-495 316
83 191
-41 -410
-94 -441
133 -262
-286 -184
-328 -308
10 32
356 -100
-331 371
364 -399
-401 279
307 -366
443 64
-485 -429
-95 58
-471 -5
245 -57
-289 173
136 -13
-169 -92
-156 -452
89 448
-21 -391
324 82
494 -83
22 299
116 -204
-161 299
248 -362
-20 -23
-102 -425
375 -453
-395 37
499 -459
-474 -128
118 31
-187 183
70 183
359 383
-121 395
-192 427
136 -258
-302 261
-294 -414
50 -471
382 111
218 258
25 167
-60 70
-273 -363
-148 256
116 424
298 -386
4 134
370 -197
-41 -290
-218 183
446 -78
-167 -359
-56 -59
-109 249
311 -3
-245 2
312 322
432 83
-103 266
-181 195
-9 478
-242 -186
-366 -169
-270 -434
-461 155
-221 -259
385 -98
99 431
-490 377
484 -9
-347 -179
34 -145
-191 -388
198 -301
-454 -217
-63 -49
-395 -177
76 -9
414 -11
498 -201
1 370
180 -490
-101 101
-482 -155
-258 -148
98 -163
45 11
283 -452
103 -266
-301 -198
325 -197
230 427
-201 -19
143 -497
-114 -242
-283 -371
-73 448
446 -192
39 53
-464 291
336 108
-179 -135
-487 98
361 210
-9 -477
19 -442
-158 -24
434 -401
300 288
-484 -246
-218 332
448 470
225 310
73 -121
-95 59
114 283
-132 297
210 181
-231 142
339 211
-49 52
442 -238
-445 163
92 -349
-285 -6
-484 477
-171 -277
206 366
175 -305
412 -53
0 -233
330 -147
203 -139
333 278
-383 340
-146 -123
-294 78
-346 436
87 -409
-86 -33
-16 -361
-276 -409
377 -299
407 -52
-293 -446
-424 112
390 -300
-301 -123
-352 285
-199 -397
-431 -471
131 68
-320 279
97 115
-7 -138
27 -461
490 -222
244 -344
280 400
-385 -231
221 -478
119 -368
281 332
-437 90
91 166
-496 205
-213 -196
-316 -79
-108 243
362 -84
-171 -367
-7 -483
-498 -40
51 64
-8 -152
10 -193
350 -414
-276 127
63 -435
-88 431
-91 -426
-127 394
240 -19
-392 -306
339 198
386 -207
2 -49
-48 -362
470 1
-229 -315
-297 -78
-96 475
-107 234
-320 -292
49 181
108 443
-76 18
342 -444
72 -488
227 -292
51 30
13 -235
75 -185
-435 -83
359 -468
-225 141
-348 -228
283 -216
-222 -384
398 279
41 -303
377 221
-490 -72
-168 16
170 -475
-69 -312
-368 9
474 -315
-149 281
340 -83
125 -169
461 -373
-84 190
-189 -88
-10 -324
130 278
-144 -62
40 -419
-110 -324
-284 303
-484 28
209 -109
327 60
392 402
407 175
-441 -42
167 -266
-45 34
-435 377
-10 403
19 277
-457 -84
-291 75
-216 143
402 472
-361 139
343 -361
246 318
-303 -499
100 -477
-24 321
44 25
138 213
155 -7
149 -331
-63 402
-402 -282
-206 251
88 -104
-163 12
141 -18
260 317
385 357
71 39
35 119
-423 -149
-236 -182
-338 442
310 -274
-346 500
-453 -375
177 -136
470 364
-473 245
121 429
-267 482
413 -307
98 207
-25 333
123 -81
-166 -340
182 -308
461 411
-122 314
337 -284
-371 -212
448 93
419 -444
27 -62
124 239
235 433
497 -384
-172 -4
-329 59
173 -144
256 142
44 -492
-71 442
476 -498
-374 397
-334 426
-140 355
-249 80
270 369
-343 82
27 -373
-463 429
299 390
-268 -87
51 142
-402 438
-237 -145
-123 179
-189 -326
265 144
-22 -89
29 157
125 151
475 230
63 342
257 -270
-235 -89
-181 407
418 -178
195 29
-141 -363
-321 302
-462 25
264 -10
-109 435
-102 -435
-345 211
-408 -256
227 215
216 366
432 146
-206 396
-210 -206
265 -390
-375 2
367 -435
-447 441
-343 -25
-394 475
-241 -443
80 323
292 29
474 448
222 -183
-171 -121
-110 3
-272 304
-284 -41
-15 -407
-14 413
-121 -1
144 22
-462 105
320 299
348 183
-119 -101
264 307
-55 490
295 -48
377 -24
250 -494
-492 465
-400 -386
313 -314
483 389
-142 -431
39 188
235 -30
477 408
-20 403
195 138
17 60
115 -277
-364 -356
247 244
428 -8
-429 -303
394 -464
19 -377
339 151
110 488
204 -112
376 10
-208 109
-469 -258
-441 -221
-305 311
-496 -216
361 -427
254 -232
284 -311
-396 73
378 373
201 477
113 -196
-115 359
-63 90
-382 -319
-95 56
-202 -404
431 276
254 -243
293 469
350 443
206 107
-97 237
-327 -51
491 359
180 33
399 -193
-325 360
-47 174
206 -264
-184 -399
329 -278
266 405
-417 287
-279 -5
240 3
-182 -384
180 61
-305 -300
152 -449
-210 -480
-329 -445
203 -337
122 437
-327 339
345 -389
438 -274
-161 -146
-22 -440
-135 -361
80 293
-337 449
95 13
468 -338
-53 -229
473 158
-271 -32
-120 -120
-355 330
-13 -396
455 474
-73 -12
357 303
474 440
-275 -367
-94 -474
312 -27
-482 335
-168 -468
-454 229
353 34
268 317
362 -409
-211 370
218 422
-189 -174
156 -281
-467 374
-66 272
58 -375
-49 -298
-467 54
-174 422
220 -194
205 237
481 463
258 345
302 -227
-241 387
-62 -407
335 -281
-27 478
52 222
-460 247
422 -472
-54 -155
-427 -334
366 88
469 8
-3 -13
138 -309
260 49
-404 -330
409 -368
-445 25
146 -256
353 -44
-338 -395
215 -406
440 488
-222 -478
-182 38
171 -372
-376 -202
287 41
-364 -202
-343 144
-26 428
327 217
-57 195
-495 247
-398 351
267 -86
41 156
209 -412
-81 -420
484 488
157 -394
359 410
-90 11
-235 -255
204 -108
313 -302
-482 113
10 182
-208 -357
348 -189
-340 -316
254 289
-368 -3
-248 -414
100 -311
-1 -155
-161 -372
293 448
367 -439
-178 498
-2 -9
239 217
411 -207
-379 116
-375 -451
498 -37
174 -412
-198 -495
119 357
-451 -466
228 -20
302 -428
498 149
-252 383
179 -212
447 190
16 195
474 -92
39 -289
165 487
-410 182
322 43
76 60
-254 125
394 469
-50 51
-364 212
205 -254
330 -16
93 24
482 51
2 132
-440 456
482 489
-405 -380
-171 19
492 123
500 -428
-144 4
-215 180
206 374
-262 476
481 -205
33 58
229 -416
-12 198
-24 403
-161 94
-427 -240
-138 -409
-379 88
-470 -38
-30 -58
-323 174
-402 -5
-401 105
147 -356
131 -177
-384 -395
46 -52
-227 -467
-329 -362
329 -28
215 -387
406 -284
-187 -249
111 387
-415 -101
-427 -470
333 235
-462 166
7 346
303 -180
56 44
-415 107
416 -279
186 163
-92 -184
-234 -315
75 384
-61 256
224 -88
146 377
213 261
90 -350
-484 495
316 178
481 341
12 0
490 -114
-412 -218
14 41
233 -137
-203 -364
-347 -7
-316 -54
357 450
42 372
-466 254
-205 95
115 -164
421 -453
329 -314
-125 -18
-269 95
295 -252
288 -138
-332 350
-476 182
-57 412
20 79
-242 178
100 -179
456 -485
-89 -496
77 299
-243 393
-343 64
-381 96
-160 334
176 -405
297 454
-408 -112
446 -98
-92 -163
-34 -292
-269 146
-310 253
327 -224
17 -3
-351 239
484 -282
-120 -126
252 -104
209 418
-238 83
-342 -125
234 342
-436 -197
113 448
496 321
-362 -225
-163 286
-1 -338
-145 248
-351 229
477 390
457 9
-218 495
411 379
-432 474
-181 -122
-286 -43
281 402
-376 343
-228 129
-142 -444
415 -464
235 -492
112 -96
-358 478
-350 51
30 344
-243 498
135 -393
-429 87
-343 -124
-178 -87
3 260
224 -107
294 204
397 -483
233 -294
-484 76
-437 99
110 -22
-435 98
-128 158
133 -459
265 -63
328 298
-466 -363
366 16
-8 -166
-169 125
-492 233
-69 -275
5 -67
-89 -279
-458 489
-117 -318
455 -245
-398 12
372 -316
-231 44
76 -46
396 -220
-335 -400
-1 -346
-222 248
-469 371
424 -188
-179 -247
-477 251
189 407
212 -108
-224 194
277 -69
20 -359
-304 94
-284 -347
-272 303
-41 -444
-252 232
295 353
298 260
443 382
274 -380
-73 -305
-402 219
317 412
154 445
125 154
-123 251
-28 370
268 -88
45 -14
112 -347
-297 -377
-142 -200
-396 -245
-171 256
-426 477
134 -446
301 -263
-444 239
144 461
-340 467
-66 249
91 432
-416 -375
-147 -274
125 467
-461 -4
76 24
-429 296
454 -163
174 -465
112 201
89 238
-228 234
-86 298
34 -53
-203 -56
-156 238
-431 22
283 -240
57 403
-192 -146
386 -411
37 -266
-393 -233
-274 -421
-330 146
275 86
177 -40
-453 147
179 331
467 248
355 -252
-379 210
-104 -61
-425 -120
361 -443
317 495
-79 -192
-159 -105
-153 316
194 -278
425 -394
-341 288
257 101
311 142
62 68
126 130
-373 303
61 174
-225 101
480 262
-96 153
239 71
-261 -446
-298 91
28 382
-36 462
-217 158
-31 477
289 -497
42 -359
-179 291
-375 -310
-493 -48
327 -225
210 15
187 310
52 -299
-193 -63
-474 -100
413 187
162 -239
-49 -284
-246 339
322 118
-462 59
-39 183
-4 -32
-131 -432
81 349
-218 -29
-459 169
-441 -134
-333 -199
-116 -113
-293 -417
-426 35
-28 -472
-217 80
-136 -230
-470 249
104 -311
243 -471
303 -424
427 -90
498 475
-51 -361
-423 -473
270 165
101 -45
461 -263
-10 127
-234 339
-482 11
129 -201
-247 -464
-280 -247
293 359
-492 7
-446 -457
260 -70
349 206
300 -249
-219 449
-34 449
254 457
-56 -274
179 -211
-100 -438
344 -150
292 144
399 -106
215 -16
448 -256
-8 -139
478 7
331 -316
46 -69
-139 -221
107 226
339 -87
-324 -395
97 -87
-347 -278
324 -319
-106 -10
397 59
-297 -65
39 274
-470 -492
-216 460
-96 128
498 -205
11 -370
-438 1
216 24
-130 370
312 74
400 248
-167 -350
-131 316
-479 -250
54 328
291 -234
-475 268
-15 492
178 -28
331 -124
-298 -125
-493 222
471 398
486 -205
416 32
164 -209
287 -204
272 -462
256 221
-129 -308
-494 -406
-8 428
131 -365
-296 69
181 32
-412 482
-51 -186
275 -296
-7 440
141 -312
-277 336
-242 434
-255 360
-294 114
-104 25
8 64
-311 374
329 -477
316 -309
300 14
-58 -355
48 392
460 -456
489 156
440 78
383 316
423 434
-316 -410
-391 -405
293 299
454 44
187 -410
-39 402
-15 203
118 -14
-151 -184
289 87
384 194
-3 -292
190 262
92 8
198 -433
-16 66
-319 -40
-407 56
300 367
-335 -70
289 -284
-450 -258
-487 -466
-212 196
-205 140
466 459
-6 -278
282 -321
-354 -100
166 -272
281 -432
-315 251
-177 -236
439 129
-10 114
22 209
-279 -21
-410 409
113 -192
-189 -398
161 -195
-231 -74
221 -170
7 487
57 424
12 -435
-451 -192
438 -106
-268 153
-392 147
410 457
-391 1
-429 442
-88 262
-119 -182
-333 394
322 385
-331 -364
138 -111
228 364
-347 230
46 -216
-229 -405
-429 -94
-16 -429
-36 418
414 -101
45 -295
-378 491
-128 -304
328 -435
126 67
120 133
-366 -37
41 246
-59 115
75 -188
-264 -22
96 -406
-101 78
-316 35
-34 326
-34 -358
418 -453
-101 473
-70 140
-32 222
273 320
-106 -114
-54 -220
279 -311
-171 272
63 80
-419 436
-119 -261
-155 41
-95 -73
-15 277
-455 -227
-117 396
-483 422
82 -203
106 286
476 146
279 353
-481 38
321 128
121 218
474 177
377 440
-83 352
228 -239
-115 -330
-141 -300
3 -368
-56 438
-135 -98
-365 201
424 331
-434 292
243 392
324 -275
415 29
-91 -343
-125 -3
43 260
192 344
57 -299
150 -477
-186 -250
248 89
-299 -234
188 -95
62 305
-219 -304
-45 -342
269 288
385 134
-247 395
59 -303
102 38
-302 280
332 -58
-16 145
-395 355
-5 469
-388 95
42 -463
39 -83
-26 249
149 -29
-417 14
-209 -346
-192 386
137 454
-55 299
175 241
452 -383
-426 156
-390 172
411 475
-74 -279
453 137
-144 395
-444 328
-179 402
-250 63
453 -488
-259 -56
-306 417
-426 230
500 198
-408 63
205 -39
-65 -78
140 -27
134 -478
-309 208
-472 -304
-118 311
240 -317
-51 315
58 380
-265 -386
-476 -482
-157 192
481 -438
-447 277
315 -388
-317 55
-321 -476
215 -99
184 489
-129 191
138 -360
179 -41
122 486
485 -476
-160 84
-89 -79
62 -3
-162 -190
116 339
61 -70
274 -221
149 415
-421 -79
-47 -47
171 431
82 283
21 227
47 -31
157 265
-113 339
-303 -365
293 8
423 71
-94 4
-203 195
264 -40
-40 -292
111 261
345 290
-186 232
326 -451
-62 228
452 65
455 117
198 356
430 -435
-122 -289
-127 430
-172 -336
114 2
28 -356
146 -187
-161 127
121 -322
-413 -293
-21 392
-213 -497
-439 399
476 -405
-152 -148
-326 -451
-411 -336
50 37
274 205
-373 66
402 -169
-478 144
-211 313
359 313
-415 358
165 135
139 281
-73 455
-165 -64
-165 146
151 271
-312 -360
37 -102
-285 -280
354 264
-435 411
478 -313
262 -250
-219 87
-88 -4
294 -446
-274 -424
343 -368
-58 451
131 -181
366 -152
7 -233
484 -397
-332 234
119 138
-62 194
394 -386
-29 -4
297 114
-468 471
202 166
282 -118
275 400
34 -495
-268 359
-244 -268
-104 342
397 -325
203 -157
-263 -241
217 -461
237 491
-137 484
134 -89
-339 -145
437 -483
-15 -98
-221 398
-302 463
-250 96
-69 -344
398 -424
128 -35
-157 -271
51 -277
-367 190
-421 -173
-94 142
-224 365
-133 147
405 35
-312 -168
484 445
307 -289
-137 15
418 217
352 -407
-160 -373
-208 216
461 167
-101 401
-138 301
-311 417
-320 -401
129 -228
247 -220
280 -240
-457 67
470 -495
-266 -55
-306 -282
-464 -253
37 -180
-173 -237
-53 -461
-25 237
-491 458
0 -248
15 -490
-64 3
-448 -11
-312 54
237 150
244 481
-250 -261
116 481
-477 308
140 -91
331 298
-63 -99
107 -349
-423 423
256 21
21 -251
-391 -292
-258 252
163 -265
260 301
-421 -205
301 43
-474 -177
434 -264
-274 68
196 -280
-175 -138
-415 -438
480 218
130 472
-54 -462
61 -110
298 176
160 11
-348 -101
321 388
123 -327
-431 454
387 -67
-188 16
-59 -500
-294 -270
178 -197
-237 352
410 346
-422 -142
-359 -407
-323 -44
-135 -497
-492 480
188 -381
-3 357
156 -469
301 225
134 499
261 96
-438 -483
179 -53
127 -232
277 96
142 -64
265 413
278 -444
41 -194
-202 -367
400 289
225 -120
-242 -412
178 237
-325 -445
-187 474
491 -104
-474 -218
390 -317
59 -210
306 -253
-40 236
-263 -177
-378 -244
167 485
-144 389
3 375
-65 -224
123 -424
429 -409
449 -189
-290 -384
438 -497
46 425
-186 -173
384 227
-19 300
-424 -251
390 16
-147 6
162 223
72 497
368 -291
484 491
460 -5
324 -372
32 107
-178 -271
-82 423
-257 475
-252 -209
-421 -171
152 94
70 59
-444 -122
-450 -308
273 421
-149 -243
294 -20
-175 175
462 -138
-189 -222
-375 -217
431 63
278 283
-37 -255
-452 55
488 468
425 379
-140 -53
-94 -339
-3 398
500 190
-438 -338
-266 117
2 -255
257 -182
-204 177
-363 -393
-36 454
163 381
341 489
-469 344
240 82
-388 -193
117 462
67 -398
-59 32
-124 -80
-200 161
-49 -232
-148 -188
-136 -296
74 120
439 -193
413 -280
394 -32
-438 -202
336 352
-16 263
-455 111
-388 84
402 270
-485 -476
-205 -434
138 146
304 -221
75 -93
353 196
-236 -277
463 -431
-492 -132
2 51
268 -178
-465 343
23 -360
-107 41
-427 148
60 -217
358 -14
317 97
-233 260
296 342
-66 2
-349 263
173 234
230 -117
-244 24
201 433
-377 165
286 -365
119 230
-250 210
448 -303
-360 -457
183 -102
-13 -493
419 -52
-466 -393
226 271
136 433
130 411
-384 197
-385 242
429 -79
339 52
-469 103
-273 54
-221 -429
28 -491
-417 416
-436 -354
223 -313
-301 356
-328 -22
106 440
44 218
-270 205
447 76
-432 312
162 240
51 -275
157 231
409 -284
-335 -33
160 437
493 26
-300 -383
390 136
-63 -38
-353 -477
-51 186
-345 86
42 -320
329 14
237 274
-208 357
121 7
-253 -441
-103 -299
440 41
-288 249
130 224
284 -389
-460 262
-111 311
-394 -65
-154 83
-392 223
98 -143
-80 -200
-207 487
-175 360
-452 -256
-144 -329
-202 227
397 -359
-7 -210
444 -44
-166 -189
301 216
-21 -88
298 -257
16 398
17 -478
160 319
450 86
299 311
-314 -259
1 -188
397 -421
258 255
100 347
-386 -131
294 184
209 -77
472 -348
348 397
30 272
116 -282
-300 -478
116 -356
-123 364
46 -418
486 5
189 -317
427 -317
12 8
-356 -477
283 -183
-22 -89
-157 -481
200 63
145 106
132 32
242 402
481 263
172 165
-395 185
333 131
398 61
-8 321
-478 409
-369 -444
293 407
218 244
298 497
-483 -408
435 342
500 -113
-177 -40
-152 -171
-175 -316
-254 171
44 -24
-295 426
294 -92
67 298
434 7
304 -20
-94 418
-221 276
-153 372
-247 -53
202 380
425 133
497 205
-436 246
210 253
216 105
445 406
-34 -48
381 478
-350 -428
314 -284
-367 -389
123 385
72 354
-395 217
-329 -73
487 -1
-16 -38
-202 -254
-231 38
-203 -485
480 48
452 70
461 -311
410 -180
346 467
-146 -75
475 61
-86 -190
324 44
-316 -494
-135 425
-50 160
494 -202
-189 419
126 -53
479 -12
-24 226
-460 -73
111 216
-376 -163
-460 -350
-368 -263
-380 241
175 360
-140 -270
-193 -96
427 246
-413 436
-61 406
-350 -222
462 -427
-397 180
-144 -405
-215 446
313 -350
-428 224
223 26
14 286
-472 -237
412 455
-164 484
-455 -352
-239 -176
-2 385
-290 -438
-57 -161
-44 400
143 311
-297 -31
-278 -304
-109 -77
-294 86
-349 55
95 140
171 -36
-450 -141
-478 -445
25 -366
100 499
-462 257
-500 -6
221 181
-445 276
-376 428
-56 74
446 375
-184 -298
78 -421
-158 288
-273 -283
-16 -400
-393 -392
-241 220
176 -278
-411 4
-32 323
340 178
105 426
-214 -327
-92 197
385 199
300 93
-331 -21
45 -336
-167 34
482 -67
71 -37
370 131
-180 94
-182 305
-158 -277
-37 -256
-239 -437
134 203
248 73
-281 439
104 -418
-78 -424
192 321
399 200
-375 -316
408 -316
-466 -304
-15 351
6 -361
461 44
-25 -21
339 492
-269 -464
-301 -233
308 -441
-180 -170
82 -270
-349 312
371 -465
262 -149
-14 233
278 371
-371 -392
-461 205
-260 107
-177 364
-304 474
22 357
-329 -287
-86 -160
486 -458
421 -489
284 173
157 50
-260 -286
-414 -451
380 424
153 144
247 392
369 135
119 -360
314 202
405 385
287 310
-233 -403
286 318
-427 320
30 369
-312 93
170 -397
-61 259
-312 -248
487 287
-408 -421
482 -337
176 432
464 236
447 168
-145 -303
-420 -243
-6 -117
195 383
381 487
111 432
131 354
36 71
-382 -205
105 218
-118 189
346 -413
-225 -497
-397 436
346 258
500 -312
-243 -1
-88 118
268 257
447 -442
-183 186
122 1
283 387
324 -410
455 468
89 -279
225 95
251 271
-493 490
-397 -48
-36 457
86 -43
-107 281
-419 229
-499 218
221 160
332 -23
-468 -92
-147 -380
275 -131
-413 88
-345 -397
-34 199
2 68
231 -328
-462 439
-343 313
-318 -348
347 -374
51 7
306 -489
273 -221
181 -86
-14 -83
-71 -54
-34 410
2 -31
309 52
6 423
266 220
203 351
-93 324
-160 -101
404 488
-173 -9
-319 273
-145 333
-325 -82
253 353
-349 -471
-179 309
-170 499
218 64
-313 371
131 -230
247 -437
215 -132
-18 -296
-487 -50
-493 274
328 -86
-167 -470
142 -65
278 236
-9 -149
-72 -272
-297 264
-354 -371
-37 -289
170 -342
-400 -482
-354 -484
214 119
81 -50
-193 136
-35 455
-226 -328
90 249
84 188
-126 -406
-294 -72
-390 -112
234 41
449 397
391 257
-172 414
-277 -317
47 311
473 168
293 -182
-101 335
482 -74
-442 279
-231 -343
289 156
-425 -336
-303 -28
477 -159
-100 -321
-403 -96
-183 -164
-20 -443
-52 -104
-132 -438
-295 -232
498 148
-42 282
-8 -83
491 -114
-323 -36
184 352
73 481
-200 -333
-390 -217
-240 274
-255 -2
-19 -177
394 291
-360 259
-499 201
423 462
306 -306
-102 54
263 -127
-324 -399
-76 497
293 478
-397 -22
-157 291
101 -317
-242 -29
-464 248
-178 103
-48 -374
20 -9
213 -313
-446 362
-282 117
214 64
-479 373
2 -399
-447 224
-453 -341
255 161
457 -468
-142 -433
132 -469
317 -347
-248 284
7 71
-166 355
244 -410
-331 153
