10000
-346 -234
-357 131
385 -486
-484 -60
-72 -320
-428 -396
-244 160
437 354
-306 51
227 222
199 -472
173 488
27 336
50 492
-372 -79
165 -56
499 18
-421 9
176 -477
-55 70
351 -35
43 -245
236 422
456 107
398 459
-313 366
31 -411
443 -452
-289 458
106 -438
-52 -19
-379 43
134 323
-393 -126
-265 473
-119 285
492 433
254 64
37 64
495 -119
-404 439
-343 411
347 229
-82 -455
-84 -174
204 -496
317 -287
-476 -457
279 -10
-22 401
270 -317
263 -250
81 -499
95 266
-251 -63
189 398
355 9
428 -69
-207 84
205 383
-92 177
-369 270
-29 35
-489 -84
-245 -494
-497 288
477 -118
-66 87
-410 427
-7 188
-422 -364
-452 117
-73 -459
107 -109
-259 408
291 -314
-246 148
76 457
246 -10
74 -18
-224 365
-359 388
-182 -319
-307 277
-248 366
-440 -240
14 494
-281 31
316 416
-137 27
196 297
-352 -46
-269 131
245 -191
403 -151
205 370
-289 252
-422 48
359 -26
263 -251
-7 400
234 -201
-296 131
147 163
152 -427
-195 -7
282 316
453 -291
-342 -398
82 -32
-144 -277
8 125
283 -393
-463 -207
232 477
-497 365
-451 -462
-425 6
-378 -280
-21 366
351 -200
27 59
492 451
-368 106
197 414
65 190
115 439
139 -172
226 258
296 231
308 291
-408 225
96 -51
-68 -8
209 427
-200 448
-499 117
197 -433
56 300
261 148
-116 112
-96 -250
90 348
-475 -403
-166 69
232 310
132 -405
-481 452
497 -89
375 -188
213 405
447 -244
127 -262
450 173
386 -238
-281 -165
-253 -426
244 81
253 -47
20 -234
-227 -440
-33 -497
129 352
293 -70
-239 -108
171 -439
-400 148
-64 177
265 279
-229 85
-61 111
145 173
57 471
306 216
260 -418
-425 -5
-157 16
428 333
418 154
422 89
-200 -362
228 155
197 -155
-251 -26
-294 -378
32 -342
163 265
333 -368
-157 -37
-474 -49
-106 -405
-438 -324
-2 -495
-409 334
490 -361
115 -389
74 279
-432 63
417 372
-60 -240
-93 -346
486 -308
-120 -80
-107 -36
-474 -491
144 -301
318 -206
299 -441
434 77
246 -470
164 180
488 157
430 -382
-440 346
-56 -299
-12 -35
-382 -100
422 4
285 445
407 -205
-479 -358
128 315
471 499
-407 -93
230 -256
-44 199
-116 55
-80 -299
-159 14
-58 -106
-473 484
191 -239
75 303
-121 -366
65 87
-62 -198
-249 170
494 -130
293 -171
10 211
-99 -175
479 14
-166 433
-51 198
-458 -306
-258 330
27 131
330 -473
-114 -93
-368 -146
-7 -267
223 -457
-200 10
297 426
378 209
-131 269
-99 427
-299 -154
-340 -71
-1 -169
443 455
-195 168
128 -122
169 140
290 23
-188 494
-466 496
326 -500
496 213
-238 246
361 -445
212 284
377 -164
305 368
-409 -72
115 297
457 -294
380 232
460 259
-470 473
25 277
60 399
-88 -367
-163 278
333 -125
216 410
-84 -166
77 -287
-111 219
-127 433
-274 -243
150 -60
-58 281
-256 359
436 105
-243 363
55 154
359 78
-16 213
-221 -196
-316 -339
176 192
209 61
127 403
-6 -186
-40 -318
327 173
-21 -336
159 -463
98 326
-313 382
463 272
343 -150
-114 149
-122 434
110 404
52 420
-28 372
-41 -336
144 83
-192 297
239 306
-32 -139
-499 -239
-102 -92
467 -393
-193 436
-398 171
-380 77
390 -403
-150 17
-480 59
-355 447
-223 432
-104 489
-261 -138
-182 -182
-51 118
281 -451
-262 406
407 191
5 420
97 -258
-214 81
-327 -461
-238 425
416 -319
-487 -224
-475 -323
67 450
410 68
-347 -40
483 400
-377 -214
-411 138
-113 -340
301 -331
-71 261
343 -375
-406 -69
-318 -374
-318 -107
-145 -185
415 108
-325 -30
265 -79
-492 -311
-349 331
-246 -76
139 -97
1 -173
-95 -179
-280 16
490 320
418 173
454 495
49 -198
-198 -214
38 -420
-165 298
352 -139
-275 495
185 -53
-419 -195
-430 -475
274 -69
391 -85
-432 -84
-189 -324
-300 -290
295 176
-159 171
-473 270
273 353
219 -392
-396 352
-70 379
-14 -29
-204 -374
-179 -327
-314 -216
225 390
-241 -466
429 37
-39 260
-104 479
-107 -6
237 -141
-60 144
-284 -161
220 92
87 177
-446 -470
-477 476
-294 419
30 333
-358 126
64 94
265 79
109 -216
-32 -281
-377 300
345 377
256 -412
174 -123
-413 -241
205 362
-367 -114
-425 276
-229 -429
312 252
244 214
413 45
-236 -393
263 -219
306 399
194 -320
119 445
31 -438
-217 40
-7 -32
460 422
126 99
347 -186
-206 452
330 -45
143 -369
446 17
124 -59
329 -184
390 493
315 -150
77 -314
480 296
192 398
90 331
13 374
412 251
45 249
277 -64
-306 247
-303 -11
-451 -96
-217 -53
-284 -204
270 -287
24 -456
142 -45
193 21
-490 216
256 -344
-268 -26
-106 -398
403 -403
9 345
-164 325
-181 -484
332 -429
152 63
-358 87
-379 -351
31 426
425 459
-279 207
338 478
120 108
93 -435
-249 21
-92 -491
20 -138
-76 -169
362 192
-329 -216
-431 415
-47 467
220 -130
-327 127
291 -464
-193 -149
-398 130
-278 -427
-178 18
483 -151
-272 -486
-241 295
-375 198
486 415
-99 -472
142 -98
326 -202
-351 113
-15 459
-425 -128
372 356
-45 361
99 409
-184 249
-62 175
440 45
-454 135
-58 358
-340 312
241 -153
-294 72
454 -116
-169 254
358 239
105 312
132 64
-343 378
370 37
-299 70
-47 276
75 26
121 -220
-382 77
-348 461
434 15
156 -417
-447 -374
345 268
-376 -54
-83 300
-300 -318
-485 -123
207 359
-354 23
-9 -256
-338 267
125 -279
-115 -173
-298 -55
109 -119
-386 344
-331 -170
-435 -448
-478 -443
106 146
-43 -367
468 -273
180 -465
-205 -245
-97 -282
77 -273
-150 -28
393 322
-9 368
314 412
-498 471
400 385
204 129
-407 -94
-75 -27
-283 -45
-374 235
-483 238
150 39
342 310
-472 -323
-110 410
-204 -32
-177 16
-101 488
163 -331
-418 -30
-156 -185
229 283
-7 490
-478 -459
-248 -465
-223 -139
18 -179
472 167
177 140
489 384
-363 -496
379 -463
264 -397
-246 -397
120 -230
-412 112
-128 -341
-130 362
6 15
96 210
31 461
106 393
260 -272
208 -338
-397 -211
-315 14
-22 -350
-149 383
408 423
482 197
193 -468
-144 -209
-493 422
85 212
445 338
-333 -143
13 406
252 -230
-413 -132
-146 300
-367 -309
-268 -332
-13 336
380 -250
-352 279
-171 277
428 -213
-10 100
-202 99
-336 -378
-454 -327
-82 96
437 -166
-150 472
-458 -369
20 81
127 309
453 352
-409 -333
327 255
-480 470
378 -306
370 -454
-206 -97
489 50
-96 32
-213 288
-333 -179
338 -74
-373 194
-269 490
-169 240
142 435
-139 -2
-211 -425
-22 35
-415 235
-135 385
-258 -437
166 261
-494 171
-302 -186
18 133
408 361
7 359
-315 59
218 -425
425 257
416 -253
303 110
52 437
-431 -149
439 305
-197 -373
379 371
436 383
-404 347
242 280
-48 -472
-192 212
-232 -469
-336 172
230 -186
-150 34
141 274
-233 284
-272 232
405 -452
-326 -1
-391 -366
-71 -278
-56 363
347 -39
-332 81
448 49
-202 -72
248 -112
-38 129
149 319
473 -134
444 -445
-369 -119
-409 -162
-351 -231
444 -102
493 -418
160 -189
325 -450
261 -60
212 28
-60 -49
129 -357
495 -196
128 -449
56 -440
228 -355
292 128
389 208
-20 -160
440 444
-323 -181
-371 212
-294 240
-228 147
-232 -4
-443 -334
-54 -429
397 -90
-216 441
-182 -271
86 36
473 -433
19 277
146 -321
-154 -475
17 307
-152 -108
201 85
-292 -219
-29 166
430 -398
-168 338
130 193
-120 -154
-100 -341
233 10
-69 63
-376 396
-470 -339
229 -333
460 477
-66 180
-129 -433
492 -331
93 -62
180 496
-199 -375
-231 -402
-95 87
-76 -46
-485 -82
196 -161
119 151
28 -260
493 -455
346 99
-76 286
-477 139
-112 108
-460 198
-467 -330
-23 192
-207 344
495 341
-405 -249
-129 398
-496 231
-142 -242
461 -55
-50 240
-279 80
-243 68
-229 238
-386 216
93 -187
88 -97
406 -176
-254 115
232 -295
18 -187
-227 60
110 -431
-308 -500
-377 -394
-98 -330
-465 271
-484 60
212 79
281 -255
447 421
461 24
56 -22
313 -276
-181 -337
-205 263
317 5
265 -461
3 -402
-443 -424
397 -5
248 -291
89 316
-487 -468
137 -149
184 290
314 -457
313 154
237 -481
242 -201
62 319
264 -395
351 -311
-279 -109
-117 325
320 146
-276 66
95 373
210 394
-119 -264
-421 375
82 -384
-171 -408
-124 413
-20 -474
225 183
409 -478
-283 -153
-125 -3
-184 -383
-414 196
138 302
254 342
150 -274
277 345
235 -494
399 -174
-127 465
-397 -305
-132 245
-66 -66
412 -346
328 260
370 -442
-304 -53
73 -85
203 447
351 387
-135 -449
223 137
-217 -378
-150 73
-292 -361
90 -451
390 373
-132 -96
-177 -46
315 -338
353 -81
23 457
-271 263
-176 288
191 219
403 320
268 -384
226 -238
-362 -96
119 306
359 -418
-368 409
314 191
-301 -476
42 -120
223 176
-426 316
236 12
447 155
457 -328
-285 -132
-243 -250
-260 126
3 -38
444 -270
-447 -159
-44 -377
411 355
-23 353
-486 273
258 -71
417 -34
-240 267
-42 -58
-356 -263
419 -276
5 66
414 -2
-453 252
-131 373
268 -463
114 388
-66 386
-369 -393
-63 -1
118 124
476 -91
469 -144
498 -78
-154 -484
-90 -483
-235 -429
371 -374
487 -215
429 124
-134 -10
222 13
-108 229
94 -416
390 -378
-245 73
-443 183
-209 31
472 -52
236 -155
-165 168
74 -372
476 -495
391 -454
284 -72
261 -133
305 -2
486 324
-421 -216
-206 -44
-337 -480
449 -30
-376 -397
427 -393
-366 -76
8 161
453 -162
330 -416
207 -76
440 -245
349 -50
-372 -91
307 54
-384 451
-428 -393
-496 381
-281 409
55 -474
33 471
252 45
449 400
-170 -11
-89 240
-281 96
352 248
11 -352
-347 36
-309 -140
19 231
187 -331
-72 -195
208 94
-119 -426
-240 74
169 194
293 -92
50 233
157 -339
-335 -144
409 -282
452 209
109 258
-478 -37
319 -237
176 146
-309 203
48 4
-450 -417
490 158
431 -431
340 384
379 123
-117 330
-270 384
65 -11
274 116
-439 102
-67 -38
-367 -281
-351 430
-192 -64
-143 217
478 -360
95 -109
-116 185
39 -146
223 99
-100 75
430 413
-468 217
-353 -171
-274 -219
-114 -34
-305 -148
-33 189
178 352
-424 -321
162 -323
-43 -256
249 -51
-16 -4
107 158
204 -30
421 343
255 197
291 -283
327 -444
224 497
491 -489
56 303
435 -467
292 356
333 -203
-211 449
-272 389
42 -284
382 -393
-419 482
4 188
229 364
-136 -494
-373 94
263 357
363 -17
-194 -409
-491 90
-123 190
-406 52
64 -315
-1 169
-430 -89
436 -167
138 499
-181 410
55 229
-362 166
-245 393
264 -18
316 118
484 213
-63 439
360 499
453 -432
-372 133
55 -287
272 62
343 -237
-62 271
483 440
84 -168
176 67
-210 -151
287 385
-362 -320
283 265
414 -495
15 -73
-107 318
13 142
-241 -434
-274 -485
-75 406
240 126
-161 -251
464 -215
143 184
331 98
-198 -291
242 -340
69 -455
292 496
425 474
-177 251
-272 473
-346 -373
-469 -61
-76 280
-313 -206
12 -84
-71 124
-472 217
124 16
-229 -43
-482 441
448 -476
-122 398
188 94
384 317
-481 -139
-490 300
223 285
-45 100
421 63
253 50
-79 -238
-450 478
254 -360
176 8
-41 74
403 236
-300 47
-143 151
25 423
370 -409
-323 3
-204 -161
-293 -82
115 92
479 285
-152 23
-353 -199
-367 391
-48 358
-58 -42
-354 291
-370 387
-254 16
133 -328
307 119
-280 -226
490 -224
454 -379
-119 333
479 -494
-137 -405
-173 132
-433 494
-430 -374
153 35
375 270
-326 -370
344 -453
17 259
-45 1
-465 -357
415 -456
-242 -461
370 294
-311 -214
1 413
-246 325
60 -256
-221 -476
152 -150
-425 197
213 -6
281 361
23 -100
228 125
-352 291
471 48
481 -62
-89 -27
-46 -271
169 91
294 -58
407 -155
393 137
453 86
302 344
188 445
12 -335
171 417
35 -458
16 228
83 11
-375 -204
270 84
200 -348
-481 181
33 323
-263 411
376 434
288 -153
-495 426
82 71
-189 16
-425 17
219 -376
-324 -249
-311 -280
443 482
-197 -68
310 -341
-139 -153
-246 69
-330 420
-246 373
44 -370
-404 -177
-422 348
-152 -50
-59 13
169 -108
136 -58
239 265
-74 -456
484 3
3 35
-227 103
-478 359
71 379
-114 3
-200 290
-100 117
-355 -350
367 415
98 442
-352 88
439 -140
-232 -438
48 328
-253 460
238 -286
-432 -268
-177 -126
-183 449
-260 -185
-251 481
-42 -344
-200 412
316 -350
76 1
-417 30
239 -20
357 -205
455 98
313 202
-261 -178
-223 -301
128 195
-314 60
-107 -377
-451 437
446 260
284 -235
-400 -376
171 -170
-417 131
-400 -287
461 447
-254 -94
201 -69
-105 400
481 -110
-42 78
294 453
358 -441
-4 300
-103 499
-148 467
293 193
431 244
-492 107
-70 -345
-108 -423
-345 247
-179 42
223 -392
-69 -220
-493 435
-447 -64
250 -341
-476 423
380 312
298 -321
-139 -125
74 -298
116 77
245 114
52 -96
-40 364
154 -129
374 296
492 231
-238 272
184 318
-466 51
-169 1
-163 497
-304 334
-374 107
175 -199
222 -486
-294 -177
-271 -82
25 -23
-206 329
-139 84
19 -230
-82 437
183 156
384 -324
125 -474
-486 -236
110 -145
351 -89
-11 -337
231 12
-115 144
268 333
-405 450
337 -399
137 -347
-493 192
-433 114
432 328
-39 371
-258 427
493 -460
135 202
-307 -419
-78 -304
-253 -286
-480 -199
-486 434
389 385
293 -390
-466 298
87 -343
42 -458
442 -382
-214 478
161 460
-276 75
430 276
277 -462
257 -93
91 -213
-479 404
5 -51
-171 454
333 124
59 323
272 279
468 -220
-165 -256
-11 252
-13 -477
343 -59
-480 -360
-404 -232
-452 204
134 -288
-26 310
334 -101
374 30
460 44
-256 166
-259 -421
-403 160
-179 -125
158 374
-492 -372
-147 249
147 490
-19 -272
273 -285
460 -499
-301 224
334 498
79 -287
-99 452
-191 -265
-390 -448
-218 392
203 -473
319 111
296 182
-341 430
-391 8
-7 -365
-420 323
-435 -386
188 33
-248 -117
309 190
-321 476
-100 202
359 -214
-343 -335
-229 8
184 -236
416 -434
-305 -438
-335 247
127 312
-199 -328
60 -430
435 0
-44 -199
-8 -431
351 -462
-178 52
-359 290
375 -166
-100 30
218 163
-236 -20
-408 -112
-263 37
-346 312
468 -357
116 -323
208 55
420 -363
457 -284
34 147
-149 -90
-375 431
29 134
-272 193
193 246
311 -32
-132 -25
114 124
-212 -238
85 -65
-134 447
165 367
-499 412
377 -281
-497 -209
-107 -209
-154 153
-11 -364
285 194
-60 441
76 -476
-254 45
-348 -88
265 435
-47 14
-361 -10
-424 -198
437 279
302 47
132 288
-30 232
-423 247
171 9
-206 -367
-363 452
474 -465
-369 -443
-168 409
161 161
-382 129
402 317
-185 262
-199 155
-114 423
-405 -199
132 -467
223 -84
311 -305
-415 -424
-343 -421
-164 329
444 -356
-426 -85
491 -41
-133 137
-85 -114
-115 192
-133 6
-139 211
329 -268
493 441
-130 412
-268 274
100 126
445 301
-426 329
450 267
221 -200
360 -126
346 -182
220 331
147 -302
-396 91
-122 336
-105 189
-416 -491
-314 -199
0 264
255 -431
167 398
-78 133
366 72
350 245
403 274
187 -184
-145 382
243 351
-60 -171
431 220
36 -274
-360 210
-80 -478
-96 91
-147 163
-200 351
364 485
-292 164
9 -2
356 123
-100 -1
-413 368
-470 -280
163 170
309 56
-85 375
247 182
-6 420
278 -76
-246 -163
290 124
310 -70
-404 138
-400 -24
-90 -493
-76 288
454 -172
350 -197
363 181
266 -12
-289 438
330 375
25 -333
312 229
37 425
-119 319
370 239
130 144
382 -443
397 8
350 -478
81 -59
-166 470
76 -66
-213 -105
441 325
294 -251
-491 73
-65 140
145 -190
150 -157
330 445
-81 -407
267 -187
-50 398
30 202
113 407
-340 358
-177 -336
33 234
390 151
253 -61
326 146
189 -415
155 51
378 72
-411 483
-408 375
-317 362
-337 424
253 111
210 68
-270 -144
390 275
425 -80
-36 204
-42 -361
238 277
-461 261
217 373
-292 -125
41 -112
455 -92
77 -478
-430 -78
-82 460
165 247
42 125
-179 -224
101 -310
-60 28
442 -248
84 -422
-31 244
-191 30
-434 28
-39 373
290 -185
5 136
240 -467
397 258
347 -112
-363 85
-21 -391
153 305
-257 -338
-242 437
150 163
495 205
27 63
-368 -266
399 87
-215 -393
87 -30
232 190
-223 164
95 218
50 -29
-85 -33
106 437
246 116
-357 -171
-69 259
291 -284
252 -345
293 52
293 -464
117 -4
323 382
-309 228
57 250
410 214
258 387
407 -324
-34 -104
-68 232
-405 327
81 -174
203 22
494 222
420 -452
-247 -159
363 -377
-30 -129
354 -472
-256 423
-173 148
21 4
-404 -325
-18 -285
-130 321
313 460
397 104
-425 481
366 -279
-405 -333
82 -92
352 236
-438 -303
487 -309
-3 400
-418 -31
-49 -223
314 43
-125 170
-26 434
210 -67
126 69
21 -218
-44 348
-284 -295
-284 -36
158 -209
16 371
-42 -264
138 158
54 497
-212 90
-303 -99
473 -305
-80 -77
-372 173
409 127
-300 366
-225 -46
-259 -414
-136 -44
25 -422
-214 316
-71 15
467 441
-117 366
234 301
-162 202
64 -117
384 -144
-414 454
203 486
-192 404
332 304
-165 87
-176 -401
-454 222
267 292
-131 469
81 -152
-343 386
106 -158
270 -61
-173 -316
30 231
-155 -151
-280 342
377 -30
-384 499
-178 -283
-312 432
-388 -492
296 456
344 -134
-229 255
-203 248
-148 246
-445 -156
133 117
163 -65
457 116
317 -464
-408 -153
330 413
321 -482
70 -435
-26 184
136 -14
-162 -340
403 -457
307 -360
-189 476
-100 29
138 73
217 299
100 454
30 346
-386 22
-312 212
-251 -486
-98 389
-498 482
-141 -420
116 199
452 -111
176 -326
-414 226
303 321
301 -389
-383 159
57 -287
-181 242
-233 373
-396 -111
-67 180
-387 264
109 -128
443 -285
171 498
-406 297
-29 -366
181 -306
180 260
433 156
-339 -132
-428 -423
-200 50
22 5
-211 177
208 160
305 267
-22 -185
-122 274
446 56
-400 -71
461 -247
63 417
-295 -161
-114 404
-47 -313
-436 -431
422 321
192 -117
374 -309
337 -389
-282 357
0 -445
-407 363
181 -425
312 -187
390 -234
-332 450
-417 70
-28 96
-194 462
379 76
-301 486
455 -85
-358 461
-176 231
355 441
-210 488
-66 414
300 -278
358 -8
-308 -335
376 -480
247 -316
72 26
-123 24
-291 4
-378 450
382 -150
-237 19
-343 -478
179 -26
26 419
-145 -355
-185 -250
-446 -385
-299 478
406 473
61 -280
256 -243
198 -327
149 129
-98 416
357 199
309 -304
-193 -453
-219 -62
-118 -436
-202 56
32 -400
78 -61
-346 437
176 -272
-141 -448
453 90
107 -127
266 338
116 226
-218 -370
-97 -7
169 -495
-300 264
499 472
360 -202
-7 299
336 -32
-121 -224
393 -432
35 -5
-395 182
485 195
346 177
-185 60
-297 -495
-456 139
-2 -239
199 -464
482 450
265 464
475 428
106 -17
190 289
-426 -433
475 499
-280 95
177 -435
247 265
-207 -310
-64 -400
304 235
-161 152
102 243
-457 231
-301 170
-314 -335
-60 80
-371 -446
449 270
3 -436
43 345
-99 -162
-314 -86
86 -260
419 166
202 485
-205 402
424 261
423 72
-43 -463
357 106
-325 374
189 142
464 383
-123 467
176 -154
116 -453
-335 278
-283 408
323 -174
-270 -298
407 294
-5 273
114 483
-73 -355
-201 115
-188 -462
181 463
-162 -378
311 -475
-394 9
-219 -82
-323 104
372 431
43 290
-165 -328
-167 -373
453 88
94 -308
276 452
402 477
-23 -313
-332 12
426 200
391 322
-27 -340
-357 -222
209 54
466 -216
-112 193
134 118
-219 432
-3 393
-404 -363
-129 -389
161 489
-279 -460
-362 -230
56 489
4 -230
41 273
-292 185
-315 -164
-319 -314
280 -69
225 93
212 184
19 -121
254 122
-434 42
-396 -482
46 -25
240 -47
-500 -144
-410 -478
433 -177
483 -290
-346 -406
-273 -104
364 -490
-244 -324
440 -265
-338 431
-423 -323
-117 494
99 470
287 88
440 175
-5 310
225 -464
-351 -468
171 458
129 -498
-65 246
-344 138
-329 -30
-119 -401
-472 -193
283 -448
98 -248
-115 29
31 -316
141 -336
-38 368
408 -440
377 28
321 -10
114 54
-121 -487
493 -155
-155 -411
-488 414
61 -441
-345 265
335 103
-79 -134
266 348
-331 -343
67 -70
318 85
-246 -412
-250 -434
-388 -91
122 -213
-84 101
487 -465
84 -237
157 -432
279 -374
255 84
390 -112
-424 -381
278 487
-297 -481
89 -124
-164 -482
-144 -449
79 -74
333 -152
278 318
-192 299
-335 -56
50 -314
442 -345
-11 52
-348 -272
-130 252
-344 -192
-255 -411
169 -487
-336 -276
-9 495
-254 401
467 -484
23 347
491 -69
158 28
-390 -494
3 -139
110 -391
429 -313
462 228
207 188
253 -141
218 -20
-161 -388
-217 -232
118 -230
29 -203
434 -278
-371 451
-424 351
-437 -467
-288 -182
-238 -202
-297 236
-404 490
25 -459
35 -108
-342 -25
396 -180
-105 145
-338 -241
-43 -82
49 360
-277 -207
-207 -321
-437 -46
422 255
-168 405
287 487
-307 -254
339 -110
-464 73
221 474
-1 186
429 364
-319 -287
367 74
-36 -477
404 205
-371 -66
-14 486
359 216
-263 482
472 480
-320 418
151 18
260 85
-62 -267
-318 -312
-3 -247
-363 263
-217 249
-267 -364
448 457
432 -145
-100 143
-236 429
-146 396
207 221
-169 425
89 -66
-86 153
-446 -499
-155 224
218 192
86 -449
-172 392
-42 75
-12 294
-433 463
172 338
-149 350
446 -396
61 69
436 232
210 -205
176 177
456 -122
-18 379
-453 -483
-52 -474
65 -34
187 -462
-194 115
-438 438
-161 -233
-374 -267
-165 -113
-439 40
123 228
-292 -436
-417 194
436 -33
373 -393
-185 -216
492 -160
131 181
-152 425
471 455
52 -219
318 243
30 -112
131 467
-71 437
81 264
15 -74
-258 -377
-69 -353
79 383
423 -155
-273 -85
20 -361
154 -216
-7 10
83 494
331 -361
-220 475
-21 -98
455 125
-445 485
344 -326
-449 451
-365 -69
-320 52
-64 -490
-181 406
-84 263
401 -82
-87 -156
112 -163
378 -15
486 -305
-116 -382
-483 -225
-243 -1
-341 -174
46 -494
-163 83
310 426
221 463
-65 -109
-500 -486
407 -99
491 224
176 -394
472 56
-64 298
381 -161
479 -306
-436 378
362 40
265 -185
-299 94
-156 -218
-100 -356
-32 329
-199 364
99 342
237 115
447 415
-158 -356
78 422
-494 -428
-190 -134
455 -150
331 408
208 361
-104 1
-441 458
-486 -384
-425 -30
-198 215
-203 314
40 174
-229 -162
-158 485
125 169
-72 -91
291 76
182 -122
147 436
338 -270
-216 -275
-287 -477
-257 -496
89 307
-209 456
328 -415
236 -207
151 330
-152 -487
406 -4
-214 -428
-371 -26
346 121
-130 -461
79 -402
-86 192
226 267
-421 -2
372 19
412 -154
478 -241
-311 -30
458 229
16 37
188 328
22 -366
174 9
-378 306
410 -11
-247 283
277 -490
-497 25
368 -88
63 3
186 -15
45 210
225 480
-290 355
486 298
-48 -336
305 489
279 -152
3 127
219 239
-499 28
73 -379
-14 427
338 -369
-183 4
183 -222
-270 -182
-120 -120
41 -341
222 171
431 -234
-475 249
-218 -345
-329 -196
278 329
119 -47
68 -10
-358 352
379 -216
461 -174
275 109
291 394
-94 189
442 -82
-166 500
412 132
455 -409
405 320
-223 477
234 305
381 189
18 -273
-376 -130
-321 -332
474 368
210 331
-221 392
-160 113
103 -219
-28 316
-450 424
-70 -279
481 460
193 -191
-64 -25
76 280
474 -310
-221 -230
-276 -378
-61 -171
305 324
-319 -368
195 -496
211 -486
344 -335
430 22
-407 82
-307 24
473 -208
-348 -76
-142 -360
478 474
-447 271
126 191
-409 -100
414 500
20 -185
-402 -317
-418 -182
66 470
376 -215
60 -377
-274 -127
-75 -145
187 -465
182 -380
-328 482
-306 124
-352 394
351 -45
-404 -384
136 5
39 381
234 28
-320 -300
-15 -352
194 433
-55 33
-204 432
39 5
-305 -412
-450 -406
368 -35
-355 -454
451 -207
-345 -426
166 -461
-212 -129
-463 396
289 4
81 19
-470 151
144 -203
140 454
-471 210
333 33
-150 -139
-463 -141
-311 440
-421 191
-383 -52
-263 213
127 123
20 4
-291 -415
127 -219
338 45
-416 116
370 -476
-182 399
484 21
-3 318
-245 161
28 123
363 53
-319 73
-318 296
-19 499
404 50
210 -116
266 58
221 -285
-464 -304
137 -209
485 -199
-34 124
-127 -145
64 290
296 398
496 129
-469 465
-183 -103
486 -420
-47 -84
469 -212
42 91
139 -442
482 -36
331 383
18 -215
-136 187
498 -21
92 -318
-308 103
-414 -147
-92 34
-30 -310
-34 -190
317 -246
-143 -446
343 227
12 -275
-498 322
-393 391
-387 235
170 9
353 386
315 411
394 46
-470 450
27 43
-139 -424
383 -105
-255 -389
-384 428
-353 333
26 189
359 -380
-135 428
-79 -212
408 -333
195 439
-342 -191
399 471
51 38
-104 -120
428 -151
-406 -90
417 -379
-112 -227
30 -472
2 -412
-142 -146
240 276
466 109
471 175
395 -72
254 163
373 45
-304 466
99 -386
205 430
-17 275
49 77
-429 -39
-463 -343
-264 -298
293 -81
-34 -307
120 -401
-392 114
209 -359
-196 -273
-360 -340
47 -96
353 381
-154 218
-392 248
-76 266
-431 -69
335 -212
105 21
-486 -134
488 -357
-326 252
-396 458
328 77
474 382
278 349
55 -409
-5 35
118 402
225 -192
-255 330
-421 -494
170 -224
-239 381
97 -117
-214 -259
-287 -115
-11 345
53 -193
20 392
37 -87
485 83
-273 -161
341 -424
-311 -415
160 46
-68 15
469 -254
204 -137
-299 -350
-378 -249
83 -185
224 -240
-381 -418
327 226
-204 -460
406 -352
307 -33
-407 -365
468 -92
-10 -3
-42 342
-177 -70
426 264
-57 -296
390 -10
439 414
203 262
-44 245
489 83
-413 -210
-413 19
-11 453
324 228
124 492
186 142
326 -330
468 -306
417 372
-71 117
-122 396
31 430
-275 457
-71 141
9 36
265 -333
296 62
153 -38
-165 -174
-144 12
-173 -221
319 246
388 -439
302 360
400 22
461 -351
-482 -73
-261 149
-58 -83
355 455
-53 467
-368 -247
171 194
-272 -32
-219 -19
-65 -13
13 -166
342 -158
-382 -117
448 -88
-227 -24
-405 225
488 -250
-316 -54
-100 -359
-494 304
147 -440
236 -415
454 259
-134 167
139 429
12 17
-373 -467
198 -430
372 267
16 284
61 257
92 -270
-298 391
407 288
-102 85
275 -6
-335 -71
449 -342
-324 -219
-396 452
192 279
360 -211
301 -347
113 161
-441 -225
45 -185
-104 -85
286 -219
-2 46
42 297
-412 174
-341 -416
-328 -424
328 -212
399 -411
-318 -85
310 373
93 -56
352 -486
220 37
-353 338
-274 432
-97 273
136 -4
296 -177
53 -146
317 -304
483 -499
-304 192
-275 460
161 479
-116 338
204 462
357 469
-37 270
107 286
119 -300
-458 284
230 257
154 50
349 -364
121 -398
-120 345
482 37
-24 -323
-265 -59
-14 -37
307 22
139 -229
494 112
197 442
-188 -360
305 -333
170 -31
287 -347
420 205
-476 -387
-490 359
-41 250
149 -173
143 251
134 -313
104 157
86 -455
-272 -20
270 113
-368 426
-379 -439
-209 174
167 160
-241 -67
-263 -253
-256 272
-441 -366
-23 496
118 374
-173 -240
33 499
-205 356
-431 372
-128 320
-463 76
160 487
-215 -7
-421 445
-344 316
499 -115
-43 -357
337 171
204 10
61 -478
485 218
-491 129
68 -327
-253 -358
-449 325
-269 73
224 165
-172 445
-278 303
249 368
195 205
130 3
468 -330
-160 -57
-147 40
387 283
-258 209
455 124
-104 297
-314 257
-435 -255
148 -370
-335 417
419 -453
448 190
-410 -406
271 -389
-402 -88
126 450
-344 230
-3 319
-4 26
-333 -49
-356 4
-144 -153
-362 0
75 265
-375 481
470 147
-232 -225
491 220
164 -235
-396 -476
307 -355
319 127
143 274
-36 -88
308 456
-91 -205
-457 210
274 -96
-64 -48
15 365
253 -30
172 484
241 -425
292 20
-251 53
355 215
-327 46
-277 -438
-240 369
-119 -203
278 -103
334 -342
-83 24
367 207
-364 228
-481 52
450 469
254 400
331 238
348 -69
16 -4
-4 -38
498 -438
-95 498
-92 -20
360 -122
-347 -277
468 -324
-262 -357
234 -365
-281 387
-374 236
75 -34
11 110
-379 -25
341 373
-436 51
-296 -305
163 -240
-273 66
31 23
-273 -106
163 335
261 246
-126 301
-29 68
212 71
135 278
362 -274
-283 -30
191 438
-256 8
419 95
273 171
-58 -18
-340 392
327 -52
-324 -33
153 -249
-105 -88
249 -405
-265 -115
-269 -411
340 474
-486 -298
-91 -263
-500 387
463 341
8 6
103 -152
-184 -123
-493 404
429 -277
130 -390
-320 263
-330 333
-357 493
-473 321
-284 -42
34 24
456 -184
-437 -348
465 69
-52 -1
-2 -144
-482 121
45 451
-352 -457
-125 430
-315 79
82 193
-118 293
-369 331
-409 289
115 495
-361 -65
-474 -240
-472 347
-418 45
363 -473
-2 -205
-243 460
260 340
119 343
-139 474
-73 4
-419 -112
-286 102
291 40
-430 318
-302 -39
388 -499
185 -5
-493 -173
-233 53
-137 450
-145 -176
-268 352
-395 33
-499 -309
409 435
-122 -496
-403 -182
-302 135
377 -258
485 -81
251 262
202 -236
-87 -367
-415 58
191 156
-460 -147
132 347
-481 302
426 278
37 43
-260 386
-79 -302
-459 117
104 -440
-112 228
238 341
-201 -289
-145 59
458 434
395 453
498 -409
-106 82
17 470
-59 84
-263 375
-132 207
10 319
85 -181
-342 -120
96 -416
-63 -442
-497 322
-402 77
-470 -199
169 22
355 -53
-293 181
-492 349
440 -120
-430 304
-308 -66
-438 -296
-250 -275
-425 449
-132 488
319 157
-249 135
-276 -458
-135 -498
91 -51
-207 193
-463 247
-407 369
19 -383
-407 -297
-223 -383
204 -280
-9 -413
346 -248
210 484
-452 -333
-408 208
-481 249
243 234
-236 -35
309 475
-423 169
168 7
233 -209
66 -119
-44 248
-98 -422
-56 -330
-175 -495
-127 156
127 -284
229 -423
-217 -243
-59 366
140 122
58 237
360 -89
-293 -224
200 -29
338 -286
-221 -197
-495 38
354 317
372 -464
-310 40
315 366
-301 91
-245 185
-339 317
415 309
370 252
24 106
-340 500
323 -493
162 -432
-292 29
-475 -121
114 390
346 -158
458 64
-405 204
-87 247
-478 277
174 265
458 360
424 -27
155 -401
497 -424
251 -320
165 -47
-423 -283
401 416
-441 -283
395 59
-142 144
-427 384
79 69
492 81
-139 240
-91 -333
232 -375
366 317
12 -375
-334 -311
-483 451
-495 -415
119 -482
294 453
-245 -202
16 -97
-210 189
-173 -277
-177 494
-341 -475
171 -217
-403 244
496 74
-167 352
212 29
223 -216
-291 356
138 -394
-387 -9
-140 19
39 125
115 -213
-445 398
-179 -72
54 456
314 417
278 52
313 319
-95 147
448 17
230 116
28 -326
-285 -429
-213 -205
153 -475
148 -54
84 -431
178 -457
-451 -305
-347 479
-387 -285
-77 -157
-308 -95
-143 -222
48 302
-455 274
-156 -324
-417 148
90 410
82 -407
235 197
169 469
-466 -109
-4 154
143 -53
-259 358
123 -347
375 -314
-80 194
26 121
-487 -30
62 353
215 -286
-330 -242
142 313
-77 -287
291 -74
-61 83
402 -402
-404 -350
332 261
-208 -287
-270 -95
-328 96
-133 -106
-270 -106
212 -247
-394 388
387 -436
353 -16
291 311
-2 -273
-476 289
-159 -153
-246 116
-193 -17
-109 -346
-280 438
481 -181
35 472
23 236
-230 -268
-349 -314
-222 305
3 190
-395 492
-264 101
78 120
267 -270
162 432
-466 211
-127 250
-198 364
-75 -78
-247 86
323 -181
-200 -43
116 -49
-131 -208
-221 410
33 -31
258 -390
70 369
-357 -92
315 -354
-489 -101
-75 27
-259 461
183 213
242 -119
-365 -73
75 -491
-258 -404
-36 -277
112 157
-370 291
114 356
-326 -456
290 -147
335 386
410 -317
-405 221
290 472
463 42
395 -335
475 51
-428 16
-369 239
116 397
142 46
65 200
-168 -414
-381 350
-132 -430
-211 31
150 -486
280 -384
-467 -498
188 50
407 284
-118 78
481 -444
-236 -31
226 382
73 364
-446 50
-117 -472
274 97
493 -403
112 184
12 252
-230 43
263 177
324 382
-370 95
-21 470
160 -397
-50 -452
-94 222
-191 -354
-117 495
-228 -270
219 -313
145 -76
419 -405
-206 160
210 302
-206 16
-236 -107
183 235
37 79
36 431
298 84
-128 433
-91 -424
-31 221
-173 -28
39 346
-374 119
-365 304
65 -446
-293 159
325 -193
-338 -34
309 -485
-440 -135
-425 275
-54 -495
20 -49
227 182
-28 -9
-23 492
125 -412
124 -496
-307 103
430 -411
359 -47
-66 440
347 -35
-112 335
-438 322
3 6
442 405
-318 250
-133 292
330 54
8 137
-306 -393
256 456
80 27
387 38
-111 -200
80 -138
294 -322
-106 -199
-351 -122
437 -34
-260 315
-388 -393
447 -50
232 365
-475 -155
-131 -62
-385 -105
-478 -218
-305 187
-256 462
394 498
-386 -260
53 -187
-350 -15
-499 -420
406 76
-397 -172
-274 134
449 -16
293 408
-298 -387
-402 211
227 -299
-123 -473
159 -105
-483 -226
427 -378
429 -196
-276 198
-114 -287
309 -71
141 -397
-482 -330
-247 369
371 480
-105 -354
-253 311
-439 -352
-102 -443
30 429
295 284
459 -160
118 390
421 -65
494 431
359 206
-211 -123
-246 483
275 -272
407 267
-81 -268
-138 -101
245 344
-55 -70
180 -324
-424 236
163 114
-427 -26
-309 -130
359 132
-146 326
371 -73
-432 -467
8 -271
-258 214
-133 -142
-420 208
119 -301
-319 202
-468 394
-241 173
497 298
103 -374
-164 -330
367 -173
347 292
112 -427
-46 457
-386 260
36 100
155 -460
-270 412
175 71
-52 -465
301 7
-400 -81
469 -297
-43 331
56 432
477 -491
-243 5
-443 22
-396 -174
-469 370
-27 -478
300 -262
379 -2
-423 21
-470 135
-124 -1
255 -169
299 -156
281 -16
-381 150
-169 83
-342 -96
179 -393
-199 356
-398 177
261 284
-174 -491
293 290
-94 478
301 218
-79 -162
-138 133
462 -230
353 -81
114 -391
55 269
386 140
29 -149
145 259
-272 -454
-180 -267
269 144
413 -302
-389 171
-199 132
443 -378
-274 11
67 287
-260 70
-310 409
254 425
441 -69
-462 284
-88 302
-56 -441
-270 171
-354 -387
-153 -431
-355 268
-113 -441
120 -256
232 199
103 -252
-363 428
24 -269
-320 -303
13 165
-222 380
-334 -49
-178 468
140 -196
-313 16
-197 -480
-54 -333
38 -225
-184 131
146 -395
-375 73
-212 293
461 -186
-166 483
46 153
-253 -497
140 389
-343 -368
332 -429
-110 -55
-243 383
38 25
404 113
321 278
265 35
-46 135
326 -381
-255 353
184 464
260 104
446 440
490 -115
270 339
-111 -45
-114 -438
357 108
309 -316
239 250
189 -299
164 -40
-123 372
178 101
-442 -461
216 -350
-390 475
-101 15
-132 -289
390 271
422 -71
164 369
29 -384
427 -334
-23 248
-104 -399
480 -312
287 295
-3 25
-313 -237
58 -391
26 3
428 -301
155 170
419 404
295 -83
-22 76
265 126
-246 131
-41 -462
-166 306
495 -256
243 -67
27 -439
132 -448
-39 204
148 -446
-350 -227
425 -389
268 -449
-136 131
-331 287
-241 -400
-369 80
-351 -45
248 -14
107 325
-143 452
455 428
397 -409
490 335
462 326
77 92
-305 -146
-200 404
430 188
-301 233
-253 268
73 -498
471 234
-164 -150
-169 -433
-113 -92
144 -263
72 8
-305 330
104 -7
164 -115
155 -141
476 -336
-300 -47
-169 15
120 -396
140 -480
-332 495
-235 451
-177 -269
344 168
72 101
-139 196
-299 14
-175 37
55 -328
436 -221
350 425
114 150
-240 -322
478 119
323 -276
-23 -422
448 44
-375 460
-16 -445
-494 272
279 327
-8 -174
472 135
-420 -437
-70 13
-272 81
-102 -244
-470 -435
155 181
125 -152
-448 320
-416 295
-212 -444
384 -376
128 213
436 221
441 456
-113 -302
-311 -483
-330 52
-421 -257
359 -489
166 111
-342 477
368 170
-440 -472
-474 -222
34 -140
107 -14
457 171
432 181
-336 322
-385 333
219 34
-11 257
281 -86
-236 7
-319 -499
413 199
340 252
371 405
359 168
231 -324
279 -244
191 -45
-140 -137
173 -316
127 -164
357 9
212 -400
-190 270
-52 338
404 -195
-77 109
493 -206
-108 332
-429 -126
-200 -294
-6 185
-73 -366
-473 432
-175 -297
500 -127
-303 200
203 -262
-203 22
-118 265
-472 353
473 310
281 65
137 90
-229 344
-232 259
-322 -454
-13 -238
123 73
365 -430
212 353
9 203
363 -235
-442 270
-147 -73
-139 443
470 -435
286 141
183 465
-432 134
163 422
-152 -193
-470 100
175 462
84 -214
-198 -411
-74 -340
-364 -294
320 490
-299 255
107 -183
-20 -451
-198 107
-403 329
-422 314
-336 -168
433 -233
-349 -363
-34 -496
151 176
37 -300
439 -447
-389 -426
-198 -228
48 322
270 -389
269 -419
209 304
428 -26
-189 151
-389 32
195 -177
218 41
158 -101
36 -109
64 252
-398 -188
-397 200
-192 -54
-340 360
453 347
64 486
388 216
-140 266
-360 480
457 167
-380 -30
-409 -182
-114 357
287 -351
-328 114
-395 -465
479 -175
251 164
-6 143
279 -271
409 207
-117 441
474 -310
127 178
221 313
-407 -65
-62 436
31 188
-312 225
442 -452
-285 -88
343 246
-358 -482
222 -375
-310 -496
95 2
364 210
107 206
-130 48
12 425
107 -264
-381 -359
-306 -21
-135 137
420 439
338 -341
13 449
-97 283
78 -280
251 -478
78 167
416 379
442 161
-387 450
-451 408
156 -46
399 -267
-107 168
403 163
149 307
292 -321
-229 16
-452 -181
-386 73
-17 376
-388 399
341 156
262 100
91 10
29 -288
-112 498
-369 -271
-224 -143
-402 327
-134 290
252 -56
-94 -239
-253 467
-351 -419
-132 -301
-123 418
-291 -462
-228 398
371 -320
-257 -438
418 -426
-280 -235
-465 79
384 -285
332 -27
430 396
-219 484
241 -451
-418 -126
-15 92
-200 254
-331 -79
163 -143
43 387
241 -308
200 311
-72 -139
221 420
-235 -483
-130 19
205 -415
292 -420
189 -227
359 -150
500 412
-191 -249
193 -310
-396 -228
358 -267
-73 -462
-180 -50
406 -381
485 457
348 137
-3 325
276 196
-170 -111
478 285
-458 383
-201 -353
232 -493
-212 -421
-276 -273
401 472
144 -398
-313 -201
10 -69
186 194
-418 -412
237 -230
4 -313
-299 210
-407 -469
-437 -183
286 361
473 323
-91 -121
103 -424
367 341
-54 449
-369 -12
-333 400
34 77
-155 -363
195 33
310 390
201 219
-210 417
33 231
331 299
-386 211
482 151
211 -403
65 270
357 144
-98 -421
137 265
359 -377
-130 -301
-177 -348
-191 16
72 -300
384 168
-456 399
-414 -230
-53 321
148 178
242 372
374 200
-118 -286
-393 -330
193 -277
-89 -113
-91 370
272 -111
97 -430
202 167
359 128
123 493
162 -281
436 133
393 72
415 369
9 186
26 325
350 -116
147 -482
498 394
330 336
-63 -293
411 459
-142 419
452 -473
-288 -183
290 21
315 -368
-212 -1
271 224
-471 -154
350 -416
55 241
-121 290
17 -267
352 -31
-323 -260
211 209
248 295
-122 -92
-419 -89
324 -465
204 294
41 427
207 109
-465 -390
-58 270
274 266
320 -32
-488 383
444 -82
51 426
-247 -106
419 -232
-187 414
143 -34
-425 352
-288 -499
-79 328
-1 -321
-2 -201
-403 -299
300 -27
-223 -496
-284 -53
-228 -161
453 437
80 -497
76 427
-214 -234
-361 -397
-355 -297
245 -126
457 150
306 7
475 170
-36 165
403 -143
368 76
452 -170
-60 -41
-193 -362
-416 174
18 184
465 317
39 146
-138 334
491 -376
441 391
163 -480
-450 -96
-328 -163
-102 -456
-341 -388
446 -234
-66 -183
478 -415
92 15
336 -351
-210 234
171 207
269 123
346 43
62 -167
404 -188
-322 -15
-125 -432
-450 386
1 -332
436 374
409 -41
-273 54
337 111
165 308
-202 -308
287 394
-120 72
336 381
428 -250
-446 188
171 -130
-79 -251
216 63
211 328
355 -271
-297 -415
421 176
-238 -18
128 302
-302 -277
449 -467
427 109
383 416
123 -300
-320 -237
436 -209
427 402
-385 266
311 -30
144 257
31 252
466 155
456 286
-162 -269
-53 233
309 103
441 195
-496 -260
107 104
-243 25
-408 256
71 426
260 -211
104 -318
-59 57
341 -332
-434 -232
-485 -477
-450 445
196 -227
-432 -405
264 -477
261 496
315 -416
230 -203
361 -492
-404 104
-168 -478
128 -293
-340 -433
341 158
95 -458
-154 -21
183 -260
-356 38
62 422
230 -138
455 222
301 350
291 -450
199 484
256 -357
-195 -231
261 347
-33 -497
288 350
305 317
238 249
-90 380
303 491
-342 -286
61 254
34 -368
155 48
-41 -191
-52 76
-405 -487
-148 424
198 161
-463 -460
-479 459
242 -440
78 -325
95 -220
-387 -300
377 308
-399 86
385 -160
410 -270
360 65
-298 165
86 161
-430 257
225 37
46 -321
-169 371
-74 -471
344 -260
303 -240
262 -179
53 -496
108 -218
-102 -401
-382 388
298 420
-5 -151
81 -250
-307 -360
159 -249
285 320
-456 111
-338 49
-344 -30
-102 -494
138 -168
-336 -307
195 -386
321 -194
478 -40
209 301
-199 -317
125 425
337 -322
-308 483
-386 -46
-86 -365
-310 78
-367 454
-234 -406
457 -471
278 348
52 -369
14 -102
-186 -333
-412 414
273 -491
494 -26
-175 312
-68 380
-364 -46
-12 278
467 -464
377 -372
-188 -30
-457 239
-364 390
-264 298
425 -494
223 -405
456 387
62 -496
447 466
-9 126
-411 221
422 498
-460 281
-47 278
-31 118
-416 -437
197 -291
293 -204
-416 376
172 240
-20 75
362 -319
463 353
379 390
-31 -288
-173 11
-311 72
258 141
144 297
79 405
-438 402
351 265
-411 196
-296 45
-407 475
-337 -280
303 250
91 -47
401 -147
-371 402
111 61
-248 -53
-331 468
160 -333
-192 -435
372 -5
-120 147
144 -314
-46 -268
-402 243
307 -312
9 -231
457 -234
142 29
-369 -374
-341 343
446 -170
-499 -62
-500 -151
-266 83
-79 -242
389 475
221 -443
-278 439
-310 -201
32 -46
56 -164
184 -461
495 -419
-336 -141
-277 275
-216 -158
-337 322
275 17
490 -487
83 -27
-378 -138
-258 248
283 198
-271 -355
-305 -300
459 -426
-261 353
455 -285
-158 -142
-104 -449
-388 -485
-125 255
264 248
198 -477
-400 119
16 -210
9 -14
440 339
498 -285
-169 9
104 455
204 413
341 378
254 271
109 248
-395 -361
245 196
-120 -35
475 -432
-253 -286
368 -32
423 -139
-315 -190
231 -366
-246 -386
336 -382
-347 273
-462 125
50 -386
-37 -423
-237 165
354 -472
404 307
427 -497
-321 274
53 486
243 329
-317 285
-400 -109
-13 -497
149 -261
-382 169
493 -346
454 -2
-140 -50
478 77
22 436
-473 407
-440 289
-407 -483
314 215
-114 31
-84 -91
-163 275
333 306
-496 -442
-271 -341
105 118
-184 -466
-122 63
-102 238
113 -491
-281 -426
436 -140
-242 -34
20 74
-90 -317
-193 -40
392 364
-16 -483
470 -351
131 -242
-187 -196
-431 -392
-100 110
316 325
1 436
271 -410
-240 -299
-231 354
485 118
-474 -22
460 112
-311 489
-375 -231
-165 463
198 392
-165 -444
20 -156
333 430
-284 202
159 -270
119 258
325 362
-47 -457
259 -187
77 -288
478 -206
43 189
157 15
-48 468
-103 11
411 385
-268 202
-123 -6
-357 -158
-162 -21
440 -421
-389 -355
-320 121
52 -259
-1 -3
483 53
146 -274
187 -446
258 -265
236 -5
49 451
-328 55
88 363
-159 228
-159 100
93 179
309 410
304 202
-282 -45
-186 -491
52 -195
343 156
87 113
268 -174
-75 -213
328 -115
422 7
-49 65
237 157
-382 -59
-391 -1
57 373
-177 29
-303 -343
-494 -77
237 -399
-83 135
150 152
-143 401
129 -161
122 -329
153 -53
-476 -199
-485 -334
239 439
-31 274
-208 -88
357 -447
-104 -323
374 -38
156 22
311 -358
-172 20
-35 -466
-9 -59
367 -349
-316 -263
158 -381
-147 -386
123 -440
-361 -121
81 305
333 -171
424 259
217 -399
-425 243
-78 -88
-345 296
-313 -438
491 -71
-275 218
-126 383
125 -463
-155 -162
-316 -290
144 -445
-450 -276
21 263
25 -162
420 393
92 -374
461 -39
256 288
-418 -187
1 -211
-115 -348
249 488
190 60
423 -132
265 -236
494 -196
-113 47
-144 -463
9 -404
133 -107
-358 285
361 73
-302 -411
313 125
450 -412
-134 -90
-473 492
83 444
-485 -259
-354 242
-248 132
-48 442
234 -494
435 -187
383 -206
-332 319
-34 36
256 359
-71 150
-34 -58
373 378
-400 -343
205 -346
199 -105
-260 55
151 209
-125 141
371 -194
68 113
-425 -46
-164 43
-314 423
-281 -55
242 -77
-280 164
-244 -391
118 -235
355 32
-401 353
229 244
313 -419
358 -51
-281 128
-370 188
446 443
235 469
-303 217
141 -425
56 446
-209 -367
249 97
-27 342
262 457
52 327
-97 165
24 -193
-349 53
283 11
346 44
20 -48
-71 153
-168 -393
471 -23
-399 355
-420 -148
456 -322
-152 214
342 -242
306 217
-274 -63
-311 462
-323 270
-218 -145
-369 166
197 -423
-308 -88
-177 167
230 17
-377 -160
99 -75
-368 317
178 52
-11 -424
-224 451
-139 499
229 -285
-140 -81
-239 474
-79 213
211 318
-70 483
72 337
321 413
-113 -233
-291 -69
102 262
-157 440
-66 250
437 453
-32 -41
-469 -244
-385 -251
-432 -308
69 394
246 -27
342 -116
-392 -286
-399 203
405 167
-56 79
369 135
278 297
339 -89
-326 179
-247 -430
-25 153
-352 -348
117 -137
290 -101
-136 496
-332 -36
224 432
-376 353
-257 -317
-213 4
-272 42
218 215
-221 211
-72 152
-165 -184
-174 288
-392 477
203 454
474 298
-289 345
262 -459
376 -223
-499 152
4 311
250 -430
62 179
477 469
-63 -460
-386 -207
483 90
17 427
490 385
-296 -385
427 -28
-478 405
124 379
-364 326
-449 -96
252 44
180 -124
287 -243
-453 -444
-321 -59
55 -81
-319 -169
127 -228
-362 -394
370 436
-460 -147
354 193
248 -264
-329 88
-373 -470
83 56
-185 133
435 357
-374 -237
-301 -184
346 73
424 -22
43 243
-153 -143
144 129
302 195
-327 -130
-425 -67
261 -329
-157 476
-134 135
107 -348
-31 -451
353 -207
-188 39
-30 -150
-29 214
-277 -388
-10 208
-36 198
-243 306
278 343
63 -440
210 -175
145 254
321 -102
-447 -81
488 -390
-291 456
-93 151
-244 237
-314 20
-265 -321
41 216
297 224
-385 -47
-443 31
-223 -454
-328 -30
-17 -229
-203 131
-436 -271
-458 193
127 -183
-315 67
214 395
173 133
-92 -342
-199 71
-241 159
-459 -317
-223 -362
-106 448
-464 14
-429 131
-59 -409
380 -438
165 -448
-477 289
-220 -239
-209 117
363 -388
23 473
-109 301
-292 -391
-46 391
11 434
278 -111
390 -397
182 -355
256 -172
-2 245
-41 -76
-366 418
320 -97
466 -183
18 -9
74 265
-142 134
443 -347
323 415
496 -483
252 112
-225 -268
17 -289
-454 198
95 -333
-123 -465
264 45
-28 375
-388 91
114 193
247 -464
-479 258
192 -251
396 -4
414 494
247 22
-229 170
-224 428
-61 -269
-350 235
277 180
176 265
444 401
-471 367
424 -208
51 41
219 -20
408 -226
-185 110
399 17
-473 72
-403 -297
206 -328
-212 341
205 290
-141 222
-228 -466
-241 315
-95 -194
228 -415
3 204
269 199
173 256
-54 204
-201 -287
110 -454
-50 -321
-499 351
297 64
404 461
-399 184
-87 265
-77 307
-353 278
276 -136
-71 -306
-201 229
68 -417
-241 399
-138 210
-118 38
-426 -34
-307 -412
95 454
-145 -67
209 -31
-286 -295
-321 229
267 20
384 84
421 -185
-314 -175
182 -218
-300 -130
-367 -271
-140 -471
-7 -36
-454 203
332 -70
53 -198
86 -407
287 -163
368 371
-258 -31
-496 -8
-244 387
-491 -101
339 -105
-344 139
-335 -342
494 480
106 214
-246 110
259 -130
-266 -329
20 55
-157 -182
-270 267
55 365
296 -264
-138 -286
-88 412
-253 -302
-86 -353
194 -189
-247 293
132 159
385 79
162 60
-269 -378
322 134
147 -499
-5 -427
383 16
-49 77
377 324
-123 -453
-381 -38
274 -494
296 -141
347 471
-321 208
128 -439
219 385
478 -468
3 84
8 -443
-482 22
-27 130
229 -108
-269 -75
0 171
-138 69
280 162
38 36
498 41
288 -197
55 209
-223 -286
-253 104
205 336
369 -365
-298 -132
-480 -141
425 -367
-399 -226
117 -163
-449 -222
-485 -408
-488 -156
220 -234
-459 216
-297 -334
-474 -314
-105 -148
-25 -412
-102 316
155 -148
46 -71
-456 -88
247 245
-436 370
-60 -190
-3 -39
-182 -447
-410 478
-446 -105
-87 -405
-468 -227
194 406
-54 449
-157 -395
-27 295
-414 464
-406 -139
-128 402
-468 -128
174 382
-78 -176
228 253
209 214
-59 400
498 -96
-204 -308
318 -401
-51 -126
-181 -75
479 -477
-325 -162
82 82
-154 -379
312 -33
-476 -134
-322 430
313 -76
-219 -151
-137 -305
-267 284
282 -240
-355 -165
-375 -394
-390 -10
-132 -99
474 -323
-335 183
97 3
302 -444
190 -270
403 -313
26 171
381 356
387 408
-484 -245
-173 -489
252 387
263 417
-142 -162
-124 40
455 153
141 445
73 269
59 44
221 47
-218 -497
-123 460
362 -274
246 -150
-311 -249
392 460
349 -465
387 -254
161 -478
-180 280
418 240
-472 -35
491 401
317 403
-360 -370
-168 168
312 159
259 126
-54 133
-440 380
-167 -206
348 452
-102 207
-429 -176
66 117
-266 -180
281 463
111 494
182 386
494 495
184 258
80 -9
152 -161
297 -148
109 3
-470 -273
48 472
-455 100
-206 92
260 -347
-144 355
416 -36
-333 -403
148 210
478 216
151 -361
-459 -259
447 -275
36 447
-116 -322
250 -394
271 -386
-378 -466
342 -331
365 228
120 -145
54 -182
440 -350
262 -340
126 -109
-276 -453
19 -314
397 318
-125 292
-6 -440
391 -269
3 -233
-170 242
136 5
89 217
-393 -417
-203 -48
-62 -183
241 437
-461 -26
-467 493
35 -280
-172 -17
-480 -192
-114 -292
489 -401
-317 -244
-121 -411
-257 -456
494 -162
-287 -6
209 41
-467 452
90 111
-474 147
235 -425
476 105
49 -151
-407 -102
491 256
242 -208
99 165
144 248
-472 -430
-250 -363
-444 38
-208 250
-181 -219
179 22
339 91
479 168
477 -59
-451 375
295 194
420 317
110 216
-20 27
378 -116
-382 456
-150 429
434 43
334 -343
218 407
256 -191
395 -42
-97 253
391 -289
-337 -477
296 37
360 -318
-8 205
-454 409
242 399
294 -328
41 481
-207 -176
-410 222
-401 191
121 -150
-372 -262
-433 -22
-115 249
69 493
146 -464
288 162
-238 -438
127 -103
50 217
316 174
-413 107
-416 357
4 465
143 329
-292 -36
-417 -238
-359 319
457 -149
108 -349
-230 -368
189 67
305 -254
432 -278
-162 -140
-53 -303
-346 148
78 114
-392 323
365 -371
34 341
-239 317
-195 -255
76 -315
-126 -314
40 436
96 -33
-160 345
63 -446
38 -397
141 -64
-101 425
-329 -173
-285 -151
408 -281
42 -12
-411 104
-396 462
-418 -12
-417 -439
-325 492
241 490
-183 -246
-469 360
63 -483
64 294
197 -216
440 -495
26 424
-428 258
428 401
259 292
-225 400
489 -491
491 -69
-300 212
-186 63
-415 235
249 -110
137 459
-470 -329
15 -345
-420 -415
154 333
-338 155
-12 410
-282 228
-470 -120
106 -165
-452 -333
356 -430
-72 -164
-59 -148
-266 491
-208 170
-337 -308
-336 421
-307 118
-2 95
-225 360
224 -175
11 -458
-407 -108
158 -171
4 457
56 -46
-164 29
-341 -372
36 269
105 -417
-368 166
-289 -421
138 475
268 -200
-448 170
-454 -488
-145 391
352 -70
142 -134
-317 188
-462 -340
-128 -217
148 111
-160 -429
449 427
25 -321
168 -121
124 413
-250 -213
-115 -51
-462 -452
-417 114
-79 223
-222 126
14 -167
-235 373
-247 94
-123 -102
-78 497
341 15
127 173
96 -442
82 -8
69 -290
-467 264
322 145
202 360
-128 -48
-409 40
257 -5
422 330
-319 449
-294 -34
-489 326
-94 82
15 -230
396 -62
85 491
271 472
-445 -494
318 193
116 188
352 228
437 -262
-435 109
468 -214
142 -61
-180 207
-370 169
-415 -7
-390 415
-456 307
26 136
-70 327
-152 127
-381 -494
-273 -11
478 -244
-136 -4
-278 203
444 47
259 260
124 -15
-89 -451
389 306
-376 3
473 369
451 179
-271 -389
281 353
301 -212
-212 -4
-180 203
-14 305
230 228
-478 -437
58 177
78 -344
-216 -12
-165 -194
421 106
-89 -384
356 170
-372 295
458 474
389 158
-347 64
-289 345
437 294
-238 -58
383 -97
134 36
218 -307
240 104
185 372
-125 142
327 55
-285 -311
-22 -373
41 98
335 330
-121 -392
314 228
-395 205
500 -233
-307 197
311 289
-495 -36
259 -265
-309 117
-75 -278
383 232
-470 276
277 -147
272 -324
-327 -453
369 328
-160 273
-440 -469
-317 -112
-144 477
350 -230
307 -254
418 482
27 166
-372 124
335 85
213 -55
295 183
-206 240
-350 -190
-108 -428
197 101
121 -49
-44 -407
-87 286
445 165
-436 364
368 182
414 -336
-299 -409
-422 274
-383 128
-310 431
61 489
-163 297
334 110
361 174
-26 343
199 -116
-85 -402
28 68
-224 -80
450 66
206 151
8 -10
-472 -209
385 -37
-336 -160
-404 194
-362 42
373 192
-353 -62
355 -200
-267 -334
240 -475
-19 -113
325 -498
-109 -407
487 374
-97 -294
313 -148
428 -285
-348 495
264 171
431 369
-376 465
-354 76
-439 -389
439 -490
363 219
224 221
-174 417
63 443
-437 416
-224 221
-81 -483
21 327
-412 122
-72 -95
-436 -336
-206 -413
73 -326
-223 304
-105 466
327 90
120 402
85 -278
190 428
181 156
218 -151
-253 -89
187 395
-327 246
423 -474
401 142
60 -433
350 78
148 -409
-227 430
-214 -85
28 450
363 -437
19 -66
438 -320
385 -54
-304 384
368 -44
206 220
-239 377
353 -98
215 291
-175 -119
-15 -183
372 172
410 460
-166 308
-106 265
382 -295
-292 -397
484 -6
-348 142
196 -483
-321 336
-389 316
-104 389
-400 -299
-2 -198
-308 407
201 447
-280 -82
248 377
51 397
-444 -450
-274 -420
-321 331
-488 -5
-95 -269
-233 -32
367 216
98 -355
-67 -213
-222 134
-132 274
429 270
66 334
285 57
-6 -129
-177 490
-243 -43
-431 -341
443 82
-216 -448
286 342
184 -59
43 -213
400 122
155 358
-483 -454
-104 193
-485 161
-326 142
22 -68
372 350
36 110
45 345
-127 -183
-85 442
-144 -172
-387 -81
-194 359
-93 75
81 175
-481 -231
-9 468
182 -28
93 268
309 -428
-224 -275
-91 -346
55 223
463 -185
-452 318
-186 -332
-275 -158
-405 253
189 -8
66 -426
246 -210
356 202
444 80
480 -46
300 293
-72 -226
79 -461
68 68
-222 -50
-302 -15
74 203
463 435
-72 -172
-146 -429
-42 -467
-347 -197
-488 156
414 -40
-281 -1
324 -497
362 16
-105 -122
-75 -65
411 391
-490 -290
102 -8
-259 -498
-423 -421
-357 348
101 -141
-436 37
-175 -101
164 401
439 287
145 381
49 -276
-354 309
211 422
-315 391
184 305
-213 232
215 -65
-465 154
-388 -235
297 -201
358 -131
433 -153
39 -64
-203 195
320 -229
-272 -50
-172 -117
90 -399
-107 415
330 -268
350 -121
182 45
86 -154
-440 -498
-108 188
-227 -424
-487 -2
-363 -163
170 436
-125 -105
-37 176
-329 474
366 83
-37 -137
-260 -370
37 -255
-108 158
-375 -274
-308 -387
-276 -426
437 -26
-495 -399
-225 -176
393 -358
314 -375
151 -371
-156 46
401 -156
319 -328
237 -352
224 -280
322 15
412 61
-156 -177
273 480
485 444
-420 494
187 -58
488 -264
-283 -218
34 479
-494 -62
-240 53
-38 -80
189 -111
-7 490
-48 392
348 428
351 -331
437 -362
-357 41
-367 -27
437 -373
-80 -373
230 -425
-365 231
-308 22
-241 -354
-229 -19
173 -288
314 185
143 72
70 313
-340 -49
449 -433
-229 104
173 -423
-304 474
-5 -422
221 171
-364 -247
93 345
-356 -1
413 -40
41 196
-352 -119
477 20
176 385
4 91
-407 -309
371 -477
371 244
262 -477
378 -189
-382 -39
413 -416
-34 58
33 -493
-2 359
-141 -166
341 68
175 -440
30 256
449 -301
442 495
464 183
128 376
351 -230
-430 77
-451 -422
-321 361
-32 17
405 -420
157 -355
336 -461
55 71
129 357
-369 -358
477 83
-31 -148
118 -217
490 182
-435 -465
412 -258
441 -483
306 145
427 310
-124 133
310 461
316 -281
325 -359
-481 -63
-293 -44
-348 -499
44 -341
-65 117
237 209
492 451
82 456
369 -165
-20 32
-453 159
449 -464
-320 -297
187 479
-219 -494
-367 312
117 -221
-228 -415
275 467
-164 420
147 -452
111 -49
-156 -359
-447 -338
-207 -323
-202 115
223 285
362 314
-413 428
-157 278
-141 -332
181 23
137 -135
-212 -197
391 -174
209 15
338 284
-465 -313
-434 -46
128 -475
-429 -184
253 475
-380 -477
351 -155
219 178
285 321
390 -355
300 -459
-150 179
-48 -499
-432 163
-225 -448
-239 -223
-459 -239
-145 -224
-61 -37
-65 182
319 -1
271 35
13 346
-104 -337
17 -104
-462 -170
406 284
-4 93
224 155
222 -157
-380 -283
-76 79
19 426
-438 412
448 40
-48 334
104 92
82 32
226 -375
-463 378
-351 -455
30 -473
-388 191
240 456
470 -463
-17 201
226 313
251 -408
404 -56
334 291
470 -476
-346 103
176 -224
-49 -371
-353 -407
259 -108
-124 -56
-10 -205
-311 259
328 -42
385 256
-351 -474
216 123
45 -306
110 451
-10 286
-62 466
300 -181
-92 -305
-43 -246
-120 68
205 333
374 361
85 161
277 -393
-495 253
99 -62
-83 -34
75 -100
-272 117
-67 -447
-32 -236
-89 -465
259 -312
-324 394
421 354
370 -323
-138 -495
-304 -23
-315 221
296 299
108 482
214 333
112 425
-165 -321
-170 -95
-161 -342
-321 -397
114 387
-376 -115
-394 387
378 -305
163 56
-303 39
121 -218
-239 -436
-333 -302
-57 32
90 -38
4 78
394 -452
333 -436
-385 239
68 154
-35 171
400 -386
-495 196
313 115
-75 -71
478 1
-156 -7
-430 260
114 289
435 -399
-235 69
179 -354
487 231
-433 -294
-404 -187
-76 449
-38 -451
156 -274
-34 9
-219 -302
242 -34
13 177
94 68
-94 -20
315 -53
287 437
-188 141
182 -362
257 484
165 265
-97 185
-500 52
-127 93
-281 148
98 -92
-290 -269
141 -377
-50 19
-174 -443
-9 -327
-73 -337
373 323
-208 395
394 431
-386 -152
323 443
339 -97
-76 -148
479 433
-284 74
-177 145
-323 343
44 -275
215 296
-20 323
-361 249
-278 -206
55 -490
399 493
149 73
-453 -450
122 -148
288 358
-435 342
2 46
166 385
52 356
-169 158
-203 231
368 67
467 201
83 -147
-272 -74
-212 176
-301 103
42 -125
-433 360
475 166
-209 180
283 -437
70 402
108 -254
-489 416
-3 166
351 -3
285 432
439 -352
327 64
-404 -434
-463 391
-230 82
-314 -233
-245 -279
-426 470
-196 451
231 -240
-277 143
404 35
-177 -60
-36 -166
463 49
387 377
227 158
-463 -291
-215 173
-404 -117
-332 356
-330 -93
-233 -272
242 -410
417 435
-183 196
-326 -272
241 232
321 330
150 127
442 -331
137 372
-133 85
-7 226
-375 -307
-109 500
-384 -42
470 218
51 -159
457 225
73 -175
474 436
-20 58
-305 -388
131 35
-44 -463
-100 -300
-433 -437
274 -203
-53 52
378 -110
-259 -443
239 -449
39 -313
456 17
-359 -244
-109 107
52 -254
174 311
136 -346
-403 -410
130 -13
-383 -258
6 -323
229 -365
164 192
-228 174
73 152
438 336
244 81
495 61
446 161
438 -88
-251 -462
26 -478
-74 67
-94 497
-273 434
271 -379
-165 70
203 -201
428 -219
439 62
167 -110
273 -387
-4 -281
407 -162
11 356
-391 482
77 -418
-438 -226
-244 174
335 301
342 91
-199 263
51 -297
-107 -472
257 176
-231 87
98 -81
158 -288
337 280
306 482
-270 -440
284 403
-83 -404
286 178
46 446
488 454
68 -375
-469 188
178 -27
288 -407
144 246
490 296
468 -487
72 273
277 48
-28 238
298 367
-258 446
16 -434
-75 434
-342 -290
-34 -292
277 -215
-7 453
248 101
-259 465
361 -391
-112 -455
-316 137
-119 117
61 -361
134 14
-90 -468
-497 378
381 -298
337 -186
115 446
-331 -329
-312 -57
205 138
67 208
346 274
-391 31
-275 353
-201 -471
226 344
-371 -308
179 300
158 426
12 254
77 495
-237 -215
-43 -347
-433 437
155 -447
381 -268
117 54
41 408
-142 267
355 378
-93 225
-258 -412
-453 196
214 -96
93 372
-152 60
438 234
-474 419
-366 137
117 -12
311 6
75 -294
-472 259
135 3
318 -348
-412 359
473 447
-164 22
90 -230
362 -206
151 -51
81 287
-186 364
-385 -17
-450 -221
-280 -311
-441 430
-348 -381
-270 97
-92 420
-13 -358
-130 147
345 209
-110 -323
-71 174
-486 91
206 -264
-77 165
393 -260
-79 -454
-465 -185
-333 -154
435 113
283 -208
421 388
77 -499
-468 59
-372 118
-269 9
430 -410
312 -45
-240 -189
333 45
-130 428
-125 -104
368 346
339 -7
266 403
152 -124
261 -443
-392 10
24 -173
-103 496
418 -228
427 -271
-351 -228
-274 -188
3 -383
-178 -370
-315 151
32 -477
-222 -201
-57 323
130 211
-360 352
-170 48
-55 417
492 63
293 -388
337 182
349 -397
421 -79
21 370
-449 415
206 133
52 477
329 21
-366 -42
121 -233
136 196
477 -129
332 417
-365 -221
-332 113
-482 465
487 482
-481 354
-89 -171
-358 474
259 141
-353 -446
175 466
29 3
462 442
-352 317
-171 39
-380 -437
-459 450
34 181
445 245
-425 -81
-364 -201
-13 252
-24 -455
-384 -257
-58 176
361 -71
-397 -94
279 -298
306 224
81 -326
435 413
-365 7
491 190
426 -435
163 2
293 189
78 -230
-341 -184
-182 -352
-430 488
149 393
174 -462
164 138
419 -143
334 -451
-84 -241
-276 -315
-248 -254
-319 -394
-480 69
-297 -6
-228 210
-221 -285
-161 -194
-437 281
-40 -137
66 107
-253 401
-482 -104
-334 100
370 -87
-23 -463
301 -249
396 -86
-142 125
-207 -334
-277 -469
138 -253
274 -397
406 176
133 137
-360 259
20 201
200 441
367 -19
238 287
43 -378
-494 136
-128 -63
-200 -10
-92 151
157 -75
-80 -39
203 -172
300 167
117 416
312 -315
-484 271
73 289
-23 -457
342 -473
142 99
365 242
-257 328
-393 -37
431 -427
-463 102
382 156
111 357
-281 218
300 -101
-398 -212
-232 192
-88 317
60 -39
154 -61
-435 36
252 321
87 341
-483 320
386 211
300 -191
304 75
247 494
110 327
-108 -153
-140 413
-139 284
498 -126
338 -385
344 -124
81 399
-11 -222
297 434
119 -482
-237 377
247 -231
-15 -350
182 363
-415 -259
121 499
153 -389
347 43
-22 138
-73 -492
-183 405
-223 -2
-72 8
-454 118
-94 216
314 -390
-208 445
-158 -474
-146 159
-17 11
426 -110
-125 427
374 -221
396 358
-342 218
-214 38
-306 162
-73 -43
433 254
202 -158
-249 -279
-10 457
221 269
137 1
-240 96
263 -133
270 314
207 127
-282 -376
-164 398
18 -428
-348 109
-198 -200
398 137
82 -134
-211 -216
-142 -297
-385 -471
-276 286
176 -216
232 -174
-194 -429
-187 97
473 -188
47 -479
116 168
-148 -355
-231 -220
78 -71
-142 423
-121 -222
158 170
265 302
437 245
-272 -419
-55 451
-185 16
-363 378
-304 240
456 -215
-273 321
103 -174
-73 478
421 -3
-234 415
209 340
-89 -45
-266 454
269 22
434 -448
299 428
-315 410
-345 26
-484 334
-480 398
-182 193
162 -368
73 253
99 250
212 243
-63 307
183 -178
405 -141
-186 330
-313 301
-201 143
-355 480
307 -169
401 459
-299 -109
-163 462
-474 -98
82 -92
192 55
498 -387
375 -45
-381 453
-358 142
-258 -93
408 238
367 -413
-155 -8
-496 -116
-168 192
355 15
-319 -467
-287 -476
-238 400
-12 -292
-43 195
-249 -69
-92 3
-368 -454
354 322
239 -489
439 201
-416 -291
-347 -210
476 -430
-65 427
365 -11
-490 -133
33 -213
12 -438
-55 65
46 367
-460 -9
-325 -270
-172 -133
-321 259
464 -463
-217 -48
-474 447
259 -222
195 -361
300 -314
190 415
58 23
160 322
-107 -434
-267 -149
-165 143
414 276
-234 -474
253 -138
-107 183
-277 -351
-491 -237
463 -88
315 189
-41 -22
-304 42
407 -105
148 8
-375 -249
204 -71
31 475
31 -322
109 -187
58 422
-27 31
333 69
-206 328
289 6
-231 -453
53 -278
28 463
435 8
-394 380
-27 -395
-59 384
-91 26
189 -273
-471 452
364 254
-248 318
-13 -414
347 -408
34 165
-260 120
340 250
406 408
-203 30
-471 192
309 144
-432 260
460 122
17 -134
-179 -367
238 -207
114 -319
468 -33
225 397
389 -450
489 53
-19 -10
-78 209
-192 -486
-470 375
267 -161
113 -311
-373 200
475 -385
-100 -23
124 142
-300 405
482 247
-182 336
490 -362
-384 -202
-270 121
-350 391
-285 143
-171 48
227 -487
301 -268
-151 -52
-168 447
-417 -277
-148 267
-492 -42
-34 495
382 166
79 402
14 99
-478 368
135 -33
-15 422
262 192
-284 496
-73 -41
-252 278
-161 80
-172 -471
-59 75
-426 399
48 101
2 433
84 -429
-295 -264
-447 -168
-340 -477
-417 -241
-358 -392
306 389
438 430
370 335
382 -498
-217 -26
-380 -246
-493 -48
-263 -249
-140 -214
-336 -190
-70 194
-61 -472
-394 -375
-65 -117
-474 -79
231 179
-79 197
-284 67
70 173
242 340
486 -278
-341 283
492 277
29 236
-259 -167
-454 -419
-314 -118
-149 -115
-187 182
-438 -141
-24 -155
-368 19
467 138
328 -349
341 234
378 -238
36 -128
357 25
357 461
423 -14
244 -179
9 326
133 -271
-101 -166
95 328
-114 -2
-1 -438
-87 -321
415 238
-238 -222
259 346
-458 125
365 -92
52 52
-491 -257
-460 -63
-253 132
340 -268
-23 -36
147 165
-22 -359
444 -177
313 306
144 -475
128 206
-432 375
379 -42
390 -203
342 354
244 352
-45 -414
137 452
173 56
245 -358
130 307
156 -31
-252 333
-35 194
462 269
-140 -432
-444 393
-415 -419
374 -371
-388 -427
-246 -467
68 -218
-146 296
320 18
-429 478
405 214
238 -231
-50 -12
-437 318
30 -36
-112 -349
32 -41
285 239
462 -195
-64 214
-113 -291
-47 -40
-140 167
-29 237
85 1
-196 -32
-250 -13
499 40
108 -220
328 51
422 405
-160 -318
81 -20
264 -160
239 352
436 -138
-437 293
368 139
237 -419
-268 -218
481 -101
-55 -470
-82 -280
483 -318
-29 -179
54 484
-472 -459
-424 126
378 247
67 186
-174 -492
-198 -443
-71 -335
274 307
-104 75
-65 -20
-231 498
108 -101
-98 -34
-422 -252
366 306
-39 486
-361 162
-236 -20
-494 -95
-135 -161
-460 -411
347 183
442 -234
-430 -297
301 -406
68 -170
272 433
383 -104
-2 -136
231 -259
-103 347
-264 180
-217 307
231 -361
155 393
447 -356
-423 -304
-208 -122
342 198
-336 -360
100 301
216 439
-240 146
-358 -225
85 -189
-436 -378
65 456
437 -122
-460 474
-89 -114
273 -484
156 -410
-234 363
252 -364
-375 161
-500 -308
-229 113
92 126
-263 309
-378 -23
112 -458
-85 -421
-21 450
154 -115
-199 363
456 -207
182 -108
-293 -228
480 478
67 62
107 -419
204 -397
90 499
-23 -90
386 -426
487 415
-359 -112
110 151
366 333
12 181
460 -335
-441 -13
274 -268
-497 232
15 -333
236 -53
-43 -350
227 -436
-29 -419
290 -469
469 498
-312 313
36 417
-181 -443
-83 76
491 -292
-224 55
-40 365
-281 -423
-409 -185
-491 -151
267 -416
178 75
201 492
-404 132
-278 -332
-397 178
266 -213
-305 278
-235 283
96 -77
-401 -425
-390 33
-394 165
-39 -328
-499 -147
-22 177
-444 -280
-356 -279
-336 -82
-63 -349
214 43
148 405
-234 -101
452 -342
-401 -471
37 -292
327 185
-248 349
-239 234
163 -277
427 -349
94 400
-170 366
260 358
357 3
133 267
438 -152
415 -401
146 497
162 -152
-361 439
-285 -498
-249 363
-256 400
-379 322
435 -405
-313 -128
111 189
-361 -81
256 68
280 -50
240 429
-378 445
-299 468
98 66
107 104
72 -370
-312 -329
3 137
277 -82
231 -244
14 308
-488 -109
51 -163
-39 485
-360 -158
-49 -429
-40 473
190 -125
-72 334
273 71
236 -341
221 42
-422 34
-28 -43
176 -7
110 475
201 -391
443 235
463 251
-419 131
-354 -423
-331 326
-344 21
362 -383
25 -356
-320 -401
182 38
29 100
-314 223
146 303
413 -18
-497 -432
73 341
-420 -60
165 -410
-477 428
180 -294
-23 85
98 -244
-5 121
-377 -340
470 397
101 -52
-407 -498
-385 78
15 -305
353 -406
-264 -450
101 -251
274 384
-153 208
76 139
-475 130
-92 -351
-178 -59
-62 200
-289 -129
384 424
91 -477
-439 286
-104 -333
-32 -278
-112 85
-306 -427
-115 179
-111 258
-334 -45
161 138
-143 -113
222 358
190 131
11 79
-255 196
92 165
135 425
-74 -419
-310 300
370 199
369 -119
-124 -12
-279 476
-343 -446
-284 -258
-67 -90
-337 335
440 -401
-30 -395
13 -461
-281 482
-61 -124
327 -128
-271 102
-473 -173
238 -335
428 123
187 360
-305 403
118 496
-148 -338
-334 96
-290 -47
-122 184
-217 80
-360 71
-85 -156
338 -50
-458 -77
-470 -141
378 -384
267 426
331 175
251 434
-80 -74
-31 -305
-342 100
205 266
326 327
-411 70
-172 367
-451 -53
246 211
-141 -89
409 362
-202 -138
15 -441
-94 78
-73 -51
332 203
-177 464
256 -387
184 65
-272 -140
183 -101
-135 468
-65 276
-459 220
-103 211
285 -42
77 116
-476 2
433 -370
-19 203
232 -303
-172 -34
-395 -246
-399 -272
2 -322
3 410
-191 72
-13 -436
-415 -271
-349 53
-245 257
173 -370
317 343
-313 -103
397 -480
-90 104
64 302
-429 -446
364 140
48 -452
436 83
266 26
-282 61
-275 -418
-361 -226
-192 -421
339 -275
467 325
-175 212
-332 -419
-493 484
-484 286
-431 75
-389 -389
-69 247
388 274
-335 328
-148 83
191 -281
-432 2
134 -68
-144 32
125 -366
-311 -324
-116 135
-375 -290
-7 -220
-45 -304
-64 -325
-366 277
134 -15
-444 358
-200 368
-119 -259
-395 -246
-323 -138
254 307
238 163
-181 160
-369 312
127 -95
85 -236
-348 488
-388 384
236 472
-380 302
482 118
413 -33
274 376
-193 -369
-152 -56
161 -379
23 -137
37 423
217 -490
-485 42
-126 121
332 461
-295 313
-192 -319
210 -464
-429 -388
-22 190
289 -343
244 453
-339 144
-121 -46
-137 251
138 -278
301 -70
257 -496
-399 -450
73 -203
-218 -45
262 -350
-10 -343
222 229
-325 321
-454 278
234 -100
96 298
464 20
-142 394
123 270
375 -400
-273 -489
335 -317
-77 -221
262 65
199 -123
-118 -266
-304 447
134 186
-136 136
91 -237
-213 -351
35 -223
163 462
-309 -421
-446 -80
-344 36
-15 129
4 384
300 99
-298 -188
-104 -449
129 400
105 256
449 -356
-70 -283
-409 175
103 -463
69 361
-262 -65
297 -397
-497 -304
-142 44
337 193
-65 -75
-265 195
-128 -356
-156 -61
254 414
-91 -173
111 -297
310 -499
102 -286
423 94
265 -208
-297 227
-328 -180
-50 111
226 -245
-169 -472
-479 -41
-453 294
497 -159
-336 -485
-332 -487
-385 308
-160 358
-375 -102
-378 297
-81 466
-83 157
-242 349
-127 479
388 365
108 -409
-151 -77
425 -469
-467 -229
-474 -153
-497 -442
446 -272
25 -316
-459 289
-45 -67
494 -16
460 -328
41 391
295 437
-71 -321
-206 -186
157 -62
124 264
-479 -385
-472 353
486 -419
-460 88
223 405
5 -265
-433 -248
262 465
83 364
105 467
-431 134
127 -248
-354 -190
384 47
-87 57
455 -476
134 -40
26 171
-134 91
-350 -145
-403 -323
288 -393
-66 -272
397 -220
-459 -186
163 -102
-313 -290
121 43
-121 342
-319 -447
-37 458
-480 -451
-393 -121
-237 -67
-255 -274
420 -332
-347 -20
371 5
89 -209
467 371
107 -96
257 390
315 -223
155 486
-447 407
366 438
22 -176
425 -451
296 -295
-41 -211
101 -174
-179 -221
355 269
-403 -63
309 -420
281 -11
-187 106
325 -292
496 372
89 -245
-233 247
-271 363
-381 -397
414 253
142 -86
7 295
-173 148
-368 396
-443 425
487 478
-426 421
-170 37
234 -356
-85 320
433 -325
461 -343
-194 -237
326 404
459 -82
221 -357
-287 202
230 240
-140 -204
-434 212
-135 334
-353 23
-190 -41
-435 -405
105 -181
170 108
-443 -53
-451 -368
453 -360
-178 168
227 -311
137 -310
-330 146
331 390
473 -476
-247 406
-348 373
388 -77
-429 -297
-387 -57
0 94
-123 369
452 -461
-466 -467
143 -370
105 245
-440 -85
354 155
99 -305
484 248
-452 -372
-469 -350
62 -197
483 -275
337 -296
220 227
-216 -216
-224 137
-95 470
-107 240
7 410
-208 -54
498 109
-472 -169
-165 -448
427 -424
390 426
255 -96
-388 -250
48 -436
170 216
186 419
130 14
207 16
262 57
-445 -479
44 349
-222 -256
381 -470
-194 497
-296 -160
94 -357
-88 452
415 198
313 -80
-27 -86
-41 -151
362 33
-438 356
397 -43
-453 96
22 -84
-453 179
255 492
403 -466
-245 -209
204 160
-194 -70
-131 318
-207 335
19 323
-352 -112
407 40
-69 -224
-469 -131
444 -206
343 -145
385 151
-263 494
-496 278
391 352
-52 21
150 -234
-68 -151
75 -273
-216 321
-247 -450
-289 -109
368 286
-243 216
145 -485
-234 0
90 390
473 355
-269 403
-162 -218
274 -370
-56 488
-438 -274
323 -113
-57 -188
403 -488
485 -354
102 278
148 176
-291 -218
199 -456
-33 348
-345 -277
-277 475
212 377
-90 173
-120 419
185 -147
-192 385
87 -492
122 -316
-111 -164
402 -175
111 -227
-407 474
-395 -430
295 -489
32 -141
-46 -50
-369 351
-243 108
83 -447
117 10
-272 369
469 422
-232 284
415 -397
-159 226
-410 108
-314 -479
-54 240
-394 164
36 352
22 -433
-216 -306
369 -303
-391 402
162 -491
169 -100
-457 171
-451 -395
-195 210
-286 141
367 -470
360 280
-270 -80
-405 -398
475 -200
-410 255
-295 -182
421 -94
271 58
-312 -226
-346 -481
-192 277
-239 -414
-476 27
362 0
-46 202
74 373
-119 -12
274 -431
481 180
486 -442
177 172
-318 59
122 250
-174 111
256 -63
-193 -397
-114 -225
247 -17
-283 -337
-431 14
-476 101
-68 451
431 126
166 -92
41 -135
241 105
-167 390
-375 -240
-259 209
127 276
80 -187
448 -334
272 2
-140 -420
-256 -80
374 -61
-182 392
328 196
57 -22
-83 29
50 279
-387 -22
-408 53
-2 180
-349 -109
-419 -202
162 209
-397 321
119 -184
67 68
233 320
-112 169
-441 -275
214 88
-263 35
-473 463
-441 111
-467 372
474 -147
-229 119
299 292
-179 295
-160 216
-90 291
486 -19
468 480
429 -253
-495 -396
-437 -347
-66 171
461 -66
-356 -334
306 221
-298 -278
188 -17
108 83
-126 -232
-2 184
161 370
-26 -155
371 76
480 189
101 253
-215 -358
-343 -365
-364 -499
58 324
-400 -433
390 176
-402 418
316 -304
-188 342
438 -320
417 455
54 -398
-421 -290
34 383
-477 401
277 266
-375 -122
-92 -344
240 145
267 86
-265 -86
-51 22
-124 451
423 113
131 -208
-13 464
-360 422
-354 306
-311 -127
-212 160
-314 -5
159 349
86 -38
231 44
251 392
-444 250
480 240
-395 -141
413 -87
-37 -122
175 66
-363 -108
-411 -20
96 -48
494 -171
-346 202
35 -166
-70 -130
-472 -72
-250 -253
184 356
280 213
3 61
386 343
-179 458
-39 92
-360 351
-432 -112
-314 251
-159 405
-207 -440
268 -185
271 222
-426 392
386 -415
2 -22
-72 263
313 86
139 78
-243 -335
279 -432
-434 352
-252 -341
-232 63
258 115
-411 373
-21 425
110 107
356 441
165 307
42 -442
330 -229
364 -284
100 -323
-354 -212
-390 -121
26 471
325 -224
-312 27
-464 -345
365 -26
310 3
397 -20
44 467
-192 147
-7 -111
183 233
365 308
-386 359
410 277
-429 -91
-465 195
-317 52
105 -40
-460 -234
307 -383
480 189
389 -121
143 398
-280 -299
317 -104
-258 -25
342 19
227 80
-460 -147
-283 416
463 -17
66 319
35 -97
230 216
-287 -42
-387 51
-141 278
-435 296
499 -282
256 1
-168 -335
-397 123
443 -73
-311 -71
-260 -233
330 -327
-70 217
-288 463
256 -247
-410 -228
85 448
244 -127
133 -417
-389 291
17 201
161 -437
-275 -191
-11 25
-17 342
15 60
32 162
-211 -110
-317 -315
408 315
336 219
170 429
-67 -477
210 -249
-2 228
-115 310
-292 162
-443 -36
234 -92
169 -265
424 -444
482 2
40 -464
2 -119
319 -350
-265 124
289 8
339 -213
-426 -327
-43 18
-142 28
-342 277
371 29
392 -46
-454 67
448 449
314 105
-83 363
195 58
-188 177
-12 401
-3 433
305 391
86 370
-476 -197
-89 418
428 357
233 383
-121 322
445 288
-436 61
360 372
-244 248
39 -358
-469 -341
399 370
-80 -279
-443 454
-158 25
-47 24
336 -495
-67 -422
-371 -423
-496 -193
378 488
-19 2
16 -128
-454 -164
477 359
-64 -6
-199 -269
496 33
-251 -499
-364 330
23 -145
-144 -354
-220 351
-106 -200
-333 192
-458 116
-126 173
144 53
293 62
437 -14
-126 70
-92 -94
142 -191
407 397
-360 -390
330 439
183 -153
-179 -10
-22 -64
-383 -437
-26 -33
-92 -345
406 -391
161 323
101 25
-100 59
-245 390
215 -487
202 -134
346 108
269 -294
368 -163
162 -48
-400 -469
-195 336
389 6
253 179
101 -430
118 362
323 432
-97 326
358 79
-95 171
-359 -1
95 146
-264 -406
478 66
-464 -172
-309 438
-303 216
279 -465
-210 257
135 332
-150 -339
240 112
-211 -302
365 -173
337 -459
129 277
432 311
341 358
-488 -245
-274 -498
-466 221
-231 -354
-151 -56
-172 -347
-179 66
258 286
260 -410
25 242
135 -283
-94 376
-287 -457
-417 -402
314 -186
347 108
277 478
300 204
157 -498
375 337
-400 -372
-382 -335
-494 447
-124 -492
6 -10
-298 223
214 395
265 -291
372 -258
437 152
-152 296
-180 -350
-96 108
-68 103
-43 320
86 19
-310 387
-200 171
-274 441
208 -455
-174 -145
-337 446
325 -389
-374 198
47 416
-39 281
-437 -8
-104 368
-187 -443
421 370
133 5
54 -388
102 395
456 156
-156 438
391 192
301 66
-165 -195
-61 436
375 241
151 139
-290 494
373 495
-480 55
-87 497
-378 175
-62 -84
-38 -166
208 468
202 213
-142 485
487 -202
70 132
-289 -69
247 257
-447 -277
-433 439
108 -477
-284 18
-94 70
395 -316
-158 97
311 -317
-2 245
-491 78
-359 -47
213 311
140 398
489 -493
-252 19
46 436
262 460
-170 393
249 -287
98 -363
-229 -148
98 -280
6 425
54 -276
495 -54
-248 278
-176 -437
-439 382
439 337
-112 -329
393 -39
86 362
430 344
261 195
-496 -390
-437 233
-167 -429
-231 321
367 -149
196 62
-135 206
-73 123
121 229
426 238
-363 -184
-46 -329
-10 -157
-234 -161
496 75
471 166
-470 461
326 115
-481 259
-141 -150
408 132
480 407
-62 -1
-432 123
238 -114
-151 444
76 33
-32 -399
-426 201
464 -158
184 228
164 -291
-450 -288
-473 -392
-253 -119
-265 75
-264 -164
-218 421
459 -488
-36 269
-419 -206
77 -271
359 -157
-193 -202
-204 290
-388 -335
293 -53
-14 206
-259 273
-390 77
-47 100
489 169
-105 347
-200 167
48 -49
16 242
-238 -54
-359 187
50 281
376 413
-61 471
-185 -390
400 89
233 -333
-486 -226
198 -177
64 91
228 254
-158 333
125 -276
239 78
-215 377
374 399
-122 197
434 -466
324 -441
-195 -111
165 -498
-107 -254
201 378
-134 395
331 -129
496 471
210 236
-62 -354
-219 -366
162 -396
456 -234
-307 -35
57 -311
130 -351
155 487
-473 -229
409 370
127 -347
-78 56
-167 -28
-363 433
315 332
-249 17
229 205
-198 -388
154 142
384 -142
-202 -107
-449 -217
176 288
246 111
-391 365
125 -180
407 -440
-87 -83
354 -377
-62 -380
492 241
143 -95
-199 -375
-138 475
480 416
113 -381
196 -187
-133 -489
189 235
459 -166
-73 -362
54 -241
-308 493
-295 -66
-314 -234
280 -156
253 482
-126 390
383 -271
-249 -133
-157 432
-173 -467
-161 405
-4 -42
-427 -479
-473 64
373 -303
-127 -175
-212 264
318 -283
159 -477
-340 -174
315 -404
-300 -265
118 446
70 -410
-461 -317
-253 -417
-362 322
-422 -291
-188 -321
94 298
-327 -111
-274 -196
-370 -147
-42 292
497 357
-259 166
-319 330
407 173
487 -27
-345 -395
-187 -84
-379 -476
356 -145
312 -248
177 416
-192 -372
386 -454
-58 -224
-275 36
-295 368
73 -355
0 294
-15 -83
-462 -328
16 -416
-352 152
317 -499
387 -458
-22 -461
-239 -198
128 301
-207 141
10 179
4 472
394 -414
-409 -449
-285 500
227 -27
445 -140
70 -487
-44 -455
-22 235
-191 -170
-181 -58
385 -440
115 -434
-367 152
-279 320
376 47
-199 455
19 296
-10 53
-205 165
-328 -320
378 -316
-103 -357
-110 -268
90 230
-261 308
205 -10
259 285
-346 153
186 447
199 332
218 234
31 445
307 222
-431 125
494 -37
-411 -80
330 -52
-299 -368
-421 -156
-309 -20
169 -392
-245 -171
-369 -166
327 368
-162 301
-268 -70
-231 -99
-372 -251
-259 -422
-129 -445
-67 -317
62 112
-42 161
-446 -296
-348 -140
81 95
-372 240
112 188
-39 -23
294 95
139 -422
-62 135
201 43
199 -136
416 114
487 176
-124 -158
393 99
97 -78
19 462
-56 128
-76 -439
-37 -11
140 -339
321 -490
457 -286
-127 -332
-414 -372
353 -278
327 -398
317 183
329 217
-67 63
89 409
141 318
370 57
156 -97
147 -295
495 -314
-188 256
475 123
406 -273
155 205
256 -243
-51 85
176 -426
-153 201
320 -17
121 98
-288 281
274 204
186 391
-19 153
-100 455
339 218
-63 420
34 -156
-215 -67
436 -156
-436 -102
-19 -35
88 392
303 -366
183 -495
145 -294
146 -111
-352 399
322 -88
428 -273
-97 -345
-374 357
-424 -258
-50 -423
-26 418
-39 -82
-331 -296
142 460
144 -96
16 7
-215 -298
-318 -49
468 -232
-431 -84
-102 -169
-76 317
477 91
60 -201
127 -278
-491 110
39 287
438 -367
-300 -421
-148 459
63 -122
-41 -322
-172 447
-57 115
80 -254
-40 -319
293 -322
-265 -451
224 -192
478 -17
-429 -116
492 -16
167 121
173 124
-296 -389
152 -243
-446 272
26 267
-207 -474
-316 -54
98 218
-114 -245
-478 83
229 40
-409 -334
-287 -319
-271 -132
-369 387
-187 -92
161 -85
-437 -69
-170 470
414 -208
-73 232
-482 388
130 -438
135 -251
-336 -72
463 361
499 266
351 48
353 -2
447 31
-258 291
-218 228
225 -229
-462 -325
-186 -477
-139 463
-3 402
-231 28
156 181
-495 -158
336 500
-411 -101
-450 -102
215 114
-346 -441
435 250
226 -52
113 269
-194 423
-227 -121
384 456
278 238
-73 372
-377 41
-343 -355
409 -343
159 288
215 124
62 -143
460 455
-442 -375
-61 -330
427 407
458 423
-340 201
-196 396
-442 438
-104 130
-320 228
-182 420
356 190
-215 -24
236 472
-441 404
-167 315
265 -72
-214 123
14 -333
95 -333
-339 216
-351 -62
-312 -172
458 254
-394 -232
206 444
423 122
310 442
-146 -475
-348 488
497 -466
-208 -133
-436 -155
-369 -462
-141 427
370 -222
30 488
19 -455
-401 355
93 403
-137 221
369 476
-307 51
120 -405
-445 -227
-83 318
205 96
-304 -98
241 -203
-248 -182
431 150
-363 110
276 14
148 258
-478 233
95 100
84 385
-310 -394
274 346
-377 366
391 -468
-460 278
-174 490
-124 407
-312 325
195 -425
373 80
62 -155
-193 149
464 -270
245 485
269 192
-465 -101
-26 -102
282 307
-310 -358
-253 140
401 -53
-382 172
190 4
323 425
-206 14
18 311
109 -401
8 -467
-69 -298
-479 125
136 295
114 73
22 326
404 -31
247 265
16 -244
-68 144
-256 494
-316 -265
-302 -195
9 19
82 78
-65 -248
-114 -464
358 145
-423 -11
-343 317
81 122
-448 283
370 -176
-454 -52
184 -282
-465 -346
-231 422
291 -98
-415 -88
30 -440
-438 192
381 376
-83 -453
-277 456
-344 285
95 -294
158 -116
93 -110
200 -456
-39 -214
-54 418
421 -400
136 -482
-140 134
59 -448
158 10
-201 296
-472 178
-203 -181
492 282
182 -96
342 88
-83 473
-81 -80
191 377
-260 280
355 -408
-447 -455
228 120
110 -311
-369 -337
-73 -103
10 333
75 -226
383 -194
34 -302
-133 -316
302 368
-371 53
102 -229
-4 -30
-61 -180
498 -278
20 86
-457 172
-97 -479
460 492
256 355
-186 129
91 243
-223 406
246 50
-451 370
281 274
-185 422
-271 205
446 357
-425 -137
-150 -279
141 152
-80 485
439 109
8 -15
175 -21
-458 -179
-155 -197
-245 159
307 -150
-82 -69
181 -341
-346 359
108 216
183 -282
-26 418
-338 -205
35 -428
-126 -178
102 -316
109 424
9 -236
185 -125
-191 -18
-226 -391
-356 -499
297 -27
-244 -355
211 -2
396 21
248 -208
-53 -439
-345 277
-419 67
386 -392
-31 -450
443 65
-41 389
-492 -430
104 -79
310 498
-71 69
12 337
-117 436
-117 -273
-205 -72
-161 -496
45 -277
79 85
302 -201
-253 -364
275 -123
144 -188
-124 172
-481 -489
79 -76
-324 -185
-290 9
-500 444
-259 -345
-90 412
59 300
-375 424
-357 -231
-181 249
-84 486
-408 98
-157 37
121 -299
-352 -46
-362 341
244 -468
-488 -364
-484 -197
-276 229
402 -415
-302 -93
228 -461
14 -424
494 406
-300 -224
449 380
-307 -417
-417 162
333 -304
-172 -494
296 -373
480 -19
-474 189
243 448
-371 -325
465 -406
489 -165
-468 -320
-464 -231
53 415
198 -279
121 -136
-380 -292
-375 383
315 297
62 453
487 -348
293 436
112 -454
-133 256
-236 299
205 233
-5 122
63 17
473 -240
-156 -477
-137 -205
-12 479
164 440
84 104
-109 136
-338 -452
-288 -24
174 -430
-451 260
298 180
4 132
381 15
30 357
10 56
39 362
-33 -286
94 262
496 148
200 -304
-272 -366
153 17
-424 -259
268 155
-345 261
488 -343
102 -402
-102 -316
-178 -373
351 274
-231 192
75 272
-70 -116
-167 -376
-149 152
129 188
-125 375
-400 -323
31 -14
-72 -354
-298 -169
42 441
-111 452
-47 -387
155 414
450 89
59 19
-403 50
-460 234
-467 451
199 -230
-261 -66
-182 -264
-129 263
139 381
373 167
7 127
345 173
-442 -73
-64 -189
327 -133
164 364
-20 -353
24 -336
150 432
-165 -405
424 139
349 -342
-49 418
70 -14
-249 -499
-465 -475
235 -145
153 -216
-118 -347
-324 -406
-150 -421
-477 -397
-251 -425
382 217
418 238
431 299
-69 -416
-214 226
166 68
302 -156
-351 447
125 175
-430 -331
124 162
-59 -51
486 379
222 -22
230 474
93 100
440 -47
-46 -249
479 305
-371 -98
131 56
-275 207
-286 425
114 -57
-239 351
113 -283
277 -263
492 -366
261 -345
-209 58
498 122
427 374
-200 -398
-460 -278
315 488
330 400
-437 300
-62 -231
74 433
-333 228
108 246
50 319
-142 -180
-452 171
28 178
-63 -102
385 106
-474 -234
-286 229
-323 -273
71 141
-425 -34
-493 319
136 -254
-241 -332
484 -194
202 117
-353 -470
247 -86
286 189
8 164
103 481
-57 -10
241 -330
-488 140
-125 26
6 -222
137 206
-488 451
233 -227
67 -315
-248 -328
-29 -407
37 -387
86 61
0 26
-164 175
-276 -130
393 437
211 -266
-169 -105
-366 -273
-419 235
-303 -493
-219 -165
267 304
52 -483
323 465
56 323
440 147
68 -444
-281 -429
-169 148
-361 309
384 -285
-99 285
-207 273
-346 -316
-177 153
421 378
396 218
171 -289
-396 114
238 -256
264 142
338 9
-126 -429
386 271
82 -450
228 -302
349 -432
-244 126
-144 -177
64 49
-332 453
-192 341
383 237
-426 275
18 355
418 -378
281 -231
-87 305
92 -282
-440 -292
-139 28
-353 -220
-27 -369
-289 -439
412 211
110 346
-71 -353
-188 -407
-373 306
78 -468
-249 -338
120 -32
-472 376
-351 -345
-427 -174
-312 -388
88 199
398 156
-19 234
341 184
-92 -12
189 70
154 -260
-54 45
38 302
53 -67
-432 130
-451 -294
-162 -242
-498 -428
244 -96
-1 -149
368 -19
420 -409
-288 -338
0 83
-39 -50
380 261
-142 468
409 -376
22 337
-49 270
417 195
-151 135
87 440
-136 -184
176 80
406 486
361 111
-236 142
318 -336
-429 -192
173 -303
-454 173
208 -400
354 93
150 -308
439 -112
-367 -180
-164 426
400 166
157 -210
-454 378
-176 410
-311 -329
222 426
4 -66
-223 -336
-153 -333
-113 450
-381 -314
-64 241
76 -333
164 497
479 -489
205 33
-69 -167
-57 462
363 -54
387 -257
453 -66
97 217
-226 -242
-46 94
290 102
-137 -327
308 -1
25 -457
187 -199
230 202
360 235
258 -176
351 -356
412 -154
220 -465
-487 -171
293 -121
230 -386
378 177
-437 -214
-273 -360
7 -62
-330 -500
421 369
54 -417
18 -191
51 -85
-229 355
423 362
-163 437
341 -101
-257 379
354 -166
-331 -231
-294 -256
-294 -46
175 -369
259 -447
491 -41
-182 -279
-306 -251
129 334
255 -151
205 294
202 -500
-251 -315
103 292
53 -264
367 -427
171 -353
-83 -138
396 483
22 137
89 497
-29 -258
245 288
-324 -198
439 -284
415 -221
-35 435
-74 17
249 175
-426 472
-497 118
-249 -268
200 -80
334 25
-400 -340
104 355
-50 -481
-265 74
239 -249
-396 482
267 -433
-447 -120
-74 -75
-66 500
-417 169
-304 -465
163 -78
426 223
87 123
489 -423
179 -346
-348 -212
439 -365
229 278
482 -26
-59 123
260 323
7 334
79 -186
303 269
-369 -341
-304 19
-42 -388
-279 217
98 -40
191 -369
-444 -359
-176 136
304 -472
322 -286
-127 -334
278 448
-435 -151
-16 22
-356 -259
-401 -17
-402 -432
-23 -182
-176 -455
352 97
-111 468
114 -379
-245 -453
-31 241
275 258
161 30
2 -115
395 262
88 190
-82 -187
212 19
126 135
-21 -401
-343 -365
-174 150
280 280
43 -155
-238 -158
-431 -5
233 -201
325 -151
-3 -272
496 -450
-414 110
475 232
-480 45
-317 354
216 394
122 279
82 420
-335 -261
-163 -435
-27 -96
294 -368
-172 431
238 481
117 368
-177 264
303 25
236 -448
451 -111
-21 192
307 -20
371 -150
-22 -113
287 85
-311 -408
-160 17
-361 -66
-499 157
7 233
-32 272
203 -325
29 177
-481 74
-150 426
-239 68
206 149
318 249
391 -18
176 -8
378 11
496 -173
81 185
-438 101
-468 484
65 307
-431 -371
-372 420
-411 -209
-370 306
38 -87
92 -176
-340 251
276 -300
225 5
496 -395
-430 35
-462 -455
-410 445
-275 -5
-373 306
409 -135
265 248
-225 0
258 471
298 -338
2 -10
446 -85
488 208
-130 36
288 227
223 422
78 153
259 221
-37 -202
-41 142
89 -36
338 -380
338 -295
-11 362
-374 -135
148 2
153 -154
-123 -375
347 150
-5 147
438 -471
-144 -320
-491 69
-74 -386
-193 -195
136 -186
151 356
410 -109
-336 416
444 343
-250 39
-177 61
-215 -490
-39 327
-301 -428
196 -256
-438 230
261 -121
228 -22
264 394
317 78
389 56
-13 427
-251 -119
-117 489
9 -81
-447 -127
279 -197
141 -463
-66 348
3 371
-15 -295
-363 -207
-466 -425
-114 147
-374 -185
122 115
-154 324
422 380
331 -153
330 -416
2 133
341 209
-297 -353
-86 -399
493 -388
393 361
-54 -186
500 265
313 -277
359 319
-465 42
-184 -14
-114 126
209 -91
74 300
324 -314
330 -341
55 69
247 -392
-450 -16
141 -186
463 -121
-252 -441
-466 13
-204 52
-252 -332
24 -257
-338 214
-289 -130
23 276
-428 307
-256 -133
402 74
359 -246
-493 477
-248 -196
-395 82
38 -431
-132 485
38 -236
-38 284
32 419
487 207
32 305
345 394
-212 -282
35 260
-136 193
-173 2
-37 404
438 -113
-135 -482
111 264
359 -18
163 326
-392 471
72 376
-158 -436
-124 -394
85 -45
102 -198
-116 429
70 -359
141 314
370 348
456 332
-217 -84
-54 -372
-239 -248
-338 77
-236 -497
199 368
-198 420
-372 -440
-374 -102
53 22
-242 -395
-485 -273
165 -326
-23 -136
-379 -106
-476 -357
-190 40
-188 -188
61 155
-328 -239
-213 200
433 -292
308 64
500 -32
127 -36
471 41
215 -343
25 -451
38 -365
489 -121
443 -337
75 232
-361 44
270 -498
49 -392
-242 360
154 198
-328 -492
119 397
-416 -128
-292 264
-395 69
-113 -84
306 -233
448 163
245 475
300 -193
482 -256
-4 -111
-349 -166
289 -184
-141 341
263 -129
-351 132
-407 -108
-283 -311
-156 -230
-337 -310
64 497
-120 312
245 -204
399 -202
472 -76
189 -492
-109 494
-319 467
139 457
79 119
-490 -334
-234 -31
-54 153
-225 458
-201 204
-140 42
-254 -287
-345 177
154 -415
-349 -467
411 56
-158 302
-76 -66
-434 -79
465 301
-166 -54
143 346
-228 223
-375 355
-86 77
-429 170
-441 363
158 -63
-423 212
268 -440
-377 251
53 -305
222 252
314 194
187 349
372 171
309 1
-487 -29
-398 130
-54 175
310 -35
369 344
318 162
476 120
-455 -51
309 -165
173 469
-473 144
202 446
-130 4
-360 -193
84 346
218 468
210 253
-327 257
-70 -212
364 490
471 -423
-160 -7
215 442
-394 -210
-116 144
-56 288
-144 -18
103 21
-473 49
-288 -345
441 -106
-184 12
305 236
440 429
-144 -362
-32 -21
-51 499
82 204
-245 -167
-339 392
-94 -74
-192 -143
260 -186
-168 -131
483 -358
433 400
312 132
-301 -411
-250 497
-36 224
-395 -262
440 104
171 179
14 433
380 133
211 66
-278 162
-180 223
-279 184
380 -102
373 -482
-177 378
-497 -451
-187 -181
-184 -82
-225 75
-255 -399
363 -397
488 -497
490 -378
35 -356
-66 266
131 477
-492 330
257 -56
-188 -445
-155 -168
21 47
23 101
57 288
-401 117
28 -333
486 295
-7 79
-31 -481
299 -149
349 -296
-207 -118
452 -227
162 -313
174 75
110 77
363 -269
-273 364
-86 22
-424 45
175 -478
173 437
-432 40
-191 290
28 -363
61 117
31 226
-88 498
470 375
59 70
-341 78
-452 -495
-212 -7
465 -31
-393 271
-337 -167
-202 -195
471 -12
435 -365
-363 -184
-413 499
449 114
251 248
405 -286
206 30
298 418
455 -288
-291 -418
240 -100
245 440
-292 -120
300 309
221 -221
-90 194
-82 -488
-47 46
-185 114
10 -188
-6 464
126 1
19 74
-275 193
-224 55
-257 335
-234 -3
-190 -58
-250 226
-254 -458
-69 154
-348 -357
3 -469
-413 -439
42 -262
-324 303
269 482
-64 240
266 -175
49 126
178 -39
360 -81
-483 311
24 -135
-361 421
498 333
-158 327
60 -311
75 471
-414 485
-430 63
-189 -146
69 -43
97 145
373 -17
5 413
190 98
101 -398
-489 364
377 328
-90 400
260 329
-126 -279
-208 -490
95 286
-253 263
459 -25
-67 -117
-448 -192
233 -90
409 333
-252 -250
-347 46
-9 -479
164 -43
315 363
329 269
-257 225
-321 -7
-138 412
58 -55
424 179
382 -163
-114 -120
464 -385
300 337
-339 -200
276 -331
283 12
468 442
-409 -280
375 110
-302 -148
-307 443
407 -182
-408 -60
198 -231
-50 -278
93 -290
194 336
14 84
-474 427
-389 241
224 101
-390 -176
-121 -497
-30 -468
378 -91
342 496
149 -437
381 -213
-461 -464
-221 -97
-167 -282
219 -103
-128 225
376 299
-276 100
42 -1
-414 -431
499 -437
338 -279
-178 -331
340 -324
-15 163
-260 78
-302 -259
126 226
445 -397
164 -305
60 -412
375 432
-277 369
-215 111
133 278
301 -460
202 -114
127 442
84 159
-139 113
375 418
497 -445
-37 112
386 -488
-84 -286
-457 -114
-479 46
-322 -212
-47 150
279 -398
117 36
-331 -168
-229 -367
455 -474
-277 -340
-105 -224
-485 -343
-8 83
46 176
298 286
-478 -492
-481 -196
-482 284
153 -224
149 -208
-489 -221
380 282
-392 -213
111 -391
-31 -453
234 273
-242 -37
51 463
67 420
-1 -106
438 -352
217 455
484 401
57 49
133 -310
61 -3
-298 233
216 372
-191 54
147 -101
54 449
55 -434
-429 108
474 -36
-78 -94
-416 64
337 429
79 -240
-284 364
-226 368
242 -471
-141 376
-129 -325
139 408
355 493
-56 100
-488 -474
-289 -52
424 -378
65 -217
-393 -304
-381 -275
92 447
245 177
29 199
419 266
483 177
-12 -171
484 498
-112 -372
-317 -177
145 -335
33 -403
173 187
-302 -46
235 -415
462 403
-174 286
235 -175
29 -205
-233 369
76 83
362 171
-133 158
143 -47
-93 370
169 -121
-321 97
-360 315
274 -106
315 -221
-319 485
-195 456
-55 -112
-346 -368
-301 -480
-106 165
-384 162
-191 -358
-385 499
-258 375
-365 -385
381 149
260 -438
70 308
-270 450
164 -208
-316 -265
-289 363
-362 426
135 12
-444 309
233 -389
-179 268
-160 -427
-108 9
235 -353
56 180
-38 -28
179 -337
237 -410
428 -413
467 -248
204 -201
-413 -80
354 -17
-440 -126
248 8
-176 9
214 417
-262 442
-400 -324
-402 229
-426 313
-26 355
401 443
236 -387
371 -41
-216 -88
-85 -194
-280 -284
-229 30
-2 -393
-19 74
-348 -290
-448 371
-361 234
-82 392
-380 165
406 -38
-253 259
486 -336
439 262
-443 434
170 -128
-75 -467
124 -38
193 -231
387 -443
156 367
-217 -254
-37 -215
446 -78
69 298
-176 128
-195 36
171 382
-112 437
-466 -150
-248 347
127 155
-458 56
262 -305
-79 -259
342 403
-112 406
-85 -494
141 -45
468 445
-365 -150
-215 345
-113 172
18 -284
-107 147
-62 238
78 -453
280 -258
391 -86
343 -64
69 -460
21 352
-433 -470
-498 354
325 376
124 -231
-315 -342
312 -88
-139 -386
-395 365
-47 -352
-368 -55
237 484
471 371
-33 57
72 317
37 -347
127 -252
279 71
-71 -176
295 -453
-101 117
21 -105
-182 44
492 -416
-401 64
270 419
-183 348
-161 11
340 111
114 110
118 435
-429 177
-314 -43
162 179
427 -100
171 275
256 137
389 -5
120 -16
2 -241
-3 -133
96 61
-499 -45
434 253
482 335
-172 -12
-270 436
482 47
-69 -420
172 365
79 -77
-454 494
229 218
-264 -338
273 75
-236 381
-93 163
411 -226
-299 -179
-312 -244
460 258
172 -222
305 -81
204 184
-239 22
203 -34
-294 375
-245 -107
-210 490
184 -378
322 -120
319 387
-389 -34
398 -479
-183 -360
-33 306
334 -195
86 -101
189 489
-133 -300
167 347
76 431
-181 -220
472 -349
37 40
-435 251
468 46
-370 288
-56 318
-220 -21
-370 59
0 118
227 96
-329 498
451 -159
-215 233
-12 -283
261 230
466 -134
-498 186
-256 413
481 -306
478 -206
-194 487
-430 232
219 417
469 -6
233 -122
-470 382
495 -448
-431 456
36 -419
-188 223
414 -349
167 -401
253 -33
201 -388
164 233
-445 305
496 110
227 -165
-315 79
355 387
320 -215
-278 370
180 -359
171 126
-486 244
-462 -66
-132 -163
-329 -398
372 49
251 238
305 425
-431 -373
-388 77
-266 499
201 -234
235 -24
-345 344
-253 231
-381 -38
-220 -122
-393 -452
201 202
-252 11
-270 -353
-461 -422
9 -184
-155 -436
285 -221
-152 -445
-14 481
154 -33
-262 -249
84 153
-78 -4
-463 250
250 -224
474 -476
-289 -46
-438 -312
401 -340
-48 447
385 73
-388 185
-480 27
38 -265
-148 27
392 193
28 -185
183 18
-131 351
-52 -81
79 -84
-429 242
46 -209
123 -369
-352 -267
-249 104
-433 1
74 -125
-209 -231
-363 -220
-46 12
-65 134
146 -314
322 -354
-52 38
-358 -158
94 225
200 146
304 -479
136 -316
-170 476
-69 -174
405 180
-213 -294
256 132
-351 -337
117 -197
-166 55
127 -245
-2 -428
-225 -278
-286 260
304 254
40 -297
-323 -94
-359 417
-360 -416
124 -33
370 267
438 -47
-164 -405
-109 105
156 -194
-189 288
-217 -153
5 -97
-290 -145
177 -257
244 480
-311 -122
-91 322
65 -352
-157 -209
-156 -254
-106 260
-454 -144
135 189
228 -244
-356 -282
46 152
402 332
57 347
-398 -347
260 50
327 -492
77 -491
253 494
400 364
-386 -145
-405 -68
-202 394
-414 59
-370 277
-485 -362
-197 22
191 234
416 319
426 -158
446 79
434 269
257 -66
306 -457
398 -66
319 -47
120 25
-414 67
10 -329
-412 -97
346 17
-247 120
-372 -355
46 161
79 -208
-192 -467
-149 117
-402 -363
128 -287
-37 -299
-181 46
-408 341
-285 133
-175 -419
-183 -437
403 12
-157 -159
-7 -446
366 317
-126 -175
323 121
487 -435
-257 380
-461 464
495 201
-69 178
-181 437
418 224
306 453
-177 -176
-87 -62
448 -35
-147 -107
457 -78
41 300
-495 313
168 421
-138 309
-193 277
-484 -23
108 -316
131 91
151 -307
178 -98
139 -332
478 99
303 305
-220 119
100 202
-438 149
367 76
24 -25
-426 257
-12 271
-447 -220
-10 87
315 472
-90 -387
-390 490
-188 195
280 314
336 292
-87 124
-322 414
-234 333
-108 -114
-331 -60
-73 97
403 -91
-57 88
-466 169
-255 222
181 -315
-219 -223
-405 322
-443 -62
469 102
-85 426
296 368
157 260
331 254
82 455
10 -188
-249 376
486 303
-371 351
-499 -316
-129 143
370 -321
129 269
159 126
-368 382
-249 -361
-4 91
