100
15 -151
-415 -132
194 -4
-232 338
240 224
388 -264
-410 41
461 -25
477 325
415 -255
273 118
-254 287
-336 103
-385 242
-24 309
241 448
334 -132
370 306
-373 -152
-153 -16
58 23
-231 -203
38 -362
-263 -192
-285 -381
313 239
-18 25
-6 -66
-230 435
315 -404
7 156
-280 178
320 -405
186 -89
-114 -100
-91 -271
-401 487
-497 -207
295 134
-407 -354
262 349
357 70
-18 43
108 4
-134 -241
-146 468
-56 100
-233 -126
-239 -361
-364 462
373 499
-47 -163
-263 -58
494 248
329 276
415 69
-258 155
476 249
7 149
-156 -33
-109 -424
-181 253
-481 -255
330 -208
225 487
300 227
-90 -112
256 -6
92 -496
169 441
38 -432
206 -12
499 -480
-160 450
327 -332
-276 -475
-200 -412
-492 -364
-430 396
259 437
-351 -12
-124 -298
-326 85
-233 316
-253 444
-312 -11
-13 7
-110 -321
453 70
491 115
-110 308
-103 -173
176 -24
414 248
169 -362
386 476
182 369
-498 -483
-302 272
-395 23
