1000
-87 -445
-389 -270
-499 343
-121 -59
-351 385
244 102
-188 -111
-485 -11
-341 200
-88 25
-26 468
418 227
-147 340
235 -136
89 24
-484 19
261 -402
-107 -170
70 419
382 -432
-429 -80
130 280
-313 438
-307 497
-354 152
-377 -290
283 -18
-477 448
260 464
250 284
-265 -272
-441 -339
403 -148
-342 13
72 307
-25 251
-414 -376
426 -300
473 437
-348 -80
246 131
231 218
-170 145
56 -210
492 76
298 267
279 447
-272 -259
-276 350
200 -375
132 -359
-301 247
-352 -314
-101 178
-374 194
449 355
106 -117
-282 399
-74 -360
353 -484
-493 179
-272 -297
-185 14
-222 -11
390 -82
480 72
155 142
-262 251
245 213
-199 417
-56 390
-96 -415
79 -338
-90 500
294 34
-462 430
-49 167
-365 -499
-344 415
319 -417
-266 -442
-29 -250
-68 -291
-14 42
330 165
-447 -153
282 88
-370 -289
228 -458
-262 -222
-449 127
317 -319
-338 141
27 -492
82 -250
-113 407
226 377
223 -148
-30 -226
457 428
455 425
83 -344
-112 -348
450 283
45 359
47 -395
-180 -147
164 -70
-43 -369
151 380
406 476
-49 106
-39 -379
-259 255
194 -140
-50 -408
-353 -242
300 215
130 285
-453 338
188 -11
99 40
-375 -395
418 -69
467 -221
-387 -495
-472 404
69 -56
-450 168
-489 -218
394 206
275 -50
451 -98
489 -439
-490 185
-400 -390
-101 375
-80 184
-432 -387
-487 -330
-104 -66
-440 262
-73 271
20 490
-311 -112
-378 -443
197 -491
-58 -229
414 25
-177 -186
-161 114
-295 -122
425 445
176 -172
-182 -240
391 -296
-322 457
-498 78
256 98
379 486
155 497
-372 50
-20 -13
-5 -305
276 441
-387 -305
21 339
359 340
80 147
429 314
400 36
96 254
257 -133
121 298
317 -373
-382 -442
-159 -312
64 385
187 282
-196 69
-438 233
405 466
-342 -145
-157 212
-313 465
-32 281
-431 373
-340 417
-267 -274
101 76
-80 308
-303 72
-153 -350
-465 -226
67 -139
100 -114
422 375
-25 -191
-452 -487
350 -278
410 176
-52 488
-421 133
-19 -474
289 -371
-382 155
473 -7
225 243
173 -373
-273 453
-111 -18
475 196
96 -325
-240 -191
-70 -266
-475 -47
392 414
269 396
-417 -97
336 -420
-238 146
214 157
-65 -252
92 420
372 45
-489 227
482 -258
247 -91
432 -479
-483 418
-144 231
492 484
282 237
254 249
-174 398
269 -359
484 487
-420 265
-359 190
114 -329
370 440
123 -106
206 317
-288 -72
-385 301
-424 -160
-233 -385
169 311
-158 330
326 428
-68 500
-354 159
37 -255
-121 443
-483 -157
-341 -88
255 0
-204 -134
-96 491
95 -13
-18 313
305 -219
-268 168
-475 389
-82 308
-441 -353
-461 477
-462 393
241 441
411 -456
-351 254
19 -230
119 -212
-243 -163
400 428
-323 99
414 -292
279 -183
309 462
82 451
-97 -230
-292 427
-363 -119
282 300
-195 270
-6 -54
-421 -235
454 -474
-188 322
-351 11
-202 65
-457 222
432 -326
244 -468
118 -282
-101 -417
-364 94
-8 -139
352 -416
-356 -146
-475 -347
427 -341
19 335
-413 -362
354 358
-110 -201
473 126
256 -349
-11 -387
387 206
357 427
248 -173
-459 -239
15 -309
-301 251
-119 372
135 192
389 156
-59 413
-7 289
53 -129
436 227
-401 -15
-279 -204
224 202
-76 -465
-382 247
285 -438
436 153
59 -260
-426 70
174 -324
72 257
142 42
123 -139
-124 37
348 9
-102 17
305 -379
-69 -291
-482 382
193 474
-429 414
-143 -179
371 -136
223 -262
204 -269
-127 -25
410 -170
-52 -253
-491 401
-473 136
-236 -331
-267 436
-268 -482
-462 218
-286 -399
200 273
-370 -77
-139 314
49 482
-20 237
465 -5
-37 425
433 429
84 -111
202 -159
-387 -142
30 323
-452 400
231 345
444 38
68 46
-136 -454
217 255
-240 459
8 118
-487 194
118 -178
-71 467
247 -28
295 118
228 -490
-317 438
-85 196
-343 -68
470 -489
134 -390
372 -82
206 -26
499 372
165 387
342 -174
186 -232
9 -358
115 480
434 -314
309 -244
-454 -255
-43 -461
308 284
-31 -143
215 -342
-472 70
100 497
227 394
324 -75
-156 93
186 236
306 56
-92 76
21 412
-315 -5
183 107
177 -122
-486 -37
435 393
421 -252
10 -118
-267 -278
235 -271
56 -185
200 166
6 236
272 121
0 -460
130 85
-438 201
-352 -215
434 313
-151 66
492 375
-332 125
-214 -130
496 -5
143 74
495 -177
-48 325
48 -357
45 -85
-297 -285
43 -89
219 250
342 -267
-286 -411
402 -442
-454 304
15 422
111 206
196 -87
-314 -337
-46 141
231 -7
-386 448
330 266
-129 -230
460 -21
42 -458
-412 -40
219 -444
-180 -357
-240 144
-478 -325
178 210
-415 188
-94 -279
160 -368
-142 133
-481 198
-108 -113
38 61
-142 388
-70 -66
29 -270
196 -330
12 -203
477 -42
150 -435
-164 3
132 78
-486 -361
-273 -36
12 487
415 -156
-452 168
-303 125
-471 34
-301 281
215 103
433 381
111 -129
293 -112
-204 283
221 -445
-297 407
128 -3
-20 28
-399 392
-250 371
55 -392
-209 -287
83 -372
328 -448
290 -25
291 -82
-99 -299
-128 -396
176 154
-132 -61
-65 428
418 448
-50 178
187 399
-38 -385
218 334
-348 -433
-368 161
-254 -377
-39 -302
-443 -267
-222 -472
-231 -238
95 -146
-475 -268
-461 -422
339 -25
115 342
-319 -477
-379 202
-473 -388
-239 -12
337 482
-22 -231
-232 11
244 -125
216 -465
362 303
300 -351
-92 -375
-444 437
450 -225
425 484
-241 -161
-346 146
-74 176
389 -384
-252 -218
-355 436
-499 -171
-283 -465
-296 272
-175 376
55 -175
-192 82
374 81
-470 378
339 375
-199 -370
-322 -96
392 193
154 -265
-375 -499
-122 85
-164 405
-58 -402
40 -245
-44 -217
434 -374
-227 35
-403 -140
115 387
41 143
267 -133
171 136
-44 -149
-304 17
-255 -29
-425 5
14 61
-266 236
-315 67
-207 -413
-144 -97
-98 -273
-189 -421
96 201
-108 348
306 26
-90 188
111 -105
213 444
-13 -381
169 73
-27 -393
274 197
-466 446
-27 -276
371 -87
411 222
-480 -68
202 111
286 225
56 -445
-25 -46
411 432
381 -189
114 -375
-55 460
92 -269
-65 -99
-40 429
-142 299
12 -58
-397 -445
-295 -322
-307 5
0 -486
481 -178
-238 485
-16 428
-65 224
-474 154
159 447
207 347
-166 199
134 -280
260 -163
-178 -226
106 200
140 476
240 379
-366 -221
-32 -28
-161 -299
331 -321
407 -274
313 -320
-424 207
254 -439
410 104
-339 281
266 164
-125 -443
-301 -327
-328 -389
424 403
-481 -226
-260 244
197 283
58 -251
407 85
412 70
104 189
378 -185
199 -91
96 -201
-183 220
-88 106
-500 253
484 -28
272 28
411 300
33 186
191 -489
-445 183
-105 -305
436 12
423 -385
232 -416
-419 -323
-489 443
374 304
-352 -77
-134 -52
99 290
61 -260
-466 438
464 136
-75 272
-155 -466
-421 -449
-396 114
-248 116
319 118
139 -260
452 331
222 -119
-422 -469
-99 51
-63 236
188 -195
-60 381
153 306
-421 380
-108 435
-152 -33
-173 349
-382 -428
-494 -388
-420 495
99 -371
-412 -46
389 366
201 393
269 -132
-10 296
-220 98
-314 232
-207 -263
-46 384
-262 231
-359 316
-58 -359
-334 336
-490 -154
-368 491
310 250
-207 14
310 -204
256 -199
-143 -418
78 -26
491 435
15 453
-10 -325
330 385
-455 22
494 -240
15 -3
-410 -392
-263 100
119 -393
296 333
-250 157
-48 -442
373 455
-464 -82
230 -491
-411 399
-142 279
-406 310
-341 -84
104 255
110 90
-462 -323
90 -156
96 -435
-239 -367
-305 -277
-190 -371
475 356
365 123
-207 33
123 150
367 -414
-347 -297
-297 -207
496 47
-157 482
336 -481
-70 173
330 198
135 36
-454 50
396 -374
456 -318
89 493
107 -119
388 118
345 296
80 -236
49 -417
-186 297
-216 0
369 34
155 -30
-365 486
-249 262
286 61
-109 -88
-451 118
486 -98
-356 496
82 -10
-458 481
-75 -276
319 -231
191 -42
234 472
-117 -442
49 331
14 -40
115 485
-115 20
-43 -472
-199 -330
352 -115
-456 386
-218 151
-454 30
-254 -379
383 83
62 -107
-93 -488
261 -163
0 13
51 116
37 81
196 -17
203 -98
260 -108
233 -62
-329 -152
-155 -256
297 -466
73 387
322 -290
-234 -287
99 493
145 270
-175 148
-39 467
-411 214
-263 -433
-500 268
-289 -211
334 -235
259 -254
456 409
-261 79
-378 447
-397 59
-23 -237
437 -360
-286 -379
20 -403
-73 437
192 187
-330 374
410 -462
-65 323
470 315
84 337
-449 -174
-247 263
-420 -484
191 -65
47 -106
160 218
299 -490
443 67
391 259
-113 -6
66 -271
324 -273
428 -299
-206 319
427 4
97 -171
262 -67
-260 430
436 375
56 -468
324 -32
-64 -470
-27 148
171 -118
51 -370
-27 196
144 232
48 -290
483 -284
247 -82
450 -196
365 -452
111 -373
-157 -496
129 468
-34 467
161 479
232 119
363 -85
198 226
-60 419
331 77
-387 376
-329 -174
-408 -288
166 -191
28 319
-230 369
470 171
-203 290
-479 463
-107 114
269 188
362 -348
-283 425
449 146
-200 150
-400 241
-12 9
-293 -250
-474 -245
-361 179
75 0
499 270
-89 -171
-251 -468
-250 -78
114 -112
-174 137
445 279
493 -329
302 430
-82 79
260 -249
-283 218
446 -165
493 -435
-423 -308
317 -43
406 -13
397 -293
-443 133
-176 -196
109 -374
-469 423
-443 246
269 351
-264 -488
-182 -90
-277 -321
-9 -101
472 74
284 -385
-47 29
-213 479
-375 287
77 -384
436 -122
-413 307
184 93
426 -216
464 -66
-83 -200
174 -267
224 -378
438 58
-439 -65
-481 -31
391 -187
285 -132
304 -360
-300 -170
-407 -128
-214 -103
347 -452
-206 -44
-474 -276
-367 -18
-162 351
-448 326
144 486
44 -207
334 -75
-171 124
65 -494
-453 187
99 -17
253 100
102 -13
-10 -102
-280 469
-210 -209
471 165
-65 216
-292 -454
-272 122
35 186
254 55
251 220
-4 270
476 127
296 -100
-275 262
348 -376
-447 371
286 -472
311 -370
-179 401
-29 302
-27 -371
492 -251
-478 -411
-241 -269
-478 314
-284 79
426 232
237 380
