10000
-361 -321
-495 -318
-116 174
151 279
-202 -68
348 -419
-308 -248
393 253
43 -329
-300 105
78 -38
-326 318
-352 497
-465 246
494 -79
254 -399
117 -49
297 -298
-248 -92
47 184
-145 -111
290 231
-308 -68
126 -125
-367 299
132 445
-164 472
-57 433
-146 227
390 -295
188 -395
366 -470
-108 -475
-2 -163
498 -84
141 13
-349 46
491 -368
381 -114
-69 -346
86 458
-290 398
-267 -324
-218 237
32 -291
469 94
-439 311
-101 431
266 -457
-392 -199
300 -227
38 -126
443 121
-277 378
-307 -47
-404 274
198 -385
352 322
234 133
172 163
-30 234
-18 -38
-211 363
-48 -460
133 -391
-22 -256
452 441
471 208
59 -327
245 -169
462 -117
85 107
-201 -410
-143 219
-137 88
391 -334
-404 296
-355 55
-165 -232
-140 132
58 -136
173 308
-236 -272
-467 33
435 -283
-68 56
161 -200
-66 409
233 -371
-430 -406
173 -356
21 425
-164 -289
263 -456
314 -282
-348 306
-74 202
-205 386
-65 177
99 -201
-192 155
-443 348
21 79
-458 59
216 14
121 135
-353 17
250 -427
410 -99
104 374
-394 -280
493 -327
-203 236
421 313
-237 246
60 -58
260 363
95 -387
442 267
-225 -294
418 293
249 30
74 -385
276 -382
-464 114
270 341
-442 8
-130 -500
-325 -31
481 -249
-265 -312
16 -103
-374 307
214 -37
320 -229
250 -29
2 -261
-139 293
-162 386
-426 239
90 -65
379 -142
-150 -120
284 60
362 476
-46 -32
495 -260
330 -143
-51 -307
196 226
425 387
-463 234
191 -75
-458 -427
-281 338
339 -398
405 207
368 164
311 114
-11 205
-88 102
148 -53
90 -338
-421 -259
-226 -121
293 -359
-151 -428
-50 -93
-368 143
-60 35
460 339
375 -421
212 -395
-173 -251
-91 -354
151 -452
-154 150
-462 342
382 82
299 -312
-386 494
-419 470
-399 458
-343 389
-331 -324
0 -6
-400 -184
-164 175
306 223
-299 351
253 17
-151 200
-158 432
439 326
-269 -37
-234 29
-276 -488
495 -261
-404 39
184 -180
106 133
178 479
12 144
-348 175
469 413
257 54
-70 -141
-145 -372
364 6
-185 308
-376 455
-81 -290
394 -484
-226 385
-254 94
163 239
-430 4
266 119
-293 217
128 183
233 207
-186 50
140 -54
38 37
420 30
350 130
-479 315
-107 -454
241 -262
201 377
-369 223
-243 272
383 95
301 390
386 138
335 -367
199 196
233 -470
324 249
222 -50
181 -322
349 -144
-398 455
-321 440
342 209
43 392
403 -166
-144 -171
-217 -440
-410 -449
-4 17
-344 -136
41 -241
-189 345
-258 -327
-103 -148
99 72
-245 -220
429 445
-447 -308
-402 -78
261 -138
193 173
199 -232
11 -249
239 -35
-342 -116
204 350
432 321
-272 478
248 49
276 -384
-329 -57
470 -286
191 18
429 230
-470 44
94 218
380 -205
353 -250
-215 -221
126 -181
-153 313
142 147
-378 -438
106 14
375 253
-497 93
170 439
463 122
395 399
35 116
-395 168
473 -405
-161 -181
439 317
-371 128
-266 -466
-196 -275
184 -109
419 -143
-171 409
91 310
142 213
-440 -242
184 -461
84 76
43 304
148 257
-303 467
-353 438
104 -487
241 -166
145 -329
-260 -403
320 -422
46 -495
-345 -329
207 -245
-340 -483
-348 208
278 192
-60 -11
-466 -60
-452 -499
-392 -204
-330 318
485 -84
113 262
268 286
214 4
-134 -160
183 25
290 297
497 -397
382 -73
331 -373
463 -397
478 -86
-129 -491
-232 283
41 330
140 1
327 351
425 411
333 -242
-367 -98
-269 470
314 271
209 -349
-247 176
-12 -273
50 419
-58 -299
-253 302
-391 82
-294 -129
-178 -91
220 252
-484 493
259 -31
-389 -190
-286 235
135 -161
184 -19
449 -490
18 463
-31 -105
-140 304
-167 -311
16 187
239 48
-174 238
-118 -321
61 22
-167 434
-494 -427
186 -455
348 -74
-121 222
380 -278
437 -388
-68 138
146 420
-156 -144
-232 -386
446 -134
-50 129
-329 142
179 370
378 -446
153 431
21 482
137 -462
122 127
-225 42
372 105
483 207
-90 -391
-320 17
-451 56
-155 -345
-302 418
-89 185
-252 -143
46 -356
-153 398
-9 -30
-387 122
-415 179
-19 496
-483 -90
-217 -20
130 68
-51 100
-275 407
-203 -489
441 475
-331 481
105 -50
474 -329
-339 426
-255 -206
327 -474
-349 -282
-43 128
-492 -299
-371 465
397 214
-156 -175
-333 282
-78 4
-162 484
-77 258
-126 -68
-484 224
465 343
-24 -255
-86 -67
-41 -8
-146 -191
146 397
95 204
413 415
458 393
-499 -246
66 353
334 319
-259 -453
427 -477
495 -34
-139 -403
494 -326
-426 -8
248 -472
335 172
-259 301
334 -300
113 437
475 -134
378 -102
136 284
197 237
-29 -68
-20 -95
-252 -337
-286 467
-352 440
-444 14
293 330
160 222
-269 -436
-122 -174
259 -21
151 -161
-59 -44
306 333
54 -498
-28 118
40 -223
353 -282
240 -288
-342 326
275 138
-326 249
490 -8
90 462
-117 -453
-400 453
-241 -416
106 172
138 -484
-487 -456
-219 -36
273 -40
-425 -383
407 215
-318 -449
-462 -378
-482 331
390 -420
472 379
-230 -432
108 203
381 53
-37 471
-125 350
174 -95
494 -258
180 -347
301 116
107 -112
-179 73
-32 67
89 -444
127 161
-243 -459
475 218
-303 318
-96 -296
209 374
-311 -334
96 62
-20 -397
426 -266
201 230
-33 107
428 406
-311 159
-336 -393
22 -177
436 -178
-370 88
469 447
-225 77
-191 -117
-322 222
-190 495
-253 146
-79 -78
-458 -83
155 -294
-334 -205
244 224
-77 447
-202 486
-390 -7
-78 -135
-24 486
-165 450
-386 277
366 -319
485 163
-407 -239
68 -3
85 -245
304 -93
359 -412
-222 53
141 207
-426 424
-165 262
326 -65
253 141
62 -269
478 -357
450 -405
99 217
97 455
425 -312
389 -327
91 -383
287 -446
2 212
-64 474
-427 -218
140 144
-310 485
183 -197
497 366
372 -462
48 -210
296 363
242 -28
-306 -398
495 221
333 398
-262 -156
-144 211
-178 -85
159 -471
459 78
150 497
463 59
487 -350
-162 -363
-386 -352
-381 -121
283 -43
-275 -303
-263 139
-393 -171
263 85
-328 -318
285 -32
414 -267
352 -233
213 57
26 -290
-214 77
132 -147
448 -239
6 -431
-67 -178
215 477
108 107
243 325
174 -139
295 -288
486 -485
-294 337
-381 256
-251 103
-373 -363
-282 -254
180 -474
200 -456
-332 358
-208 -462
193 106
105 -203
-26 -170
113 -453
-120 -252
412 24
271 -223
361 179
60 -273
-312 446
294 86
453 -257
-467 150
200 -112
176 -277
335 298
140 19
158 -102
246 199
405 221
-447 139
243 -69
171 -487
-185 365
-156 284
422 -285
65 -174
24 232
-392 -142
48 151
382 194
78 -439
-321 -335
-57 -299
-210 -362
497 330
-27 -459
-481 -202
-253 -336
312 -186
318 -161
-245 373
-118 -215
36 -291
136 -166
445 32
469 -185
-7 61
434 85
-129 -338
-383 373
326 -352
-110 -131
-392 435
-252 415
-389 -303
-184 -74
370 428
50 473
-221 332
-143 -401
-138 80
485 -414
-244 -488
-335 19
220 -185
418 -121
-296 -290
-392 -144
-172 -5
-246 469
-308 63
-402 -147
47 -322
48 339
423 -426
499 419
110 -47
169 6
464 304
74 27
-90 -27
-196 -350
-461 411
-211 69
-377 -9
66 -198
-225 -418
-336 17
327 -181
85 -55
-211 -34
95 161
-249 -75
453 -390
424 -157
394 285
478 218
182 283
148 475
-495 235
-441 92
165 -147
-440 323
156 275
421 478
-426 114
459 -473
-479 -183
130 -410
388 -366
29 184
404 434
-298 435
479 -495
408 262
-142 -379
13 -113
388 -385
474 -80
211 324
40 -82
436 44
414 383
-308 -135
-317 369
73 119
469 -241
133 379
-391 440
-404 158
-388 277
90 75
222 -261
129 202
407 -236
-88 -400
471 491
-445 482
60 348
195 117
-192 315
-114 273
381 89
-196 151
489 494
403 413
-78 -320
-222 68
409 386
-28 -141
-291 188
-80 182
496 219
-376 312
-234 124
320 -487
-424 91
433 8
-53 298
-53 -337
493 -262
57 -207
104 43
-11 146
294 346
76 -137
273 62
353 331
-425 374
76 -218
-286 82
55 395
-430 420
414 -298
-161 500
289 -174
-406 25
445 -278
-102 65
297 -290
63 371
402 -304
-16 -71
-254 398
-174 264
135 -490
230 468
3 258
265 36
458 -231
-39 483
-88 101
405 -472
-248 -447
-469 228
-335 -248
366 -437
-133 -298
-363 128
-140 -198
33 334
-237 426
59 339
41 -67
364 -256
-26 284
1 153
-389 -180
-98 206
-229 216
-138 367
315 303
-446 313
136 -46
-33 349
-244 -81
414 -259
485 -113
-253 488
170 -417
-148 -359
-424 496
-166 -242
271 -163
142 450
110 -111
259 134
-143 -431
-59 -139
-413 123
-83 197
132 47
-287 287
307 300
459 404
118 -333
-405 -142
-97 23
144 447
-418 -437
170 -183
292 -108
413 234
-349 474
-339 57
-148 -305
-478 29
301 -213
239 252
169 -92
-147 229
310 -457
-270 107
-393 75
-461 -277
-76 -431
98 -418
166 -10
103 94
-168 413
-331 157
287 356
256 -223
374 323
449 271
172 -51
207 -160
155 -463
-236 -268
104 -411
85 -440
-296 -161
-385 426
60 -452
417 -151
-161 497
269 -464
-491 467
371 385
177 -284
-17 280
236 93
446 -243
379 326
265 73
-373 -344
-195 485
-300 331
352 28
334 397
-25 -79
466 -302
-233 -399
312 356
361 81
-166 -86
231 476
-463 -41
468 -429
-19 -181
495 -181
103 99
-224 -288
-409 45
18 -172
-113 145
115 193
367 -32
-270 -200
-20 -492
103 -12
-494 199
-470 -205
127 306
-283 449
450 431
-110 -64
246 80
-280 -396
51 -434
246 -213
-442 -282
373 -49
465 -430
-247 -293
-426 290
-403 -304
-255 422
352 -335
469 325
-116 -225
268 215
221 -207
357 -92
-202 146
260 -83
-186 -451
404 -395
314 60
464 113
235 -119
-35 -365
-114 39
488 -55
494 -270
128 39
-32 -245
154 461
352 57
215 -179
428 293
120 -425
-225 163
-225 -76
-211 171
370 -408
455 -65
499 126
-425 -358
-337 -257
-158 -270
-65 229
18 312
-379 227
51 96
-63 -419
-50 -384
-478 311
145 -93
319 -462
52 154
360 -399
450 109
-487 -386
-492 -299
-305 278
381 422
-159 -32
205 -407
-156 -250
-264 176
353 -44
-429 88
-99 372
-34 382
334 256
96 199
-385 -238
204 160
-380 -278
431 -215
222 -148
-259 -322
148 -192
-48 -297
-371 423
197 -170
465 -448
420 -83
39 -255
264 50
-329 -54
313 -111
-385 103
26 299
271 -437
230 -345
-104 -460
226 -30
421 144
22 -37
300 -483
106 455
156 -287
412 -229
-225 194
137 362
-438 -464
-313 500
34 246
481 34
293 321
269 57
303 477
-58 -73
257 -20
160 323
52 -389
-28 40
-24 -432
147 307
-126 -62
291 296
-111 -401
472 -110
261 -391
54 -306
270 447
-255 16
179 202
236 -70
-155 393
-14 453
125 -233
-203 339
302 -13
272 -390
-346 427
301 214
-206 393
17 35
143 436
354 289
-5 -145
305 -423
246 390
371 45
-490 182
443 -149
-233 -130
52 406
-39 -311
464 105
-212 470
339 -41
-322 -423
-143 231
67 394
28 -122
349 -254
266 414
-389 -323
-305 -276
263 -275
-375 -218
110 -14
340 -354
178 -334
191 5
-418 -183
-70 -58
212 -385
-296 103
331 441
-262 389
-182 -55
-360 -37
48 -241
-129 -110
167 -199
-246 13
-37 175
-264 392
-331 381
-289 -73
-155 324
81 199
189 434
388 -107
-434 395
20 22
-196 477
-279 118
-21 327
-471 236
80 44
-182 -476
-39 278
111 92
476 -101
466 335
-343 -322
-86 -305
387 383
38 350
-198 365
378 -36
319 270
-389 -86
272 328
-207 321
-398 -325
-107 -424
197 354
-253 159
-118 -471
363 -421
452 303
475 -491
-62 232
483 -115
-69 -135
438 -379
-238 227
375 159
27 -292
-65 -453
-339 -251
327 78
390 187
-449 -144
19 461
-89 194
-147 -433
114 -121
-136 -455
-360 -443
-487 -244
-149 103
115 282
494 418
303 19
-415 229
-271 244
206 374
-136 119
432 173
-8 -250
-49 -12
-75 -164
-50 -170
12 72
321 499
77 -349
-100 429
-36 159
-459 -448
-332 -196
-246 64
-231 56
216 134
338 72
299 423
-49 458
341 -351
168 -264
-333 246
-80 401
398 64
-46 20
113 233
282 -300
105 -394
-158 221
-21 337
227 87
-295 124
-461 100
87 335
-31 -456
192 300
448 -19
98 -100
47 368
358 357
-464 -276
-393 -174
490 448
-148 -167
-174 403
384 476
293 -206
460 370
139 -447
-301 376
-225 -193
-441 -3
-50 -325
-442 259
-258 -61
17 -96
457 -49
-250 100
-240 -99
312 353
-41 275
2 -115
-432 341
465 -346
361 19
-62 -3
-123 -24
83 -43
-36 85
311 -343
403 145
-94 -426
48 -362
-296 496
286 95
175 356
-168 -73
-216 334
328 40
-295 259
266 315
246 245
481 131
-153 383
-245 -450
332 -129
52 -15
298 44
-166 260
-212 -57
118 -54
-436 -422
-147 -122
276 -261
376 97
122 -43
275 210
231 490
-242 5
477 293
-431 445
-280 196
-195 493
252 -215
-93 79
-394 -99
81 -463
384 37
149 -169
-47 252
-290 -294
254 -147
120 65
-92 337
-495 412
-3 89
-325 244
-422 52
427 389
93 27
-374 402
224 253
-446 107
-494 -172
-248 -178
-493 134
445 223
-320 -436
116 479
6 415
-479 -154
109 -110
-89 85
-62 -71
-458 -129
-233 -483
-158 -331
169 -479
389 -429
402 -142
479 452
25 166
-165 470
-48 0
-286 316
-438 99
434 -406
-243 -81
145 -123
-420 -131
-18 237
305 123
-460 -429
368 497
274 -327
317 -481
-468 -79
134 68
490 -54
-404 -6
37 56
-129 225
-97 176
-348 467
84 207
467 139
-273 -66
-319 359
324 -92
477 -366
494 -235
-414 98
277 81
178 24
-195 432
418 402
-215 440
-212 -408
-408 -262
-101 54
-279 91
-201 -251
375 106
-233 408
-277 43
-97 -305
-246 -265
354 -323
282 126
444 168
-300 -402
-402 420
345 5
-432 -19
359 465
-179 332
100 248
-21 397
-300 -468
-261 -255
178 -103
-386 -206
103 -285
95 -122
-308 -378
-271 233
123 -478
-247 -206
134 -73
-55 -310
-195 -74
-455 40
-287 128
-224 -465
300 -247
245 -370
-27 -130
195 111
387 257
-92 -337
-134 194
-107 -112
-250 -155
206 -299
-232 384
-368 138
-340 475
-25 -116
-489 -90
-167 -61
-160 155
-75 -267
-186 -241
21 328
180 -16
196 101
-457 347
-493 450
144 -307
-337 -57
-372 -149
-174 78
45 -484
400 -365
-77 450
266 -52
-414 5
368 -87
101 -307
-283 261
-34 7
346 490
-71 345
-422 -165
65 464
224 -231
484 415
-175 122
471 -480
-495 199
-206 477
-193 482
123 137
487 262
263 69
-250 451
33 482
383 210
-475 254
36 -435
384 -484
426 460
-28 94
-91 139
-70 -472
395 -139
-364 208
24 459
-233 -134
375 439
150 96
-163 -420
-406 -183
462 -255
443 -199
-457 262
-384 357
-310 -61
-371 250
202 98
-498 231
-299 -212
484 -27
-111 191
328 74
73 271
-386 -182
-387 -351
-169 138
-96 454
-86 72
-228 31
237 496
-322 429
171 53
-361 -191
23 -232
-303 -139
348 -90
361 497
130 -52
420 296
-162 338
-287 178
343 126
427 -287
-36 242
139 -442
-349 -286
226 -407
53 363
-94 -479
445 -142
341 -386
-479 91
250 418
409 452
216 -140
185 319
239 -389
180 -451
141 284
-378 362
95 398
285 -310
-91 341
-494 -368
-384 -80
-120 273
432 9
-63 -482
-299 -114
-138 -50
-266 -42
202 145
138 232
477 -431
-113 -270
-37 -65
-476 109
-344 -54
473 8
256 430
-49 103
431 300
419 221
-398 -170
-443 -82
-459 -191
-494 -426
-259 187
108 -101
3 301
-146 -444
37 -242
27 -144
266 124
356 -217
437 270
111 -203
372 406
-441 -150
264 225
-165 -354
-355 245
407 46
-107 -13
100 -438
92 -103
467 210
-474 -281
-183 332
123 -86
368 -445
6 258
-301 154
-200 -8
-192 -131
-489 161
206 -61
6 -353
302 380
27 -253
-327 272
340 176
403 327
-499 240
-188 -456
423 -59
-451 420
275 497
77 -300
475 173
445 111
266 -109
353 331
101 393
-244 275
333 235
-67 169
427 180
-367 -447
219 237
-158 -425
-281 -65
-147 482
80 371
368 -283
-74 -254
78 198
360 376
-422 52
362 -312
-142 -372
-291 47
69 -174
-31 -438
-271 -486
-162 282
191 -332
-130 301
-251 -423
-137 -182
434 412
-188 -262
-363 496
-209 -199
-359 -257
91 -425
-247 -279
-18 362
-168 -463
223 -433
-331 -255
336 -468
52 352
483 441
-90 423
228 84
436 -47
128 -151
-422 -321
-398 190
-322 -288
383 -477
471 -417
334 -102
-22 -343
94 -415
410 290
-168 -456
445 -171
-81 20
92 -469
-350 338
-107 137
-250 48
39 -98
-328 57
457 176
332 283
-397 83
-262 -395
153 -476
-391 257
-73 8
-395 87
-129 -68
-383 133
-83 439
97 286
257 264
-181 328
256 293
427 -473
352 404
419 196
282 -394
-78 -214
-40 -498
339 168
-276 -85
228 -493
-187 -340
63 -489
-282 -294
-414 -422
-370 -430
114 129
10 165
337 441
447 0
-215 -74
-213 437
315 -76
-269 188
-24 71
491 -325
-66 -158
295 -82
-28 -488
-248 -236
-394 435
109 271
213 -86
-381 159
292 283
-372 -108
-68 -174
-415 -205
496 -163
158 321
-379 10
-210 104
157 204
-235 496
-360 -108
-108 467
471 231
307 419
46 499
-458 -180
61 -319
110 -476
10 -495
486 425
-369 231
434 -216
484 94
-6 339
-354 347
355 -398
-480 -280
265 340
54 -133
-111 -329
451 107
87 -487
-182 -113
-35 -29
241 -215
158 -141
431 -85
-135 442
19 -448
450 -407
359 61
320 376
373 374
-182 438
-84 -242
121 -166
113 26
261 43
148 -336
307 -12
-249 -193
-46 -19
-224 78
-350 -316
-102 -251
-139 -436
103 108
-198 -78
-161 460
36 427
439 390
134 -183
125 179
-335 -372
213 -33
282 -431
454 375
-468 -310
-168 486
187 -43
242 481
-28 -94
-458 443
-124 279
-464 -40
-1 -191
121 113
166 -159
-290 319
-340 -493
494 -425
12 443
361 457
7 -273
221 -199
142 201
128 355
139 -421
-388 254
33 38
346 -489
-288 32
-303 334
421 -191
-69 -473
-230 -339
-485 331
474 -328
-436 218
150 -384
255 -452
384 -489
-27 268
-12 23
72 74
-124 -246
-258 264
201 -259
148 -205
-497 65
-467 334
142 172
-394 -358
-158 -495
-469 398
200 -143
-102 273
357 174
-406 -236
343 86
-298 296
212 91
-185 72
-132 326
-227 124
277 -453
-84 -46
438 115
107 -229
-151 -391
336 -420
-191 -413
432 76
151 168
-70 153
420 -171
-144 -220
-386 -28
356 -98
111 287
-15 -97
115 -267
-486 -235
-312 258
-269 -281
-61 311
499 -301
294 67
110 158
-173 -401
236 -452
-26 -473
-376 -361
50 38
-228 241
396 70
-298 -70
-409 -492
49 -458
450 399
412 -467
478 -37
107 -99
102 98
231 -227
-218 409
-34 -302
382 -160
-465 -322
-285 138
-64 -19
422 403
-30 487
411 -4
-319 -423
56 -475
338 -412
408 -294
-443 472
460 380
-421 -78
-145 344
-416 -109
-360 398
274 -243
-232 354
67 -241
-38 -360
-458 124
-20 -449
-90 -322
-313 39
108 266
-252 -320
158 331
-37 -112
-411 356
-181 -231
54 -124
-319 404
-185 174
329 229
-449 -262
250 46
-223 -9
-138 -245
-220 144
-441 -152
178 -135
-357 465
-161 106
403 405
-293 -161
-363 -167
115 108
351 -462
166 484
377 323
259 421
10 -222
172 182
-302 97
203 -182
-257 106
-342 487
-268 267
-319 442
-74 -483
-7 -410
491 -314
439 -192
276 -354
-106 -297
486 -466
-253 160
44 -338
140 440
200 -164
102 250
-83 -447
-147 308
-12 483
119 269
12 -435
-88 -372
-492 5
-46 -250
-194 -404
310 -137
361 184
-441 -310
275 -127
-409 459
-493 -58
-57 156
-332 27
-339 26
-327 -62
300 240
128 435
-120 466
-95 -21
424 -386
212 358
111 -84
-414 -351
-268 78
-393 450
500 92
314 -326
430 423
202 47
-372 53
1 -355
-495 -142
135 -279
-61 -192
-92 -301
15 -323
347 -480
-203 457
-199 -247
-420 286
-247 485
-437 138
-331 -15
65 -460
-489 -177
-39 181
-64 145
-103 -345
18 105
180 126
23 248
-154 -215
94 15
247 372
-249 298
-369 -495
214 -246
-271 -90
-466 189
424 177
-338 108
-163 385
400 174
143 -19
-167 -154
-222 256
-51 360
208 -160
-47 422
369 -92
-277 -253
-86 -368
-477 273
-444 -189
250 -492
-98 -472
-406 -69
334 -444
55 450
455 -333
-125 66
364 -427
350 -251
-290 -55
-101 156
258 -22
386 -65
-108 7
-376 -157
-344 -376
-269 -319
329 153
435 427
-237 -21
133 -330
299 -101
51 247
-130 280
-183 194
133 130
-158 -388
327 -374
283 63
-284 -480
431 144
458 225
-63 326
193 -361
-173 -123
26 223
-274 -231
424 392
300 224
-122 -205
-276 198
339 -212
-395 -190
-370 -116
256 -362
66 329
457 245
365 -141
-106 244
286 198
245 269
-167 -5
411 -139
415 -193
-83 -131
322 -344
-90 -89
399 -192
394 -336
47 237
497 312
-55 342
154 124
-464 -441
34 -41
370 -366
-419 303
-441 334
316 -47
-15 -223
9 300
-188 -183
500 279
209 -455
-481 -26
315 496
-242 -282
-157 304
448 479
340 109
-25 -42
-484 -14
72 172
497 -151
275 -53
21 316
-226 152
-297 186
136 -440
385 448
-2 -44
329 -59
37 -358
-456 421
-12 492
359 -184
198 100
-202 -465
275 440
487 -260
46 -137
-489 -258
-91 468
-8 215
-16 -366
-136 446
-154 353
-86 443
-366 -221
-183 -449
-106 -285
128 226
-140 -27
423 -148
-436 296
123 -84
-305 -201
-273 -381
-418 -453
-494 -283
-447 -226
-270 -295
5 359
449 -79
-49 318
422 -10
-150 -318
452 -173
478 -345
-230 124
-113 -185
47 262
354 -71
102 -118
-468 -212
176 -414
401 29
53 -278
20 -186
39 207
488 241
166 -279
-314 -153
37 -381
-474 -351
407 -11
-251 444
-145 62
-67 -425
325 -306
477 255
201 54
107 -130
276 -85
432 7
343 393
-344 159
-50 261
-406 -340
72 -263
-299 -101
343 -343
139 55
-283 -58
63 277
-228 -231
-253 -446
-107 9
115 252
79 -62
-484 -386
337 -287
28 -195
-128 -262
-176 -199
-438 -282
-432 481
-246 -398
213 -285
1 -387
255 -327
91 334
-239 -119
-456 -140
312 400
67 433
-102 -486
-362 165
272 -378
-345 118
-63 311
-294 144
3 -222
-322 53
87 43
-35 -376
-168 -439
54 449
-391 175
-448 -40
272 -349
71 65
-129 411
496 235
-457 -322
-122 -492
-490 140
6 -59
-404 390
-480 -226
30 451
436 -350
-493 -334
-10 276
139 234
-383 290
337 398
187 441
-405 162
-247 -273
-257 85
-442 -393
-496 238
497 -159
56 419
-283 90
-379 296
-195 -311
-53 -242
493 57
-290 213
126 -182
425 -196
-157 345
53 -27
-428 -489
-103 -29
-75 263
228 200
230 481
178 6
321 -147
-176 54
117 178
120 -42
-70 72
-252 48
470 291
287 -410
-140 250
456 81
58 -377
-124 -112
-396 -268
-316 389
-206 -430
78 -284
-67 53
173 211
-271 -339
423 162
396 -87
156 413
140 203
-150 265
0 380
20 -449
332 -376
-105 350
-221 385
415 332
197 226
433 277
-2 -12
327 -301
450 477
-51 -35
20 -431
332 481
179 -365
-339 298
-386 406
-182 -480
280 226
-55 8
-319 -179
212 -214
-490 -95
111 251
-451 -437
-220 4
-401 54
99 -325
275 340
341 -461
431 -496
-19 416
-80 145
383 117
-102 294
-22 -102
-435 -189
-180 173
-435 -209
50 -436
414 180
136 140
-52 -86
435 39
471 285
314 -8
-152 -87
185 278
-345 325
-101 -138
-163 327
-6 254
-177 39
388 481
-333 -459
350 462
-358 -188
112 246
-83 275
-92 -328
-12 91
33 -114
-464 205
79 33
450 399
335 -470
-327 -449
-266 490
297 -142
470 -93
48 -239
407 152
78 425
325 -261
287 -292
232 -276
-20 122
265 -43
181 -276
-9 320
429 119
-270 65
220 106
435 -100
-203 382
-349 -498
380 -378
-388 130
-438 166
138 -439
396 100
483 349
201 -113
58 11
257 -77
-158 -483
138 -382
160 324
396 -26
-255 -197
-247 -247
-385 -468
-304 -408
-369 -42
-307 -278
-313 302
303 -487
-184 -23
-145 69
202 -118
-473 439
-395 -383
-441 -246
391 -271
-279 -12
-475 -469
-177 258
49 -178
-337 -289
-248 310
31 373
-479 407
-296 267
-171 -461
-183 -112
314 -111
-458 462
275 467
-91 452
-137 -422
145 -238
8 -411
-108 317
-455 -16
-26 -442
-423 -446
185 408
-117 -361
-154 343
-391 -61
-230 112
406 460
-395 496
401 -480
-92 108
92 -184
232 -381
154 -179
454 -455
299 -321
293 249
-141 186
-122 215
246 310
411 -251
-177 357
232 341
-246 103
136 148
-398 -475
186 460
38 428
-217 304
138 345
130 -252
475 -24
-55 441
-420 -473
403 356
-278 -472
227 -373
-39 -68
-284 253
-230 261
53 80
499 213
-242 -24
-397 452
-473 -109
-70 244
-237 392
444 -412
186 90
-81 -285
319 255
254 -284
-149 103
-482 -388
-65 184
-166 -431
259 493
-406 313
-202 30
-232 349
-417 -1
-419 72
193 215
471 -174
457 -137
92 186
216 -311
-477 -341
10 -126
373 234
-452 306
-111 77
479 327
340 500
-233 397
394 -471
138 496
-258 336
1 -460
-233 -324
84 68
-404 170
-217 -399
360 -133
-91 220
-242 455
-403 489
303 -443
90 -413
-67 -386
451 -487
-202 140
83 -46
85 405
-45 165
-433 -108
-17 -341
396 300
-30 299
-173 442
34 117
-35 -395
-300 -31
26 57
235 -419
-303 -268
90 -82
-346 403
470 359
-256 -205
477 477
242 366
96 136
-467 21
403 -167
-392 -408
-12 -432
-192 -210
156 -475
104 352
24 134
-234 -29
-157 459
-272 146
245 404
-331 -127
393 -380
-344 -40
-47 425
49 -24
-469 -164
124 428
-194 25
-345 416
-409 132
254 -106
-494 -125
-387 -458
-195 384
230 -379
365 -497
-8 421
-7 -188
294 -191
-500 125
-195 294
423 92
-92 299
-51 462
-335 -390
-124 -386
-146 -188
226 43
251 417
-4 -114
-3 -35
-143 495
-154 -238
253 -159
7 26
491 -84
487 119
348 -297
125 -53
-206 -236
-95 -262
40 268
-320 230
215 -231
-91 -112
252 389
370 148
436 -441
-496 -261
372 -98
138 -493
-496 -489
340 462
-234 -367
403 -320
-411 84
141 235
2 227
-140 -51
-118 23
269 -21
-186 -448
282 6
182 -47
-265 -124
24 179
-241 -497
423 140
307 -388
404 -329
106 120
-398 -394
-100 124
482 423
440 -150
-212 52
393 -347
-227 -81
-130 -489
339 -23
-16 -216
-202 191
-327 492
-420 -141
369 168
186 496
274 -40
338 291
250 -64
24 -226
125 339
-18 -335
486 -261
193 -257
336 208
-381 33
-394 498
390 -243
-454 374
-345 -199
-9 -286
-74 -140
75 358
-281 -417
329 -316
-301 323
229 1
480 -366
325 -17
472 -89
216 340
-187 44
432 103
-156 -297
-124 489
134 -97
-301 29
-299 249
163 -143
-327 -236
-343 134
320 -17
-37 -423
119 -162
-134 53
-312 -425
-246 492
120 103
-279 -305
-406 -265
183 -292
198 -159
115 40
-179 -391
205 -307
52 252
121 86
149 -140
85 272
454 488
48 260
-113 76
126 258
179 242
-280 197
-148 -209
-260 -39
-276 252
496 394
264 -88
220 -152
192 76
337 134
30 358
-233 4
-451 336
-284 -107
-220 178
77 -216
261 159
-105 173
162 353
-69 478
-211 -183
143 207
451 -97
209 -372
200 -465
355 455
407 400
428 209
-108 423
-335 -286
41 67
-247 -373
378 -432
84 258
453 487
-24 -150
-115 378
114 346
192 210
-117 -380
316 297
477 0
-46 -77
70 -104
489 -448
-461 388
-287 -490
197 -230
465 165
358 324
-238 -23
-480 -71
-279 -462
-329 -351
-18 -460
245 -19
420 -228
348 -234
291 66
181 376
361 -21
-311 2
367 164
106 51
325 -303
152 -488
464 -371
-397 285
441 -294
-208 201
340 80
-54 204
442 56
278 -463
66 34
187 -339
424 285
26 -319
46 -7
-217 -437
477 -243
32 100
51 -390
-217 -130
497 446
-40 413
-70 -280
118 414
-393 39
-434 328
301 482
171 233
325 -165
437 -482
-159 2
171 7
-374 80
-320 330
-347 24
-84 -340
492 283
81 -216
330 -122
-400 -154
171 -89
-366 -234
230 -319
-84 27
1 318
151 -306
-140 308
249 -253
-330 27
-149 -465
-142 310
-299 -333
53 -352
-363 296
-344 -96
-242 -108
61 213
-18 93
-115 207
-194 -297
500 124
-245 -40
-400 -179
103 464
139 371
-143 -181
2 368
-297 127
306 184
46 -121
26 65
331 -478
-269 -87
99 -1
-5 458
289 471
-102 259
332 -287
100 210
168 -300
402 -268
173 191
-172 -354
145 -448
326 -418
299 -74
-380 -464
-205 2
375 173
-398 182
148 336
262 -447
197 -371
331 4
87 -125
296 408
-146 -468
243 454
498 301
468 359
375 -486
494 -298
490 482
-457 437
-220 206
-377 214
340 -303
-411 214
-336 405
82 347
68 104
70 -309
368 -48
-437 -85
493 -143
-226 306
-47 465
278 134
-181 25
-84 369
-387 -347
329 -25
-155 -412
375 -79
289 -200
86 -325
500 -15
83 -131
-213 284
-500 130
-79 -459
471 -377
362 117
91 -395
393 174
-216 -109
55 9
-484 -91
-178 -414
53 40
-15 -292
-184 220
6 -31
-57 354
-496 -469
131 151
256 -237
-444 468
-117 415
166 418
166 -349
42 245
-325 -472
41 125
-139 -166
112 83
187 337
143 -335
360 -366
211 -283
-94 -181
-294 -49
408 -168
279 -446
159 58
256 -259
83 -141
461 -277
-320 -252
-364 -86
-477 -84
221 484
232 226
396 66
-151 -229
298 395
-143 -112
-447 465
143 236
-272 -163
-308 -198
-69 -433
-274 -372
-473 357
-339 333
205 -230
448 -127
-411 39
294 23
-321 -202
267 -338
-318 -195
286 328
-482 380
-441 316
471 28
132 405
346 107
-381 -285
477 166
-387 399
193 460
435 -449
199 415
-386 470
-350 -292
494 -311
302 -216
435 356
468 -83
-169 208
353 279
236 206
-126 39
469 400
218 -434
278 -400
434 -379
-207 -58
298 472
187 -441
-289 1
321 -196
-487 336
272 -309
397 231
453 -473
-354 -470
311 -376
294 136
-255 271
210 -96
56 488
278 -200
366 402
351 -450
343 -155
-461 -188
-385 -151
-269 -322
482 81
209 121
-118 -75
209 -25
-366 340
468 -257
423 154
-32 -405
302 41
498 382
262 432
-176 -149
165 205
-307 -463
337 497
-142 -433
-226 102
331 461
-5 -244
461 349
-476 353
94 -500
-487 -52
-93 -159
-113 427
-255 -500
124 455
231 -72
-126 -486
478 314
-107 -319
303 -339
367 409
-465 -224
162 -210
-418 460
366 -58
461 201
-463 -448
265 409
-453 -415
128 -137
439 -114
80 -402
-24 298
342 295
259 247
174 -70
292 -46
253 68
-403 164
-448 267
-477 -133
204 413
-146 35
-102 294
165 -273
493 304
6 421
372 360
-361 298
3 -43
-462 211
-355 -162
360 -499
74 218
-158 -402
-154 25
-158 238
407 -146
-498 -150
-334 -322
-197 -440
-242 124
41 -487
-439 -386
487 -479
463 -223
339 40
-249 373
-80 92
-398 282
434 491
427 143
245 275
287 327
-149 -107
469 429
-298 -406
78 139
-390 -292
-372 -55
-311 279
334 88
-471 -155
212 -289
319 76
425 187
24 -76
404 410
-365 298
-174 -203
-391 -420
140 -130
177 339
64 -463
-114 -267
343 46
-62 290
-180 313
-201 -75
461 -293
-11 -411
-190 436
165 435
-355 397
87 -223
-21 -19
-399 188
-143 -97
-77 40
285 424
-243 -109
-213 151
267 -335
321 -437
267 -448
-258 -9
422 285
-144 -450
-461 334
-171 -369
-74 427
123 273
-429 209
24 475
-40 217
-379 291
253 -483
-217 -334
46 -152
411 -32
191 150
72 361
-497 -262
-28 -473
-451 -237
173 305
-380 192
-294 -23
179 118
300 224
-343 -177
118 -84
153 -220
-45 -166
391 -387
-111 -282
119 -153
448 -205
448 -475
-368 218
107 -348
362 33
168 357
-252 -47
-322 56
328 -154
-112 253
418 160
54 24
93 423
216 432
40 243
-93 -272
-407 108
188 39
187 49
-494 398
147 -479
-83 51
420 -125
-64 -468
-78 -414
399 183
-306 -290
-405 -20
-83 -11
-408 -98
186 330
5 269
-310 -66
247 136
-249 -399
-128 -330
-51 -122
-489 328
-77 -90
-75 29
401 179
-249 -44
-254 387
40 -74
256 -121
467 -105
275 275
23 -472
-355 317
404 255
331 -406
-365 -493
330 -122
-235 216
-479 261
55 -125
-238 11
-301 379
93 309
-229 239
197 386
337 -47
211 -69
-177 380
-90 119
-363 -332
-346 -8
123 -281
90 330
407 -426
-131 -431
294 367
-140 299
-24 -162
-321 196
-260 225
-294 67
-399 -308
-148 490
447 462
403 49
-139 235
140 -3
157 100
-150 -343
335 446
-10 274
259 411
78 291
-87 314
-368 -266
-82 338
473 174
-232 -278
-269 90
-377 294
-84 84
341 459
197 72
-390 148
-211 248
-211 174
-300 -81
411 151
-103 284
453 -365
-110 -477
155 -310
-233 320
-131 268
-153 119
-478 376
-354 167
359 19
-379 289
-437 -435
-367 141
-445 433
485 346
455 -366
270 -197
-368 342
129 -148
-495 35
-202 358
-392 174
-107 -408
-457 -487
-313 -388
77 -55
234 -315
-92 -174
-1 -260
438 -389
394 -187
-54 -420
139 -473
-348 67
187 493
-7 438
226 409
113 411
427 420
-483 182
102 24
18 -165
447 254
446 143
-423 93
84 -18
43 457
169 -367
43 -285
185 -141
-193 -178
-390 29
-236 -350
333 312
-120 -458
129 -68
-84 278
-400 -141
-42 -216
204 -367
-496 304
485 -406
416 186
29 161
-208 -456
-336 -75
-317 449
-62 -162
-356 146
333 475
-185 -196
-160 -360
460 443
294 -441
395 64
-272 222
-324 -118
309 -468
-192 373
-490 -390
-347 -89
461 -54
199 -140
-110 231
-266 78
408 273
498 355
-319 -77
-376 112
136 -92
-412 -124
-363 132
-126 103
-127 -416
19 213
-28 -426
-3 -244
358 264
498 -247
-377 127
-73 -11
336 -253
29 -466
-301 229
-132 -90
117 8
-402 309
88 470
325 66
-301 -489
383 135
16 -147
-457 -243
-155 -416
-297 -256
-373 414
-237 -50
-317 264
382 -450
209 -62
21 395
-281 -16
-435 323
-358 467
151 -171
15 224
-232 257
-164 -132
-74 493
-472 368
57 -468
-142 -381
-346 178
153 -150
480 170
216 -453
-287 185
-381 -479
-141 327
-500 227
87 -441
-219 386
172 241
37 -141
284 -135
374 166
-345 -489
-115 -280
45 -366
381 -277
304 402
-139 234
136 -492
201 0
-263 -250
264 488
292 -59
-372 -349
230 -157
452 -425
376 206
-272 431
-386 56
329 -165
-450 240
-328 -395
-412 -222
-66 348
-394 -93
196 384
453 124
328 123
89 -27
321 -456
354 -39
121 -315
-15 395
362 279
331 -65
-72 -217
214 336
-483 235
64 -379
54 -472
349 -159
-274 198
-462 -71
-414 -347
-230 -462
-473 77
-315 128
-280 462
-468 42
-213 98
-75 -12
475 -479
-487 442
-3 71
-403 315
-500 -115
-207 -87
-467 73
497 -356
62 -414
370 -346
-60 392
-166 474
60 32
85 -228
13 -439
3 125
211 -241
311 302
159 472
-33 36
-179 102
-105 40
25 333
-452 206
-351 -324
287 -178
-325 -495
473 -26
136 492
-52 411
-225 -2
139 -14
-79 -279
433 230
-245 -54
-58 -134
301 316
271 299
-183 -39
303 -327
201 -297
-138 103
63 -85
206 289
-104 245
-107 269
120 151
44 74
100 253
-21 162
-101 -69
-251 -16
435 134
167 168
-148 -153
-445 448
-479 12
344 142
262 435
-397 -234
336 -464
294 324
39 -334
-272 -118
-376 -306
-368 -366
423 -396
147 -463
3 -369
137 -457
-205 -12
322 -396
187 -425
474 46
-403 -138
-366 -426
436 -266
2 373
-367 -46
-227 496
476 -261
469 -355
46 306
-499 -274
104 -100
112 -441
180 -39
65 -264
-267 415
-122 -96
-196 376
-188 -484
201 318
-23 7
-454 155
154 22
448 -413
-368 -152
345 -499
-408 246
365 -5
-136 -31
-367 -284
475 404
-300 352
-237 121
15 -470
380 476
224 -393
-123 -154
407 -117
286 -340
95 118
-321 -68
-249 -169
131 -136
81 -163
85 378
-55 93
207 -234
73 -41
362 -94
-495 -68
-262 323
135 247
287 281
21 400
-36 13
-293 253
337 -292
-56 369
-483 -181
-113 151
392 249
23 -267
78 -85
294 -72
-431 -113
-322 462
41 195
51 57
324 -179
-31 -191
-123 453
-208 422
-357 -226
39 392
96 -468
-297 68
-109 -198
400 288
313 -462
314 426
-273 -198
-498 -194
-77 -365
123 -17
381 180
240 52
344 494
473 -374
-309 -209
-325 215
454 476
-297 -32
-413 -85
182 396
-273 -476
-295 346
466 -250
111 -157
209 -25
382 274
-243 389
431 162
-102 -472
227 -142
221 -195
301 438
-361 -459
-128 -472
-464 -480
-133 -493
296 -447
281 -375
138 184
-71 -445
-266 -468
328 -229
-335 -442
-315 379
170 373
-167 -175
-479 40
312 341
-250 426
-83 109
101 -37
-361 -145
223 -329
-11 -102
-477 369
-229 -292
171 483
-479 -466
320 247
139 96
-388 1
217 351
292 300
34 467
-109 -300
-315 -485
342 352
192 338
236 339
-24 493
-472 318
-185 -179
428 264
390 224
-426 139
-366 -163
-369 191
-92 244
-415 223
-257 -206
-294 -313
-498 4
280 -59
444 99
-151 181
308 427
-108 457
-500 471
-338 116
-421 355
-324 -475
-336 51
275 207
342 -149
-157 355
-393 73
464 245
13 161
-232 -110
174 357
184 -60
-90 -340
451 -100
347 -314
-13 71
-328 -16
134 61
-87 192
281 -407
437 -91
479 -444
-20 -317
-467 -336
-248 55
348 -291
-466 398
-278 130
300 245
-64 404
-241 -59
-420 -128
-48 -100
403 362
-200 421
394 333
-359 -329
165 -216
234 -453
37 -83
18 122
273 -421
-92 443
333 487
327 259
-400 -150
-485 -213
-165 337
260 307
204 -111
-323 269
344 357
137 -251
-199 -363
309 -236
307 -125
-101 41
299 -27
500 -427
-297 276
-389 419
-39 -177
292 -184
-339 -464
-128 28
370 401
68 23
-328 -444
307 -187
316 354
-196 258
55 -218
-109 -457
280 27
433 316
-251 -310
254 319
171 -146
-418 480
-98 377
213 106
-371 -111
202 271
-380 284
-208 253
-194 -369
-451 210
291 -105
-243 -494
210 367
-273 -176
27 382
-137 -463
269 306
230 -20
238 -257
368 -53
193 -450
-214 -376
-405 -430
457 -454
-465 316
-6 224
-400 409
12 364
326 297
-275 156
-145 165
233 163
-413 -166
298 171
-35 12
-208 -167
159 -443
117 453
-18 -135
351 -196
93 156
365 40
334 207
24 -461
-73 -365
153 265
-87 -478
-171 -394
-353 219
324 -49
103 -499
102 207
183 303
334 338
-494 -290
-278 -437
268 -256
-208 357
47 22
-362 -151
340 -394
-276 -166
-145 -178
-380 -356
390 166
178 256
160 368
421 -49
389 -324
124 69
263 -250
-191 242
155 12
-112 224
-66 -366
46 115
-37 -182
-265 36
-92 -143
-478 -423
150 179
360 102
-202 -117
109 14
107 -469
30 -346
432 95
-9 420
403 -308
-76 136
76 152
231 99
146 -202
-361 -7
-200 -440
462 487
490 224
-462 -393
467 401
-125 -11
-426 -226
-160 395
-392 67
-277 399
371 109
3 -42
404 -114
167 379
-281 51
98 -432
-438 408
59 187
120 51
50 -136
325 -408
382 -190
251 -224
209 266
468 -436
-306 -222
173 -168
161 -311
46 -223
-375 -210
487 -350
-391 -417
246 12
-292 360
-25 387
-165 411
211 355
-26 -462
398 288
60 -75
337 126
248 -154
-341 -229
289 -486
372 -33
66 195
367 -292
216 54
-410 -83
258 -299
415 98
119 191
384 -156
-486 -53
393 -469
-449 29
-96 -369
-219 340
-247 -102
139 -137
336 194
6 180
-304 33
173 -85
-351 -147
-456 335
10 -176
-4 -239
-451 -24
-476 -342
-79 475
-246 346
436 -37
-476 -38
-246 418
323 249
456 -97
269 -194
287 198
-329 431
23 468
269 -357
-132 296
377 390
105 346
-283 -405
362 420
-92 35
-27 235
492 147
74 -222
-165 -456
199 -297
-300 -162
-267 -67
-306 -11
32 423
-464 -373
-374 352
32 66
238 189
308 -455
-82 239
212 162
19 261
-122 350
341 32
140 41
44 -473
-113 -277
-258 11
410 -196
-359 -243
482 484
-405 99
-298 184
-152 -14
-331 22
-138 -426
-313 388
239 -33
-341 127
-265 407
45 -69
-126 9
-10 -38
359 -39
354 91
233 229
-430 -396
450 -138
-249 -57
-292 129
-426 137
-380 364
133 283
244 -88
-464 48
42 179
-323 42
33 105
401 -154
276 365
321 -88
478 241
141 -461
256 158
-244 215
-25 -78
-477 -363
-17 114
-314 -341
-231 385
102 -41
324 -148
-415 -372
397 400
-497 36
452 302
-63 345
-281 -90
-286 226
-8 -58
389 -405
-232 -236
-140 142
133 283
-339 87
136 486
-353 -88
406 -147
-258 -461
-444 -231
-81 71
-195 -269
418 -141
16 -72
326 322
-203 292
440 117
116 -91
434 295
-197 191
426 -310
28 197
-258 262
-7 264
360 -421
404 77
-299 -339
-380 203
-432 128
307 -491
84 -321
-86 -337
405 -222
23 311
343 0
186 -25
202 -61
384 -323
269 -272
-132 448
-309 -18
498 262
-425 -124
-312 -100
-321 21
-421 -279
-39 -77
-315 105
240 290
-330 -372
41 -359
145 -161
55 -60
-499 -284
337 8
301 141
165 -308
300 4
342 381
217 -113
-453 -403
490 413
-160 -241
-350 200
-436 -188
412 39
310 -69
-302 150
230 -419
-135 -183
-176 -9
-206 -94
482 446
472 -51
-59 475
-166 -136
-55 -91
-35 -307
-126 -250
-29 -245
380 -372
-416 -288
-58 236
-54 322
123 -398
176 -413
-52 -166
-107 219
-12 344
-223 406
61 134
-441 397
338 8
-310 299
-68 -466
110 93
-14 -116
-237 340
-383 -328
-89 145
-498 -71
316 -332
358 -299
-489 -159
-335 -395
486 284
-487 -353
400 476
364 452
148 -326
-473 -223
200 -106
431 69
-474 216
212 -262
454 24
360 112
-391 307
-171 -274
-394 48
-43 -23
232 138
-390 14
414 -247
-102 -261
-60 423
252 130
6 499
-347 -95
195 -403
-80 374
493 134
223 389
-416 -300
450 391
446 -164
487 -433
198 -47
464 371
-245 391
-276 192
-188 -337
68 410
10 -90
431 -21
-68 486
-43 -441
-83 349
409 -407
-28 -316
480 -384
-486 -302
493 -293
-298 298
198 -39
120 -304
-215 -358
-45 -115
198 -250
-379 -206
75 -135
-50 270
-399 242
17 -294
265 371
391 328
-378 -393
-43 119
391 464
46 -180
293 174
484 -30
396 182
475 413
-108 42
-439 -29
90 189
-431 -295
242 493
429 -71
-18 -274
308 -103
122 -412
474 -360
496 105
52 456
330 -63
77 45
-186 362
-96 313
-313 339
453 125
480 -189
57 -95
416 111
468 -433
-245 168
-313 91
-407 -488
448 283
81 -228
233 474
-304 -58
-278 101
11 438
-455 38
-93 206
-279 155
-173 462
-199 -44
170 197
144 -69
355 337
368 -483
-243 267
-110 187
228 97
-69 250
383 122
-315 -59
47 -257
-376 419
243 -81
-381 197
-342 117
369 240
272 -390
-241 42
-167 -46
149 -88
466 410
32 478
155 374
-130 -318
296 269
406 -424
32 -45
77 459
-1 331
191 340
-405 -262
-121 324
-115 -6
140 258
-64 419
-444 204
436 -146
466 -262
341 -397
446 253
-211 -483
369 481
432 122
251 -482
37 -174
-168 -367
-314 3
335 -187
339 210
280 397
-69 376
33 -46
-100 328
-412 -203
-1 428
351 465
56 -175
466 440
-333 -153
-148 -321
-253 491
206 -245
-316 -500
-368 -37
-61 454
358 118
235 -82
-449 -50
224 461
-395 360
-346 -131
142 472
-255 170
-475 319
113 215
-49 -13
7 311
482 -300
179 208
-27 -276
486 -164
-297 393
254 143
-165 15
91 385
417 -136
333 109
304 -115
-443 91
351 18
-458 196
-257 -9
234 183
-23 323
219 491
441 -397
-10 -57
-448 -165
226 -149
115 469
170 -123
212 218
399 440
-372 -344
11 378
-115 489
-229 -353
-355 -237
453 370
-52 251
98 -479
-225 394
-302 -77
29 -499
123 131
-431 -120
-356 438
452 323
414 -301
-149 319
185 460
104 -293
313 88
-165 -435
327 27
318 -140
-92 -345
94 295
14 150
-214 -12
368 500
-395 -261
-385 -452
15 466
-180 223
-320 -277
-87 161
-476 -450
29 33
293 426
494 102
299 -30
-261 494
-284 -113
-8 -202
-425 408
-339 116
372 -91
128 -137
148 -187
-348 399
-500 -490
-188 -159
-465 -194
224 236
-183 -433
130 222
-368 -181
236 131
-63 147
144 88
376 -424
205 89
-200 -254
-389 -362
289 -106
-61 -487
15 194
-314 200
-268 -145
442 156
-367 -370
47 165
-369 44
34 -367
-285 471
-221 346
384 -479
-436 -408
-70 322
-126 75
-257 7
-284 -42
47 292
119 -40
190 432
-341 479
308 438
-134 486
161 139
-333 -145
-145 -453
78 -49
10 -342
-243 123
399 159
-93 65
-72 323
437 145
-233 -207
84 101
-274 -231
-457 77
203 -442
-487 -187
158 -294
-235 -196
371 -226
233 -402
46 -149
-320 89
1 291
-376 190
325 71
-215 323
-25 475
23 497
46 -248
-488 -476
-2 -236
186 -428
-25 -485
-195 424
-107 197
-54 144
164 237
210 376
-490 481
393 -305
-129 168
-392 -131
-331 -458
351 208
-116 268
157 -244
-423 -267
-6 -49
27 -370
207 -453
-489 -45
355 204
-272 451
-258 -304
-315 -421
-300 -497
175 -84
299 -387
-279 260
-360 308
293 52
-120 -108
-142 -200
-7 144
-424 169
227 -26
-25 39
324 -491
101 -199
-379 -35
-441 -69
-495 -379
186 457
149 237
-206 275
-133 295
-371 362
116 330
-103 425
-253 -360
-275 1
96 102
-26 -322
-418 -72
-18 -427
-386 -22
-200 381
296 -313
21 -73
-200 -258
247 -176
-45 259
-256 193
-426 101
301 404
212 -451
-84 241
-367 -28
494 320
-399 -378
293 -267
493 -206
55 -85
470 279
-215 227
-337 -440
220 417
-275 182
-352 -173
242 191
28 34
-184 105
43 -7
299 -351
288 115
-55 476
-451 -238
-187 107
294 -211
101 113
472 -71
-91 -20
-147 -20
398 51
213 57
475 -452
156 92
153 -315
408 -438
-450 -57
40 63
-25 109
-263 164
-408 -33
489 -111
381 -378
406 -310
-167 -128
107 104
204 -434
407 -119
-268 310
274 -316
185 -191
-457 39
21 317
312 363
-256 -298
129 178
-203 240
304 10
230 -357
110 -429
-409 81
352 489
301 -27
393 189
-370 -147
-216 -296
-418 265
56 107
-312 424
-237 385
-162 100
478 47
-470 486
260 146
-192 214
-418 360
319 -177
189 139
-114 -321
-427 494
188 103
-376 77
-382 -210
-45 -35
-281 -338
-24 31
403 412
-497 -286
-294 185
-9 433
-109 479
32 296
62 421
436 -480
-73 -359
-84 -390
426 376
-296 -36
-187 284
-264 -301
-49 200
434 -134
119 433
219 -234
27 132
494 -114
199 320
-75 477
-328 -131
311 394
-450 281
-257 -430
-128 -222
-214 -439
465 443
412 2
193 -43
-89 29
-41 -118
99 67
342 266
-201 293
484 -389
95 -482
242 412
198 -59
-87 -315
-383 92
74 121
-281 135
-369 4
-447 -22
-439 -220
412 -429
-413 -50
407 -2
-479 -436
361 312
113 -451
201 -321
-439 483
118 289
-462 -234
-123 -337
378 -443
363 342
309 -115
22 131
477 59
-391 176
-191 110
-322 220
468 -465
-214 442
133 223
-208 -316
-97 486
-264 -97
-406 254
423 -62
424 334
432 164
-409 -52
367 226
208 10
500 363
263 -186
-439 186
407 451
385 -480
-206 350
319 -286
-391 -5
-260 -109
-202 77
-466 -125
-254 331
56 -180
-26 193
-364 460
470 -296
-249 16
-102 -402
142 -351
102 11
295 -116
292 -110
90 186
135 377
32 -475
214 -72
64 112
179 -70
148 -326
219 -171
213 61
-168 -29
-61 -424
-432 -293
-217 -421
174 -154
-430 -156
322 -29
-82 119
75 496
-405 -31
396 141
256 -192
190 -153
-423 361
-141 -187
256 254
-303 -198
-304 -327
-329 -270
-207 186
-498 -256
-57 -404
141 3
166 -16
431 -127
308 -71
428 -77
-450 265
86 409
35 -417
157 416
212 486
-494 138
147 258
-19 46
-186 422
-97 471
-467 -244
-6 -321
-295 -208
-280 491
436 -410
425 -309
-377 -482
-432 89
-416 278
-250 312
-108 411
-182 137
-45 201
-290 302
218 -399
4 -104
466 -453
173 -325
375 112
-222 -113
-190 170
127 292
33 491
-195 35
-494 -304
-76 26
122 16
-474 -301
467 -72
79 -61
0 381
366 481
-131 -191
384 275
-343 97
-395 -449
216 138
-365 -426
72 -146
-381 288
-19 -301
-103 61
-196 487
-474 119
408 146
25 -413
415 -165
24 -44
319 -58
306 92
-421 117
397 -19
-122 115
239 73
155 485
-219 455
199 -363
281 -300
-370 228
-271 71
430 -266
-272 362
435 -460
-360 -199
-16 -255
-381 -137
362 -179
220 164
-423 254
267 49
70 469
-360 -307
184 348
-137 111
-290 187
-432 471
187 361
412 419
-191 70
158 -153
-302 -319
-450 497
270 332
57 322
252 218
213 417
434 -188
471 -350
-219 -300
-307 -273
383 -172
-219 454
-373 -268
442 -238
-418 -33
43 -312
-274 164
107 316
469 -468
-243 -117
30 -251
357 99
-200 108
-459 -94
-118 -97
-218 382
311 415
176 -215
-418 -26
393 93
-465 -442
240 -376
39 472
3 -435
-282 -475
-31 188
350 261
-160 183
60 358
148 -325
-52 389
42 231
-238 -235
119 -379
-459 467
92 395
233 316
338 230
-166 337
-32 441
-150 -162
-38 -258
447 239
-92 -358
304 310
423 -246
374 -33
19 224
-489 328
-381 295
-282 267
82 -311
-327 22
-291 281
-351 -297
290 -150
174 -426
-496 -343
453 -43
312 -479
-126 365
113 254
-479 -26
-32 354
19 -306
-121 58
-144 152
-173 116
267 -412
354 -377
442 447
-366 290
26 -425
122 -129
-101 29
180 16
-458 286
187 -218
293 -49
496 -82
-472 96
-46 -485
438 54
112 -17
196 356
205 -69
-237 -460
-212 95
153 -485
279 -98
55 492
-138 425
-172 428
-170 -382
120 102
31 282
-396 422
-367 422
394 -138
-202 -79
78 400
229 -54
-392 304
169 459
89 -156
-109 -347
-412 -362
-37 49
-498 226
-448 -212
-443 418
90 30
-383 40
411 -226
-71 -271
-269 -218
-288 354
-325 -239
-461 -62
49 -335
-414 324
254 -155
-37 -379
-100 -366
143 11
-232 -461
-451 308
438 246
417 257
470 -205
-324 38
-147 -359
256 284
-205 313
-104 -485
104 -118
-405 248
-119 -430
-181 -457
-414 -270
482 -244
273 -127
399 -428
-40 -268
-118 -390
488 290
-438 -38
469 178
-235 490
-254 -140
-352 -205
383 -347
55 371
442 331
-469 496
177 -472
390 230
-473 130
-476 194
-406 -488
-121 -47
-159 -159
496 -339
453 424
418 79
-346 282
168 92
450 201
396 429
131 -155
456 98
-269 -313
-215 136
-344 -184
-399 150
201 -75
122 84
-235 294
115 205
243 -306
292 15
-117 19
-267 117
-200 -287
170 193
148 -359
196 -435
81 236
160 356
368 -301
204 405
-413 372
245 137
-471 -453
241 110
434 332
16 88
393 427
-78 -494
-418 -189
99 79
-368 -168
53 -486
129 470
30 -132
153 496
-75 275
-55 413
266 -352
153 281
251 62
-338 -380
-481 -37
285 320
199 304
-160 -302
401 150
-274 21
-484 -24
395 438
-216 -473
436 495
477 -23
413 -180
-3 44
125 267
94 211
-293 -387
460 -373
-326 252
281 -319
238 489
-277 465
435 -183
-352 -116
486 354
113 -188
54 -484
-22 -189
-115 -32
232 -326
300 70
427 35
-345 -216
-254 -160
-16 193
-36 -496
-497 -81
-176 465
-447 128
-96 423
84 484
436 -119
281 86
-28 -263
-35 -465
-67 -419
163 216
293 -82
-255 251
36 102
342 322
182 -196
-211 374
191 -4
-325 126
23 215
296 -452
433 466
45 142
162 108
448 212
-356 -454
-63 -272
184 -280
15 -313
60 -205
-352 425
367 143
219 -255
-48 -471
-123 421
221 -327
173 307
423 179
167 -405
-315 -410
273 362
312 62
494 77
-306 156
286 398
422 -421
-109 -390
137 243
5 296
398 440
496 -86
221 -427
-290 41
-251 222
-493 -448
89 125
479 -450
-332 -232
-391 -496
-48 -391
413 -262
89 414
-340 435
-317 245
175 -24
-36 481
257 -482
378 238
-38 355
432 -432
-45 192
350 -416
412 -261
-479 300
-356 206
495 -80
-357 393
-154 206
-333 331
465 -120
-400 -35
97 -348
-243 324
63 404
462 -415
444 -54
-156 -22
14 329
-37 6
438 -412
-164 254
207 -81
195 -378
451 -26
29 -108
-353 137
-365 494
30 474
-192 -447
-453 -9
-495 -56
-122 184
120 316
134 -447
454 321
314 189
199 80
-427 -100
371 460
33 -375
-20 37
-57 -199
-297 -273
388 472
257 -493
-277 427
4 205
182 -406
301 86
176 -268
385 -414
426 304
-484 14
-168 -416
340 180
-34 -374
265 -417
-455 -297
-425 128
373 327
-370 -256
-495 237
188 -25
-412 414
495 -257
-85 -155
69 -26
143 166
-191 -427
155 -183
374 488
211 -465
104 -111
-243 -406
104 401
55 -456
-486 80
351 -221
-208 71
-220 -241
400 -296
-306 302
230 -100
-275 -498
-473 -327
481 478
-55 -71
323 361
-207 141
-204 -309
-384 -31
488 -385
490 -225
-471 152
-400 496
-396 68
-419 421
-148 -252
-319 364
28 -307
25 129
209 -109
-350 176
344 163
374 -127
87 452
4 -178
44 49
380 359
129 264
159 -318
446 -488
-449 -415
-123 493
201 68
227 280
303 -50
-442 -442
129 -8
284 258
-357 -395
320 490
321 255
-91 460
490 371
232 -167
-241 243
-426 263
-199 125
198 -213
-462 -49
-37 -442
-91 134
-374 343
-183 -119
-45 8
-7 460
-375 -278
-422 -70
-85 -144
-417 -259
60 -184
296 -171
-39 -84
-151 -146
20 -382
-424 -13
-142 -178
296 50
-138 -157
-500 -235
-350 -384
99 -59
-480 -466
-331 -354
-493 -41
479 424
115 25
497 316
-105 -354
-27 -20
-432 -61
-224 60
174 87
-192 32
197 -418
-248 -131
419 -199
473 26
-38 27
-9 -205
207 -231
386 -139
-347 54
-176 336
-281 77
148 129
-361 -498
338 318
71 -382
-127 354
-283 -203
-365 -447
481 -136
76 -124
343 385
-336 -121
283 -227
488 296
320 144
10 112
412 4
-318 -284
372 -351
-121 -224
381 318
112 -492
164 252
421 113
235 -25
110 420
-49 444
411 497
-391 479
-181 262
-199 -345
475 183
410 289
-338 -427
-295 218
-462 213
483 248
-79 -109
-53 -268
432 -289
412 -32
-204 96
-265 245
-176 430
-444 -198
-5 467
201 488
29 -276
368 243
374 -86
-466 -358
113 -313
-414 96
-208 -452
95 162
287 203
-77 262
-432 -405
-174 343
-165 -256
452 -168
-395 31
-184 -455
-243 -427
-368 334
313 52
400 303
285 -36
350 274
210 121
-387 52
172 -96
390 89
-118 128
-171 -226
-260 -364
370 -173
-20 -129
-104 345
400 -420
363 -339
-164 -142
95 203
404 417
268 -169
354 476
286 -130
-454 71
-71 375
355 442
-7 -62
-94 -93
-356 -427
390 435
467 187
-145 -497
-314 -255
-490 191
407 -6
245 -310
-184 -480
-490 234
-491 63
125 97
-324 278
-112 -201
-472 -138
-90 -166
393 -387
-70 -344
-232 -225
-279 348
406 -266
-336 -238
29 -173
283 -463
-216 372
-84 -234
-171 112
-138 -165
119 232
242 -235
103 372
493 394
474 453
194 200
478 -304
-200 -253
-18 207
357 -94
-86 68
-121 -256
-383 -328
123 395
46 179
37 262
-435 -10
37 327
-74 -379
156 -452
376 -346
-448 -156
-215 76
300 253
-167 -237
214 -42
-168 -317
-454 -124
481 475
168 -51
-161 470
-155 31
-312 -369
-170 -440
328 71
117 78
228 -234
86 251
-240 122
-65 -170
134 -281
343 383
87 67
-191 486
237 44
79 -138
367 280
171 -185
252 390
-179 -341
-372 -352
402 388
145 405
182 -429
68 -345
-59 137
-482 454
31 262
-68 -12
486 26
404 -328
235 466
393 -54
119 59
-453 6
362 195
-263 -53
-40 -365
-154 -217
-287 116
17 333
-296 -465
310 118
-395 -367
33 -399
225 345
-311 -104
244 96
-173 -263
-209 -346
-180 369
108 -498
189 -11
-498 -234
398 104
-15 -141
41 -370
-154 288
241 58
-190 -2
206 357
-323 446
-475 361
165 -238
-464 26
184 -36
230 -47
-46 366
31 133
-168 -24
244 -377
224 264
-291 -234
25 78
368 41
-125 333
281 92
-292 314
53 53
352 -129
-157 -133
106 129
207 -158
338 332
-250 285
266 178
-412 163
-459 -323
142 339
489 -135
51 270
-208 -109
321 -220
196 448
-246 477
361 -52
-153 -485
-59 26
167 107
380 -157
-166 173
-275 72
474 248
-320 -101
-343 294
-389 50
-177 175
-203 262
103 -448
-500 419
253 -245
170 -372
-272 464
52 136
294 -44
337 -414
343 -351
370 77
349 341
-300 180
21 395
-431 -488
367 42
247 -479
-232 -144
83 427
224 52
325 -140
218 24
175 387
-491 -454
-179 485
-334 -470
374 -319
-267 -331
-235 36
123 289
170 -280
-330 -283
-106 -111
-146 287
366 -407
353 461
83 -250
207 13
-364 38
-319 268
350 263
-256 -255
-191 159
-169 -184
-402 291
27 470
109 138
-26 312
209 -37
-249 346
-307 456
149 -365
181 -410
-494 241
-61 270
49 -164
116 433
-228 185
265 305
-344 -317
182 303
-478 -279
63 -10
498 281
384 -264
77 155
39 453
27 -164
-240 499
467 77
181 6
71 260
-331 208
-479 -497
-403 -11
-156 -40
419 -96
-401 427
469 -424
-140 263
475 -336
-367 414
390 -458
82 304
99 421
-455 190
-438 167
-314 -394
-72 -74
-47 -249
457 385
-92 430
-238 297
137 70
14 -279
485 -34
-194 -59
28 281
-333 -3
367 -423
-349 -321
158 -29
257 -34
-489 239
-353 363
-58 160
-94 138
-218 -276
-316 156
-490 -377
88 -343
47 0
-116 -386
205 -199
-10 -363
-81 -207
167 -382
-271 408
-421 -108
326 -46
293 -304
28 230
491 209
22 420
113 147
368 -306
-69 -392
304 -240
202 62
367 -182
-110 -448
52 228
-342 161
304 184
-435 119
91 277
208 405
39 -348
427 163
133 -122
366 -412
-76 69
-445 187
-66 426
418 -129
-65 -211
-434 -110
-472 56
-64 203
46 -330
362 298
205 410
-199 136
-48 -31
-303 308
427 20
-445 344
-259 -18
119 -411
-176 -111
-309 484
464 -434
-424 111
-56 -475
453 231
236 482
-129 485
93 378
-395 -78
-2 271
-224 403
482 -377
35 -488
159 -398
-15 -311
-147 -245
74 203
-130 -429
202 -407
264 -1
123 126
-461 -407
-9 234
459 400
197 -327
304 -139
234 235
292 175
-186 -430
272 -88
-33 -412
12 -263
449 397
390 464
-415 448
-456 -299
255 -495
158 276
-434 8
-290 -265
-462 -218
88 337
231 486
-419 334
-306 -308
-409 -253
180 347
-286 -246
-155 172
-125 21
-185 -403
-456 -380
4 -238
209 474
383 477
408 134
-78 474
-108 213
-168 432
-471 -258
-80 181
-282 -253
-291 147
-451 -260
-328 -105
-315 136
137 437
147 269
59 46
-107 311
154 -440
301 394
409 183
472 7
337 -323
76 -131
-222 -221
107 24
-59 124
-23 299
31 -279
-363 82
217 -416
-373 181
81 -68
351 -434
66 -211
-194 -137
-220 -187
330 201
404 138
246 -316
-45 381
170 -295
215 449
-376 389
213 -315
393 -78
176 -74
-452 -387
5 15
-211 -421
-341 -361
-482 -442
-132 -179
-196 247
-305 406
-474 123
-126 51
-85 -354
400 411
381 -295
-85 -46
123 337
299 475
158 -91
352 500
312 0
-131 335
312 -306
467 -80
476 -35
343 -284
-88 -489
-128 207
84 -10
-417 -300
-323 68
-270 41
-258 173
87 309
-75 185
143 -449
-225 -114
13 -452
262 -166
247 404
-392 269
-239 -84
-389 -188
-218 256
209 -3
42 88
277 77
-276 -262
-386 -98
-402 139
32 -309
-456 247
283 -39
169 91
240 367
276 60
109 -146
365 237
-496 345
-226 -268
-360 184
-494 33
15 -118
-233 -228
176 334
321 285
-488 34
397 133
-146 -6
110 -75
289 -435
-151 460
-290 -22
156 234
90 -426
136 -306
420 321
-165 57
494 342
129 -66
254 103
290 -395
-425 -277
455 -202
311 -203
-456 -219
-271 -468
-36 232
484 15
-27 10
-43 445
480 305
478 -148
4 201
440 461
-449 6
492 277
478 196
256 183
-397 116
-118 -403
266 -476
-360 -35
23 410
369 4
151 439
-339 -487
201 165
11 -242
-370 364
199 157
172 -164
290 356
16 43
378 -102
-347 78
393 373
159 -83
-28 425
-267 129
-338 -80
-157 163
209 479
107 -414
-225 -454
218 294
500 -340
256 -250
139 130
-262 -413
-98 -313
-7 -223
34 -75
-400 -117
484 379
-467 -90
-269 404
276 442
-491 -247
-385 -317
-146 -283
-132 351
-173 57
-101 -140
-200 319
-376 -317
388 200
-98 21
-30 -213
314 -306
-378 55
439 -197
-286 44
-250 81
11 421
-404 218
-466 -24
31 104
180 -259
-352 82
-96 -368
-154 439
77 -190
-98 -298
-93 -392
270 348
-250 -468
416 117
-469 58
60 445
1 71
-406 -292
190 -436
204 -101
380 -343
426 -108
478 -437
10 106
-82 309
-70 166
-109 -354
376 -410
-215 45
-409 -282
-201 -425
-304 72
-354 -492
-162 213
-437 218
471 392
207 -177
-358 321
13 -177
111 -261
-237 -464
-247 -82
430 -471
-366 460
-264 -187
44 -258
295 210
-291 -138
142 207
124 -160
-422 350
-420 -174
96 -222
-173 27
199 385
445 24
236 240
-361 40
303 -472
141 -375
-253 -385
-205 432
478 330
-167 -96
-283 -121
241 255
378 -202
132 -492
-167 323
122 286
-233 294
-61 -334
167 95
394 -3
428 149
81 -245
-494 355
-211 82
104 327
8 450
376 -6
-83 -375
194 -136
287 -289
-185 319
362 -389
-475 -293
235 -431
-241 470
251 -6
-248 29
-469 -487
-438 471
-213 -51
-334 88
466 -10
-193 -18
-383 417
-378 304
-208 457
-418 178
-437 -335
300 -427
-439 -278
250 478
422 60
275 -61
-424 19
224 473
-276 -425
497 309
174 -254
498 343
421 205
-358 -295
249 383
-358 24
447 315
-64 -208
297 99
-402 117
-120 190
-1 463
-335 263
109 355
296 153
232 -457
266 6
-259 472
459 323
-256 341
-223 116
-244 287
-284 -159
178 345
254 481
144 -225
394 -201
-434 -93
11 343
58 191
-55 -23
264 -124
-384 198
67 111
-427 110
108 233
102 -497
-232 142
136 399
201 403
-1 -222
-391 -398
167 -126
367 46
-31 215
136 413
-237 -302
360 -107
174 -231
-486 308
-257 385
-68 -94
79 -130
216 353
71 202
-115 437
-401 332
-7 -302
-31 420
-314 468
-25 -83
-350 494
30 201
-132 425
-165 -307
-165 494
-45 335
437 -17
343 -348
-384 -248
-159 219
-202 -278
389 -210
-349 -153
7 200
272 -471
-390 258
-314 123
285 -475
-7 69
151 35
-28 -352
403 -94
499 189
-352 44
357 -2
-451 -467
-436 -161
-435 -353
-135 -442
-339 195
-75 154
-355 -377
-466 -492
320 146
-34 378
161 129
-77 -396
-288 -319
62 -39
448 -202
-344 315
146 -422
169 -15
93 309
489 -351
-52 143
-190 -297
228 -78
-60 389
82 465
-116 220
109 311
219 190
457 242
392 82
-39 421
-425 -450
-194 64
-488 -344
483 227
151 -70
185 -259
-408 88
-322 263
-398 -9
295 -395
173 347
390 -398
-327 248
461 430
489 -37
-442 282
89 -207
347 75
-200 -216
401 234
8 94
-209 1
355 252
-458 -422
362 472
-358 128
-146 227
310 -160
394 -259
465 292
-6 -123
295 -114
330 173
126 425
23 -468
-67 447
488 -78
455 -44
383 -212
286 -54
309 -477
84 214
155 -381
-42 -187
-395 89
-244 241
-475 329
218 430
-299 -109
375 334
236 -316
273 236
66 274
73 245
82 -171
-180 -143
318 231
158 91
-311 42
456 -52
279 -234
-89 -276
-445 415
294 171
280 -487
-430 -235
-22 187
-448 -397
276 -1
-49 -459
428 -426
167 -344
-183 57
-37 -418
-78 420
-266 -421
-137 474
-486 494
-419 -413
-257 -366
241 -250
-452 -280
-142 -81
-207 -218
-50 217
-237 -311
-327 38
-481 -177
252 -183
30 -208
160 -46
-43 266
124 -450
-223 73
-419 270
-209 137
-69 468
-483 280
-48 -473
-142 58
-103 70
-484 -464
110 57
165 -499
256 433
215 -105
447 -256
-461 -137
467 419
-319 -332
-30 -90
129 -213
311 -192
430 450
-324 225
-301 237
192 -299
-379 -61
6 229
203 -289
171 493
-474 197
-327 -163
-32 213
-281 473
201 -305
119 -224
118 336
424 -142
394 -248
341 -52
82 79
-49 229
-101 -230
169 -439
58 0
-70 459
-110 -381
-262 486
-444 -248
-453 -327
18 -334
-307 -384
-148 388
169 -444
367 -391
389 -261
211 -199
453 -459
60 345
390 161
-224 -87
372 466
84 307
6 275
-304 391
-62 279
-56 -448
451 28
435 -225
326 -344
-448 -426
497 -127
-258 -139
-498 84
250 234
226 -326
266 203
322 352
417 -418
26 -15
272 -101
-431 129
-89 -138
82 -388
-421 -198
383 322
163 -219
156 -171
324 331
204 -255
274 352
-25 -345
-82 -254
-341 372
-470 -482
-52 259
-112 -201
-485 -361
-296 -134
-272 221
-296 -497
80 -327
-59 452
-451 -49
-100 -105
-488 -262
-113 -442
-104 -103
-22 -346
441 -42
220 -28
200 -8
-237 211
-388 452
480 -458
-358 273
-123 365
357 268
157 -500
212 31
81 -177
-201 86
494 -483
-138 -441
-403 155
168 -338
-404 -137
181 -417
-353 295
108 481
260 -488
-358 -404
253 220
393 441
394 353
165 336
-77 429
-488 319
-327 198
169 -64
-81 -110
411 185
231 -55
-137 115
150 497
68 68
278 -465
257 85
136 225
9 -107
143 244
295 155
-450 95
-144 97
-11 328
92 -25
-218 -326
-252 450
356 -469
-23 -380
67 363
-85 199
-301 15
131 312
386 230
383 -261
-357 -242
-5 -246
-48 136
-353 27
90 270
-247 469
-206 249
207 -497
140 428
-395 301
436 249
118 -244
-61 -300
142 -473
395 245
-348 -16
-348 157
-381 216
-28 -169
-130 -379
486 188
-224 431
-24 -364
-387 -379
-478 -69
-490 440
-416 -49
369 -270
-162 -140
-352 223
-307 9
166 249
75 -18
190 326
191 -263
192 -291
223 -222
-318 108
304 -165
407 -276
-79 209
449 -481
214 415
462 387
309 200
188 475
-260 -373
353 46
-447 -59
-103 -215
219 274
410 -256
124 211
241 385
3 208
-262 -391
-376 -215
-421 -211
343 -187
438 305
-326 207
-348 249
-280 -379
-322 122
-499 13
388 36
337 468
-260 -171
108 -138
-456 229
255 224
368 316
-181 4
268 226
-15 216
-44 -298
-221 284
-281 -145
-105 -225
316 -152
-384 214
8 -249
-310 159
-75 75
107 474
217 -114
54 27
-223 -302
101 308
-218 -360
-263 -262
-305 367
-451 225
282 337
-491 -346
67 -102
114 -79
440 481
-187 -446
155 148
-33 -51
-17 126
-354 -286
-39 -169
-251 -180
59 -124
203 495
-80 -263
236 296
436 -331
331 208
256 91
-380 -69
461 -33
-344 -231
-184 -209
-250 -237
127 14
-484 -219
64 -445
-500 -65
-440 -208
-144 460
255 -389
307 -434
-96 305
-500 106
481 392
-97 -247
-307 327
-137 -405
-489 -414
116 475
-99 -86
-192 479
-163 332
45 466
-436 -208
213 270
388 39
-306 -153
270 435
-446 -55
25 410
-355 -70
277 58
326 369
-49 -288
-197 61
-219 -84
-123 -152
-280 -413
460 -348
393 -254
-6 -485
-230 378
463 396
135 280
98 -220
-105 487
441 -302
58 -457
-313 -88
-432 99
433 -424
-370 375
24 -205
-91 387
-6 -216
-160 -266
291 -414
310 399
-225 409
486 -229
12 -436
352 -241
337 -162
208 323
-202 100
255 -368
151 387
-205 345
445 459
-243 77
48 -284
262 120
408 -498
51 414
179 -428
93 129
-463 -44
9 -89
-457 173
470 115
-363 376
391 1
6 -309
413 -488
236 388
100 -9
-94 356
366 327
315 -448
-313 363
328 -391
114 108
-155 -44
-419 292
-430 -60
288 92
-10 -199
306 -376
439 451
112 -293
50 -494
440 -444
252 334
336 -86
-338 345
-224 -53
484 -491
-467 112
330 -237
263 -302
78 499
-186 109
-446 -458
117 -402
98 -373
173 211
4 -270
54 224
160 -300
-120 59
-29 -164
-178 -318
-485 -487
-481 -44
-200 -345
170 25
-103 -302
-475 90
42 327
26 -300
236 33
462 -13
-420 -179
-375 -277
-82 470
-311 -303
-346 -311
107 -450
452 414
-317 -299
-218 -182
131 -112
378 -140
-399 -378
-348 379
-284 48
55 288
111 -410
-214 -463
-423 -111
407 -452
-346 -428
-207 208
-30 -145
-472 256
349 -143
-421 353
21 495
201 -252
401 -12
-429 290
307 250
220 218
-52 -147
-65 117
-333 43
254 101
271 -324
485 -163
-142 488
-115 -179
226 -454
6 -120
-495 -68
-271 364
-196 5
-334 -298
-406 -61
12 -284
162 -262
-300 -368
210 -42
191 252
-126 -56
-314 331
348 -405
26 289
-75 450
222 -377
-247 197
-384 190
375 -248
-335 105
-456 -497
-420 201
291 19
-446 -165
-409 -220
287 -128
75 286
-316 372
331 482
-444 -446
207 -31
60 -458
455 99
402 362
212 346
-303 141
49 -179
-135 -364
415 -190
-270 254
45 490
-458 -165
324 -392
195 -180
347 -420
487 -89
-317 276
415 -46
-192 461
256 -184
416 -493
-12 53
370 422
-491 -3
348 370
442 -412
334 365
100 -386
-281 218
414 -54
-143 -255
-101 -314
-9 28
-212 486
72 -425
-81 255
63 -468
260 316
438 -130
-462 369
-492 360
24 -41
85 494
-97 -32
390 183
212 265
-294 -395
119 -23
-10 389
245 236
-286 -232
205 146
216 -486
-294 -475
-234 -307
-85 298
181 -32
-75 -253
34 -192
50 -315
473 -353
-387 -135
-122 -309
-415 -356
19 -298
277 87
255 116
258 165
-196 363
-91 74
58 -329
347 -346
-180 -175
-133 -162
167 303
-36 -406
-315 214
113 465
-400 31
-195 341
350 -99
-114 -209
59 -414
385 -269
-135 367
-451 307
-269 -57
-463 376
467 -432
-489 305
483 226
86 283
453 -241
-187 469
-190 -31
89 -221
-85 -282
128 -464
321 287
230 -328
-136 133
-434 -8
254 -301
-447 291
233 -39
329 357
-441 110
-126 -407
-378 -226
-471 317
263 401
202 425
322 451
-470 435
211 -353
250 289
-12 238
371 -334
-76 -331
270 -468
404 499
-359 151
237 -227
-308 -268
-275 -127
53 -260
385 -38
362 -91
247 247
83 -158
272 367
-385 444
44 35
284 91
-440 326
204 376
-420 172
64 -317
76 -442
-128 461
-263 179
48 -222
-49 80
-135 -43
87 -214
309 327
373 -322
-475 -225
459 137
-401 231
231 284
397 -125
196 -294
90 189
-488 -288
334 -428
257 438
-279 -87
393 -263
-301 -333
-390 247
-168 97
-70 473
391 468
320 3
-256 -447
-43 -445
-245 129
488 -80
-488 -308
-45 352
-68 -375
430 259
120 93
162 -264
453 -324
-232 -453
325 190
-210 -124
-215 197
-17 442
109 -184
264 285
-208 180
306 -126
-91 451
-205 99
-250 -167
205 -126
-332 187
-457 219
102 16
-174 383
162 227
-329 143
-119 -141
-294 -450
-289 100
-324 -37
-388 291
87 182
-241 -211
-132 -439
93 180
-226 363
476 83
-373 -466
120 -153
-14 -341
212 -149
336 -77
-361 -6
-39 -314
-405 163
-324 386
-388 -161
-234 -93
-82 -350
-427 15
275 25
163 -361
181 -196
214 173
274 -121
-96 -124
-115 254
-142 455
-309 -255
76 -104
350 -182
-367 437
-11 365
-114 -380
-153 -477
323 195
-334 141
-90 3
-132 315
-266 -283
92 -270
213 347
186 -161
-123 -456
-489 -417
457 -484
165 243
180 -306
-432 99
-308 88
335 -173
138 -371
-84 65
-490 361
430 121
-479 418
183 -97
-47 -67
96 464
158 209
36 424
142 174
288 307
-362 238
-175 -41
136 136
488 -176
29 -414
-281 -12
428 353
120 -62
401 22
440 291
-62 15
347 -12
151 -150
-280 168
413 168
89 -144
-4 -451
-277 182
-296 62
-177 -73
-330 -69
236 38
285 462
41 -212
-106 128
-468 -57
-413 -429
394 -345
-102 205
-410 -192
-215 363
-453 -166
-299 -14
-18 303
150 -396
318 70
387 398
-91 -214
-74 -67
258 143
7 202
339 89
-256 233
-333 105
-215 -315
423 447
-22 -151
61 98
-461 222
-154 329
48 476
-342 -19
-261 -282
228 -403
-390 281
-419 -222
430 277
459 103
-324 -170
318 -274
303 271
254 -231
258 -497
-210 -153
245 -210
-60 472
-226 -414
-333 319
-333 -77
76 -460
3 -141
-333 -145
-58 -309
152 259
-31 -16
-127 395
-89 -433
-330 233
-315 328
485 126
-200 157
-485 170
-260 -209
225 139
-200 -254
-413 -489
157 -489
-290 42
279 369
409 344
-228 226
32 -34
290 -247
50 261
85 -380
-281 194
343 -64
-146 -161
-427 229
-393 303
314 202
34 -276
151 253
148 64
-265 -93
-274 -307
433 231
-98 323
-386 237
348 196
-362 -75
223 -393
140 99
252 -262
-478 -490
373 400
435 -299
-162 -21
-183 -395
476 -486
-373 304
170 438
-368 362
-58 34
50 124
405 -430
111 446
447 317
-399 438
-464 191
-61 -59
-16 -215
276 -371
96 75
-308 75
-365 224
-131 478
32 6
227 -130
-403 -342
468 -244
405 236
425 422
-383 242
205 65
23 -269
-437 -21
-264 -234
-383 -454
-372 144
-295 155
-351 331
75 364
103 -140
-273 -215
-153 -30
228 -203
-49 467
193 17
-81 -380
-53 -456
88 -103
-19 8
-83 98
478 -403
211 168
-283 -301
320 432
-47 193
67 130
436 -331
-246 -432
410 169
-120 -490
166 360
144 149
247 50
-187 330
265 -307
-111 329
-238 -243
492 51
50 -22
479 -154
493 155
-296 90
-165 -118
208 98
383 371
-66 -421
175 151
136 -67
380 446
449 249
281 351
-58 -184
-458 309
-77 458
489 -415
61 -421
-255 -139
241 150
-176 -278
-256 278
394 -232
-166 229
20 68
-375 326
-99 375
-442 500
223 35
464 -106
346 263
178 -119
-294 79
-448 345
-446 29
200 359
130 -430
-438 -436
468 -119
337 77
-308 221
-276 -43
-202 289
160 -358
408 -281
74 -116
-472 -310
-132 -111
-455 -126
-27 -142
192 -473
-6 325
-277 -111
238 101
235 -157
169 336
-398 149
-80 264
276 -320
217 -196
26 160
394 481
-294 217
-8 17
-318 240
-1 -300
493 -138
134 -481
54 89
407 -433
-76 437
-242 -200
469 49
-420 184
316 -433
326 -367
-236 195
-148 -454
-68 467
82 -392
-3 -319
350 -209
439 -108
-72 230
-454 173
51 -250
235 -294
-388 126
-487 -207
388 169
-312 -22
-251 229
-45 -237
362 -342
-495 -9
354 54
-394 -478
161 -290
-390 -55
23 -380
476 -357
-290 -111
31 -358
275 214
-128 390
-161 -350
137 327
35 -66
260 156
107 422
330 286
-411 -69
-58 -8
257 -439
150 -292
-104 -404
41 70
-326 480
-17 435
394 441
-211 353
466 267
72 -472
-11 165
88 -214
239 -134
354 -406
32 -333
-205 -158
136 199
-352 -487
-4 463
-215 -454
494 -152
417 78
-457 -24
-20 -291
-248 111
276 345
114 -63
99 89
380 360
117 -484
-242 335
176 46
-384 174
77 -389
-429 477
-259 -401
-46 -152
-350 -61
483 -426
-255 -261
224 -88
-479 -260
230 -51
236 -415
465 69
-200 -493
44 196
158 -451
219 -388
94 463
-13 -375
448 473
232 -379
11 312
330 497
105 -39
-205 423
287 -380
-50 -244
-317 -452
34 44
384 -205
3 237
380 -416
295 -417
-122 374
159 150
1 -179
194 315
306 458
245 267
-443 -227
293 -438
-15 189
-349 -196
85 -252
159 -186
94 -157
345 84
27 169
-19 -204
354 175
463 448
-83 251
281 -164
78 115
435 -232
-351 -71
133 -333
200 485
-401 65
-2 202
-20 24
-289 -350
256 -429
-6 -22
-84 231
-415 -280
-464 -218
-81 -149
187 -18
-56 85
101 -362
-41 -62
-240 -38
-434 -167
-428 268
-401 -100
101 -313
-101 -160
486 -476
361 327
-361 248
-341 218
-129 488
-466 -303
158 174
483 -189
-142 185
-149 51
440 -323
-277 -416
471 280
216 -34
-392 -478
283 336
-248 -411
176 -366
-148 273
119 -371
445 406
-455 -374
291 -171
87 -35
-368 465
230 -169
-193 493
489 -62
-147 249
-197 257
143 -457
-300 52
358 -159
-122 -38
-67 97
-331 372
-335 11
-213 205
130 250
327 137
173 199
432 381
-152 302
340 -173
-278 -303
203 471
-7 -482
-199 -424
-228 398
254 45
-92 -337
-420 -322
-35 412
-285 -380
-142 142
20 -312
76 409
122 -474
-1 -312
-167 -17
147 27
-199 -45
493 335
-146 322
363 379
-89 193
39 -486
-210 -183
-381 132
-397 -35
287 -253
286 -499
115 115
167 495
-92 -286
-24 421
-240 -436
-64 -395
148 369
-111 347
-336 -207
-379 267
-14 -102
330 113
213 386
-309 -243
362 -94
406 -496
-68 178
-369 475
-252 462
-101 -499
275 -465
-448 198
-467 -12
337 -199
-79 -299
-355 392
157 -124
-84 -413
-148 88
45 -72
21 156
290 85
92 11
-263 -428
-127 204
291 169
470 -236
128 -162
486 11
-115 -142
-70 -246
118 -292
-251 -313
80 307
357 -104
-227 447
-5 33
-455 133
279 375
326 -244
-269 160
208 436
348 91
-39 -433
-206 351
154 -275
-66 209
-447 232
99 -228
383 -300
418 -319
455 -358
116 421
-100 -304
-87 -219
186 -111
41 202
206 445
129 196
494 99
434 -329
-372 -453
-441 -143
349 341
-12 -412
-416 420
-232 64
-293 160
-467 101
-420 293
206 -134
486 351
-202 -485
-306 -245
226 -353
194 -162
-267 -236
323 426
-73 -498
34 145
148 -47
-163 400
-267 267
185 -402
443 -409
-329 -148
-447 386
-457 -281
-393 -359
490 -2
191 118
467 337
336 341
213 467
-324 -165
142 154
-117 396
-63 -475
151 -201
-259 -61
325 213
229 -43
272 429
-468 -81
-39 105
107 -322
462 193
53 -454
491 240
-284 327
-378 332
274 154
437 -153
232 220
-448 -97
242 293
-403 -408
-200 -44
-407 141
-353 -438
292 431
359 -91
-120 132
-465 21
333 -299
96 -259
-464 42
-203 -6
-405 145
-466 -457
34 -331
173 125
-298 -8
372 -27
-483 -98
-268 471
-89 -334
279 110
-184 -434
254 104
-290 440
-141 -302
222 216
37 -61
-416 -153
51 293
57 -460
-375 -133
-19 468
-360 273
-2 258
-496 25
465 -408
305 -107
-335 -250
7 433
-318 -404
3 340
-463 456
-306 -292
-228 243
376 224
-317 14
-438 -211
81 -395
355 -40
-374 179
-57 208
-356 -349
-195 -192
-96 -221
470 291
-494 -305
-331 441
348 -63
-316 -354
228 -387
-283 457
-267 -427
-85 -348
-129 164
252 -204
450 321
5 132
149 68
-345 453
-289 312
-416 -421
-278 -331
251 326
19 -34
319 -141
-80 -12
241 103
260 315
166 316
-379 -176
432 96
-82 161
55 319
69 -91
-386 245
294 -58
411 -118
1 -419
87 -83
296 -33
442 369
138 -361
-18 15
426 -384
-239 0
-209 -251
3 -188
-377 70
-23 26
-488 127
-123 213
70 19
-235 -471
405 54
-259 -311
4 143
338 -122
-341 363
-433 -340
-72 -278
-367 -260
454 279
-493 399
422 429
-109 -372
197 -160
421 262
-343 248
201 472
237 -362
-195 355
329 456
377 -199
356 -100
-128 -361
320 -62
165 243
-347 255
88 -143
367 382
440 184
-478 187
-155 354
-280 -11
-346 -293
-382 45
-238 304
36 -55
-295 11
303 291
-188 146
358 -44
494 374
332 79
-183 -225
487 207
249 -219
177 183
226 28
-10 -66
274 35
299 288
358 -355
-408 348
53 35
156 -477
-389 -15
-139 -358
-356 483
-292 276
20 270
-311 -112
-403 324
-217 107
298 -144
-101 347
49 -92
300 276
-125 251
352 187
184 52
-294 -224
295 296
-415 -395
461 -216
294 -124
32 61
-387 497
-67 -249
-390 -221
-301 318
-240 36
21 -168
-455 218
-323 -271
-95 -367
-458 65
-320 -64
-139 -333
460 143
250 279
69 470
243 -230
55 132
-300 385
-132 270
117 444
425 121
-436 -376
-12 158
-152 -436
-283 367
-344 -173
-288 67
-460 373
-50 -430
-138 349
209 -396
74 215
146 37
262 33
118 -3
259 -500
-280 80
-132 -98
456 -270
380 -8
-1 316
-48 425
405 72
146 325
-403 -293
431 467
96 178
-294 62
387 236
417 49
336 372
153 500
325 -109
276 -205
-355 -447
98 -2
-353 193
257 35
-354 -420
-408 -115
136 -88
-241 -481
-257 407
465 -462
17 -357
-246 194
161 -262
-372 211
-9 395
-238 484
-308 422
167 159
108 50
-435 228
-36 53
-318 -134
-74 -360
-244 -297
480 -487
-472 -88
-14 -395
126 -193
292 17
-352 -302
-370 397
2 295
-199 -97
103 312
-170 -192
28 205
259 275
217 -226
-441 -27
-366 -156
470 57
-46 7
-127 339
63 386
391 -123
436 161
110 -333
333 30
332 121
468 486
453 -92
8 358
-146 -265
-227 -257
-259 172
384 489
163 -22
-453 -80
-305 -272
-141 219
-72 -160
177 309
-458 423
245 -168
-26 430
-65 418
-259 416
180 -281
191 -159
-170 -485
-116 459
-473 57
-488 338
-352 356
302 20
392 52
184 -365
-415 -191
-354 -17
-362 -331
484 -317
-446 347
273 -375
126 150
234 147
247 -52
-270 375
244 343
267 36
80 -423
254 -422
-39 -269
-169 93
-397 -370
-4 421
-172 486
125 262
-433 251
-16 137
112 151
76 104
-92 -207
482 99
127 -251
-364 -103
-327 299
133 178
-51 -59
-224 61
282 -64
-57 85
-34 -154
-272 -75
28 -356
-470 179
-166 -157
-487 -52
61 -23
207 -228
471 -386
315 482
333 342
-477 30
-364 372
-24 268
-42 256
-345 -188
-174 323
395 -110
-468 500
478 148
-292 379
244 -96
320 -307
-194 286
141 -85
137 393
59 -46
186 393
123 485
260 401
297 428
-393 65
424 -249
237 -97
-122 -6
-274 -387
468 365
-195 -77
-46 144
-80 223
236 -92
-485 239
-361 -136
-337 -377
-26 363
406 481
25 333
-6 177
-254 80
-159 -242
-196 241
426 335
-112 9
191 -136
-2 207
126 178
-290 -250
226 -435
420 389
-85 -223
445 167
-428 460
408 -61
-373 356
-136 58
350 313
330 -14
204 -272
187 -104
-478 422
98 -284
-124 394
176 431
-180 115
-123 98
-17 232
183 261
-186 -315
192 -339
-377 92
-93 498
494 30
331 8
267 82
-210 367
-154 -493
-280 82
-498 152
-304 318
63 -399
-380 -391
-464 471
-265 237
50 -398
-43 309
57 -456
-168 285
-164 -164
-462 17
-56 -492
-270 142
-124 -248
334 116
409 403
-492 283
66 360
-132 -24
8 370
-277 -259
-283 -380
-7 393
-422 460
35 -202
-288 441
485 144
-78 -495
-172 375
-253 -72
154 -216
480 -405
363 -343
453 290
-85 11
319 -345
-130 305
-172 -205
288 -244
349 -233
177 -170
-29 307
-391 -185
139 -96
-4 500
53 -149
477 92
-394 -247
-57 -189
354 237
124 -152
95 -446
-440 -326
-427 158
-388 151
-403 210
315 259
-175 163
344 27
298 244
368 425
-212 -96
-241 -397
162 -416
376 403
-259 -409
420 -399
-402 -266
458 -384
248 -319
-47 -449
400 397
84 119
191 -219
-432 -83
402 319
303 465
298 227
101 414
-368 324
447 -292
299 -78
233 -499
224 -492
121 -214
-94 418
-459 383
288 -197
-52 -162
-371 -445
100 -321
-330 189
225 332
245 -325
-276 404
-441 -177
-111 -403
92 -456
146 269
153 -426
-220 396
268 -97
-61 -420
183 359
-154 30
-230 -83
-272 462
-216 -111
446 -417
165 -75
-376 93
-225 430
-321 500
382 421
-305 81
-374 485
297 -294
-47 -204
-163 223
-425 156
327 -45
-234 -412
27 50
-391 459
-302 -147
-52 -265
119 444
-305 -21
-386 -218
-221 -355
133 302
255 -75
168 -351
-414 417
-150 43
-191 -77
285 114
13 113
90 260
-249 156
-82 432
-371 337
381 -442
-111 -303
30 -50
188 284
-358 -456
101 254
-173 -323
136 -377
-29 206
-185 106
-218 249
492 -168
89 81
343 113
204 123
-125 142
-295 375
10 197
-58 -156
377 190
5 -232
-356 214
363 110
178 -344
272 -448
307 -212
390 22
24 266
-498 90
178 332
-109 166
480 -459
110 -112
475 -448
-290 -222
220 -340
-141 -82
-105 104
466 65
-194 202
367 141
309 -274
-124 178
-75 -151
402 266
277 -491
323 -165
-375 -70
121 396
-13 -264
-270 429
-110 -190
-126 -359
-80 -206
-89 369
-284 202
-92 -106
-369 -353
-71 -415
81 -425
447 327
104 46
406 500
-212 -94
433 -375
302 -87
225 36
1 -146
-134 -82
-193 470
-409 428
210 217
-389 -117
398 234
39 5
-78 -463
116 192
295 -476
472 489
-88 -376
-12 106
-201 -439
-243 180
57 98
-44 391
-96 188
298 -423
276 -394
171 -297
-396 186
-242 449
49 368
340 -170
49 -308
63 -421
-460 301
-172 -324
130 -76
-41 -217
-194 169
23 296
481 -308
427 -435
161 440
-265 -165
283 -462
-404 -476
-139 -169
-66 -93
-458 -99
-482 446
-434 112
460 176
291 -214
83 -401
114 378
-495 -432
443 430
-299 -487
413 227
-417 101
-232 -144
441 -223
-293 88
153 -460
469 57
417 93
28 222
-486 -214
467 123
34 434
360 -207
424 38
-105 -362
192 -99
103 183
371 67
31 403
-260 -196
-36 -253
-329 -121
195 288
296 -445
132 -477
-21 -184
159 460
404 -248
174 -95
-373 -3
-419 -64
-111 295
-498 69
123 362
-473 101
166 32
-438 -123
-127 487
111 52
485 10
363 -67
-209 -398
-99 -199
91 -263
333 95
-278 230
482 -343
236 39
-262 -276
-401 497
-285 445
-468 -69
410 203
-136 408
176 366
-228 -39
-65 388
-298 -327
-73 383
191 399
-79 234
11 -485
453 488
-108 429
-259 -134
-77 -87
-165 424
358 -35
-373 -432
79 354
-487 70
-137 35
75 -121
495 -348
-269 -371
429 142
-405 418
-462 -207
-426 28
-210 117
-191 -387
-50 -330
-286 234
-413 93
-460 302
-339 480
-153 464
-260 -368
-16 -357
-408 -212
453 133
148 -331
-375 282
-433 302
219 441
-90 -302
270 -440
143 450
-249 370
4 364
-295 233
241 487
-355 -45
-337 333
462 35
-438 328
-122 -48
325 95
-311 60
12 -45
70 160
264 226
-129 -318
-309 25
-132 -406
-75 -46
146 449
-500 0
53 -462
-26 276
-449 314
-224 -318
419 252
-253 -300
94 127
185 -391
-164 -446
-464 -304
244 -357
23 192
-180 17
7 311
250 -385
81 -104
-1 -198
173 437
95 -43
210 -173
221 48
406 470
494 166
425 -405
345 398
-191 81
-280 -439
-143 68
37 250
200 -468
73 -354
402 -289
80 -298
116 -80
228 441
-4 156
-171 -83
-146 277
-227 425
-376 -320
496 476
-232 -455
-43 409
-85 335
56 470
-132 244
269 -29
-15 141
233 433
-351 -135
21 276
39 287
72 -284
415 -8
-125 322
-259 172
-493 409
259 -307
267 -100
-239 -255
49 -398
357 -72
67 -428
489 86
-248 -246
153 -129
350 -132
-185 93
484 51
-464 308
-178 -68
344 -281
478 480
357 -248
-477 433
-189 -437
-462 4
-52 -199
-477 9
-276 -174
-348 364
123 -257
108 10
-111 -477
237 -205
367 -329
233 -330
489 85
457 131
192 456
-148 132
-32 -478
316 -456
-142 -170
-222 34
-423 378
-245 -59
-178 47
-139 -75
-493 245
-38 -257
-450 -261
79 395
-343 -439
455 -52
-398 -245
383 230
-215 -480
-181 224
-449 482
-148 114
-431 -436
352 -68
24 120
-26 204
-243 320
-253 437
-148 245
-216 410
-212 -199
473 -214
-4 101
422 -370
-265 -379
-27 -24
283 -471
17 -44
478 483
-15 -179
130 359
143 -437
-303 -425
-316 -175
53 -18
160 -125
226 99
-369 -319
-138 299
425 -168
-397 -228
10 400
-481 -419
38 -368
482 -68
-22 430
-301 -176
-411 -391
-424 486
38 -234
-152 228
-373 -334
-316 -383
320 177
-92 58
358 437
-38 -167
125 -16
-149 112
-79 -385
319 71
-126 -45
-157 -359
-328 181
494 -348
135 135
-180 465
368 374
-378 -320
-356 -381
-380 -60
347 324
-114 229
-390 -77
-434 -127
-321 -383
-360 -435
-472 -77
238 -130
351 -113
-476 194
22 -287
423 374
-226 329
39 -135
-71 -18
122 161
-130 -32
-103 -332
-451 204
-34 -43
-235 -316
444 -442
23 40
378 -140
439 -427
180 80
-253 -339
197 -192
182 61
403 -11
-86 277
169 -38
-248 289
-491 -167
-393 -349
431 -318
231 -130
97 -265
-92 -255
-231 -115
301 -46
-379 396
344 -39
190 -458
-441 -382
-482 357
-243 237
-177 -271
-338 73
-399 -450
-99 219
-85 -191
252 -118
432 -148
-163 -143
169 -284
181 -251
91 262
412 -10
-343 -243
324 -161
145 -455
-256 -89
-394 -205
-30 349
112 -107
193 -392
45 245
-27 -157
23 14
318 397
-468 363
-94 81
108 432
338 -10
-16 235
-124 -202
484 217
431 236
-154 -460
-238 391
-275 23
10 -49
202 462
-83 280
347 191
-150 395
481 420
-240 -299
305 205
463 -330
36 -297
69 304
-436 -346
-77 -210
-159 242
216 169
39 89
228 414
248 -91
343 122
481 178
-50 131
312 459
113 135
136 233
282 -210
-249 -157
51 -208
-263 405
-229 131
488 82
-156 -126
-109 -68
-171 -483
-480 -332
-245 35
103 326
109 108
-249 -68
-80 243
393 -418
330 407
237 358
-214 -249
-420 292
362 161
-396 -499
408 -248
151 112
-6 -101
-203 390
-147 -361
-4 -210
-260 290
344 256
-442 478
191 -396
152 226
-276 -476
-328 32
267 -67
112 100
400 -477
-120 -66
-81 -339
-163 199
83 -343
230 456
-400 -39
-394 -241
188 239
12 0
93 168
-319 -252
-187 486
194 182
-168 -146
-87 155
236 -427
312 38
-101 48
221 345
-463 -268
-236 497
142 -433
-317 -212
471 -163
-446 -347
-138 -111
-238 439
462 -328
-307 -7
348 -42
-482 -163
-189 456
-186 395
-144 464
320 -292
348 -235
413 -344
-171 -277
-28 150
-455 398
-67 -111
-168 182
-238 107
-111 -481
9 175
467 -166
-85 111
-462 -192
-276 -20
-57 479
-391 287
-360 72
-85 412
31 263
-247 -387
426 111
-130 -328
461 157
-241 111
125 -248
-280 -145
242 303
196 127
153 336
152 -92
-192 313
-22 -185
205 -92
-340 -478
455 -269
-362 47
85 422
184 5
-408 -237
-409 -373
-387 481
-54 -130
244 -146
224 -71
-77 -299
-352 -317
416 -382
-12 85
283 332
297 203
-294 -82
-291 166
-310 91
88 -421
160 -211
-312 -468
-47 -262
163 445
403 141
102 -342
-186 -4
308 -292
54 489
326 -209
-256 -392
-40 -423
139 -426
-482 194
-265 -310
453 -135
-61 93
-279 -46
-116 213
67 400
-420 43
-222 -309
-381 85
16 -281
-142 -287
475 452
-251 -79
-434 -46
-204 429
-496 -32
-211 -197
-216 -302
195 -462
269 497
-128 -414
190 -134
-144 -157
399 113
128 445
163 -452
-275 -154
-243 -444
405 -221
-228 -367
268 -367
-486 -401
426 -134
497 346
494 118
-91 -11
483 222
-390 -33
356 -280
-115 492
93 -339
136 -132
-262 78
-462 106
379 398
-426 -103
213 266
380 -373
-141 282
467 -299
-124 -34
197 474
-206 31
273 -262
304 55
-405 80
-317 175
-322 -136
-349 305
163 -180
237 37
-121 216
-22 -266
-424 -428
-94 450
355 -279
271 -160
403 140
-182 374
-286 24
-459 -482
247 -423
490 -210
271 301
227 134
212 -220
-32 -152
391 178
325 -249
406 -348
126 375
-72 371
400 375
407 -395
-50 -136
172 422
-21 105
497 -190
-178 -500
-90 287
-327 -307
-408 -83
300 -285
272 485
-306 -186
-388 -407
391 -206
-50 -114
-31 146
183 328
-176 484
477 -41
123 392
-124 147
-497 482
440 340
352 -257
-51 -250
354 416
-312 -101
-456 396
-28 185
443 -294
141 191
-309 451
-279 417
455 434
368 -270
-255 -306
-307 353
-423 230
-114 315
-137 432
246 -218
480 -208
472 -133
69 63
101 269
366 280
285 -334
28 441
434 -124
-430 -481
-168 -276
22 117
297 3
86 -52
-11 -488
-176 238
-408 -349
-331 144
-134 -407
-392 -425
331 -163
148 379
242 -14
33 -368
485 -345
53 434
327 -256
477 358
-448 479
449 -193
-435 -163
-119 363
250 -327
0 -419
303 -211
-361 -267
237 -209
-249 -358
-335 -306
-285 -413
294 78
-274 -377
-417 -158
-283 -379
84 251
458 -8
-197 -23
-284 46
-243 259
172 -189
470 66
90 393
-318 478
-443 19
-167 150
-389 -471
188 138
212 111
344 107
-224 182
-348 -179
416 -184
173 -168
311 -327
-495 -116
-38 -276
345 20
436 325
60 -20
6 -241
404 486
25 -370
-418 482
-381 -380
-79 -471
-218 -123
211 -134
-67 499
0 414
1 -197
-237 309
-202 -61
339 438
258 -274
-233 -132
-370 -187
-85 -343
64 -110
-57 73
-178 -374
353 -286
246 500
495 329
-441 -368
443 -129
261 220
-327 49
219 19
-41 17
-40 335
-377 -230
130 137
361 -59
312 -238
311 478
-81 -40
428 398
331 -181
164 -36
119 -260
135 -205
-345 292
217 -37
-479 450
-94 -196
-164 -78
-350 -80
-128 470
-81 -347
-415 230
474 -72
-173 -223
44 -90
-124 -346
394 -248
-491 -169
-244 317
93 -482
-126 -45
318 338
115 457
-430 147
344 354
337 -332
313 398
-349 -77
73 94
418 95
-109 68
211 402
318 -188
-331 -469
410 225
-147 -411
-343 -286
217 188
-406 -360
89 59
102 65
-464 354
-345 429
451 15
324 -293
119 -412
-11 327
-364 42
-119 78
277 208
457 -424
-333 -188
-215 -385
202 241
-224 -19
262 -309
203 230
83 -95
129 -276
406 316
364 -11
185 48
-231 -458
-360 386
-155 -59
178 -386
495 84
-50 -142
-300 140
462 107
213 -50
-438 345
328 359
-146 399
234 -24
-346 284
-260 -372
393 -394
-455 -388
-490 -308
481 -482
89 228
271 -75
236 -13
-378 339
-3 -117
-100 43
-49 -117
-497 298
342 -391
479 -420
-318 354
-190 -107
-280 342
-218 5
215 -243
-83 -6
361 55
478 228
36 -42
-274 -234
204 228
-236 -138
-271 416
-449 211
78 238
117 133
-425 135
-130 -21
-105 393
372 -123
228 269
-364 252
-383 -417
-427 -386
-190 -217
206 -180
-180 112
316 -221
104 -359
339 197
-374 27
81 -146
428 -372
-344 277
-164 -297
41 -56
-437 -192
-23 3
-51 127
103 98
201 460
202 387
106 -329
-320 176
-57 493
-400 -339
87 -467
-81 426
96 -267
-70 382
19 -22
-55 82
-464 90
-280 391
265 -295
-85 120
-490 336
-52 126
440 138
34 177
-424 212
-305 -411
464 -421
-230 -100
270 -43
-377 -308
477 -246
60 -272
-483 433
384 -368
227 210
-413 127
483 -437
373 -333
220 64
301 167
98 131
-409 -347
-153 -128
111 277
-184 -280
-422 486
-246 -259
373 -476
275 71
-16 -89
-250 387
382 -254
-58 -104
90 -339
87 -475
133 -283
-127 54
-417 -404
282 -96
-396 461
-288 -447
225 40
337 450
77 332
-109 249
385 -313
-440 -230
-188 -406
-126 -47
-270 43
-78 -269
-75 -325
-269 74
165 442
296 356
383 -464
-122 446
-350 -67
-30 43
337 322
-31 491
458 -12
248 -346
-261 -115
-56 488
-25 228
278 476
333 150
98 -32
60 -499
241 -88
420 347
60 -88
454 6
200 -334
-29 -116
-298 495
311 -163
194 -487
-71 90
-56 350
418 -306
-190 -312
474 -120
-130 456
-131 266
-218 353
13 221
152 -437
249 -390
-309 37
37 427
183 187
-187 -195
-468 473
-174 105
259 -448
-76 -196
-457 -102
345 309
-56 128
-178 243
271 -3
367 481
-197 264
-69 -375
-314 298
196 471
-430 -424
-57 55
484 -384
-426 -328
-289 157
450 -161
-199 -343
-202 -237
198 331
322 102
245 -378
118 -191
269 267
-324 174
248 195
397 133
-124 442
81 403
181 -141
-220 -7
-271 441
-181 303
-481 283
-232 -287
231 394
-261 269
258 -140
108 -299
-457 316
-129 -55
450 -203
150 -170
-82 -412
-249 262
-465 -449
-452 -57
251 282
240 -53
-10 -28
346 -144
457 84
-385 298
479 -355
-410 494
196 -69
125 -78
-69 45
241 -174
-121 400
-43 121
375 2
-429 134
-246 -434
175 -465
170 -267
-465 -50
279 -417
397 -66
425 -389
408 359
-377 289
168 -303
-289 101
-263 147
261 192
-103 -464
-12 238
-302 94
39 -343
434 162
334 -436
174 434
-272 -216
-56 101
211 39
-174 436
-466 370
-201 276
137 429
-11 -34
-315 470
318 -393
-366 -116
-106 63
-144 -80
139 -98
-433 135
214 -219
458 305
250 -324
30 227
26 246
-198 -432
473 234
301 -391
-481 -320
-152 -449
302 -345
146 -129
-386 343
279 497
163 378
-38 -129
-411 -378
353 325
-261 122
-281 -252
-310 197
-349 -168
187 -391
25 77
309 385
425 496
352 -318
304 483
-208 -295
-29 -139
180 274
396 -444
-263 -258
209 326
-177 -455
-428 104
351 -240
-285 466
283 -411
323 460
-310 -81
374 250
160 -168
-369 378
334 74
488 272
-268 -158
8 -439
254 -334
245 50
-201 -497
-14 151
213 -136
246 401
441 104
-152 -48
-408 -340
140 70
388 -450
223 -322
419 336
-436 -305
-496 -94
-361 61
-243 -315
419 252
-403 339
169 16
-388 -228
449 439
-356 33
493 -128
385 320
415 -134
472 471
-183 -88
287 157
71 464
-156 454
278 -391
-209 -202
274 -111
73 -163
-400 -79
-159 410
-9 161
-452 376
436 493
405 289
-343 -105
-88 -343
-137 8
-461 463
448 -45
298 -229
345 -63
-448 279
-338 433
-31 416
-386 -435
-269 407
-451 144
330 122
425 353
-319 218
-326 -298
221 -377
381 437
-74 343
387 276
180 -170
164 -271
70 -264
52 424
-388 111
-338 253
256 -194
-122 271
55 136
-52 33
-471 -95
288 140
-384 36
-437 -102
36 349
-354 -235
138 117
431 -384
-251 413
-151 -414
205 164
-11 38
-193 298
160 -315
-252 11
369 -34
227 436
321 243
-180 -459
-132 -488
45 100
441 358
476 -301
-422 484
-161 353
-206 376
-125 436
-41 456
111 -341
23 50
461 -472
-95 371
69 34
192 -115
308 -392
401 393
389 -437
-130 120
321 26
-102 41
217 226
160 369
-438 -24
489 -183
-107 -170
10 35
-42 171
466 15
-189 -468
-332 -232
327 221
181 -463
18 41
-220 147
128 -461
21 108
489 494
173 -13
-183 -209
162 -489
12 15
8 -245
295 262
329 -325
92 -184
-128 181
388 -73
450 -102
244 290
-180 102
348 302
56 280
206 440
92 251
-297 142
448 266
-36 95
-320 173
486 230
-493 54
-386 -393
-166 -308
190 -398
93 -73
-79 494
457 347
408 -205
-73 -177
-203 457
-112 -163
491 -391
162 199
-331 -364
-180 190
-371 307
-84 452
327 -286
190 -111
182 -64
-260 -155
-293 263
-237 63
-302 169
342 -89
184 -131
95 -449
-129 -498
-100 -364
89 218
-400 368
399 -302
-211 -300
-75 458
430 -332
-475 -91
-323 344
5 -371
-376 -409
206 221
111 -310
145 -342
153 150
394 -346
500 -134
-448 -440
167 -44
463 307
-138 -369
57 -341
480 484
-349 -281
-100 -334
222 296
177 423
1 -343
5 -323
202 -196
-183 -310
-279 -271
19 446
307 324
0 482
-234 -54
-485 -499
487 31
-17 -136
-193 -115
290 -321
194 202
295 490
-251 -403
-459 -265
423 -337
302 -322
355 -5
227 238
-106 -348
-251 393
-277 -44
40 -253
406 -492
-465 -295
-413 415
380 -130
-197 476
61 298
62 154
123 327
356 23
200 -463
134 360
103 395
156 -151
-475 -193
-321 -491
-465 206
211 -295
-339 390
167 -191
160 254
173 445
-412 -388
-179 170
-45 -453
-109 -445
-279 397
172 123
-311 -225
-168 64
301 115
-448 312
-231 264
176 -380
-358 -136
237 426
-37 -84
-427 -15
-78 482
43 -33
-79 317
287 -316
-96 126
-32 -282
486 312
-409 -288
496 363
-432 -382
69 87
-40 -19
111 354
-239 292
-336 41
-281 82
-431 78
-51 -54
-358 284
-189 -198
-406 -75
300 -185
450 389
411 234
166 470
349 415
-27 -287
-176 409
190 -224
96 195
-200 396
389 -52
493 -139
-223 -496
36 -474
-60 -241
267 -224
-266 330
305 -391
353 295
246 281
433 299
191 -317
157 250
205 -474
-171 -353
-443 -47
-238 35
-202 477
-3 -22
45 241
148 61
26 -264
-341 -387
-461 429
484 -219
1 -479
-37 -479
-485 -188
-303 -444
291 375
269 151
2 141
-85 6
85 90
198 -476
159 -69
-76 406
-239 200
315 -292
22 -15
-212 -369
242 -54
461 -389
226 141
-90 230
-391 -239
-61 446
312 289
-139 -169
319 211
-175 408
-94 252
226 -94
234 268
177 -258
-411 -21
245 391
-381 -301
-456 -228
269 -276
82 -181
-309 -15
-235 371
-229 345
391 351
91 -291
-198 -367
156 80
335 173
-147 -284
6 81
-437 465
-441 47
123 29
-65 -304
-55 434
-90 -119
-324 16
146 -334
-414 423
-415 103
406 308
372 -236
324 212
362 -438
282 44
37 -496
-270 306
381 284
-256 344
156 -129
271 189
112 412
362 243
372 151
-131 6
-357 -323
50 -472
276 -459
320 -87
-210 179
-310 -36
96 222
83 -176
-169 -287
69 69
-24 104
402 -417
31 183
168 -235
-333 377
-53 351
214 306
-392 454
-143 -287
207 -114
43 -418
-316 -58
-231 -241
-122 487
66 -153
313 -325
434 -349
-41 385
-478 156
62 19
-180 -330
174 405
462 -46
219 -225
-52 -273
161 -152
-101 371
-6 299
1 -463
-317 118
99 253
-336 36
-283 -116
-135 -337
42 217
-329 -119
436 467
363 30
239 10
-36 -183
216 44
-389 -97
-477 -26
-494 -396
105 336
128 -482
422 -401
480 -474
168 -408
-49 -137
-123 384
267 -391
229 -413
367 16
355 159
-256 -149
119 -20
-324 343
-229 -297
327 139
429 -241
-17 -276
-73 177
289 -2
-3 -14
-1 -395
416 -212
-293 -176
-438 432
-347 -235
53 62
411 -428
91 266
-338 -321
-296 -225
-345 -129
-339 30
479 191
-351 215
-324 129
-454 407
415 342
-95 -313
-180 404
-437 290
243 313
-445 -43
