100
-270 -225
-191 -422
-321 -199
103 -74
-23 -263
135 -119
-430 300
-388 -385
-428 184
298 30
-103 58
-399 244
-183 -345
-243 -211
-450 -294
-499 186
-179 80
-128 -495
-108 -136
206 237
257 -164
497 -12
373 360
-169 114
-34 274
227 -432
424 -46
341 -148
52 -396
-299 -355
120 -490
-490 4
186 -289
-4 -15
-173 291
279 -65
484 142
-21 -269
345 500
-478 -70
-480 1
385 255
-197 496
7 196
171 156
194 -241
249 -250
-3 369
182 429
-386 -136
387 106
-398 -112
-342 216
354 385
-321 462
380 -38
-59 -133
-388 113
-154 -327
-25 403
430 -297
370 238
-272 -489
-421 -266
104 -459
387 -103
-190 57
69 22
-111 -116
132 243
-482 -352
405 -470
88 126
145 333
299 145
310 155
239 245
-151 -357
218 -106
272 390
146 97
359 351
8 -312
-50 -191
-119 -24
-168 -262
39 219
174 121
130 474
-36 161
-324 -306
-412 121
421 343
409 -125
456 388
60 -204
-11 -110
-315 -209
-158 478
-490 158
