1000
407 -40
12 -29
203 411
295 -346
417 -481
123 -419
270 416
122 -92
-200 178
383 324
237 -265
15 401
422 278
-30 357
-8 -242
-118 139
253 -102
205 -415
-29 -173
183 54
58 69
-408 -380
112 -485
-120 -300
-221 24
279 -272
113 5
-208 -188
401 393
80 40
101 106
359 -24
-148 325
138 357
-243 -82
269 -81
437 -331
-128 469
467 431
-300 -142
-249 39
-103 6
358 -437
-309 -182
-263 -408
338 291
163 31
469 458
-369 -79
26 -270
-137 460
351 -407
-42 -243
70 477
407 -202
-260 470
-251 -352
-9 241
288 -96
-442 -384
-478 -297
-215 195
-47 216
-426 -438
-489 -373
443 -465
52 -294
-355 -189
-171 -251
-197 -461
25 -361
424 19
187 2
36 -382
311 -226
116 161
337 -405
-100 -196
107 -447
-48 -22
-189 258
-255 46
-124 -51
440 -495
371 376
44 -289
-293 78
-9 417
-69 -342
463 -86
-129 -80
-229 -383
6 390
355 22
136 -277
329 422
121 120
138 397
-422 229
-323 336
260 297
233 -147
153 413
-438 369
197 -41
203 77
-30 -215
331 295
-135 -85
250 428
131 369
376 413
19 494
-268 -237
93 259
6 -417
362 -462
240 355
112 -175
87 -489
-5 -292
488 -217
-369 -166
465 463
192 -327
15 321
-55 217
-221 -229
256 -484
-439 247
157 498
-444 45
-481 -226
-126 169
79 188
-102 4
347 415
230 165
84 10
108 396
-369 -51
136 -196
132 154
205 -24
-316 -169
33 430
-292 -336
-22 -162
191 387
-355 220
302 154
171 -314
-231 -221
-184 -414
-195 -415
-271 -335
366 290
208 -358
-477 -155
-156 82
-177 -74
215 -397
-90 -215
-305 485
355 -21
265 -341
375 -471
-253 -94
93 -332
-254 -37
306 -372
169 255
-382 -292
-241 -483
203 260
-310 221
335 317
194 113
316 -497
-304 443
292 303
221 5
449 469
-268 -198
252 -330
-427 -470
-83 172
351 -460
145 -176
-143 -63
-32 -12
-27 -100
-156 -250
338 -398
222 -11
-181 -322
303 225
-21 46
-38 -101
-382 -97
-309 -163
-159 293
435 -150
346 -121
-143 -342
58 -15
269 150
-252 -36
81 456
370 -264
357 209
195 422
431 254
257 -292
-104 -115
104 -251
137 -45
346 -318
-118 -386
12 -176
-497 -190
-365 496
313 385
-339 201
476 208
174 -383
226 -360
-448 -432
361 94
44 -369
-76 -442
-248 132
-86 493
-149 153
-398 -328
399 210
-229 441
295 -432
-178 -164
-387 -328
302 433
296 -295
279 448
-43 30
-303 -42
-242 -147
74 297
-446 -64
284 245
320 440
-410 -245
340 -73
-246 -195
208 298
444 13
241 -33
117 66
131 -396
413 -249
0 -72
-192 246
490 24
145 -64
-496 -402
483 -268
-419 -485
457 449
-341 60
342 -50
-220 154
-149 -395
384 225
-174 -432
-463 -411
286 413
-116 429
-253 109
-177 -182
-303 -415
-434 179
233 -233
-300 -498
370 -27
59 -444
1 364
-29 406
52 304
151 362
44 -264
-252 130
-304 -25
60 -425
-120 -331
400 163
236 189
-224 -179
324 -101
-333 382
-161 -309
483 -264
-51 -462
50 443
72 426
336 -91
423 232
-95 -430
-203 -487
-340 -91
-220 279
101 -31
-100 -464
244 318
54 398
-347 -273
-137 -246
371 -331
206 171
-188 448
116 -18
-205 -253
266 -427
-243 -77
165 492
-421 263
113 -316
394 -189
-304 202
-398 62
-349 -341
-109 478
154 84
-68 -91
-413 135
-483 -136
-194 -2
119 -410
306 332
235 428
51 -43
-77 379
-358 141
-341 222
458 -261
286 -119
89 218
278 52
-457 67
96 -404
-70 13
198 -444
311 25
406 249
-14 345
182 279
192 -365
-108 -74
91 373
51 -192
27 -103
472 -69
-315 7
-178 274
14 425
-114 -481
-31 138
155 473
78 372
320 -116
-90 154
-455 -460
-398 -487
102 72
-350 -96
-367 424
182 264
-464 -490
361 110
-134 73
-335 -313
-232 66
302 -384
-320 393
-395 97
-138 -457
-89 -500
478 -117
-283 485
-336 353
-435 -354
-105 -353
462 332
152 81
477 27
29 393
-426 -100
-308 15
264 -60
381 24
-465 311
-404 -168
276 202
-155 364
-327 -361
25 -230
67 280
-474 -122
129 366
-325 -15
-336 -374
245 426
295 -18
477 -115
298 260
-79 53
-109 423
297 275
85 148
-108 121
283 -303
-497 -478
-286 33
-58 279
-53 -135
356 22
-194 211
407 -46
-192 70
320 -302
-310 -362
83 65
-323 -49
127 383
332 137
-340 -1
410 399
362 144
468 -457
-434 308
-309 485
77 -39
-356 63
351 -494
-246 -171
-159 25
-112 393
-24 89
224 -437
-375 166
-256 352
-83 133
-458 146
-266 471
-192 -291
-238 -323
236 -400
235 500
352 429
-461 -293
-443 38
394 -235
429 26
-477 -73
255 -92
-106 -128
-193 177
-263 193
-461 -331
267 -178
-80 37
325 -176
-359 -327
253 -92
-295 -385
434 2
-322 -226
236 -447
359 358
53 153
180 -141
-262 392
175 46
27 479
-323 424
129 426
368 -85
358 304
-253 -80
-278 -34
-46 -54
190 -462
-301 242
-173 427
-262 -46
-129 -37
472 -497
-175 189
201 382
257 306
9 -392
-205 -225
432 181
-414 401
365 -303
468 39
270 -102
477 317
259 -233
232 -179
-264 -343
372 -29
213 378
-116 37
-488 -222
-228 356
84 -147
343 -421
-487 -138
-370 -275
159 445
456 -76
-3 396
-493 -48
456 158
268 255
303 -167
46 293
1 -128
-182 -119
409 -271
118 -75
34 -153
-459 -423
220 -99
6 119
-255 165
-354 293
459 70
-268 138
-155 -204
19 182
330 125
-406 -180
197 -484
-309 284
-145 55
167 133
179 189
-440 496
121 455
345 156
118 -330
-4 -235
432 370
-365 115
-41 495
-318 -323
159 391
-159 -18
391 -315
174 -435
-481 393
-214 -480
433 146
93 403
172 -61
-157 441
57 168
257 271
-390 390
196 -356
21 222
271 457
496 417
289 229
482 125
291 288
464 -150
359 -475
263 289
466 -43
18 27
-137 -256
-482 -471
309 -472
-275 305
435 210
-290 214
215 -68
-242 -394
-386 -178
125 -417
-44 90
442 -381
371 -359
455 -35
-340 -274
-285 482
369 13
-4 241
232 -333
-225 179
400 172
-479 -351
-43 284
-274 296
116 -183
-493 -473
-44 -115
-340 -461
37 96
-293 139
116 -344
63 -484
-140 362
44 495
420 -482
275 -460
-259 -30
-148 -305
370 -60
447 300
-376 373
470 -264
149 -390
-94 -385
155 -410
290 460
-270 40
215 233
34 366
-372 -394
258 397
267 -398
344 249
10 -95
-91 -32
153 -274
-116 -170
-412 -195
450 335
460 369
163 413
38 438
-344 351
253 -345
40 -430
70 39
431 -127
-232 -231
-111 -428
-116 67
-436 -181
-335 -32
227 301
-110 -160
284 399
422 183
-192 -473
-227 200
-53 -427
-341 273
382 468
318 409
246 -133
335 168
299 -20
-40 347
365 -164
390 -452
-495 -285
-249 341
379 -403
125 -370
18 -497
492 -235
-339 276
242 -123
66 -12
1 200
344 107
114 -472
-369 -292
-448 37
-88 -18
-87 384
-324 34
2 398
209 -425
-485 -176
33 306
390 228
-368 54
112 292
311 -208
272 -161
-25 362
-275 119
-289 -309
481 -118
145 396
441 422
92 -289
-272 268
149 211
59 208
91 -154
242 -59
-63 244
169 -91
-335 -91
199 -489
-280 435
161 -224
-456 -179
339 -442
111 315
94 472
-114 -244
308 487
389 -441
163 116
-483 -296
270 -498
-444 -328
-436 -156
410 125
-184 390
336 -310
-473 417
-499 420
-268 30
189 -123
349 -362
-320 -252
73 390
-213 353
-175 -466
-411 410
424 411
305 449
-224 341
-480 -194
-83 281
-286 35
-70 -51
268 389
10 -382
-331 -449
-418 -383
19 6
462 71
445 -47
-91 294
198 58
119 288
173 360
345 32
297 389
-37 -151
-495 57
451 484
-270 2
258 -299
197 33
29 -209
-273 -365
-29 191
407 51
133 -246
217 -241
15 -37
-108 206
-219 -319
-405 429
236 -66
468 398
-112 2
256 -190
-190 -60
440 476
191 -10
-290 -484
421 -453
456 409
-496 -236
202 -356
-500 18
-407 439
333 -163
-254 -262
13 -8
-363 198
170 -200
-232 113
-496 197
-173 260
210 266
40 -492
-399 -280
-105 280
202 -151
293 265
-323 -86
84 86
308 299
419 -119
225 424
-354 -218
-383 -384
488 311
-38 -361
-111 -64
-23 -397
-75 71
500 -334
112 -225
364 -407
460 -314
-278 -319
-206 339
-32 290
-466 -500
-62 -486
-236 452
-473 490
53 411
340 -269
396 -205
-320 464
-375 -290
309 -224
233 -143
330 74
173 -154
-125 -30
272 78
124 -332
424 -320
136 423
-114 -319
-336 11
447 -60
480 -254
21 -470
-297 -260
14 82
271 425
-318 -464
52 409
32 362
-30 -352
-161 -124
353 -120
281 -280
-84 -327
-377 404
-377 27
-207 167
-451 -338
-350 -184
225 -91
430 -275
5 122
418 -283
458 487
-365 -318
303 -319
136 378
383 136
-417 138
178 271
193 473
101 257
30 -475
-304 465
-171 451
-133 312
-442 11
-244 121
-195 442
-128 -475
-106 -492
182 -256
-160 114
-355 -443
123 -368
-321 -408
-230 462
-223 177
405 238
327 -162
316 116
-120 -194
-361 -129
-426 -350
-500 303
-88 179
-392 -118
245 143
395 -433
-210 -237
-177 204
-224 352
-480 171
-477 -148
355 211
-170 137
108 230
-68 344
327 -181
-106 -469
413 417
88 116
-399 61
32 84
102 361
-462 -65
-469 -328
286 -262
190 201
386 300
499 455
-297 47
-128 454
-34 183
-462 -274
-209 488
-390 -308
-50 402
-325 -206
290 -439
-170 336
496 161
-418 359
-104 335
-419 -62
-156 -140
-125 -281
-246 -96
-445 362
26 -293
295 -468
-489 -308
-166 -51
-87 -297
225 -329
322 342
354 -265
-499 -112
464 168
-391 90
-348 -139
470 -384
-440 361
292 -268
32 -401
485 30
272 -484
-104 495
-361 195
174 -171
-328 301
184 -238
130 217
36 -365
490 191
-232 50
-192 -252
342 -303
-369 256
-213 32
26 326
377 70
-252 17
229 204
-462 78
-80 404
-201 -448
118 -319
225 -104
146 22
265 -121
-372 -128
-489 -263
417 -352
-492 -111
85 -21
31 173
113 -318
286 489
-477 428
214 -370
326 -247
76 89
438 115
-386 -18
282 -174
-152 248
-439 33
-113 329
