1000
-229 410
276 -12
-339 210
166 429
-237 396
-180 340
-383 -7
-426 -452
58 -463
-491 107
-113 -137
463 -173
328 207
-103 -164
116 -255
-147 -170
-228 218
26 381
-489 -216
93 378
-293 -279
-209 -171
12 -346
-134 470
-396 51
-51 -473
311 316
-333 328
-432 -364
137 174
-149 -265
52 -495
-415 87
-20 490
306 464
-92 -13
208 -192
-120 -93
245 -167
477 -248
-322 -198
-293 171
-100 37
-41 197
-213 134
68 -500
12 -273
-36 -184
99 -450
-128 -145
321 28
-248 172
318 -9
258 -48
-490 -42
149 477
349 -128
-80 -86
-148 -74
-72 315
-323 -151
-300 68
253 -480
-373 -411
-324 -449
-436 116
18 -342
-293 414
287 225
-275 56
470 -12
277 22
426 -369
-28 307
-355 143
319 -424
-497 -217
328 276
-190 -178
-46 78
436 -69
-150 -10
326 -235
-305 -435
229 -391
24 141
283 380
59 -170
-426 371
55 -203
402 -298
346 -205
103 -227
162 -484
-169 454
167 -142
385 -134
-340 -447
-42 18
-82 -236
-295 -92
-6 -324
-269 19
-19 236
417 -144
-494 306
136 -246
-398 -72
-493 362
71 292
-304 -84
-342 149
-11 176
64 336
259 399
46 -129
-364 94
-351 362
-451 415
395 352
-179 389
64 467
-279 -197
-400 244
460 -64
-339 -220
171 -276
-429 186
396 0
371 458
-163 -124
49 -267
188 -500
-486 217
477 -114
-329 414
390 27
430 423
407 130
378 273
123 470
463 -256
-269 277
-424 -371
-373 -479
-28 425
248 214
-316 -233
-256 -391
-377 72
472 60
143 -216
142 -260
-300 481
-276 -368
-222 215
149 -322
-320 96
-370 365
102 254
370 -88
-489 -348
-313 227
212 -313
-19 425
-367 -435
282 -380
495 -203
-151 -13
-136 -127
-168 -435
-309 226
159 97
433 126
-295 402
-497 56
65 286
429 -14
-289 148
-408 387
117 435
343 157
-303 -270
-402 167
54 320
-223 -398
54 -226
363 291
366 250
-221 -393
475 -460
-380 -286
54 79
463 388
-132 197
424 104
55 138
397 -469
454 -306
72 -160
-390 -97
-45 339
-472 -475
-408 258
-39 216
71 -407
324 -295
-203 -92
266 -359
-151 -278
-93 -208
-228 192
433 442
132 183
-214 -386
-232 -268
183 -284
-200 323
-22 -489
210 -9
146 -51
-9 -479
41 -50
197 -45
-156 -99
-397 435
-445 -362
412 -410
291 -245
-15 -152
-465 -32
-410 -456
384 79
138 -376
353 189
259 473
-372 97
-284 195
-182 -374
-465 166
-85 -204
-493 -304
493 466
-401 170
467 -60
-121 -70
-444 30
481 -476
-197 -429
-272 460
172 -36
456 367
-242 91
127 -412
197 293
-419 -51
225 -305
-33 441
240 -433
-383 98
249 -494
273 473
161 -210
-403 356
166 397
-42 143
-280 444
-133 190
-339 -372
282 -130
-301 -104
129 -432
277 306
244 -462
-46 92
63 -132
152 -272
483 278
-136 -430
293 466
92 400
-378 29
231 443
-461 47
92 -194
-471 417
343 283
87 -446
-251 -19
278 -432
-18 467
-199 -313
61 106
287 -53
31 -437
295 -124
-124 -89
480 39
74 -384
-280 -117
-439 22
-273 -474
-58 -342
204 129
450 269
-481 -388
269 -254
-103 366
153 -168
420 363
-490 2
97 65
-305 419
-230 -220
184 114
-243 129
-89 -404
162 164
-248 -243
365 -449
-110 -386
128 141
-281 -342
-241 -322
208 -4
-392 26
-296 400
268 -439
249 470
52 -359
60 -177
109 -497
131 -402
76 168
381 -99
89 136
455 99
-419 -333
357 80
71 -123
-141 -411
-398 -38
157 432
-330 291
340 -94
-222 476
-18 156
124 100
172 -175
339 -419
-10 360
27 -146
-4 198
450 246
324 -227
-82 412
-77 -45
387 -145
410 -231
111 -395
180 -390
-331 352
272 -425
-234 25
239 -474
336 -405
97 -500
-17 -200
328 404
131 239
-175 -307
-106 475
448 -469
-236 337
261 -16
-311 37
-468 293
-465 110
-319 446
-176 372
415 48
-356 -479
73 304
117 -250
431 -6
111 247
-186 441
-33 480
45 -398
174 60
-427 38
219 140
436 435
59 -436
307 -488
-55 269
306 22
287 -239
181 153
147 -383
179 -463
-258 -115
-255 -66
-201 124
-67 -430
-316 -141
-273 -394
224 -379
37 -172
-304 -290
443 -318
259 350
-259 84
-427 52
87 274
55 -193
125 -104
-413 -276
-223 -391
167 -277
443 -380
-430 -292
384 -82
280 -87
407 -358
453 -296
213 -397
160 449
-267 -263
-459 -7
200 8
-63 -450
38 65
-239 356
327 21
-366 -135
367 -321
-11 -263
351 -152
174 25
309 -54
34 498
-436 -477
237 108
-473 -313
-12 -201
377 351
-115 -180
-128 -86
419 423
408 -293
33 -218
252 -246
186 186
-81 -259
6 -397
-310 -91
-10 -455
42 -197
164 197
-471 -396
-424 166
-280 -74
227 -342
72 -137
-182 362
-50 165
-158 90
377 120
196 -214
-195 0
-72 -137
281 146
-303 425
-471 120
27 459
-402 -231
-379 -279
-36 -402
-90 -147
310 321
-58 221
-126 -476
378 -433
-118 78
-297 144
-40 -209
375 156
-120 239
-470 297
-379 389
10 -241
-412 135
-437 -420
490 233
21 199
-144 72
-78 -151
90 35
215 196
-370 145
-392 -399
469 -135
425 50
-50 394
-269 -298
399 313
174 -379
-159 157
-18 -30
-196 -226
-271 21
449 -58
309 -256
281 182
-218 388
-287 -484
379 -430
269 -348
225 337
-471 -17
-281 468
63 106
-6 61
363 -246
248 481
-40 471
193 -22
476 203
-412 155
93 -498
-22 224
127 -349
-455 -153
-52 226
319 481
356 358
337 -242
-212 -282
353 161
-267 -91
-218 321
-162 360
475 400
223 18
124 43
-388 459
135 -129
-354 -298
-499 252
269 296
-316 -146
-116 174
376 18
-366 -495
133 394
374 419
287 -314
-477 -241
35 171
-277 -446
-235 47
228 307
-176 186
160 120
166 -35
324 -293
24 -190
-52 238
-439 -215
412 337
141 -426
-194 -192
90 193
55 -223
-497 324
395 -371
-344 -445
-109 183
190 -225
-353 -479
255 -466
-198 -344
86 375
375 -444
334 134
215 -423
-274 466
102 138
209 3
-155 -390
-24 -297
-185 464
2 -102
-433 -93
-10 -247
-255 192
-202 441
2 49
-361 -3
-310 -451
399 -393
-429 476
467 318
-463 457
-259 -418
-124 -288
89 376
-260 -43
-440 376
-314 175
-426 -100
2 111
-136 -391
192 -31
491 -72
-269 -157
80 294
359 243
-230 -345
294 394
-420 -265
-461 -186
-353 -426
-107 -405
278 -104
-92 -322
99 -294
488 154
401 303
-219 -204
-405 -260
84 -349
-111 30
294 -455
-212 -221
-192 337
132 -378
-221 -5
336 -200
-497 -361
-25 232
-396 -153
149 262
-140 173
289 -96
222 322
-12 -142
280 443
496 -17
175 495
-177 -213
500 388
244 276
245 -265
266 -226
-102 227
227 495
207 -57
-49 -413
-124 173
263 477
178 48
330 257
110 462
-73 82
97 64
-481 167
-109 -22
353 27
-353 -46
-21 303
191 -170
431 -394
127 58
-242 201
-146 29
-448 -373
-333 -38
472 -128
-469 -146
197 134
326 65
469 420
-99 38
442 243
-297 -63
423 -205
67 -498
299 259
260 -111
-204 -132
202 485
52 -73
-366 85
88 -170
-486 494
229 -361
174 485
-382 312
192 -466
335 211
96 127
-36 -113
9 -256
482 -173
-469 90
-493 180
173 332
-420 -297
425 -439
-168 -492
-420 266
65 -86
118 464
1 141
-322 481
214 -153
-268 193
-25 -353
351 -496
-339 444
428 -348
402 137
-205 304
105 8
466 163
440 -96
283 149
219 395
22 -282
313 -10
-393 160
481 -209
-297 37
-79 -379
-166 75
-417 437
142 -354
250 148
199 348
313 -487
50 -277
192 114
19 212
-175 -69
-143 -460
-77 3
-78 -170
-325 258
-310 203
-434 -117
-259 -275
-189 -280
133 -167
326 -79
-365 -397
-172 375
377 -245
-234 230
-131 -68
450 145
163 -374
208 177
-141 -434
170 300
-455 232
34 169
377 296
-61 -205
389 217
453 218
203 -299
-100 -473
-258 -442
-37 139
-109 7
-83 494
189 433
200 393
-480 174
250 308
-455 473
-480 -187
458 498
-231 -454
-27 10
124 420
118 303
-366 298
339 -303
-106 34
-389 488
-346 374
-390 -488
-398 -237
231 357
283 186
37 203
-279 245
221 272
165 -307
-35 261
37 138
-125 94
351 -449
343 -373
340 171
183 485
5 410
-426 363
368 125
-296 67
472 -190
-14 -378
-205 386
-152 -360
143 -385
-18 290
115 95
-99 94
-465 -4
437 -403
112 184
121 -400
347 -209
-150 19
-348 -160
291 320
-23 230
-15 -243
153 -196
-23 123
479 -90
269 372
-317 -31
83 -75
-38 486
-413 -397
-341 460
400 -316
-269 45
442 -330
153 212
-326 114
293 172
13 249
22 107
235 -3
101 -95
-347 50
-165 469
319 -405
-181 -391
288 -305
-227 -10
-261 -39
380 308
341 -83
-458 439
454 64
381 -448
103 -266
497 -161
-425 -274
-329 24
-445 -310
87 60
278 -136
-219 74
-468 65
196 -277
-20 51
-120 171
-70 -131
-39 244
86 -437
133 -173
-247 124
333 195
397 119
-279 114
-67 94
6 -4
-268 231
-15 455
-235 -153
68 -96
-367 383
-379 241
228 353
90 38
-357 321
37 383
-71 186
220 364
-208 -78
465 -244
485 473
-316 -476
-336 -348
-462 200
262 193
259 -105
221 -96
144 146
-224 476
-30 -154
-96 268
-11 23
-226 30
-54 -262
-359 124
-426 265
176 -81
322 -221
-49 83
-463 98
471 -172
387 -357
153 -332
73 -172
-366 137
171 132
-463 -304
-28 121
-49 309
317 369
289 -121
-185 -368
-476 292
-97 -477
-301 422
-194 214
-139 122
-256 -375
376 -172
-242 -315
-95 -190
37 47
309 -388
-385 39
-347 439
16 -353
195 63
240 196
288 207
-82 -300
452 -233
1 424
-223 -484
-110 -312
237 161
-238 189
136 193
98 10
-365 -342
-313 -36
-15 316
-156 -57
-374 36
-161 -412
-330 276
273 450
20 455
193 -327
-177 -86
-301 310
314 127
-61 413
-17 286
61 195
263 -277
187 -268
464 -126
29 171
46 -253
-365 187
263 55
157 -53
-294 269
-343 -123
473 76
-360 303
-99 464
426 -147
-91 -429
-326 -32
-198 -206
-105 -1
-265 126
-413 -460
225 -132
-111 -314
-349 -390
-94 -461
-439 74
187 -31
108 293
34 -167
