10000
-223 16
201 -211
-96 310
-8 -141
485 -276
459 -341
482 42
-294 160
425 -348
-157 -72
-394 -383
303 -323
-196 242
362 -461
-366 -13
-443 -15
-459 16
183 -461
219 275
113 -379
316 -107
162 470
133 389
249 45
408 -137
286 294
462 -137
-262 312
-169 -443
-52 249
-36 498
467 -257
-234 -496
-452 427
199 54
139 -178
384 -38
-477 -12
239 205
-233 -161
-43 -499
41 -279
-198 286
-306 178
170 108
357 424
-355 -467
-430 124
406 -464
109 186
499 -393
-462 -327
394 -300
128 204
-115 -278
-256 18
-173 1
-196 75
188 131
417 123
-219 263
388 268
441 -44
-127 -180
-245 270
-185 -410
81 291
429 -257
339 -323
127 260
138 -72
418 205
-484 55
63 -444
122 11
-322 -429
-46 185
180 -55
-332 115
-337 332
-173 66
-308 74
-289 -461
-122 125
-208 -500
-121 -40
-256 396
-343 291
-432 107
-367 -288
163 482
-360 278
-359 -439
-386 -293
-292 -279
138 -176
-107 -237
-270 379
199 182
-267 -147
-132 365
-336 406
-284 -391
-442 -140
-321 247
132 -204
-54 -37
409 -314
-43 -433
126 90
462 -83
274 219
-201 429
397 -75
-486 -428
-20 -408
194 208
-437 -241
240 230
-393 -174
-376 42
-218 20
-449 203
-335 -136
-229 287
-485 -349
15 113
204 315
305 -24
-435 116
37 -165
220 112
-211 220
367 -325
-388 -349
307 -344
70 -156
-29 -398
-1 493
-393 -465
402 327
-429 237
-161 296
-359 17
-64 493
-367 -347
381 330
17 272
488 -256
259 -325
-165 -497
-272 428
237 -272
246 -457
321 -336
361 434
-179 -273
-383 -220
347 -331
12 79
229 150
303 -307
-52 444
-487 -81
267 179
122 -231
-148 -227
-468 452
322 46
448 -150
-37 202
-392 120
-203 319
-391 2
-323 415
-432 119
350 -239
349 322
-294 -243
70 118
-418 34
70 213
157 -390
182 244
-55 -479
184 270
475 -304
195 119
402 303
378 -8
214 -446
105 179
-148 -137
-491 -364
-33 167
278 -175
385 431
-446 116
401 -479
418 4
319 -469
-69 -356
67 -246
-53 -124
98 -446
196 -78
449 358
96 108
38 331
-64 128
-390 53
435 -3
333 72
80 186
282 -145
-36 -160
-272 -393
470 242
268 111
73 423
45 34
-177 -153
66 403
-192 -244
-488 464
358 -428
357 -300
241 137
437 299
-14 170
110 -93
-123 309
267 90
-289 -198
134 443
367 429
334 -386
-233 296
-268 424
-300 -60
245 -420
-277 325
-276 250
10 495
-304 238
-14 -71
400 -486
-237 -143
-149 129
-461 -285
322 -467
-82 -43
489 419
154 4
-399 264
-44 257
467 387
-260 -121
25 401
-474 348
353 436
110 349
-27 135
-98 -460
137 83
107 273
-116 23
430 142
-485 -434
98 499
-86 126
16 -295
234 437
497 443
240 -230
292 251
21 448
-164 450
-369 340
-27 -363
116 442
10 496
28 259
135 -250
-341 317
-479 -302
-164 447
330 -409
169 -230
180 373
-399 -467
-271 343
94 -476
172 111
30 112
236 68
320 194
-271 350
-218 -263
141 226
388 425
189 -493
-301 465
121 436
-49 -79
-221 -499
-324 445
294 7
-499 -4
403 89
-200 -345
489 -290
-156 -486
161 -351
122 -15
-243 -469
387 -387
-203 -90
-209 378
449 406
-124 -70
-398 -124
269 -219
153 -167
-245 13
-396 88
480 433
-428 -266
-129 465
346 294
125 -89
357 -289
-487 91
-139 120
475 179
358 -486
468 298
40 256
15 -380
-377 378
-178 234
251 -97
213 247
255 -324
-487 -110
-296 358
-434 297
361 43
-162 114
-94 -6
-38 94
-125 -413
17 -493
-492 -11
-444 346
-239 -190
-58 223
-130 -136
-191 -440
111 69
-120 323
231 -454
-230 -340
375 180
367 200
402 28
-325 78
-276 83
-304 432
-411 77
-254 19
331 469
-72 63
268 -320
-175 274
155 -267
29 212
-472 -32
321 -62
-37 -132
250 86
126 -305
-152 -287
409 -224
46 -156
-101 -410
414 -228
-323 -426
-99 343
43 487
-229 -320
89 384
-59 -458
318 385
-22 440
-271 126
-127 -473
68 -11
123 26
258 -223
-186 170
-406 -301
-376 87
-232 431
1 279
-327 438
20 -279
211 -59
495 433
76 233
379 76
317 229
-446 -421
-65 214
-20 77
-433 -184
-334 -116
-73 -51
-281 415
257 111
-417 -341
-281 383
-196 54
282 119
-252 -34
405 -484
-87 192
-236 441
21 199
251 55
160 -459
400 -385
180 329
-153 442
276 405
-93 387
-207 327
-76 -416
106 302
-117 -412
63 -175
245 95
455 187
210 67
-112 -208
179 140
314 -198
-46 -204
-231 131
74 -439
-427 -16
-53 136
116 -344
44 323
268 -392
190 -301
292 215
-168 -58
-234 76
-342 -332
-70 -21
285 111
-275 75
190 55
-210 152
97 -105
435 -30
-129 231
-236 -410
-186 425
446 -15
116 -303
-293 -337
-137 449
-377 -207
-90 -292
218 -63
-316 -151
469 -7
-253 87
180 -420
-302 -260
459 460
-194 62
331 -19
-99 -193
60 241
-163 -433
-145 -29
-31 87
108 -353
12 -219
265 -315
-436 147
-427 -247
213 12
-417 -196
227 212
-294 -326
-216 -95
-433 -249
40 83
-274 -129
424 27
-366 -13
-96 260
-51 309
125 31
-426 411
136 483
-101 123
252 464
320 -276
-95 -458
453 -207
-359 -9
234 -149
-385 -14
-395 387
452 221
-262 -236
-25 -154
-300 450
130 176
-116 110
63 -328
-76 312
360 -286
-272 43
-453 331
-212 355
416 -463
357 304
104 -170
-123 253
-267 84
238 -303
379 -247
196 221
-409 -49
-8 213
-484 104
-324 -140
349 -407
92 -345
266 404
-410 259
-381 -62
226 253
-152 277
-57 431
177 2
393 49
374 -2
92 -144
-180 177
-326 -338
-61 163
-463 112
56 353
384 269
459 -293
-41 136
134 30
-174 290
312 -337
-251 -237
233 435
-68 199
-273 -295
500 -13
-467 45
74 499
-426 -285
-42 426
-302 -346
282 30
-436 -423
-107 220
-433 328
437 -373
-245 -160
-301 194
381 -107
-240 -281
59 -465
44 34
-345 -482
213 324
-465 308
-17 440
220 99
395 104
-325 -53
-14 -479
85 -386
100 19
-97 264
78 -33
355 -389
-317 415
-221 -488
-260 -162
357 -449
78 177
158 -74
91 18
-449 -192
-262 490
-98 456
421 327
-129 -365
-4 -91
-182 -415
49 -290
357 -135
-142 -255
-238 -382
376 299
270 378
-273 -242
6 -112
-429 375
-481 236
-247 194
-27 125
301 -456
474 391
-18 71
-28 -304
194 -457
495 -487
490 198
-87 187
-434 293
487 241
-129 406
-202 371
-308 491
56 -62
-240 -378
228 -399
-23 -1
-361 265
-101 424
462 229
119 -258
290 107
-160 463
-244 -62
280 320
323 415
-2 -186
-298 300
71 -350
261 179
216 38
204 126
-487 369
445 -461
453 42
46 -257
-320 -176
-235 452
-248 283
75 201
-191 -115
-266 -496
-415 94
-38 342
48 -43
-298 78
283 -415
-292 126
497 -31
313 489
-317 -286
-27 321
-304 -410
247 -211
294 -100
-281 307
53 237
316 -168
283 -364
437 41
63 -111
179 332
-332 -339
286 312
34 -153
120 -197
306 369
-156 365
132 445
394 168
54 220
-203 150
-500 256
471 -119
147 368
-235 466
334 -7
-163 -20
268 59
-418 296
-58 267
-303 244
408 346
173 -37
225 483
-421 281
-386 204
-156 -108
295 -159
136 64
-470 257
500 187
-129 154
391 -438
391 25
256 410
424 146
-275 195
-172 -495
422 26
-436 -444
220 88
-408 192
-236 -1
439 -4
339 7
-175 -390
43 314
166 378
450 -40
-482 -60
48 -10
-417 -133
404 85
-222 -10
-228 -248
-87 -333
34 -162
-162 115
119 172
-152 -410
15 -29
403 307
-274 -412
-440 252
149 473
-162 -444
336 287
448 -382
-106 -279
-448 110
-58 -233
162 196
-411 165
61 -470
473 242
-416 -356
-80 -189
482 415
-340 -85
208 477
363 159
-270 322
376 -106
50 -100
-18 485
228 53
-236 309
-97 308
-359 -182
248 -340
-156 -323
-340 -305
75 -450
-225 -336
477 -54
-491 361
-40 194
-478 244
486 -454
-472 135
478 378
33 -284
438 415
127 297
280 -361
208 -465
-388 -129
117 -340
-220 4
-453 488
377 367
24 385
238 -435
46 -196
279 317
403 -100
-199 85
-284 232
472 281
-396 255
-468 149
293 -117
-416 -303
-126 22
139 422
-112 -498
-458 -117
-458 440
269 -431
431 236
397 142
5 93
-424 228
-383 -451
29 -149
-260 -295
294 -380
24 91
438 -253
-187 492
-87 400
-123 446
-120 40
-464 -449
-445 174
-445 388
-159 80
-493 359
334 8
131 -366
-137 -176
380 -84
-69 -194
-269 462
-437 -421
369 49
220 111
105 -285
-73 -243
391 448
-454 -264
-278 -411
453 -427
-227 -145
-234 344
-393 -424
-243 488
458 68
-141 -455
347 -413
415 -462
-54 -254
-180 24
-64 329
500 -365
-50 -191
145 94
466 -168
212 -490
246 -327
-411 -328
-101 -65
-56 -70
37 32
61 448
352 -202
263 -384
-111 374
497 -251
-492 -140
-234 -302
-373 -398
162 499
242 256
-104 207
347 461
499 -334
69 -235
-148 -486
-425 129
-370 460
402 -24
-108 -331
-417 142
366 167
381 218
-380 216
370 280
160 -292
10 36
-432 375
-106 436
-61 14
365 285
208 327
487 -366
87 301
392 -432
319 366
427 -200
-188 337
-428 -168
74 -100
-32 -372
-370 -42
-87 447
421 -486
-189 -331
-229 36
264 72
171 474
-65 -293
-120 -162
-230 108
-222 352
115 72
380 365
362 -178
204 311
40 438
-46 464
-358 -484
-228 -495
-352 371
-212 434
-452 -168
-94 2
416 -498
-304 378
184 289
-68 413
-304 -206
237 425
-168 45
492 -235
163 193
-177 -241
-194 312
-458 497
268 197
-233 -173
454 -382
150 219
-483 291
445 -97
126 9
-393 -90
-399 -240
419 408
-213 -157
-115 -55
-220 -151
-487 -233
-477 -394
229 -374
-252 244
-394 146
-140 45
-420 470
-3 343
121 300
-437 -78
7 -86
-498 -59
-17 -311
432 -316
182 -224
-405 118
-265 22
500 -474
410 -79
-378 361
377 252
46 39
-442 398
252 324
332 162
389 451
-196 -157
-73 -163
295 -216
240 18
-460 -147
-2 -290
-280 -186
304 337
448 389
429 -90
-79 -450
317 -54
-234 -203
-125 -252
-446 448
232 42
-377 283
366 89
-449 484
-118 -213
-222 289
258 215
-59 -453
350 67
-345 -247
-262 32
283 -304
-72 -448
149 47
15 29
-17 327
-33 197
460 -384
-307 242
344 457
496 313
239 55
401 133
-340 486
208 -71
-205 372
-469 85
59 -489
163 -486
479 -237
-89 -101
336 428
223 -203
326 22
-324 -314
297 -112
307 48
-309 398
242 417
-111 457
438 -410
-435 21
-17 464
341 40
-484 338
-396 127
307 -95
334 -201
351 -205
398 -144
376 449
317 287
-230 -201
-415 -62
264 247
-92 223
414 -16
-128 384
-82 -162
-385 -256
-282 160
156 -476
137 62
-176 407
201 257
81 389
-22 203
249 285
274 197
-96 253
-381 488
480 477
266 165
200 389
-154 42
114 91
346 309
19 -153
115 158
-249 398
145 -112
-331 -460
120 -39
285 188
8 -463
45 -340
-207 45
-363 26
-348 -102
-361 -348
-87 182
9 -235
109 272
269 122
66 308
-297 -36
48 -139
-113 316
159 -218
-318 -443
124 58
421 25
-421 -57
495 43
-406 -222
-100 -147
-157 387
216 -244
188 451
378 -421
393 -271
212 241
-446 -412
255 391
248 -497
233 135
377 249
375 276
495 158
-304 -17
450 405
236 195
61 192
-273 488
-401 -397
381 -230
346 -449
56 69
-175 -105
-133 25
-218 -200
-474 -29
-489 -252
-485 -334
-128 -411
482 165
179 -328
425 -457
-97 459
301 -487
-110 393
-45 -317
-370 -36
349 -475
-362 -76
247 127
-412 482
-241 492
-311 -381
-459 278
306 -328
-94 436
-67 380
-287 190
-474 489
98 -10
-379 -106
-64 -256
-283 -66
394 284
91 492
183 377
85 -185
-355 121
10 54
158 -144
403 -487
-488 -41
-142 -458
-139 -227
-469 22
-298 206
-259 61
400 43
263 -69
384 254
-281 203
-475 -327
-84 -296
274 51
-394 262
-40 138
164 459
-255 -319
-364 27
-243 419
428 -413
-59 453
-431 -469
129 -111
-155 24
437 404
105 -340
5 -459
-475 53
73 -456
-233 394
29 27
70 -460
395 -27
-112 305
442 80
-341 -421
-350 298
438 -455
486 24
318 -240
-149 -205
-347 -263
-441 196
-181 79
-114 -486
496 -234
460 442
-331 -367
347 -310
169 490
258 -321
453 -406
409 444
291 285
373 -158
94 269
-478 50
403 -208
147 -245
-213 -156
-313 316
50 473
316 -37
-259 -59
-448 158
-179 -49
122 -134
-91 -289
4 -59
-345 -457
-490 247
-134 165
-328 408
348 216
455 392
-16 466
428 211
359 207
242 -141
-154 -353
43 99
-444 441
-433 -54
-371 -352
458 324
5 -346
-416 289
-234 203
234 9
27 -242
159 330
-235 326
489 -179
95 451
-471 411
454 -312
-248 -406
422 326
-198 175
437 -57
322 -432
-234 422
35 146
464 201
151 -169
-321 -83
208 469
-346 -414
-448 -153
-66 -12
427 242
-99 5
-46 -97
-123 -313
-298 -384
-2 -194
-220 178
300 246
378 -108
-461 -378
264 -431
-414 135
-63 275
-389 361
263 -28
-495 80
-2 -415
-460 -84
-159 31
-212 -451
-287 320
-30 159
280 -340
-60 106
-89 -122
242 -162
-442 -375
-150 311
22 -241
-24 369
172 478
-310 -395
-186 94
-449 -358
346 -174
358 -230
345 -252
320 -350
-133 -370
325 453
272 154
-478 -499
285 -34
-421 297
-6 383
-81 311
73 -419
457 -417
-43 39
137 156
-111 253
-131 -128
349 226
-81 -487
431 154
-379 3
-232 -304
-388 -200
-445 343
-29 -363
-446 -255
432 -492
130 467
422 419
411 371
-196 -80
63 -101
-141 228
168 235
-37 -75
203 -425
-108 -316
4 -135
118 3
93 -410
-402 322
47 -131
255 373
-430 -62
-320 -412
-179 151
449 344
-27 26
-8 -448
288 -82
150 -480
-236 -186
-385 56
398 -200
-377 241
142 329
19 -341
-450 329
35 1
-274 -311
-351 356
186 -230
412 -326
-223 -45
-183 -383
107 -247
260 491
-384 278
-449 434
-419 491
452 -449
435 -277
-472 -354
210 -87
-132 345
-76 -469
-499 399
-381 105
169 -468
432 88
360 345
31 -73
-460 -182
431 109
162 293
62 95
-490 135
-123 -445
-82 366
410 300
-169 -36
363 439
28 276
-278 -358
136 -429
111 -152
-450 -40
411 116
-24 -44
75 393
-443 339
-240 -68
223 441
50 -416
-291 -82
-170 -322
-424 -422
-181 -458
-345 472
80 -361
414 137
246 156
404 107
-20 -361
-465 320
423 -255
296 186
342 195
-348 -382
453 -166
9 -376
442 -270
337 -138
109 -500
-185 276
-448 -229
-86 170
390 304
180 -273
-164 317
366 311
239 31
-43 -56
-478 314
-51 21
180 490
85 -111
-140 -68
168 447
-190 -229
-335 -372
-298 -105
91 372
-184 -117
433 -227
-247 191
217 -214
-74 -85
236 -311
403 -445
463 -456
-391 -205
-188 278
274 277
54 224
206 -412
-370 485
237 -187
-462 -163
-175 -49
-441 -69
-257 -308
-92 -342
-443 267
433 190
-117 254
264 -357
-313 -381
-17 -273
-471 -406
-218 377
-161 -387
134 -147
-395 -428
-68 414
493 290
112 -109
-221 -111
-403 -163
327 471
378 424
-12 358
230 427
252 -205
-443 69
265 -477
-50 301
38 -298
115 -58
336 59
186 7
-15 -77
242 -231
-11 -29
-175 385
258 169
158 -460
-16 469
302 484
-5 313
387 -218
-318 384
-273 -240
-48 -205
371 -95
339 -459
-360 97
65 -23
-229 -377
87 94
381 438
-15 84
-225 -466
210 319
-166 271
-99 363
-389 -100
-91 482
217 338
234 -432
445 53
418 -107
-305 -307
-405 -234
-224 381
-188 -211
-194 59
84 -229
475 31
-136 -47
-165 143
-10 79
412 -169
-23 488
-323 70
-46 -236
-403 -135
168 394
-459 -220
496 -70
-269 0
-487 359
494 -70
155 45
192 -108
-107 -133
291 194
-297 64
325 87
498 412
453 -281
-450 10
167 257
244 470
-72 -78
-337 -83
-499 175
482 -55
258 412
174 491
263 -38
-188 460
358 205
-96 17
-213 373
-237 118
254 191
-308 240
268 -461
-188 9
168 442
332 -94
289 304
208 -249
318 299
-147 69
53 178
139 -17
-385 178
-398 252
209 14
-387 262
-123 -279
-224 -123
128 -26
232 359
-18 -139
53 -276
-107 -487
275 252
422 161
450 121
436 -37
43 -466
283 -500
-229 -123
-466 -352
-333 -23
-275 500
-405 -355
-120 114
158 260
292 287
83 -421
-342 264
-443 -246
424 -441
357 -59
393 445
-29 414
-205 157
436 181
-231 491
93 -68
-153 -250
-471 441
255 -27
-305 79
-255 211
368 -176
-134 300
-216 -321
-182 53
258 -233
-481 -50
-374 -466
-88 113
-288 439
-263 -240
-447 276
225 -422
-266 75
-174 -112
489 63
400 -408
-77 -317
325 -274
449 -385
427 219
-477 302
428 -76
36 31
229 -64
53 215
457 333
362 -456
394 145
329 414
-290 -149
171 -85
374 52
-368 240
-336 -198
456 85
-492 -176
-143 375
-121 142
-417 -137
2 197
-152 49
490 406
-165 -221
250 -470
-29 -89
-373 157
-244 17
192 461
217 -49
-59 78
-104 280
288 294
155 469
-357 -200
-337 -259
-122 -391
-352 36
205 -147
118 -15
-468 -317
-381 -272
-29 438
131 -114
-348 455
-332 -300
364 -468
87 144
176 15
-494 -329
-396 399
-226 478
351 379
-338 -213
85 177
-124 343
414 172
350 182
-29 318
274 -201
-295 177
-358 249
495 75
430 -88
221 -124
160 489
-122 -383
-403 390
29 -242
255 387
278 -413
158 -51
456 64
335 105
-14 -271
-397 459
-286 -211
-338 284
211 55
-447 116
54 -327
61 354
431 447
-117 -329
433 -133
-346 186
336 -332
166 364
-437 -114
258 169
112 17
-211 -256
-233 -339
101 248
42 187
469 335
-174 33
-404 447
245 125
-322 -476
-479 -386
-475 154
312 28
308 -390
-376 499
-207 -475
-157 93
-96 351
275 216
-377 -489
-89 271
122 -102
-79 -285
-65 -235
-12 -270
-105 -89
-378 -401
312 -474
96 -349
115 76
466 -487
-500 -245
327 -306
-111 -168
197 466
492 388
164 -234
-464 -409
51 129
214 164
-489 -307
416 -341
-314 387
318 -343
142 -192
-92 3
-262 481
-166 -469
-351 466
415 -217
-217 -148
-482 176
30 201
-190 316
-106 173
40 459
313 5
182 -220
139 456
291 211
-8 -39
-196 186
-497 -77
-442 -430
-134 29
-7 -269
-414 -257
43 -15
451 456
-98 -140
148 -382
487 -35
204 288
19 93
-23 -353
346 74
-408 -245
354 -110
177 -165
324 45
293 156
386 112
217 140
319 -441
102 -79
-415 -396
-31 -325
77 234
-136 -81
160 332
-478 -136
367 467
59 -38
317 47
250 59
400 -390
22 -422
121 323
-79 177
452 -397
124 137
-234 410
-38 479
-57 -386
232 -18
140 475
456 135
457 -200
-74 474
-238 55
204 296
7 -381
-357 370
177 -186
456 -416
-188 208
40 304
287 120
-292 -413
-444 -406
47 404
-38 213
249 -410
-93 -487
-453 263
144 -203
32 23
-188 172
174 397
193 32
-88 466
287 -481
-73 323
323 311
-4 -478
461 233
-267 346
-106 -149
-395 -30
-196 74
18 438
48 307
-490 -35
367 -432
385 262
218 -408
191 387
-52 -27
75 261
33 -51
174 -265
-12 -135
371 8
51 467
-495 290
494 -430
306 255
-271 11
26 250
392 -243
-246 -90
-362 338
211 -64
-385 -319
315 -453
-259 377
-265 -55
358 -87
-424 481
7 -498
-165 400
330 -346
144 326
321 -405
348 -106
-9 203
388 302
-356 256
421 -321
5 188
-218 -103
-36 -113
64 472
-19 -97
-367 97
488 -292
-14 -128
-407 235
175 206
-382 -469
-170 124
70 -451
-166 -326
-379 -13
-151 -138
293 367
-319 177
387 356
-263 323
-145 53
139 -364
-215 -154
160 -56
-419 302
209 -75
399 -269
-65 -29
-349 316
464 254
470 -119
139 250
280 -367
69 -426
-51 307
150 479
-451 339
436 5
-14 332
47 -52
105 300
213 -325
200 26
400 466
253 162
70 -370
33 96
275 -408
92 -53
-241 10
-58 167
-156 -200
208 225
339 -488
-60 -330
191 192
-434 -435
416 -185
-239 273
247 -454
399 245
-268 62
-267 405
-483 -182
361 105
-135 445
412 -357
340 -145
328 -176
95 383
11 500
-278 81
4 -281
379 275
-38 206
192 391
-368 -368
53 -85
-447 159
264 -190
-299 -136
-127 -8
156 -442
-359 297
-11 125
2 -219
410 -241
-200 -186
394 -71
-290 229
-44 124
-270 452
352 -176
0 494
-113 -270
-142 150
-6 -304
416 -343
335 -36
325 -383
-315 -343
-421 -37
457 -163
-433 173
371 -145
-416 145
245 -331
17 307
407 71
349 -16
-129 200
381 463
-296 -52
-54 59
211 -75
-233 405
-285 130
-452 18
478 -79
19 -283
1 436
-269 -341
-265 -284
-347 -228
32 -40
414 -268
132 -410
-23 -185
-143 -338
-225 -441
423 354
-341 185
-114 286
-395 5
-211 -324
349 -308
-326 261
-158 265
153 473
-252 -401
352 299
219 -282
109 -491
460 48
-339 -128
293 -459
201 -437
357 162
-67 116
78 -22
-18 156
155 341
-363 191
445 6
269 267
456 341
423 -103
105 47
449 -57
-433 -191
-60 160
-248 24
-487 -216
29 248
460 -119
-337 -341
421 94
-405 -169
187 -276
-81 297
-307 -218
448 467
-416 -483
160 363
7 -122
-30 -398
-159 259
-209 271
230 450
-418 222
-384 109
219 -374
114 -103
-431 -48
79 10
-426 368
179 159
-199 -400
433 -100
267 83
-339 212
328 202
280 -213
241 310
-104 -200
480 390
42 -157
-216 -105
47 354
-459 335
94 -237
-241 -81
255 -281
130 114
-295 -239
-374 -123
124 -104
-43 -22
-61 -293
-371 -266
-68 141
48 468
122 7
280 -367
-109 12
400 360
-8 -425
322 -61
67 -31
-414 -361
-346 -231
416 397
-215 273
-99 -265
279 -359
282 407
-455 -353
440 222
-177 433
-125 -211
-157 -465
128 -144
-55 340
19 27
-17 429
-164 -24
-427 -143
-66 44
340 160
-12 348
-113 181
-241 452
211 373
196 282
-108 462
-172 325
171 -406
359 -56
-331 396
353 86
-489 -291
-294 -272
474 -431
205 -22
275 119
-393 -103
-447 297
317 -177
-29 427
27 230
402 -419
196 323
289 299
-392 -282
485 60
-228 56
-73 -14
99 -359
-278 -303
-24 -74
167 463
-290 351
-129 53
293 -76
361 -371
-107 448
448 439
233 -384
296 302
-77 -490
-452 344
345 407
265 -444
-406 -334
356 -407
50 -56
-196 -453
55 324
348 360
383 -370
-184 373
455 43
-418 427
106 279
-21 101
254 -134
134 -36
-328 296
106 -414
186 -280
-2 74
430 -475
461 -306
-206 -107
334 450
-103 297
428 -385
-464 -486
-282 -32
-412 439
-365 374
-492 54
238 417
-21 -328
-471 489
471 430
-193 392
-48 -219
400 496
485 -483
-339 411
68 486
81 -196
90 14
-478 -187
-240 -181
97 172
419 -90
238 -186
-386 -12
-117 -179
153 192
-185 455
367 476
479 -89
-329 451
490 488
135 462
316 340
-201 43
424 389
-357 319
-102 105
145 174
-229 357
-450 261
215 -46
342 445
-163 478
394 -268
-135 -282
435 255
130 -414
113 112
-311 -459
53 339
-329 -233
175 -16
221 90
206 -250
-74 128
-147 114
-370 310
323 -235
233 373
236 -60
238 -237
108 -290
-151 65
178 472
489 303
383 -175
-351 -223
382 70
-331 332
201 374
137 300
215 -107
464 45
-107 448
5 185
-319 40
83 -283
-34 294
-267 24
-130 -440
-195 -26
-337 -66
-300 474
-357 287
-235 148
497 -19
-476 -438
242 -394
290 411
273 282
121 -286
-144 -81
-437 -2
375 364
-396 -272
-316 488
51 489
-395 214
372 417
-53 -46
-483 167
-336 -308
-468 -45
-68 473
-334 129
213 -256
-344 229
453 -425
24 -52
-259 16
53 -75
230 -166
436 -446
294 73
-492 305
-91 -388
-92 -169
125 312
-233 351
-16 244
-329 214
168 185
-258 -23
-246 17
494 495
56 -246
303 268
-74 -361
-438 383
-487 -347
-130 445
-246 148
111 4
-449 -269
324 496
-192 474
-135 -227
421 -54
-8 210
-488 378
290 166
-40 -13
11 -469
-162 435
-311 499
63 479
134 -280
-405 309
450 -283
-410 71
23 471
500 -376
-225 -449
185 99
-472 -496
481 -275
262 -195
-31 -169
372 320
268 -167
-72 -211
-192 -117
-112 28
210 -268
-263 -215
-32 -258
-206 -281
64 -390
150 -206
-497 -97
-160 -495
169 -420
-280 271
-379 466
400 -477
498 463
271 -167
-495 -181
365 188
448 -104
-49 -350
-95 -418
-152 267
-416 -80
305 -278
228 -286
-157 -372
126 127
-160 414
-33 -80
405 -275
443 449
147 439
-451 50
-71 151
268 10
447 298
-313 -30
99 83
-336 -234
-210 92
0 -46
110 425
-188 23
10 -299
-75 188
-348 290
46 -478
436 194
255 465
204 294
-362 240
-397 376
-480 -134
-56 463
-208 -136
-357 -215
181 -477
394 -169
-140 477
481 4
-447 -352
-106 -498
-162 306
484 467
94 -12
206 316
379 -264
-400 163
365 -187
-366 369
7 -97
328 -224
-119 381
473 -199
355 166
-85 -111
347 271
-340 -276
-334 45
108 -30
-201 -368
-339 -458
252 -150
-25 478
-171 -373
-308 48
-76 213
241 -286
199 -31
303 416
-329 59
336 -492
-439 116
267 267
318 3
375 19
89 -367
365 -443
-424 473
320 162
-401 -321
-439 391
19 418
-268 223
417 -93
-489 -6
369 7
-412 402
-171 -479
-219 -98
343 491
-401 331
-239 95
-432 -244
-497 363
478 113
-222 179
64 -138
-68 361
-236 -130
338 -250
347 -82
318 18
473 -287
65 -467
117 -428
7 334
-264 295
-368 -485
142 61
480 -81
129 -26
387 -344
-139 23
86 55
-236 183
-220 340
-433 -479
464 -180
291 -121
20 82
216 -339
8 -24
207 -448
6 -238
104 169
-448 -344
470 -447
193 -466
88 -160
149 377
86 18
182 393
-130 24
-81 330
-448 249
475 345
362 296
395 -462
270 291
48 203
-67 123
324 -305
373 270
-341 -182
425 108
417 215
296 -82
-166 -361
-99 58
-309 -430
-211 317
-437 240
281 -380
132 -266
420 -296
-472 -135
-314 405
-317 232
-47 -218
222 259
269 483
412 -260
-94 -487
-318 138
-184 383
441 198
318 -35
178 -48
192 -132
200 146
-89 -329
-498 42
93 278
381 -406
-102 -16
106 -12
-23 129
40 27
176 6
245 397
-301 -499
123 429
-118 473
13 -395
56 20
41 -258
498 434
-384 487
184 487
204 204
438 -397
-436 476
181 -6
363 448
62 -271
-194 -25
31 200
281 360
-81 353
39 487
-370 497
225 235
413 482
-61 -160
96 369
-41 87
424 409
427 -443
-26 -2
454 76
-192 52
235 145
412 118
67 -288
-70 445
439 234
69 -36
-122 -485
-447 -414
452 126
409 -15
-83 -464
-328 57
115 -276
247 -30
-216 -106
-159 -166
-488 -484
358 -456
-138 361
61 319
-115 -51
36 171
91 -494
90 376
-125 357
380 410
313 -391
305 463
1 342
128 168
-191 -54
398 -165
258 -183
459 258
160 -302
200 -320
-148 -437
413 -326
-325 56
12 296
-89 -194
-386 -124
426 76
-291 472
-35 18
-230 -307
372 216
-83 414
-191 57
-232 312
-233 497
-48 75
339 48
220 -343
5 -359
-166 265
195 304
-470 -408
371 -328
-199 -430
-30 -336
242 247
-54 331
410 -352
102 380
-223 200
497 -323
-264 -273
135 285
60 371
-38 40
490 80
57 197
-225 479
7 327
-227 -18
356 -473
392 318
261 -482
-297 -273
-166 150
-443 -489
-78 -270
-474 -115
263 443
212 -48
-292 418
-347 -457
423 110
-450 -278
-470 258
11 18
95 -28
399 -452
-31 188
491 281
338 456
-67 -287
-477 -223
254 364
90 71
215 24
216 -103
126 -88
392 -69
28 437
-204 -301
-466 -477
-340 -379
4 -335
204 107
452 -463
-74 -2
-367 411
-345 195
156 485
-210 -115
-59 -287
-205 6
461 -62
207 -442
293 -352
324 368
163 -404
248 -110
440 -68
-238 -361
414 -242
-28 -204
-22 403
388 -334
-22 -128
-210 134
-384 -214
357 -155
309 -302
201 -16
398 -493
-433 -423
25 281
-492 -68
-410 333
-39 -273
61 -347
476 -201
-485 143
-26 -444
201 -293
-476 -169
286 -359
278 -295
-133 38
-351 54
358 40
332 -406
393 -251
135 158
-359 -26
461 344
87 369
-52 401
390 450
47 -421
-42 -487
330 -297
-268 -122
-267 77
-110 -197
163 -18
259 3
-98 -137
105 274
443 -32
-331 -377
440 -425
-377 468
36 -305
71 83
317 261
223 15
482 392
365 -178
422 -39
309 -447
-4 -280
-174 367
-484 215
-232 299
235 -488
161 232
-193 -477
-35 498
276 -198
296 287
298 148
-184 -142
203 418
-476 -468
-318 -365
448 -71
-367 -383
13 -414
-348 286
-18 271
-1 -138
494 -218
-109 -105
-359 121
201 -38
-434 236
-132 -222
413 -384
496 472
-216 -56
445 -1
372 452
-30 172
453 177
353 406
326 451
414 151
-174 -288
-496 -192
-258 -206
211 -315
14 54
415 428
29 243
207 215
-282 -173
-274 176
289 111
308 -376
-384 83
227 -326
388 -135
47 -234
-307 -47
294 226
323 -31
-411 25
-231 225
217 -500
202 -485
29 162
237 -421
353 -457
140 -434
-222 -402
-338 93
-336 336
-436 -153
-241 -215
-51 -100
464 -217
299 -313
-231 -18
490 -300
124 -262
-403 -372
208 80
372 275
99 -15
-330 88
-10 -55
466 248
-76 -379
51 -111
482 -434
-322 369
101 341
-398 -148
132 -83
-62 -3
122 390
112 418
23 303
-74 271
-493 218
285 156
276 -317
247 327
325 132
323 -291
369 373
78 -40
106 473
-326 -132
479 -467
59 233
-447 -179
181 -122
-269 122
-140 -101
477 -20
79 -113
464 -110
15 -23
278 -112
367 -108
-455 16
85 472
-329 -187
137 294
-27 218
291 103
-116 115
-355 -226
122 138
341 350
202 -318
436 -422
295 267
441 436
332 -489
264 -370
200 399
-358 -18
239 -453
-116 374
124 42
235 352
-6 -419
128 260
-42 -21
-38 -85
-86 -379
148 -311
-224 -131
85 194
68 -187
268 -157
-176 125
-198 -441
-354 -114
451 180
424 -120
243 -92
42 -171
-94 381
-500 334
-124 -116
-54 110
-314 393
-229 71
149 -14
437 360
-215 162
-255 342
-218 90
-101 -188
-413 226
300 334
-112 -201
353 195
-1 -31
53 28
140 -490
7 -117
-246 -408
430 434
164 -409
-64 103
-100 174
-131 132
52 -295
110 473
-17 494
31 -67
-1 66
96 -349
-200 442
118 277
40 343
-394 -108
410 -388
490 349
-486 -449
255 67
-425 378
480 278
85 73
440 412
52 33
-77 197
-202 -358
312 258
-162 -225
-150 15
285 466
414 -33
423 -373
88 486
-79 -494
3 -121
-367 -324
345 -248
-17 -104
-101 -149
271 491
197 454
71 -315
467 -188
313 446
-248 262
-442 344
419 -252
491 236
279 142
-330 130
407 -362
-266 -88
-363 -167
-223 214
-225 -31
-369 -226
-92 105
452 10
264 -418
-46 -107
269 349
462 -420
295 -237
-211 242
-156 -500
-346 -93
-19 -466
-351 79
188 -169
-376 203
-70 254
462 -326
31 -59
-189 276
-333 394
-48 243
-120 -260
-269 227
246 -43
-172 253
-267 109
492 -391
396 251
-268 -478
466 -172
304 402
-161 -320
304 234
158 229
208 -201
28 -353
-290 338
251 42
229 176
213 32
113 -169
470 -170
-200 -421
-145 -132
-166 -251
-419 -109
159 -251
401 -55
106 -370
-104 -120
-274 -477
230 274
-137 -67
445 -282
-379 -438
73 225
-369 397
-252 -401
-102 48
79 -82
42 361
-400 -205
-367 -394
1 288
89 206
-157 264
64 500
-430 -438
-181 -100
388 425
459 142
402 7
73 1
471 -255
53 -75
-262 -485
382 -239
281 444
-35 187
208 419
205 -484
298 -497
378 473
188 -79
141 -462
303 137
482 -308
188 251
442 452
-104 -231
220 383
-98 365
-177 -180
12 -109
-292 466
211 361
444 429
284 156
242 99
-328 285
170 467
-32 -129
-227 19
442 24
173 -421
313 -303
296 221
-337 27
-474 460
375 92
342 -290
463 -365
-417 174
-402 449
-379 -46
-460 -430
339 276
336 161
481 11
-358 -498
-68 110
-394 278
-359 50
45 -304
-252 333
40 -375
-343 -211
-340 261
491 -112
418 496
320 159
69 -201
455 -349
157 -240
498 95
-355 210
48 286
-286 -460
-283 131
201 -282
-481 -216
-304 -120
-46 304
298 -442
-171 325
-245 -23
263 -119
-231 208
41 -385
212 -143
78 390
473 -187
355 161
120 -288
-301 402
-53 254
386 215
-489 -68
-338 393
-167 -12
-186 -455
-186 378
-190 -152
-9 -395
312 -116
371 2
458 46
-377 172
307 253
298 -68
183 245
-318 220
104 460
-418 -297
34 355
100 332
-439 -227
-9 321
-29 -5
-57 336
45 -179
421 273
475 190
113 392
430 434
-34 352
73 308
-188 -144
-61 36
426 -38
-34 323
442 210
119 123
-163 1
96 -473
-290 -439
383 -193
345 408
-150 69
443 -136
128 298
-443 110
135 246
-224 309
-416 -245
-456 -170
165 138
-104 316
-145 228
-429 -377
-497 169
-232 -237
-308 119
-178 411
27 -336
-75 -475
349 38
97 391
0 343
390 -411
-164 88
-446 -365
-125 -450
251 -404
212 -89
-461 294
-438 -117
91 -103
476 231
234 -442
-480 117
244 194
479 -32
-111 151
236 -143
-119 -483
-136 171
442 -182
117 457
348 -195
83 -459
-199 -136
351 133
-118 345
62 -10
500 -289
-285 173
117 444
254 -276
275 312
-85 415
-484 -231
420 402
-350 481
259 -319
386 -366
386 71
-478 -302
40 -453
490 389
-466 43
-373 257
423 -135
-131 32
458 10
250 -411
-357 417
391 -45
-371 336
-11 -313
-57 7
182 -393
74 -242
32 38
-364 198
283 -365
242 350
-31 -369
-58 1
230 158
370 -136
-71 -211
82 -52
-452 243
489 -447
-476 -64
-304 166
204 231
194 -143
-164 -87
126 487
92 471
457 -329
245 324
-399 56
98 410
180 -442
-419 234
-70 186
405 480
251 146
-108 -363
-459 -441
212 12
-183 -86
-49 -115
-237 -250
-342 99
349 491
313 444
275 -472
265 315
188 64
-36 -392
459 210
417 89
228 255
-405 -94
-59 -465
-86 -131
-349 383
189 494
-490 -238
166 -222
33 -142
-138 444
-48 347
270 194
471 -265
331 -195
-269 431
-229 -275
274 -455
484 238
-96 138
75 425
334 -332
-50 -38
-143 -141
359 -333
493 -422
478 400
-254 -13
226 -423
31 124
254 -71
483 -366
325 -237
207 204
-379 491
366 299
-223 244
357 143
-168 117
-193 -407
-182 91
-254 -309
-177 -427
13 50
-24 -467
-158 320
-436 97
216 -242
483 278
-355 -290
-365 -479
201 -189
20 -200
-194 362
133 -230
12 -243
-269 419
241 -428
489 164
347 60
236 -437
-356 -277
403 -365
227 148
241 -223
70 -31
315 -372
51 -427
-410 281
17 351
-127 -72
-3 229
-100 -104
62 -49
-160 139
-478 294
-203 177
331 -336
341 479
92 145
487 -463
-161 435
-340 -375
51 -162
130 -375
240 -216
377 -330
168 -444
-417 363
-455 -135
138 76
182 -361
443 475
-464 122
-82 407
385 -283
-139 170
103 321
-68 -389
322 463
-122 -108
176 7
455 269
324 -463
-179 -6
75 -37
-60 330
-309 320
164 258
-270 388
346 391
357 309
-266 -302
239 0
-464 -141
-359 -158
-244 486
1 396
-491 306
432 36
-190 346
343 -202
122 214
-344 -496
-327 483
-172 -226
100 -403
-65 -32
-431 153
-159 96
-408 -331
-149 347
-228 -442
-8 -270
-310 -331
36 -192
260 389
-458 359
406 37
-175 389
-432 386
208 -359
-280 390
-315 -72
145 -67
-357 -462
-351 217
439 -430
498 -305
388 471
-279 416
252 64
-427 432
454 -17
438 258
192 88
500 280
482 412
157 199
463 -425
304 433
406 -72
238 -269
-289 235
-229 -408
192 239
485 75
-468 -292
-297 356
378 327
-398 -135
-500 -20
13 -24
60 72
-442 -230
-176 117
42 481
-368 15
354 -450
111 165
-186 -416
-366 -341
-120 490
8 -128
-344 122
-287 -402
-420 -87
-37 307
451 -460
-354 36
336 -182
432 -105
-360 318
409 -265
-311 249
-33 -286
-30 353
308 -105
106 165
395 206
-96 176
249 -162
-66 458
330 -80
-282 258
420 49
32 -354
33 -94
276 351
417 -257
247 330
-9 328
22 486
324 417
-407 172
354 198
322 261
-92 -417
-492 -252
414 -69
212 315
490 -55
6 11
208 485
-215 -107
53 282
-119 -167
107 -73
-65 37
12 126
-265 172
-56 -206
-221 198
394 -238
-309 265
-369 -165
-217 -170
320 -157
-112 454
-91 365
-226 167
179 -420
431 -475
111 114
-414 439
189 -55
-318 95
63 -298
-442 -37
280 111
343 385
79 379
-446 -356
130 -31
261 -14
-393 -199
-394 -451
-297 -312
-132 -353
243 204
-483 383
495 -212
-390 -254
32 50
290 259
82 443
-197 327
488 -181
-262 -259
-164 -3
29 119
374 -285
13 237
261 429
364 -191
421 263
-295 290
434 -257
352 466
-422 216
318 -135
-103 -134
-260 430
410 -197
329 296
-334 -5
126 214
-410 445
0 323
-95 -55
163 -209
-388 80
-41 -473
-213 -150
-305 256
-424 -469
-485 247
-304 -169
-406 -99
334 -306
-417 286
-24 -321
408 -291
-406 -277
-28 -484
255 -409
-498 459
-297 -486
-158 44
-374 137
72 -306
-88 -250
-273 94
-285 495
441 -59
-265 -140
-148 251
-302 -454
144 293
448 473
64 444
-276 475
-48 -163
-418 39
35 38
-290 -50
-248 -462
-106 -14
404 119
-61 -45
-160 493
-2 148
72 -59
129 -415
245 422
-162 195
447 438
202 296
-147 -132
343 -355
-462 493
147 -464
45 151
-419 278
-172 425
215 -332
-403 -196
-234 -459
-128 60
291 -123
-127 424
124 -458
251 73
-147 168
-72 262
-256 192
258 153
199 124
-415 286
-146 74
244 162
261 -388
266 214
315 457
318 330
-273 -424
138 -202
-145 -461
100 -268
45 439
-200 -73
-472 -169
165 294
460 -397
-251 249
-227 471
216 94
362 -56
222 -124
-209 -343
-348 327
-408 -33
-317 4
99 -89
253 -377
129 256
150 238
295 250
-291 -491
275 195
52 -252
227 -195
32 119
-258 -179
310 113
-26 -370
375 -237
-323 414
-328 -175
-176 -458
450 470
-370 243
268 76
-20 384
465 -124
114 -357
354 -354
-407 1
-15 490
431 -375
-337 -138
286 -366
-97 -231
-356 433
439 406
293 -86
432 141
396 113
388 222
-60 66
257 245
454 291
-395 436
-373 -46
64 -116
356 -167
201 -327
-208 150
32 -389
399 -240
389 377
39 -204
416 -417
-234 -35
-366 285
134 443
207 172
-375 -11
427 -54
-120 79
-294 128
447 -488
-492 477
-334 -413
-378 338
134 420
404 -379
-241 -26
-47 -400
120 21
212 165
-98 -483
-433 124
-372 -296
-326 349
-279 -447
-373 91
483 -129
77 463
-144 -116
-385 -360
-89 473
-49 -195
-323 84
270 -465
165 332
488 121
-127 256
343 486
-269 -408
107 -461
208 147
-411 -169
-237 -469
-65 454
276 -278
-91 52
-12 -90
-248 -357
-364 -466
465 -291
-500 133
-247 -8
248 -383
459 184
-175 -26
293 428
469 64
-442 -336
-283 9
-469 -219
465 233
-355 -473
-388 435
184 433
-74 -498
-454 181
-82 -431
-202 -131
-191 -297
326 -170
222 -20
-202 -36
-405 465
-295 112
321 -495
462 166
400 483
267 330
474 262
488 306
-273 279
-164 -224
-380 -472
38 -355
-409 413
442 -239
-339 -122
54 199
-30 -1
186 -118
-483 94
248 116
454 422
324 44
77 -205
433 261
-473 62
-281 -371
332 331
459 -359
-156 -481
91 346
147 -443
-92 133
-371 453
-50 113
-76 284
-379 352
496 -343
440 -158
147 -229
-290 270
240 91
-186 -201
-350 100
-469 62
-184 -334
216 -236
254 -127
-197 -31
219 -6
362 320
-350 179
204 364
117 193
-465 54
126 -462
-91 98
371 108
-244 159
-359 -331
374 -47
-395 155
155 217
-261 42
-9 287
-120 474
-140 214
-193 323
393 64
221 299
238 -425
99 348
306 -423
33 -222
-324 -22
-148 496
68 -212
-118 375
-223 326
-204 -335
70 -59
-405 248
232 -199
154 -309
66 -430
-400 469
132 -133
-21 -149
417 -490
-271 190
280 -256
477 22
-142 -93
-439 -261
-345 -292
488 -18
-262 -469
315 152
6 414
-410 424
266 -15
194 -69
296 -404
-446 -217
302 49
-476 334
212 -402
-66 -210
22 -135
-46 -398
176 -436
60 65
254 92
-447 59
54 -413
-374 377
-253 170
-276 -317
-65 412
-65 284
-17 -324
-114 -485
-228 -467
-481 -82
255 194
436 101
-479 244
111 122
-222 268
277 -113
90 -76
20 102
283 -184
-149 378
-242 97
192 -341
113 -406
-11 -51
463 -157
-189 80
-262 452
-469 -274
-114 409
-208 240
-17 482
229 206
115 -6
474 -222
290 96
376 463
-406 291
475 194
-466 -322
-299 -418
-500 -373
461 -283
294 62
-268 119
-442 -72
-90 459
-3 278
45 -306
56 -56
-314 146
-474 -252
-19 -111
232 66
-172 365
-280 169
-433 45
317 345
-21 -421
-328 474
293 359
-316 439
417 -139
247 122
-378 -259
-260 164
47 -213
138 88
432 -386
-418 -394
107 144
73 65
-41 419
-253 457
285 474
55 74
-406 56
187 -421
-293 84
94 474
361 189
-192 500
-84 -63
-258 390
500 -472
-177 -446
-476 29
-32 -31
-288 28
82 -311
-426 -310
-421 2
-262 -445
-486 -458
268 39
71 183
481 256
243 -225
-268 -377
170 -61
-352 -195
307 -213
-499 -271
392 309
281 242
-130 128
-83 319
-345 -80
-311 -328
-401 81
-100 -238
-25 -63
-80 214
127 -370
-111 395
-357 -108
39 26
298 315
471 44
-373 -170
298 25
217 -475
-90 323
-232 -6
44 186
269 229
169 404
176 -481
354 -2
275 -53
-51 -338
-233 -343
419 167
291 325
-23 302
106 321
-321 50
350 -94
195 32
456 -335
-414 393
-22 -311
376 130
160 173
-454 488
303 284
-335 72
238 201
-211 471
352 -218
239 263
252 -479
301 192
-484 157
-26 128
-416 -370
141 25
284 -10
-35 448
-468 -5
-468 172
39 419
-467 -17
193 256
-310 181
391 392
53 -121
394 -157
-407 208
479 -7
-270 -355
-451 -368
-209 80
-109 458
-462 225
260 309
-26 -266
192 119
-239 498
-246 -355
-278 394
390 229
-108 -326
-280 456
182 -232
364 -52
-470 432
-409 -447
-38 183
-133 -450
442 219
-56 -265
270 -293
66 -423
279 -460
-364 -268
-223 116
-181 -166
-289 14
-306 -136
6 469
241 -52
242 255
-155 -19
-153 -194
419 -265
-378 -257
-40 -390
399 -159
-173 -398
-25 490
7 -391
418 -283
-232 -162
376 -311
-467 -197
376 -79
64 168
22 363
-224 -396
-79 -53
-171 -285
300 378
-103 206
117 -195
205 -488
133 140
348 85
456 488
-376 -264
-213 -237
90 -106
-56 130
295 -46
232 413
176 -103
-173 50
-227 -118
-425 -281
465 329
-291 481
-299 -476
215 386
441 -129
-409 29
469 -242
-224 229
258 117
-341 -443
-116 152
484 73
-232 474
-374 -173
422 67
-202 -274
388 -264
63 270
157 17
190 -402
-18 -283
138 -489
-435 420
-312 484
344 -317
211 -180
478 -43
-484 97
-470 -115
336 210
-20 -70
27 108
472 -64
449 45
144 150
101 -171
-344 460
-14 227
473 -153
-393 -289
321 -157
157 296
296 466
135 -170
101 380
-373 -158
142 -71
-270 -23
-143 461
-211 20
13 -116
-405 0
470 -481
279 -85
-481 -246
395 462
-142 34
183 271
-233 25
392 -191
-6 227
-53 -186
141 334
271 -83
212 -343
323 -178
193 -473
-28 -330
-437 -326
-221 445
224 -179
408 -109
-350 456
103 -428
66 -112
-316 -298
-23 214
-338 34
148 241
-332 -330
-386 477
-441 -407
-426 -147
-54 -411
235 -471
-44 262
257 -76
54 -36
375 99
358 -179
216 -156
428 351
-40 226
-449 12
-172 242
-137 462
166 49
302 104
401 482
-159 -215
18 500
-381 246
362 174
-430 482
-259 137
88 425
-30 114
-375 -3
104 -61
103 -456
17 325
-278 243
-95 154
187 253
335 493
225 394
462 -415
-241 423
-5 -251
-363 72
-418 484
156 -319
-76 -390
244 47
224 153
-219 87
-200 221
-500 41
335 -136
111 275
-83 -215
453 -224
48 -172
-249 500
220 287
297 -328
290 63
-465 101
450 408
27 -212
180 -497
-226 -89
-383 -70
-362 488
-439 -452
7 -212
375 471
-268 242
-415 -374
-61 375
459 284
-25 369
-213 -322
-25 9
382 288
387 300
-345 229
426 218
123 37
-90 370
-116 -252
245 228
464 300
-478 66
-50 -257
-401 -147
-385 -372
4 69
-452 -32
342 232
294 465
-340 304
325 272
-240 203
236 -335
-181 177
317 -286
-127 -47
-63 -94
-108 -465
-459 16
-480 -252
-198 -168
79 -310
170 -1
-470 -180
72 -374
-414 -379
-436 224
-330 213
-384 -263
244 -436
-265 -117
40 30
335 54
398 1
-27 -123
-460 145
40 -80
-461 50
-338 426
221 -34
-479 188
423 477
-359 71
189 135
103 -43
-135 36
-363 -467
431 148
121 -149
-189 288
-402 408
304 -379
-127 218
186 -462
421 117
202 303
341 278
101 -484
157 119
15 293
380 -243
88 -101
-140 -167
398 -188
-57 75
36 386
359 -408
389 -228
261 463
-76 344
-70 83
-124 286
-14 -140
305 70
203 342
-41 -117
-281 -351
-184 -404
-388 -9
483 -106
62 9
-235 -217
98 -470
-465 -416
-75 206
-337 -258
-48 120
-68 -449
-391 457
-336 271
91 224
134 81
-369 167
-93 -348
-87 -246
158 -89
-224 467
163 110
-393 340
-417 -4
329 220
-85 351
412 -213
98 -94
-427 430
-320 13
-494 180
-491 -303
39 -279
-433 -416
-27 -3
-468 169
-7 475
-25 -386
407 -156
-120 402
-179 -276
275 427
-158 -236
244 -112
-278 235
-70 454
171 217
499 -125
-170 -320
-451 480
-243 145
-25 180
-18 -56
-387 -187
-117 -385
-292 370
204 432
392 45
197 400
295 -51
-346 326
-364 27
255 -482
-87 24
446 -103
167 -262
-312 -457
-307 -476
-348 305
383 -455
-165 -496
-469 469
-234 -175
74 -193
223 -458
-257 266
53 390
7 -134
-411 -400
-481 -242
106 -423
292 134
-206 401
348 384
451 414
-333 -94
269 -390
437 157
68 -216
355 -141
-241 456
-115 349
-217 385
26 -427
103 -25
449 53
-355 206
-64 402
86 110
-239 -499
90 331
-14 477
300 -106
213 372
352 -138
-274 499
475 -284
77 185
-449 -399
437 -150
246 -17
326 239
144 -201
-326 -397
224 -157
137 33
173 45
-163 338
27 -67
58 -136
-89 115
-11 39
-69 -403
188 277
-292 -212
170 -250
268 -407
230 241
467 123
-239 186
88 369
88 -217
59 -13
48 83
169 -101
-282 -348
-468 239
-9 307
-262 92
0 182
423 -208
340 192
194 -351
-80 244
-81 45
69 -229
68 -196
436 230
-486 197
-263 327
-104 -170
491 -284
451 -105
-113 29
378 294
-420 -42
-446 401
-204 255
125 424
-146 -458
-308 -461
-14 408
91 -23
-207 -276
-139 365
119 256
330 174
293 452
165 -344
-375 -308
-350 -175
-57 353
272 -5
-483 31
235 152
-166 129
-15 290
-454 221
285 -152
-310 -272
-287 -352
166 -499
2 -245
-496 249
500 155
61 157
365 399
149 441
183 108
-446 165
-142 448
-65 -357
-395 182
-192 -176
456 196
-92 -58
102 75
-290 50
324 143
441 -410
42 -380
219 438
140 -233
-472 -282
-185 -234
-331 116
241 -60
483 -469
240 -155
125 207
496 -368
-460 467
340 339
-61 -139
-391 -218
-182 -263
-233 232
-492 -255
-240 -410
119 -97
62 483
-307 46
-389 247
271 -116
-64 153
192 134
40 8
61 50
334 474
-99 271
-201 -323
350 330
277 -281
117 63
-247 -318
-402 283
57 108
-107 189
-45 -85
30 190
143 385
150 -288
303 331
416 292
-420 499
-383 -217
-43 -242
-382 -29
-461 52
-273 96
139 -183
175 447
253 -402
209 -121
207 91
59 -369
407 455
25 -145
233 -79
-401 -408
-199 -412
369 -439
226 -303
298 -438
-324 488
-15 96
104 94
221 -101
-484 113
346 214
297 -399
323 131
-473 -6
371 -355
-7 -130
-286 328
230 175
185 202
-344 193
424 410
-290 -208
-212 -58
188 -182
-142 -103
-52 267
256 431
-125 -172
122 28
271 -362
459 400
178 -429
53 151
146 -436
457 479
-476 -185
36 -109
277 368
-144 -394
328 -66
340 -176
-84 370
90 140
-171 -290
-263 453
63 482
-392 -167
-478 310
413 -374
-495 -404
307 439
-480 209
-387 -214
466 106
-224 -304
-347 -124
461 370
-51 117
258 -198
-223 -356
-477 -165
132 -351
253 332
250 -117
-472 48
383 337
-103 349
-450 -327
-202 -460
403 -488
-38 271
-434 289
-382 380
287 401
-425 318
41 266
477 445
-477 133
-199 217
-486 99
43 -140
186 45
-476 353
-159 -460
-403 -379
-255 244
-120 331
-265 -114
401 -435
-258 389
412 472
185 -281
196 -438
-463 13
116 322
253 464
450 -342
465 394
445 -165
199 -426
-274 357
183 140
420 -310
-425 282
55 224
-251 -458
-11 -179
-318 351
-230 -424
189 -12
-41 221
-345 147
-422 -441
2 -214
-129 -256
171 164
424 -466
338 -86
437 315
-321 -104
-84 80
-159 100
178 -115
125 142
117 404
-79 354
-221 -407
210 -366
-153 389
81 218
-60 -100
54 414
247 374
-49 -304
429 -439
-19 -219
-393 -136
183 -304
-450 -126
-73 -351
-406 -279
-33 200
317 -77
-472 327
205 -102
61 488
-133 455
-50 -259
50 -412
19 87
9 437
352 157
441 31
174 106
-289 -347
-310 90
-34 35
-417 -394
273 42
-387 31
-10 70
-124 364
-7 -170
-297 106
346 -429
445 -198
-7 -2
128 -104
-380 468
41 164
360 -217
-154 448
-474 98
-219 -104
-267 -266
53 208
259 115
261 291
91 69
-479 458
324 -435
195 55
248 436
195 -202
42 126
444 -366
-275 443
-386 -35
-326 -178
62 459
-463 369
-458 -283
-234 -283
64 -27
-462 355
-48 409
-176 -228
416 -269
186 -186
43 -362
-487 473
-397 137
-36 170
42 59
-363 314
-489 61
-149 92
-410 -364
-18 -259
210 -1
31 81
212 -159
476 -348
181 100
-226 364
-211 433
-429 174
156 -229
171 -221
-485 -225
-383 -110
380 471
362 206
496 314
-38 -98
264 345
69 -245
-58 310
-492 149
-448 -474
366 273
-279 -346
-160 -156
-254 -348
-314 6
44 94
-30 -40
-260 279
282 -143
431 85
-69 378
292 93
-2 138
235 -281
71 -183
-221 165
-293 -488
69 174
-335 87
-227 -161
-49 -46
308 491
66 -30
-35 470
65 83
-81 251
-454 122
203 467
-110 -319
305 223
357 421
-476 43
282 -207
462 23
338 -66
-435 -228
238 4
275 -377
340 78
80 -439
354 -448
446 -111
-338 -47
321 -273
-382 -341
-193 335
-43 -357
-326 400
-45 -146
385 -179
298 488
-19 -208
397 -383
-257 485
184 -464
-244 33
148 -223
-141 362
220 205
303 229
434 -346
-316 471
215 106
344 371
340 175
-162 -71
227 -287
-73 350
356 376
85 299
271 377
-481 364
281 164
268 261
29 -18
162 -385
-460 278
-209 201
-124 176
-255 162
16 253
349 237
230 151
310 92
-287 31
312 -202
-247 200
-263 -245
-93 487
-277 426
-369 -354
179 152
490 -198
-493 392
-351 90
-214 25
-405 414
-448 -142
-264 -72
399 243
-242 291
172 71
268 2
91 129
365 -479
51 -197
-117 -254
156 -151
-349 162
207 324
143 8
-29 356
232 69
33 -164
102 44
241 -5
400 -262
-64 -291
392 56
-358 -30
-278 112
207 -242
-58 353
23 491
252 277
253 95
202 247
-480 2
-168 411
-411 195
-297 490
-229 116
440 348
-333 -194
204 263
231 354
-213 79
-113 132
-427 -422
-217 -192
467 -77
-246 -347
-318 439
456 488
-277 212
-292 38
109 470
-380 -466
-15 -235
275 -368
-366 137
146 -192
9 83
-259 -400
144 188
117 -448
-146 22
-396 -258
308 -254
-319 356
320 -122
486 -409
408 -317
-14 425
49 423
194 129
-88 164
-271 -288
-271 -262
-175 -362
-99 327
370 -286
61 42
334 -441
357 344
462 90
-403 -34
-443 440
-401 200
65 49
-76 -357
429 491
-264 223
304 -13
-179 54
335 -488
39 103
-13 115
61 214
-136 -239
-361 258
-487 -166
84 300
-326 348
-205 -321
-204 -200
194 255
14 282
194 -185
-241 -499
-476 -404
-468 488
-128 385
365 -285
119 -262
-357 172
403 8
-223 20
-490 -85
-276 244
52 444
-208 -39
-339 -105
466 86
-4 447
160 -401
54 424
72 -405
-412 423
-83 -408
447 -463
367 274
-482 -74
115 -327
81 297
426 -208
498 -231
77 -436
-358 267
442 -53
-267 20
-138 102
-60 -230
-488 -284
-310 -23
294 -145
-39 -352
-331 100
484 143
-285 388
106 -450
-350 55
158 -324
-233 -181
-281 -403
83 -79
288 457
-60 -375
-282 -238
-86 324
-319 -308
306 21
-117 -352
33 -60
3 197
240 -285
137 -251
442 486
63 -149
165 -412
384 174
-198 -296
-298 -226
500 -173
-480 -147
30 -95
-206 126
35 339
212 460
-111 65
398 264
-442 -255
-271 -153
-389 348
154 -412
-422 -168
-456 -286
114 303
290 240
488 489
-247 -308
158 437
422 -154
-199 278
372 88
439 189
-396 286
-202 -249
346 101
450 241
-60 114
-176 128
247 411
108 -107
-412 19
131 215
-404 149
-243 -175
-184 287
446 463
-400 258
-185 253
383 284
-217 239
-479 87
315 294
-434 -424
-99 -151
192 124
-292 415
56 -5
1 95
462 -226
116 -252
-410 -107
29 -217
489 -399
258 -438
-102 -292
-458 215
-149 322
-491 258
-168 389
-199 84
278 -93
-325 -444
-125 229
286 319
138 252
-312 -224
332 483
-324 245
-49 -19
-156 -350
133 24
-142 423
-303 132
-357 309
76 352
-384 440
-225 -202
70 298
-448 -329
-381 165
-218 -139
42 -500
-471 404
376 -43
-469 213
284 162
207 26
18 4
-160 299
197 48
480 -70
-50 -166
-255 475
351 -27
-379 230
499 340
-357 131
-264 462
396 246
388 -411
-319 -72
240 183
-157 5
458 -326
-304 138
-249 -368
-79 29
265 -348
-323 -475
-369 472
-497 -369
-148 262
-369 454
-370 -236
32 -58
440 -262
-129 59
-320 -9
226 -465
123 172
-10 -167
-121 -122
55 -483
-210 482
276 -218
-113 64
396 487
-137 -463
309 -410
487 319
-175 62
252 -180
-130 149
-213 -111
-192 -255
-33 80
135 -289
-113 461
56 -297
-454 375
-387 228
-212 313
-375 32
-385 -498
300 -497
-75 121
425 193
-28 211
50 -91
-304 -220
131 170
-490 435
-151 37
-321 372
291 442
32 -15
-274 128
293 285
-92 -85
51 -413
481 -109
339 -284
438 -130
351 226
-406 86
-83 17
178 -35
-21 -204
-422 424
381 283
440 177
-126 339
-174 -37
226 352
168 375
304 499
118 -488
-57 151
412 -239
-69 108
-132 463
42 -339
116 221
171 -213
-327 358
-21 -467
74 -151
-369 -428
310 -78
-17 198
-173 -438
-481 -419
480 -28
-55 119
-18 -172
8 71
-495 30
-105 20
203 401
289 -81
454 232
-206 -405
-234 -453
-448 179
-188 412
11 -268
-306 145
-214 156
-496 -173
-60 -478
-337 -257
208 -74
242 -378
66 438
-396 -442
-190 -481
87 -259
7 -72
440 243
-319 -374
84 -243
258 -248
68 169
250 454
349 395
-279 23
-244 272
-149 459
-421 292
415 -334
-348 -195
426 192
-494 151
-191 309
35 437
-75 -466
21 108
-467 -463
-294 484
-206 170
99 342
-156 73
12 85
334 111
-203 -472
214 402
150 418
-135 -177
-451 473
-69 -256
-434 5
478 155
34 -216
150 223
-446 349
287 169
279 -162
126 218
186 -418
-306 -80
142 -161
-253 -490
448 -490
438 -268
-202 199
138 -279
-431 -434
37 -132
146 104
430 144
292 -175
-364 415
-166 -394
320 -234
492 177
157 -135
280 -396
124 148
-215 -76
432 -447
-96 -239
222 -478
-26 287
285 277
242 310
201 -288
164 413
-449 -409
-71 167
16 470
-72 -248
39 -461
52 -218
372 -1
-362 -174
452 -438
-198 -410
445 -45
300 -296
-490 117
-20 -182
-337 -277
-464 274
-247 -324
-66 366
-241 237
-323 -245
-408 357
-449 498
-364 479
113 323
209 -387
-341 -9
-167 -443
-319 -479
-286 -5
259 -143
-475 435
37 -52
-214 -265
-210 178
-94 -272
-77 -338
126 98
-451 -272
-256 -199
87 -51
408 -55
-383 -286
-457 -479
427 -61
216 352
-471 170
-175 0
-53 -38
-301 -247
325 -162
-300 -364
368 -378
-169 264
-127 -86
381 -23
215 369
172 -372
-23 390
98 -287
-68 83
191 -86
44 352
-480 458
-334 -328
255 -102
370 351
206 367
-329 306
-132 -322
-85 -122
183 -266
-11 237
90 -154
215 433
-394 -170
213 72
-37 -136
-264 304
488 -135
-448 -401
-366 307
227 234
-374 -191
-383 496
431 345
408 -225
-375 -57
-102 381
-326 -118
446 476
474 362
-365 461
21 -292
434 -252
-183 463
-423 -212
231 -226
-293 18
-388 59
172 -435
-407 -52
-193 -163
63 87
374 300
150 393
-488 -148
88 273
-486 -51
9 -78
23 236
-182 477
352 18
-129 -209
-223 266
-25 -342
212 95
-274 404
299 114
-328 -381
21 488
-412 -212
432 341
-362 -344
38 -87
461 237
400 -242
112 445
-419 -3
-179 -153
362 449
-243 290
178 -498
-122 -142
-354 116
87 278
-323 441
345 -229
92 126
233 273
-379 -121
-397 -467
-130 -435
149 -271
68 -443
270 184
-40 -178
216 -238
-361 476
133 -365
-359 235
102 -256
-83 334
374 -377
248 147
-233 -239
196 -24
-325 476
266 321
-342 341
217 -181
-73 174
144 176
171 -440
-387 331
-438 286
-39 80
-212 -346
241 409
-479 320
396 306
-103 258
160 -328
40 -166
390 -16
363 135
165 256
-365 15
-403 -393
331 329
226 -24
7 308
96 472
-245 259
219 260
151 276
-148 -426
263 188
369 -181
-457 293
110 -421
-224 101
-425 -248
147 114
167 318
298 169
-343 -4
127 -179
225 -128
430 -260
500 300
485 -80
-227 434
-248 -474
453 -476
-456 32
429 -188
-258 305
298 91
492 -139
429 289
308 -500
85 424
166 -376
-403 -19
326 72
-222 495
-417 330
-359 -6
22 451
-15 -65
274 -220
-172 -48
-212 476
-469 -20
445 130
452 431
402 492
92 -63
-265 -252
23 360
183 416
-339 -41
167 -293
180 204
-421 -480
280 -217
370 102
70 305
-43 376
-181 43
-237 -434
179 499
-398 -406
-495 -172
492 -292
2 145
-103 500
80 176
274 -32
26 100
95 -60
360 420
-219 -131
-443 307
30 -163
199 -22
-157 -350
-103 -495
-236 -43
98 -424
417 -12
-452 492
66 481
342 11
-443 6
-422 392
-259 318
-376 438
459 334
114 -67
-76 -303
-75 437
193 272
-224 44
85 43
-100 -238
220 489
-68 -285
-278 -213
-379 400
403 -143
-285 274
-224 315
104 106
479 414
341 -276
124 -410
225 292
-60 97
-15 -418
489 96
-15 413
-234 -30
-37 407
299 195
191 -200
149 -184
-471 50
-361 -382
423 -64
337 -139
-376 -267
329 -217
320 -292
-154 96
67 20
-56 -18
214 500
151 26
492 275
-290 260
-295 335
440 -106
-299 478
316 -381
94 -139
-463 -235
-325 196
70 398
437 -240
-461 -44
185 284
-210 -414
248 89
-193 210
466 -239
246 298
-404 -479
-36 36
468 -88
-248 474
-304 465
-458 -56
332 208
386 168
13 238
-12 95
429 -254
-138 -131
-391 473
342 -66
-245 247
-183 -237
411 37
-228 -473
-97 -422
-486 -145
136 -233
-226 -434
101 -37
-480 -287
421 421
260 -470
-271 -125
307 -208
-226 -312
-437 188
295 421
35 139
-357 488
-55 -90
-145 -364
-413 236
-307 -288
5 -386
433 271
-216 -455
166 44
19 -321
27 140
35 -235
7 407
-197 364
456 -410
420 389
-276 -483
85 -142
-173 215
74 -275
377 402
-178 465
-289 -443
213 -383
337 -145
344 -394
346 209
-158 -333
-22 -368
-283 -410
9 -60
-470 131
221 32
-302 -131
-40 -292
434 -424
285 -112
115 -309
-17 -466
163 31
-249 394
-285 296
205 -104
456 223
189 306
169 413
-35 -54
-447 180
-470 151
442 281
178 192
-105 449
254 -80
386 -21
327 -446
-457 345
-319 -495
-161 101
75 74
-400 301
100 350
20 -340
-346 -30
-86 -222
426 433
465 -200
441 -121
-413 166
-128 -87
-179 -448
51 -67
438 167
490 274
-25 -442
-474 -144
151 -273
-41 -326
55 -254
-345 257
180 317
-486 -310
340 193
316 -367
-110 -359
237 -457
-354 -255
-49 316
-86 -240
-302 -371
259 -464
38 296
-53 442
-278 -122
-88 260
-70 -84
-152 -88
-276 -457
-70 -215
-290 309
278 -22
-466 -244
264 -408
-237 389
112 467
-314 -162
-286 448
-373 -228
61 -312
-363 -56
456 -235
83 174
-387 220
-435 378
-256 -37
27 -312
-3 267
445 -465
-109 186
-66 330
-113 415
40 -15
-455 -303
-176 190
302 -418
-348 355
-183 -357
197 -414
-276 -92
132 -365
449 -213
251 -366
-85 -89
-433 -283
-98 -480
242 113
5 33
491 -127
421 -107
-493 -250
-359 -29
129 419
397 421
167 -152
231 -350
302 -88
44 207
-63 -179
100 -311
122 -53
-212 64
415 -354
314 418
-22 95
-297 -209
52 -177
350 -287
-203 99
144 -159
-376 140
21 204
53 -255
83 -337
236 224
62 -335
-427 307
39 136
320 -190
370 202
270 5
-191 -35
117 -49
318 72
305 373
-125 131
-34 292
-250 -259
463 403
29 419
4 404
-249 127
181 318
-99 -347
292 10
-287 432
-49 -147
182 -446
198 -341
257 -38
453 322
351 -489
88 483
-58 455
114 72
-24 -259
-174 -35
-270 225
-200 -56
388 -332
-425 -50
168 463
-203 -31
-74 -376
183 38
-183 -307
-68 141
163 213
261 -292
300 -171
281 -36
-97 -405
366 343
142 12
176 -434
101 -467
-76 -6
437 185
107 360
325 474
218 183
-300 15
-407 51
3 -343
-238 -327
-425 258
-92 355
329 340
194 -397
406 324
228 152
128 -468
137 344
-448 -218
424 51
-111 -449
428 2
-419 281
-187 428
-193 28
393 31
269 135
186 -62
342 387
142 85
-349 324
325 353
-463 -332
71 -279
177 -157
-158 460
177 -21
-385 281
-411 212
146 -208
351 348
-33 -376
351 -23
135 342
302 264
-480 219
-295 -119
279 379
-121 319
462 496
261 -429
13 -349
484 -304
-31 -98
19 23
-349 -261
-477 -325
-217 -276
-476 273
351 -186
457 24
-7 -328
-225 243
187 465
-289 -497
-480 -385
-52 -237
474 -15
167 -81
-392 446
313 -394
-169 -262
-142 -483
-108 -354
-51 -376
-177 -398
-209 -398
-219 -219
126 -452
-403 80
416 -349
-346 -66
-324 -187
-463 -134
-420 -349
230 -148
-143 316
-465 126
385 487
231 -127
-229 35
439 253
252 288
480 198
-378 -419
50 -49
-93 461
-175 25
-385 -323
-237 238
-94 141
216 41
-115 460
-439 -181
465 -302
191 275
-96 440
101 351
-212 461
-226 46
2 -213
400 -311
-496 -1
-67 -22
403 -225
-363 -91
-392 -276
252 32
37 -413
-2 362
-212 165
-42 -197
232 104
223 250
-327 339
-471 -26
70 -17
-387 -240
-389 210
193 -361
-351 63
-294 33
-210 -360
-423 43
-447 -319
-250 167
345 268
185 -145
283 -21
-301 331
-272 152
-361 -206
-3 -410
211 323
-457 -151
-36 -142
301 -149
471 -261
444 33
-322 -268
247 -316
463 -111
-156 49
15 -415
-97 -87
200 -28
-180 -301
170 -117
335 227
340 92
410 405
76 -215
224 1
-287 -420
-310 85
-414 81
75 353
495 -266
-340 139
-327 -205
-426 440
-59 93
143 140
484 -69
318 156
-72 34
497 -230
-158 78
-309 -440
156 255
-96 -212
56 -193
-476 476
-164 -357
158 105
196 -475
198 -300
-209 -397
54 292
407 -11
-230 259
-184 481
-260 166
323 -416
-164 348
-304 -486
93 -125
124 27
47 -287
469 -152
361 -346
-230 -391
396 457
399 -424
-126 160
473 -235
-76 -335
233 130
374 -202
406 420
-171 -347
269 4
4 349
-289 33
344 -497
-395 -260
440 -58
-251 -77
-315 -197
442 479
-480 466
252 145
14 128
290 332
-469 391
-457 199
209 -287
147 -287
-306 97
-399 -328
362 -483
154 208
-350 -76
472 -313
-133 -281
-177 13
-148 458
246 290
-270 139
-92 -294
101 -458
-477 336
295 323
-473 118
-405 58
-168 -427
-253 466
-255 -355
126 -413
-395 -415
125 174
-452 -164
-318 -318
66 -295
79 -261
155 290
-491 -140
68 -65
208 99
-99 -454
83 443
-494 -52
-148 54
397 78
302 -409
-144 -371
338 -384
-289 21
257 217
-67 -349
472 -460
205 460
-188 -286
166 360
-7 -486
-375 148
-493 -290
-37 -23
399 -332
19 -261
-41 -140
-288 -493
-372 380
234 -466
-272 -426
320 -486
-191 264
-485 -365
107 -18
212 -491
-114 -279
-152 -216
-250 -464
-224 -252
-373 100
-317 -115
-96 -148
-350 293
124 245
138 -335
-185 -216
-180 87
458 416
-169 -379
-233 482
-445 -291
51 -393
-23 -306
-413 90
436 -408
-232 206
447 490
-189 -38
402 80
-261 -443
166 64
332 140
-263 -454
-294 232
448 -441
205 -283
-491 -289
468 -346
-493 18
228 -118
-334 218
179 -255
304 -63
76 -341
432 134
-74 -6
69 -109
159 -306
-350 -424
409 -240
-69 304
-40 124
317 -134
-30 96
-93 112
351 291
-6 235
272 93
-50 -444
103 39
275 -249
-98 313
-184 464
-42 -64
45 97
-26 255
357 -237
344 476
-499 -145
-56 84
-344 -118
-58 297
-174 -264
482 -469
284 220
137 -312
304 378
-28 -174
288 -119
210 -418
-368 -101
298 59
-247 64
-480 285
300 445
-86 227
-416 -457
-207 -433
-286 388
377 168
276 -127
171 -445
170 206
-370 465
-5 96
298 -122
123 -445
412 365
301 65
23 -482
455 155
173 247
-232 -458
320 -320
-456 -48
286 293
-73 -349
3 -133
-307 5
328 -22
394 166
197 305
-364 -100
75 -40
236 -272
473 355
385 368
-93 219
-482 393
-137 33
0 451
271 -390
399 288
338 29
177 -361
-44 -332
-339 -121
-403 -224
-411 52
-310 -448
339 198
-416 497
141 459
435 321
439 393
-122 95
-52 -428
-12 -231
388 94
-287 -183
-456 -339
327 428
368 -425
171 -3
-420 499
-56 26
389 51
-343 -82
-159 -60
126 158
248 -242
289 -246
359 -492
143 418
-252 37
376 425
-489 446
192 248
232 61
112 458
182 191
123 -423
-362 453
211 431
-81 -338
-425 -175
-312 214
-401 -279
107 -234
-389 -212
-395 293
150 -421
359 -47
471 -162
267 48
440 -293
-80 122
-448 54
232 374
272 -49
-289 462
3 135
-361 -200
85 101
74 -457
105 319
340 428
-373 -439
297 135
395 224
350 -90
-151 -310
87 -92
474 -27
5 -178
123 85
23 -243
482 -119
-86 15
161 73
356 -98
98 333
-302 377
-297 -53
-127 218
-139 -348
116 -377
-440 -21
28 455
364 -414
240 123
-107 -485
-183 481
374 225
-424 65
-399 -31
-124 -16
478 320
-499 -7
-474 112
49 219
65 244
433 381
18 -492
307 153
-93 -423
-350 374
-325 41
-296 493
408 20
54 -318
-39 -371
-484 382
479 163
-160 382
-383 -401
-301 -204
-391 44
-156 449
476 -100
-87 -404
-351 -450
435 324
304 453
283 -184
-159 -345
280 324
459 -88
-317 -279
-142 -211
-477 480
-65 54
-399 -118
-130 -421
465 353
-305 365
-210 -3
29 -244
-235 53
85 -477
-316 342
380 227
101 -18
-500 -46
145 -61
-70 -166
-369 484
15 275
-332 -42
457 408
349 -442
-31 402
304 -172
63 419
-432 -143
42 -277
53 -287
-118 -397
55 366
-172 -40
-206 416
122 -496
158 427
235 493
223 -120
-99 132
-203 9
34 353
-103 -76
275 -395
-266 -327
-66 -181
373 185
322 357
-405 -2
-144 21
351 -16
-251 -200
-182 200
-8 290
123 -468
80 -478
48 -313
-448 44
-380 -396
-292 -122
-210 -104
188 -132
273 -327
-175 421
-13 24
219 229
70 176
214 171
184 436
-121 -442
-261 -147
53 -398
-298 -275
-96 -85
498 65
495 -98
-449 -458
-185 -460
285 175
475 362
-370 -198
276 -272
-56 -428
-247 -66
-37 -109
-294 448
-426 -367
-145 382
86 -295
500 -354
374 226
92 416
405 -381
-48 -64
237 -180
-187 -240
-314 156
-491 469
39 -410
72 374
467 -262
-153 -470
-193 462
-12 76
-37 -305
-244 -354
240 -238
53 -93
274 31
47 -143
177 223
-40 -340
-120 303
479 155
-38 -481
-486 -73
236 270
-31 368
-89 -129
189 -81
408 -424
-281 294
-394 -423
287 -337
-347 418
435 -119
100 -142
-432 -440
197 186
-26 269
-486 150
183 319
-175 -16
100 116
-219 -87
9 -321
54 -96
-318 267
353 182
-433 355
-266 -209
-403 386
-54 439
210 -175
-97 257
191 -109
-463 -73
-209 259
133 -283
120 -286
-454 -4
-497 -422
28 -169
22 -421
-43 469
-334 -126
467 -383
-488 -6
63 -273
-422 288
288 -241
416 174
43 -499
-492 461
-399 205
-14 169
396 -236
488 -205
-246 433
282 -456
-9 303
187 312
-114 388
399 -128
70 -287
-360 -217
5 278
166 307
-216 308
-198 -76
-320 465
470 -65
449 185
371 -346
-19 -452
-462 303
330 -336
-302 92
467 397
152 -241
346 101
284 -151
351 73
-344 301
-393 91
65 311
59 -72
279 20
-407 134
-297 343
314 -137
253 -126
474 -59
454 -420
462 -128
-51 312
179 84
-132 -183
-301 -264
-107 -106
-200 13
-334 422
34 429
381 19
427 -127
-225 15
-265 -116
-353 -75
245 -294
-130 275
479 -366
114 15
-14 -299
18 103
-385 448
-305 56
-78 386
2 361
-129 -8
261 -382
237 -238
-147 115
19 -36
239 -118
489 -80
-298 -143
-58 -207
234 -69
24 -376
285 158
106 -103
-23 -15
-202 -29
62 -133
-305 -225
99 -388
478 443
132 247
-377 -46
26 420
188 419
1 -247
123 -6
290 321
202 384
-220 -136
-182 388
-152 241
278 205
-446 -479
76 -253
82 -15
411 348
-319 -108
445 116
187 -304
-16 68
305 -30
-231 -162
69 89
-497 112
351 -463
-89 -343
324 87
-294 -181
78 -279
363 475
163 457
254 -327
245 151
391 279
-38 -69
227 -7
369 468
-168 152
-283 471
164 177
182 -411
-345 -342
-190 478
-253 -118
359 419
462 24
-128 455
-110 203
-472 230
69 -83
-380 153
-145 234
409 -212
329 180
-183 -354
99 -237
207 311
276 481
6 -202
-333 77
-263 65
-456 -363
312 455
-16 469
-386 -254
154 330
29 -461
-227 -362
382 71
383 348
141 358
118 -30
-342 178
183 342
-44 -121
269 -112
-371 -302
99 339
-231 -108
-32 59
-77 -253
-15 421
214 208
438 72
107 44
435 -455
161 127
375 -91
480 249
120 216
499 -46
-256 -383
-272 60
-168 -26
-144 -307
332 66
-102 -321
-328 -349
368 46
427 -240
381 -465
96 110
444 307
115 -148
478 347
-344 -279
77 399
437 -185
398 224
135 -70
318 -283
327 -52
307 321
-468 -209
35 461
-342 -132
208 -42
492 71
375 455
-497 152
-27 -158
278 -22
-470 303
-249 -108
-284 179
423 -437
-431 424
-204 -401
-261 -201
-300 -314
226 314
-411 323
336 -360
200 385
-438 -415
-480 324
32 -57
95 -152
214 238
422 227
-281 -132
52 -53
-395 232
87 -67
307 -392
161 226
-493 425
194 80
-411 385
-417 -25
-411 498
299 109
-191 437
135 -419
-499 -498
-20 223
188 8
-250 -458
-52 332
-67 -201
-299 -381
99 -93
-485 -88
-397 -170
-169 -423
259 -287
252 308
-347 251
186 -342
-140 263
22 186
344 117
-451 442
-284 350
475 428
417 185
-480 287
5 1
431 -138
-345 352
478 349
6 -157
-251 -87
-494 -333
-232 21
-205 415
220 346
83 309
-400 -492
-425 -411
172 -93
348 -270
364 -294
-345 34
371 249
112 -213
191 42
-264 -420
235 289
68 219
-1 -308
486 497
66 -152
182 333
-163 -415
213 378
449 -90
-112 11
-204 431
-37 26
278 63
357 -20
59 8
92 -338
-57 -497
-444 -176
318 -71
-33 468
-309 262
-252 -94
393 -167
-315 143
-21 -145
-35 -285
61 128
-292 -344
70 -89
-127 -243
225 -463
-362 147
209 -429
-270 40
2 -242
-59 155
178 446
-297 49
404 173
5 -204
-390 194
498 211
-131 -219
368 -268
-223 -389
222 204
473 -412
-21 345
7 -248
-162 378
-272 14
354 335
-202 -447
-210 -177
-227 374
29 -73
-57 -98
354 188
-159 32
172 276
-318 27
-203 -421
68 185
-259 -33
-221 -121
-12 -336
124 -71
432 134
41 -477
-349 338
480 -58
306 54
-86 -149
269 -467
-308 -128
-453 -65
424 -128
-298 460
105 193
-260 252
-265 309
71 438
-381 -238
-397 -202
-409 -179
-120 469
180 -411
182 277
399 299
216 -343
138 -193
129 -150
491 -162
-171 -81
-305 -369
493 204
-25 254
314 -50
-151 367
-171 -210
-369 146
217 344
348 -359
-103 441
457 73
111 -5
-271 121
184 371
-280 312
-442 -391
316 -122
-36 -152
354 -426
31 206
314 204
-412 376
-104 344
-443 -153
382 -484
84 426
9 399
-65 -233
-413 -455
146 168
-74 157
-287 182
371 -77
61 60
399 471
-186 -225
363 -68
423 -380
-434 -200
-58 -229
-18 -280
306 -445
-89 -310
57 13
-478 448
3 -459
372 162
492 -494
-226 131
-139 299
379 -376
-247 -317
-218 436
384 77
-101 201
315 219
-93 -26
-421 68
-426 -36
357 266
-385 231
-23 -472
148 368
440 357
-34 -284
311 2
-207 326
356 -413
170 -180
434 288
145 440
-148 53
219 -398
-239 -168
181 17
-46 -335
225 62
348 148
-497 90
-354 -335
208 72
-246 326
-466 -238
101 280
-118 341
-327 49
-263 -246
44 -285
42 62
-275 -317
-93 386
-336 475
324 153
95 348
-189 -448
33 -309
251 454
-300 -239
369 -178
-418 -401
-292 -22
-358 56
-478 461
-500 145
-128 -292
-291 117
35 484
129 -51
497 174
286 264
172 363
484 -24
-41 105
192 337
-178 162
-154 290
-427 433
174 -370
-238 320
-31 -311
-162 137
-244 237
-172 -499
217 -33
-23 -409
174 -449
-59 -489
96 -444
89 118
250 -472
-198 -358
447 -413
-208 272
-51 -239
-68 18
176 -201
293 98
-191 -416
-380 378
-440 112
60 -382
-296 355
-390 -135
95 -92
-307 -190
-391 -132
211 364
-195 -61
344 -198
-372 102
-413 454
-81 67
433 292
-326 315
447 -349
-475 35
159 -382
-25 126
-386 341
263 118
-54 -494
21 57
332 -454
-31 5
241 241
78 -96
17 67
247 -9
-398 300
414 242
313 483
-462 42
-120 166
-72 -160
-198 -477
130 33
-496 -147
243 478
185 306
-326 -115
40 -191
112 -470
154 -3
283 -36
-412 -156
-382 441
-60 437
-144 -41
-457 -119
-72 114
26 -200
133 -323
354 76
265 173
430 365
-73 326
-73 -98
-268 -328
-266 54
-45 484
-120 -293
-460 -273
-397 32
-137 -291
101 279
-302 194
-57 -200
-358 -148
465 -192
331 200
-95 -67
126 190
84 170
430 87
31 160
-487 -69
228 -306
-108 -31
-169 -192
313 -133
130 -290
-360 463
-58 -320
358 226
-36 -40
207 -429
346 381
34 -51
103 167
76 -164
227 316
-141 81
-69 -345
322 -256
-238 103
-239 -184
-53 96
411 -461
361 -379
-354 -494
137 458
34 -300
337 -21
30 -24
484 -50
465 -83
-163 327
-219 -383
-89 266
-386 156
-191 -226
242 -362
-494 298
429 219
-145 466
-181 493
432 140
-387 435
-72 -239
-175 -15
-288 185
290 375
241 414
229 -435
480 257
455 215
-166 -281
-248 26
-384 -300
-156 -337
20 235
-90 178
181 -217
-62 168
264 370
125 21
447 -121
245 65
-200 353
-208 49
348 311
-145 406
121 431
-389 189
-150 433
292 -297
216 -403
-127 193
98 345
-495 -187
405 -380
-22 397
373 -495
363 -448
119 -285
435 293
296 277
457 -301
-413 172
38 -183
-327 260
287 -479
-222 -296
-302 -413
-297 189
212 -370
306 403
-412 437
86 -319
-214 -396
37 354
187 425
-457 -66
-256 14
418 41
-136 30
264 -496
-273 68
422 403
-405 -64
-144 -390
383 308
-50 -344
407 -130
-372 464
-46 -97
434 -8
-359 -444
-488 184
-315 461
-49 -324
421 81
147 184
488 380
339 130
84 265
-194 140
-432 132
-159 -315
-301 314
-228 -101
-453 18
350 -264
33 -63
132 121
361 -350
-435 -255
114 352
323 -353
-337 -253
-78 276
256 -27
-9 487
99 166
408 -494
202 -493
-137 230
179 425
-131 -74
391 -360
43 -416
65 -267
-156 -209
191 -461
117 -211
396 -371
-181 381
238 4
454 255
288 51
-381 -334
210 -66
-474 391
101 -14
382 -446
-206 66
-435 -338
296 238
-285 -16
212 12
-231 -210
467 -391
-497 -25
34 475
7 -177
44 -341
-329 -78
-460 -297
231 245
372 -288
115 165
138 132
-293 238
406 -398
-82 348
-480 -121
71 149
-202 -316
468 -119
226 -379
248 102
279 -244
-126 -355
-175 145
-71 38
217 -353
-393 -231
-132 -54
-312 -415
-369 20
-460 195
-152 140
145 -38
246 -199
70 130
14 -210
290 113
441 356
-398 -322
-477 -376
-227 -426
-305 52
-53 -338
-113 102
349 -432
-359 174
-22 170
112 -338
-29 -298
103 -303
-443 -375
-284 150
-234 7
56 484
-317 -454
145 99
129 -172
-10 -245
-431 -481
29 -331
11 -463
-417 -369
72 -472
-409 -174
-158 334
125 -236
241 348
-490 -343
157 266
341 25
420 -150
318 -353
457 -322
476 -401
272 -72
-385 -369
373 -360
103 80
182 361
-118 -134
188 -285
239 394
-350 193
270 241
93 -422
-406 7
17 155
179 391
164 20
-101 307
-466 249
-233 -390
52 -24
148 443
445 167
20 269
46 162
482 314
-366 -384
414 239
210 -429
-372 -371
240 70
-256 484
147 115
303 80
97 -371
-269 165
379 -367
453 321
-339 188
168 -105
41 490
-119 -456
-90 -121
69 -496
166 -169
-328 -248
-215 99
477 196
101 -189
295 -105
-218 -100
-495 -59
380 27
-452 64
-261 -29
-231 207
155 -2
68 -46
397 42
-157 -458
72 72
-54 -333
-427 -100
-250 491
279 -407
162 477
328 -193
308 -54
408 -231
23 326
-136 -104
-418 -127
-404 -401
-143 425
-155 -447
-244 420
129 5
-227 -320
-388 349
418 -405
-34 -137
-462 -129
330 346
-10 253
280 197
-437 363
-386 318
97 55
439 -477
29 -47
271 -410
311 389
-278 255
-445 174
-13 436
-393 445
462 288
-189 305
32 38
-325 445
240 380
347 -142
-348 119
-396 -280
-426 254
-87 -403
-212 92
30 290
21 461
-326 -337
261 -177
187 -472
-271 -54
-142 11
-157 444
-377 -212
-189 -333
-466 -494
-86 434
-461 336
-453 53
-26 -364
500 -350
137 -387
-465 67
-358 -81
292 145
246 415
229 -391
478 -21
429 -49
-101 -388
-298 378
-19 -381
-415 45
-89 159
342 -264
146 455
325 428
-496 -110
430 -351
382 -192
49 253
-410 359
-379 364
-249 478
418 132
149 215
451 -88
-224 -238
-73 -74
151 296
92 -473
106 365
273 -114
-59 -186
-194 -268
-325 441
-372 280
-34 -335
94 -256
-327 -83
171 -214
477 -393
369 344
389 134
-403 -339
466 23
-280 -171
-136 -490
-53 395
-333 444
-469 443
-345 -1
39 -39
426 152
-159 -85
179 -273
403 -285
294 354
19 -11
-129 -101
-241 -232
141 -184
93 59
-333 85
434 402
219 310
-487 373
162 -50
-409 239
432 -109
-305 387
24 235
-242 -177
394 312
-55 -434
151 -290
-120 -186
332 -49
-111 78
335 69
-156 31
209 -192
296 495
-354 -276
-268 466
-214 -155
318 449
494 403
-174 -49
277 136
447 125
-397 -135
448 -38
135 -3
105 -173
-492 -320
-209 227
285 182
284 -232
427 120
38 371
277 190
458 297
465 -305
-483 383
29 -239
-491 -131
-61 -327
-145 220
399 483
-41 -417
81 -66
-460 399
-156 -35
127 -321
209 451
11 241
209 354
280 -75
-395 295
73 19
224 406
-9 72
140 -232
-120 -196
153 -189
-251 -363
358 121
495 -137
414 -19
50 -355
-271 -82
302 102
237 381
212 -247
-158 468
-33 343
107 -61
-104 -181
-368 329
-7 37
41 -105
494 174
420 359
-480 -202
-296 -44
468 -111
401 -313
345 88
-68 489
445 -451
-200 -291
255 -62
-30 478
-318 -313
468 -442
158 16
52 -488
-56 -478
78 -369
368 56
244 399
-411 471
-434 164
52 404
-69 198
448 -74
-42 437
40 -427
289 60
112 -373
47 415
-302 340
152 69
146 -318
-377 167
363 326
-435 -71
290 -182
351 193
-193 -112
-174 499
468 297
76 97
329 -497
-203 443
338 -494
-50 -112
342 428
-254 -158
-397 268
-148 192
-418 119
265 167
485 -4
-385 139
-219 -459
80 -153
411 -321
74 -340
211 -256
349 7
-35 297
257 15
-211 -359
12 -364
-360 -239
-499 -367
58 -326
-22 376
-495 127
264 -408
-147 151
-133 204
-464 -261
109 194
254 40
186 -273
-431 -114
-306 -433
457 -349
-348 -428
-331 -146
55 494
-264 -33
91 -11
-37 -126
-389 319
70 -107
285 -242
450 78
337 -365
-5 91
22 -468
-398 -488
244 131
-119 -190
328 -148
-483 -406
384 45
-232 122
-83 127
404 201
419 363
-289 -96
266 215
-454 200
-73 65
273 156
267 179
203 -486
444 -132
102 -127
-80 85
438 67
132 -333
-230 -183
479 432
-174 -201
31 -496
169 -225
-385 128
279 300
-70 150
-433 142
-33 135
245 428
156 -38
50 106
-310 100
-325 -94
32 -3
352 362
360 -161
338 371
-261 -186
-382 335
236 -314
-104 157
159 -319
292 96
-263 -445
22 382
-328 -369
441 -151
67 -244
392 305
172 -373
-42 -280
102 8
35 418
-232 268
35 -80
222 -487
-460 424
43 -408
109 -414
-356 -305
55 -170
265 -405
250 -312
-18 -448
279 -376
142 -350
-462 -345
181 -208
30 108
35 364
141 329
209 -52
17 473
-93 40
-313 -394
-97 -146
-272 -228
-170 194
-119 226
-148 453
-214 161
-490 184
-238 -429
466 -458
-23 -471
266 -498
163 103
-240 -358
401 -138
452 -290
-490 -285
143 52
-231 12
186 196
-416 319
211 -118
361 -444
-410 15
-379 10
-189 -44
378 -337
-232 393
18 -380
148 -306
371 326
438 -172
-307 -497
346 64
-294 -134
-416 212
-272 478
-67 377
273 318
-88 -206
11 53
108 407
393 26
-286 295
-439 -157
-157 -327
258 -36
162 76
295 58
-295 192
282 -81
499 -183
-475 -157
-80 10
293 316
-373 -233
-201 -452
112 -109
-112 -412
-425 -344
361 -127
-485 235
-106 146
-453 -494
481 410
495 77
395 162
263 216
-348 204
283 -404
-268 -102
-408 384
-286 -441
-489 314
-233 4
478 -491
89 40
259 104
262 -469
0 9
-371 69
-438 -161
-345 -147
-112 484
46 213
-375 371
373 12
29 -44
482 -398
-345 65
414 231
-449 -83
408 -370
-303 -211
39 273
228 -356
41 96
356 212
-20 104
293 334
-424 485
230 -453
-27 -142
189 336
392 56
-157 -252
63 138
22 4
122 105
-54 -119
333 -291
22 -478
54 14
381 354
-420 387
-469 219
144 -158
419 -39
-353 403
125 -57
-204 -233
410 -204
118 185
246 377
-302 252
-442 -362
-356 -278
-433 317
-289 -408
-33 234
-400 44
299 260
-275 255
-402 278
-23 -110
-500 446
-41 -180
472 338
-414 467
201 318
-456 158
-81 453
331 287
225 483
301 -472
9 -430
-327 -258
-90 -472
400 49
-3 -112
380 140
354 -188
-171 252
349 48
-279 -476
-180 -324
251 -482
497 160
392 -313
-156 434
-450 63
429 307
473 -400
-234 154
-291 -442
-230 -293
492 321
-356 -406
10 -63
208 386
233 -170
-189 240
-478 -498
174 -276
-95 -125
-277 -431
-198 -318
-216 266
315 158
44 233
143 453
-405 -108
-358 -16
-423 -427
199 483
-78 29
203 11
-365 -201
112 -407
-378 415
468 -212
104 252
-194 413
-144 121
263 195
-157 422
-383 137
-39 425
89 -29
4 359
-490 -241
-336 -342
166 -257
371 493
281 154
-140 -47
230 383
173 422
202 -453
-302 -93
-25 358
-41 -192
288 -356
79 209
-52 29
-312 -352
-56 -49
-389 491
-22 -115
-337 -437
-252 -147
161 -203
281 -301
-414 104
119 -490
170 -287
-403 -495
-293 -54
390 -494
-294 -116
-498 80
-112 57
337 -273
124 -211
170 427
-416 239
-455 -160
-398 121
-342 345
373 -164
381 320
5 239
-86 -92
321 126
-17 -301
-72 -386
271 -452
7 -448
498 -189
-442 88
379 398
-40 -348
16 11
24 -451
97 162
-3 -424
197 -434
-305 -24
-290 -113
228 -139
320 -53
215 -190
-259 454
-119 -407
430 365
-374 432
261 171
413 402
-463 164
-331 189
-150 298
30 -225
185 5
-362 -319
-444 -63
442 251
-476 103
-383 -344
-200 -97
-375 108
-364 -309
-274 -296
-433 441
456 -206
-183 -213
2 82
211 353
-281 -462
404 332
-308 -200
-459 264
319 -369
-70 -258
310 -295
88 -285
170 -106
231 -324
205 -38
454 206
-263 -498
-449 -239
-176 -200
-146 112
-25 177
-415 -322
81 138
450 -281
-121 122
-382 -415
237 430
-323 -164
275 196
-480 434
443 -323
133 311
258 222
-368 -336
-413 -79
-35 -181
-485 -170
184 -499
235 141
-32 -389
71 184
-485 -179
-326 25
-78 -148
3 -160
399 -492
435 -220
433 -417
-206 -364
354 241
374 -42
215 -21
-14 249
-471 351
173 -233
305 251
296 260
-92 131
-398 -52
-311 -149
-487 398
282 -48
309 75
416 -125
82 197
56 -320
-48 304
-135 -36
479 88
-433 -284
160 100
-373 390
117 36
392 -401
-364 48
-453 -48
-74 197
-5 -117
333 -450
-395 357
11 227
251 255
81 251
-358 359
182 457
451 281
261 -297
-143 -394
-193 -191
205 461
211 -30
-493 -136
47 475
279 -120
68 -333
118 81
-209 172
409 458
486 215
-360 138
-167 -456
-355 -114
-348 -48
364 142
-349 230
-249 -375
-288 -189
-425 -27
-82 97
-280 -485
-398 142
-273 -103
265 -109
-301 -380
160 -116
-347 221
-149 254
-446 -437
-177 160
-274 -189
213 207
-113 -414
361 -241
279 -26
-324 -55
-359 285
-117 -257
-493 461
-350 -13
-370 339
-492 475
341 -341
461 54
315 -313
-222 -494
-267 -69
262 -90
41 -89
306 364
-244 252
270 -252
-235 -427
396 -253
-433 -129
-330 -335
-281 368
-403 289
377 193
-36 333
267 209
-320 405
-174 -396
-59 111
-149 -47
-307 334
-57 260
411 -65
410 -254
-227 276
95 -499
-468 -53
23 140
219 135
-152 -410
407 175
-84 300
289 262
436 21
-169 234
115 354
-159 192
449 -294
-203 235
218 165
400 211
-490 213
495 479
236 -269
412 96
377 -44
-211 35
-67 473
95 -249
-293 -476
142 297
289 47
-141 348
22 -40
-204 410
-276 -70
45 414
344 -160
410 338
411 -239
-153 459
390 -98
-443 291
-345 -402
421 130
211 -145
432 321
-79 390
156 -92
-77 -385
-428 417
468 -90
410 445
182 -440
-264 406
-443 75
-363 -438
215 485
284 -1
198 -428
-260 54
418 -13
237 -459
133 290
-402 218
37 315
252 272
-142 181
-438 458
488 430
-103 -327
334 273
-445 -209
114 224
-18 452
-331 -427
48 494
-8 360
24 -8
-481 470
92 -80
190 481
56 -397
460 393
178 79
359 -410
-314 -456
87 -371
202 -333
-333 -419
180 -36
-129 -437
-379 -446
142 -14
-231 43
-174 14
397 -220
-431 131
-133 -176
-444 194
-196 158
324 -130
-337 -280
312 208
213 465
194 216
-375 -398
16 417
-47 34
238 -288
-373 -165
394 392
-234 186
-382 460
-84 226
449 229
-459 132
352 27
181 -188
31 -61
-132 -62
-399 -102
-460 252
-150 -442
54 103
-250 -406
204 -401
111 382
-235 227
-23 -90
-395 448
25 78
384 33
-134 259
-411 127
77 374
317 -475
333 -84
491 303
385 -406
-141 269
316 3
-421 351
-350 -488
-238 56
266 -31
-365 214
-491 -173
-462 -160
23 -288
440 291
33 178
-176 -363
-114 323
-234 446
407 392
-69 -255
245 -35
124 492
416 500
312 -259
-244 -471
263 169
4 165
241 331
-60 -494
-178 -58
142 -162
220 -483
357 449
62 295
409 262
-407 288
241 -114
192 299
-354 407
-212 438
192 -148
485 -433
323 -395
128 450
-124 -291
321 333
-280 -52
-487 -60
114 106
-304 101
-183 -499
-281 -437
424 -476
-107 -300
-423 -248
395 -407
192 -461
168 329
-225 -241
213 198
227 22
-380 124
-254 39
-135 467
136 -1
212 -169
-269 37
242 -498
129 341
-379 -129
105 303
59 -370
77 154
-79 414
-149 -57
57 -415
-419 127
-354 431
-260 -296
-84 -449
189 -168
-315 201
-111 303
111 -77
-110 -480
-202 354
-293 -373
-345 -216
329 420
324 -441
-247 424
-103 144
231 262
217 -463
214 54
379 96
-272 235
-126 260
406 368
170 377
491 -271
-460 -282
-306 251
-202 456
-107 406
-113 394
0 -387
218 422
484 -253
129 -1
111 51
-247 71
-337 192
249 -137
352 -93
60 -163
423 123
113 109
4 -446
-89 -22
-432 -197
-402 18
332 -460
347 6
-185 -66
449 -314
-45 317
-358 422
481 255
74 84
-163 347
133 224
492 -382
-354 227
67 -453
-102 -263
450 -388
-341 378
227 211
-213 135
-447 -264
-101 212
-454 -472
-492 192
12 1
328 216
383 323
356 72
261 148
135 -297
-310 -200
-311 -442
-37 -57
317 -185
-207 133
-100 396
-377 -243
-456 136
197 308
-342 427
113 318
244 123
-71 -359
-244 18
422 -310
368 324
492 6
-156 -446
-294 -307
372 -414
449 488
265 -145
413 -304
-370 195
279 421
-83 458
-243 -7
35 -449
473 -427
-236 -323
342 321
-67 -127
489 159
391 -311
279 72
467 -189
-355 249
-459 43
441 -284
169 -385
-198 -131
416 -114
103 -450
201 -358
-464 74
-425 -158
-326 -361
380 264
-355 -195
496 -335
-237 441
-135 -61
388 -485
431 145
-250 -149
109 423
82 -120
-328 -383
14 -209
111 423
-434 486
196 -419
101 -205
-121 358
-438 58
278 -63
498 -21
249 -453
418 -277
-162 -241
-72 99
-64 406
305 -120
105 -131
-176 385
-470 -432
331 -344
-17 -355
-300 234
-353 -476
116 -277
-72 -446
-318 286
-301 177
-211 186
419 82
-338 -29
-95 8
-216 280
-135 -277
160 -19
95 247
428 454
-422 -32
-455 -251
121 179
-55 371
300 -458
153 -289
-270 368
470 -56
208 141
-385 135
-64 131
88 100
396 142
404 -271
-268 -282
89 282
-289 -296
340 -170
495 -364
-301 -42
-312 -156
489 -185
-23 264
51 -339
335 224
193 -306
-371 -10
-367 -317
5 -176
258 -442
-126 468
-499 343
-465 -122
20 451
-59 203
-248 -199
299 -434
399 -483
-395 231
-321 440
65 -436
176 -19
-293 457
449 295
-239 -450
484 311
-210 9
-493 -260
119 -223
337 -305
-124 390
-486 -412
22 109
224 -239
233 423
-392 -327
-267 219
-302 324
338 -399
-471 -40
-208 52
-86 0
-329 -466
-160 473
-261 173
-30 -495
470 45
-137 250
-102 -133
-343 272
277 -187
97 437
291 439
-260 273
218 325
234 -494
445 22
-388 -91
51 317
488 259
-491 106
311 -255
360 -246
-128 189
-280 435
-77 -93
-309 223
-83 -124
459 -447
484 -392
-409 -440
-496 158
367 -252
284 142
114 405
-271 41
53 -133
244 -162
-401 468
-47 158
-161 -382
234 147
299 -285
72 351
315 288
-392 300
-100 -108
-117 -342
-305 328
415 458
148 14
281 -193
261 -158
175 93
428 -497
437 433
-150 -229
-362 143
-192 -481
420 -36
371 322
270 -156
101 49
208 227
152 133
-17 -361
-439 -241
270 40
-131 219
90 395
-200 498
-297 -281
355 -182
446 -219
-2 3
-484 411
345 199
-180 -94
-197 -441
53 -339
362 -284
-6 -380
-236 -22
-331 -133
-212 -71
-469 -54
-6 17
46 374
413 362
-134 -65
-355 424
-236 347
-331 -311
323 33
13 -88
-68 116
91 59
143 -179
-477 301
-336 -247
-169 -58
-179 396
-461 393
-198 241
-303 -156
-452 -240
278 281
-394 -462
432 -444
482 470
-147 -438
-260 -39
20 -298
308 411
-433 -349
411 300
-290 81
-184 262
37 -143
-239 410
313 36
-18 492
458 331
-156 -464
420 348
343 158
205 381
334 407
468 264
-140 418
-497 214
169 497
-178 39
269 -182
-138 479
42 -276
-209 361
170 -139
-176 -209
49 51
-52 -458
-275 368
-222 -74
422 -155
-255 222
-416 361
-157 -419
-32 -55
-310 93
-302 499
110 185
-134 -319
-5 -476
-60 45
0 187
314 -433
-89 -264
-194 104
-332 432
-443 383
-151 -263
-285 -194
181 -18
-407 363
-488 -190
78 -453
-314 422
461 10
97 -31
-454 86
82 467
-374 -159
-45 -185
394 -410
-328 -134
-361 246
-263 143
107 415
305 305
-224 401
362 14
281 -29
197 181
-309 33
113 48
-30 -350
-96 77
-241 344
275 -168
379 -93
-252 -470
-173 -437
400 -363
-388 -190
-218 -356
498 -313
-9 454
-488 195
325 -184
-34 -317
257 28
361 301
-221 59
-419 -123
-404 -112
243 411
412 -42
378 -114
-110 -459
-108 -410
312 -116
57 -194
492 -138
-183 200
400 434
70 -320
-72 -72
422 -242
-66 -443
492 312
481 -48
411 -344
117 -131
340 239
58 336
-440 -223
-379 -100
456 -304
375 131
160 449
128 -68
-387 -341
-243 415
399 -143
65 -226
216 -465
208 -231
-384 -211
-204 500
-64 404
-112 88
398 -150
-146 341
100 -429
-488 141
249 -488
1 191
463 60
-132 -9
338 -109
-289 209
367 231
483 -430
56 -32
493 143
-266 163
176 -270
457 298
113 -461
-223 321
164 -449
373 -121
134 -302
-62 408
-40 493
-410 -494
-333 137
31 371
-352 -312
106 -195
-6 412
-491 156
-205 -373
370 -68
-326 -338
-455 293
-349 -19
64 -362
292 462
436 277
83 -275
-296 -296
157 421
-299 456
334 -432
-236 -491
-439 -325
0 332
421 -416
-418 -172
322 -156
243 -93
211 -301
-430 -418
78 -170
394 -266
212 305
294 435
181 -94
-347 148
-200 -138
-354 -12
-274 -490
-285 -218
262 369
259 343
-309 -122
-366 376
16 -221
-3 37
-85 456
-99 -168
209 407
-157 -111
358 408
11 316
43 7
123 -126
-110 77
-296 123
286 105
423 451
256 -386
-422 -115
337 251
220 -170
-1 -200
183 212
-245 330
282 267
-33 398
264 100
-476 470
-252 360
252 200
188 373
-177 -264
-23 39
224 -245
185 -30
-111 294
172 138
67 -298
-364 -260
220 129
493 61
-42 -167
453 -103
256 -399
-249 -107
488 449
-461 -322
-488 424
346 228
-154 -268
-143 423
-458 -269
-128 20
-219 387
-414 313
500 158
-53 395
-438 -238
-198 -315
-342 428
144 451
67 11
-482 -446
-142 483
335 -256
496 74
-185 129
228 27
236 269
-324 -145
478 -344
53 339
-307 -219
267 97
-373 -455
-147 320
-272 -28
59 -348
160 -120
425 138
495 -196
-160 -9
-113 -224
-331 -197
34 156
-66 256
258 -278
413 332
199 -238
-190 366
-106 332
111 215
458 469
-346 105
160 -176
118 -95
-6 -24
-61 424
371 233
-312 102
382 490
78 -35
-412 -132
35 -255
370 109
-488 487
57 378
-358 236
-322 -113
422 -248
-177 131
-2 311
-17 -437
-360 343
254 -226
0 -400
257 -155
-188 452
6 257
-236 -19
263 145
203 -266
376 253
-111 -255
-299 -70
-345 350
304 203
-197 477
237 253
34 -85
-418 -238
202 -310
229 205
-382 316
71 311
465 -163
-257 -174
207 326
-31 398
-144 32
-36 -272
-312 -272
468 -251
-406 289
-46 -433
-439 175
63 -352
56 -398
-318 342
221 258
156 -88
-349 -431
305 -51
30 -154
465 -86
122 -234
-243 -250
436 349
28 -127
80 64
-385 435
347 424
-385 -270
30 -136
327 206
-383 240
-369 -203
-174 -249
-339 -23
-392 -269
364 -161
21 -286
299 385
79 -392
240 -226
46 -224
445 50
-168 151
248 -129
-179 -380
-467 -270
179 -412
403 353
88 87
-176 -320
-72 -491
30 442
373 260
-376 74
133 491
-71 109
-60 -453
-251 -462
-190 -194
16 -282
327 -123
-341 -352
67 -158
95 49
-396 30
-250 44
435 -189
34 -297
66 322
491 -117
-263 -42
-191 33
-260 -344
386 -288
16 -442
-66 -30
-47 -364
73 -476
-456 -160
-339 393
-489 -425
158 -185
-316 -211
442 -363
-319 -85
-126 106
-376 163
369 301
-116 -493
-278 152
-296 140
-162 -498
5 -422
-414 290
-5 -66
-20 -235
-107 399
-389 253
-69 135
107 -483
372 450
-448 -403
-43 -362
-242 -54
430 282
237 48
60 -23
-234 465
456 -260
59 247
475 27
-497 -329
-133 -322
428 320
-482 -327
-93 -3
-89 16
313 292
-106 474
299 460
-291 112
-303 36
-54 54
-272 -15
-216 -314
334 461
-314 -12
8 -140
-221 211
-431 -55
306 191
160 -22
396 -367
-55 135
352 394
-344 -330
-304 -86
284 -166
-91 -270
-128 -392
2 150
463 -278
428 -240
66 -206
-392 253
-131 -291
-212 428
-450 158
-163 -120
-95 163
194 -487
343 205
24 10
426 -388
112 -139
328 -91
-27 331
402 355
287 -101
289 37
144 299
-9 -204
41 126
-212 -483
-306 426
-373 92
-420 379
210 -144
-150 70
-446 -33
-277 -92
-186 398
-465 -93
-122 -260
170 396
-64 -101
-301 -373
57 240
-345 -228
-184 205
323 441
461 -384
-304 325
-147 -299
-316 453
-355 -241
-339 250
-351 292
-236 -295
-385 264
-193 -304
-94 71
-367 -185
-411 302
-232 107
-406 41
-293 336
-468 -243
-204 475
415 382
202 46
-259 215
-151 469
89 -243
133 -177
-323 -299
494 -141
238 -486
-210 447
472 -267
-24 -417
-459 -82
-189 -108
-213 307
-258 -497
264 -406
-406 -488
-312 122
-66 473
-185 -167
119 -463
-170 62
141 123
-117 290
-219 -368
409 -118
-55 328
149 -319
445 -378
58 358
-162 -109
-56 198
191 -109
139 -387
-422 -145
-480 -494
-460 60
-473 -381
-305 68
60 213
-149 -429
-491 -138
218 91
-186 394
372 -19
28 121
-42 -495
499 -193
-247 -344
-361 -180
-359 -480
-140 -49
-195 111
11 -98
224 268
-442 -254
-432 -194
313 307
-120 257
-387 153
200 -230
294 -330
263 449
124 -252
313 -179
-167 345
205 -418
-32 466
381 -75
-254 -291
276 -475
155 -378
50 -308
19 -288
-318 -350
440 391
59 -145
14 -321
77 318
-442 -385
-250 -271
352 321
-250 -426
-255 -216
-286 -270
380 -137
-270 -412
56 251
-427 238
161 178
93 63
-322 -317
233 -7
351 -88
314 -490
-73 -275
-359 -201
5 330
389 234
268 279
-46 -35
-346 -320
-127 -335
240 -155
-416 171
-426 386
-300 147
-469 268
-441 450
-419 -295
422 93
-8 -182
-198 341
280 -378
-71 -371
106 -175
343 84
-266 -48
-277 296
-282 -196
342 82
-260 -382
160 215
446 265
-332 17
-50 -212
-450 144
-217 -326
-157 1
71 -240
120 152
199 -205
397 -311
-223 176
-89 225
354 298
328 39
432 -163
-215 -410
-440 357
-443 -191
423 377
282 134
-73 -178
318 214
-477 169
-11 261
87 -457
-437 335
-19 380
-251 281
-440 -415
-54 483
455 208
275 467
-483 -193
379 226
370 179
-438 403
433 -97
-337 -118
154 -255
488 -194
350 128
136 -271
-91 301
-483 228
-123 -144
252 -411
42 -326
432 237
339 -444
252 -431
-193 -20
-378 -213
181 379
482 -162
-170 -306
339 -250
260 -449
-168 27
-54 19
-451 -137
261 282
-123 -490
-200 357
-464 -304
296 -333
-108 -7
-82 -458
-439 -224
237 -305
240 -418
31 -375
488 468
-134 -372
256 365
325 226
300 -283
300 -190
-257 230
390 220
468 -115
334 396
-318 56
384 285
15 459
323 -424
386 -52
224 -336
467 -287
166 -421
-472 205
-71 -121
12 -466
233 -496
-148 -119
-147 -424
-83 495
-394 413
-139 340
-92 -468
-144 283
-343 -399
206 -466
-458 17
-365 -486
-456 -130
64 425
-311 -54
45 -111
-287 -399
-111 204
418 -20
-162 480
-59 367
183 331
257 222
54 -210
417 76
107 -38
207 205
-268 -44
484 353
-463 160
164 170
235 -385
61 -359
406 140
411 68
213 -334
-449 253
-31 -120
390 203
-258 500
498 -178
471 -191
-423 -276
-419 4
-199 236
31 -75
131 388
293 -313
-465 -449
-170 238
-34 -291
374 451
-300 336
-370 -90
310 -442
-273 165
-495 -301
323 -391
415 70
-20 161
305 2
-324 -145
-126 -480
-365 454
252 287
-308 -130
-326 191
-482 475
234 189
-432 -418
197 -223
460 353
-202 -292
-90 148
104 -50
351 114
489 -474
500 298
343 233
448 -13
-488 179
-313 -94
84 -362
281 -249
-324 477
-219 53
265 126
472 -421
-481 226
21 -385
427 446
-212 23
17 -96
-187 -236
-243 -406
296 -495
-394 -246
-249 -185
-305 -159
75 -61
291 167
491 -356
427 -17
11 -6
397 282
262 4
-7 -94
90 -5
-337 -65
-116 -53
336 498
416 108
-178 -280
-237 -454
158 197
184 -274
-73 56
-192 164
-480 -208
184 423
-198 154
345 -373
-281 469
156 314
74 161
-64 -341
460 -439
-423 313
365 342
-119 -387
409 66
305 397
-319 238
134 205
423 5
348 208
-9 78
68 100
-462 -56
244 -373
-48 -303
354 -145
55 100
-262 -365
472 30
-311 -162
-309 -269
-228 -306
77 -50
322 -342
98 141
206 221
11 -257
-138 -289
27 144
-27 -331
65 311
-443 91
-283 -56
81 279
58 -107
-292 355
315 89
40 460
-65 276
332 268
140 -499
35 387
301 37
-410 199
-101 499
88 144
-363 134
-313 18
-226 328
385 -329
264 374
-94 -247
438 277
361 351
226 -374
387 409
-403 -286
-474 23
494 175
402 -281
-187 -424
-278 -187
-324 26
-373 -41
28 35
-219 -152
-363 -451
117 -284
433 421
-14 -308
-469 -411
9 115
101 -74
489 165
-322 499
-207 126
53 306
-359 35
96 96
-371 500
-386 -228
40 171
-402 340
-271 48
488 238
-322 33
-480 -150
38 126
385 -103
482 -294
192 -78
296 -154
299 -148
-244 -491
-195 182
-280 491
165 -297
-64 -44
256 -211
-118 -406
-484 -158
-235 -454
463 87
-37 -63
430 -128
494 173
152 233
289 -70
354 -23
357 -434
313 -164
-32 -468
-277 -48
-81 -473
150 414
-297 318
-348 -486
-373 -111
254 -403
-181 -312
48 -85
-227 241
399 145
-462 -353
235 -336
183 -348
-256 96
-107 -8
-258 -316
36 -411
124 -103
-40 427
-172 183
323 -32
