1000
50 335
-257 -66
-432 18
289 304
310 -144
-353 -422
141 -213
171 221
-241 492
90 119
-417 -119
329 -25
-418 46
16 33
-374 277
-493 -93
-81 -369
-123 -155
-335 -96
-19 -38
258 73
23 -19
-42 -185
-67 -101
-351 238
403 -110
-331 -376
-69 136
-84 183
427 -309
433 499
-369 -401
233 -500
-492 -471
-462 -109
4 223
385 -118
322 -179
-462 444
418 471
-413 -120
-364 -352
168 -424
-463 33
-377 289
-3 -494
126 9
273 -325
116 75
-416 -282
125 -306
335 218
318 66
-184 75
-453 -194
-449 286
294 -57
-345 160
115 368
-383 488
-161 36
-71 -85
293 -453
197 -270
-244 -431
313 281
-264 -469
-168 -152
32 107
-330 372
99 -13
-42 122
-4 208
-154 -489
484 -18
-377 -274
291 -449
-488 132
-172 -76
-3 119
71 -314
-98 -381
272 -421
399 -252
192 372
49 500
163 -205
424 -39
-75 -210
-337 70
-265 -389
478 409
176 469
-201 -448
-12 240
442 -475
-375 478
-142 -344
-316 -167
444 -295
-422 348
-399 -178
-181 -426
133 5
84 -240
-121 493
261 326
443 234
12 13
-89 133
265 -87
278 40
268 162
-233 483
288 -493
424 79
68 63
-420 -267
-451 419
105 377
-444 -433
-96 -127
-375 -329
-40 -227
-92 -141
381 -426
-66 -160
-439 -170
146 -376
342 480
-438 -347
384 258
79 -64
14 409
-337 -94
-99 260
389 325
210 425
-96 -293
-427 -93
49 -384
64 350
73 -386
-91 292
122 -81
-101 113
-288 40
97 407
-244 -85
-39 67
484 -210
-120 199
228 233
-88 462
-489 376
275 367
11 -257
43 171
-68 416
-305 -494
-444 -478
-150 266
-239 -18
446 -222
-218 382
243 -350
80 -291
314 -39
345 -198
423 5
-338 -441
179 -187
72 -163
-417 -439
-73 65
-362 432
26 328
-451 238
-31 106
111 360
-305 -156
-183 201
-178 -363
440 -201
401 499
-229 398
194 -32
300 -261
-269 409
-139 -426
-169 363
411 -343
-21 148
-464 87
439 -220
372 -127
-58 387
100 181
-71 -430
-460 88
122 348
13 -201
412 -304
-109 9
18 -225
1 -495
292 485
-139 -394
-490 379
327 308
-386 133
-491 -372
-32 499
-48 131
-382 -329
416 -238
-369 -89
-395 358
-260 179
-147 389
-61 409
11 160
-453 -120
475 137
259 -360
-454 326
-337 203
192 -499
104 -223
-277 140
304 -298
276 478
-491 162
478 -415
383 271
183 77
-192 175
-222 -449
133 -424
438 -199
-247 363
361 -71
-55 -282
-444 -345
413 357
127 -121
481 -466
-148 -6
-482 -227
107 -273
357 302
43 -98
81 -94
-453 16
455 -10
-467 -104
56 324
-104 135
-417 -391
50 -376
-494 222
260 386
-47 -361
244 -303
-8 -67
-148 -384
-38 -340
-230 280
-337 -162
239 222
224 63
-376 -75
109 466
-116 -495
135 -434
-402 -406
-58 -1
-413 -75
-309 30
490 214
-190 369
163 373
-203 -107
344 -396
-473 94
-171 -66
192 472
153 -224
170 352
-248 -209
277 160
13 275
377 -153
471 -65
148 241
376 286
-176 -453
100 -417
13 177
210 477
-446 -266
344 -39
478 -123
411 365
122 -202
-435 -295
-31 -94
-312 341
-77 117
-59 230
-404 72
248 -28
257 365
-228 -454
371 206
-450 215
201 -214
414 -158
-449 -382
-34 -171
389 95
403 426
435 -449
-457 106
-121 -173
-19 161
-417 -254
355 -72
-341 -354
467 155
424 94
177 119
-65 216
362 -478
-457 372
381 -163
445 493
332 -222
294 -152
148 17
-26 90
-202 259
-131 -121
-70 -279
248 -264
381 232
232 17
276 -60
-279 169
-141 56
-402 -82
-12 -48
-247 400
-160 231
-415 -448
-165 -425
-15 449
-282 55
-8 -411
278 410
260 -359
-360 103
-410 193
463 354
-447 99
-475 -418
-74 -69
-493 -462
391 -398
169 -285
-164 210
419 360
-196 48
-192 121
497 431
363 151
68 210
152 -209
121 150
-422 53
-172 333
35 -196
-418 48
398 353
-319 75
196 -125
-376 225
-234 -24
-256 -101
68 239
22 -470
460 220
371 184
-398 -183
-306 220
-254 -14
-459 -467
-424 -112
-342 -176
63 288
107 -441
-189 -142
-254 234
137 -250
301 -207
188 106
24 402
-430 293
497 482
250 -239
221 -123
162 -15
3 -180
151 434
241 332
478 395
460 217
0 -349
-34 70
65 -77
477 34
152 -118
498 367
102 15
128 -115
403 -484
266 72
65 33
-107 254
-250 375
-394 -9
-351 297
-357 -168
-39 -328
251 -200
134 -265
34 -287
460 -356
-499 256
180 209
351 307
144 147
-421 -357
-287 -441
-313 -477
56 413
430 352
278 372
32 170
324 75
75 -22
-494 319
184 47
-294 325
-112 -309
23 372
252 456
-475 -498
113 361
408 376
-35 -20
173 187
-86 113
-205 477
268 347
-358 236
-198 -134
-204 -277
352 -54
401 -200
-316 24
354 -257
-382 324
138 -135
387 189
383 486
-249 -92
-1 138
227 -472
206 250
394 -36
-255 -395
-60 49
438 24
-499 255
-403 329
-447 -26
184 -377
103 -191
186 230
-400 145
470 -84
-449 153
-229 79
-19 -224
114 412
85 23
-408 -382
226 -102
438 -73
-235 -246
-169 -74
-20 284
-367 40
380 -222
109 -135
167 -114
453 383
281 -115
-368 43
-123 295
-354 -211
-69 213
316 310
86 27
58 82
129 -409
466 276
-489 99
317 346
173 -347
-246 -229
495 -491
159 -44
282 7
-233 -215
345 -186
-123 2
443 366
443 395
127 -66
136 -47
-481 280
-496 46
-283 444
183 -101
-495 190
81 -189
276 -438
-391 484
69 -221
416 -329
454 275
-125 -168
-96 211
-419 -432
466 -197
79 255
360 473
69 295
-456 223
-116 -105
-265 -199
-344 -171
425 351
-50 -345
178 335
252 458
-50 12
-342 230
333 -144
-357 -358
50 -397
402 40
-71 -133
-309 176
84 26
339 230
178 -203
470 -420
227 -213
180 43
-159 -99
-194 79
-486 213
226 36
356 477
-481 -433
451 -171
343 193
317 70
396 -292
-211 401
-33 344
465 267
311 491
260 37
-327 -152
156 -175
-111 241
160 -437
-95 365
-291 186
109 176
361 -456
-175 281
424 -495
-124 -330
-128 -64
71 99
359 393
250 401
387 28
-62 -182
153 40
212 293
269 252
-403 -205
236 -22
305 -453
50 148
-327 -113
-11 -496
-395 -395
-380 -380
-216 424
-3 -117
391 225
52 358
83 24
-412 -114
-49 -423
424 379
-463 281
-173 418
-385 -339
-4 412
469 322
-206 455
470 354
-80 285
-434 -499
-141 271
-264 77
329 247
376 -140
46 115
-13 -411
50 -245
-458 71
370 287
158 -267
444 348
74 266
-240 208
122 -134
151 416
-413 -101
-113 -13
276 93
-415 135
82 430
-448 -381
37 270
-48 7
-276 443
338 461
207 -475
-247 162
116 -30
471 65
-116 -129
-291 -386
120 -160
-218 131
-125 189
9 -63
430 4
-175 8
-87 261
248 31
152 -408
456 -223
-120 69
-388 -136
-154 -111
153 274
469 60
-69 -125
149 191
381 35
352 71
-360 -453
-271 360
-404 127
279 -274
86 233
259 266
220 -401
-237 -214
186 123
148 -12
-116 -335
342 356
-156 167
32 327
-375 247
-389 -458
497 127
386 310
205 -59
-470 -488
-362 -289
33 343
33 235
-337 467
144 367
-71 -390
-330 -210
208 465
-374 371
-232 407
123 169
-210 -241
487 98
310 28
-84 -455
410 65
173 298
420 -353
-447 -286
-469 481
-22 155
211 176
110 -80
-177 -322
-328 -365
-443 -33
-6 -349
-229 -494
-428 312
386 380
386 -435
-41 137
195 -330
-153 443
-107 229
127 -168
12 -2
175 45
286 232
186 -198
-327 -135
195 269
166 335
126 -494
-24 -27
435 -407
-12 -490
-402 -3
-338 489
421 133
5 -350
84 197
165 209
-203 133
78 376
29 -274
393 389
453 -194
22 234
-90 101
331 -162
411 -291
-94 -175
-52 102
-286 295
-337 72
224 -494
493 -12
488 406
328 -262
172 -371
-190 359
-407 135
-477 104
-326 -128
314 49
-476 381
-495 -220
-496 331
56 160
144 439
-266 70
-363 196
94 67
318 -190
179 94
64 309
-443 -451
317 -77
196 153
-322 -144
315 -495
-206 109
353 -56
-280 -79
-188 493
-431 169
446 492
-368 -329
203 423
497 -204
129 -105
285 -426
248 -450
-125 113
-455 15
52 111
446 361
230 463
89 -234
394 -243
-80 121
-3 -49
-288 -242
89 471
-35 -355
-161 -447
118 1
-301 -40
48 -71
-235 486
187 97
-475 55
-119 63
100 82
340 249
-87 -380
439 -180
276 -271
382 -434
-245 228
178 -419
12 -107
-211 288
-287 -9
145 -333
-91 -434
19 -189
-255 425
-422 -416
334 -468
182 67
98 88
56 -310
-142 -82
-79 -279
361 -181
-304 374
-322 373
-464 338
-142 -415
256 420
458 -301
383 166
-355 216
-245 -309
160 258
377 -220
-442 -407
-73 -428
-494 216
78 360
-158 -462
98 -53
191 -420
112 123
-420 330
137 -206
-259 51
63 -402
163 -21
-400 68
-75 270
-266 178
-104 -102
56 303
-136 338
-358 280
-147 -297
-81 349
35 -203
-198 -435
35 275
114 391
154 211
-459 63
-402 -71
-192 391
224 299
280 47
-352 -348
-170 -35
294 -57
376 -480
-289 -251
-382 265
325 259
-446 -215
-298 479
-165 -477
-41 132
477 -432
82 57
-393 -142
-76 324
-74 -50
330 269
-446 339
396 439
6 -400
299 199
-126 436
31 485
-21 -18
-211 -232
-347 -499
-60 84
437 210
86 364
225 168
-119 -300
-132 447
386 315
123 -246
72 -422
-487 -416
-113 484
-75 -494
-345 -148
-313 452
86 65
-209 -470
-331 101
368 -37
474 448
-108 306
-261 176
-495 -252
393 174
0 -21
-307 146
396 149
-498 290
433 460
414 353
48 -74
-175 -361
-356 404
-308 -320
-172 102
328 -192
-445 -25
416 1
282 52
415 47
-416 -430
353 -229
244 -181
-143 -93
-263 108
-354 407
-464 -228
342 308
176 -422
-153 -19
293 -151
336 119
276 52
-90 -149
-113 132
-67 459
317 149
-419 427
-147 439
-6 -42
-112 100
-73 -238
-285 -137
-312 -301
-423 -167
-426 -307
-122 213
-245 -99
317 -191
193 18
-323 360
240 -313
328 -185
-388 -39
-289 291
151 -424
317 331
-79 42
-199 291
-63 -224
-202 -111
-258 -85
-462 483
