10000
-318 157
-352 463
430 143
-108 2
446 -155
365 143
-391 20
381 -322
322 246
-281 82
98 -163
-1 -350
463 210
410 -238
37 306
484 -134
332 -49
-485 448
354 -137
-317 240
-250 -48
-499 -373
-208 209
169 326
-3 90
-39 -298
-280 38
-430 -455
-205 271
317 397
-15 170
-97 -293
-448 -382
354 -232
127 -187
6 80
-448 -467
28 201
-279 263
-379 -310
377 152
-413 -373
-434 -271
206 377
-137 -86
-490 -220
-243 -359
164 352
375 347
368 37
-373 458
-481 -23
235 330
-383 -226
-174 163
-224 315
285 399
159 209
-41 6
28 -430
-57 -291
39 -75
329 -117
77 -411
182 -354
401 -289
37 162
140 225
131 -110
-296 -8
466 14
-311 195
446 -496
-464 411
305 372
-29 44
-277 313
-341 -302
410 222
-139 -488
315 470
-439 61
-12 -159
254 -203
169 -30
-481 -428
-246 -370
119 -361
18 -424
-57 -411
-161 -498
271 -420
383 51
337 -91
167 -236
-269 -20
-274 -440
-336 -167
-499 -403
-410 139
-425 479
-4 -70
106 291
305 -343
-138 344
25 -137
442 -285
6 86
-84 -22
466 295
306 120
406 -467
242 -12
204 26
181 -337
-186 -279
-203 217
-309 249
62 -361
123 -282
411 420
151 -338
215 95
254 -161
-144 -301
-362 -133
345 191
71 -35
199 -461
228 484
-346 89
-388 385
19 -476
-478 195
192 -8
72 -249
411 -435
-286 423
-197 -151
475 323
262 44
223 302
457 486
338 196
272 -65
-499 -33
-156 -231
-17 -403
-158 -23
-194 456
-279 192
405 -139
54 456
349 -89
423 -365
434 -135
-176 -40
157 -433
92 -401
369 -39
139 -24
362 -318
-390 146
234 309
191 194
-174 169
354 -448
-228 -424
195 187
205 -390
-186 -421
156 -271
227 -192
179 -345
-135 -394
-500 -55
159 476
-76 194
350 -243
-345 301
-384 266
43 -328
162 384
-208 180
103 -285
-491 -497
-496 382
-77 -490
482 -227
-349 369
250 -427
-158 -324
118 -142
-65 -282
421 491
-256 -280
415 80
-51 178
-358 -345
-257 -300
-225 171
-155 -75
-283 -254
410 -231
-284 -26
-286 -433
-64 40
267 -415
-331 -318
345 419
478 257
262 42
-420 51
43 263
63 -406
390 226
336 74
112 434
356 -374
-37 -305
-435 -390
-19 -351
-266 -28
-34 -366
375 -349
311 -240
94 490
-168 -173
68 140
354 -477
-102 209
-422 -12
-316 208
341 493
461 397
-80 359
-83 212
49 -68
271 -425
-40 282
-370 45
236 -437
-222 -254
-439 -260
494 -111
-96 212
42 -109
318 10
257 348
-447 -449
-224 135
-109 -61
-249 100
-324 -384
365 -130
313 -194
331 -383
-472 295
444 241
331 -68
-233 495
-295 444
-311 -103
-33 191
-471 233
359 -55
-5 -239
115 -410
321 335
-361 115
137 420
-443 -431
-464 14
-182 -470
-447 -165
226 -321
481 230
26 -112
-195 264
-24 -408
-215 275
365 434
239 330
483 -452
-67 310
397 485
246 249
182 -494
210 216
-474 26
271 362
-307 126
363 -243
146 41
335 103
138 454
198 -332
10 -473
466 106
-82 -483
-223 257
-338 -416
-257 -319
-52 -160
25 -467
117 -36
-279 -369
-132 -305
-460 445
-487 208
420 -194
-267 376
334 152
-153 -14
360 94
59 -205
57 -278
-181 17
186 296
459 -335
-419 270
-254 -317
470 -25
-426 -459
152 -15
-105 162
-449 439
-298 50
-363 185
-304 -498
-415 89
-287 -363
-335 489
188 320
217 -265
454 85
305 5
47 287
-407 165
-200 -386
-267 223
-120 -406
-170 -53
-414 -430
-294 223
-150 -37
-446 -306
348 70
374 -446
-484 -44
106 -340
-346 217
386 -67
-270 -186
-43 497
-207 -11
-233 221
-175 308
-105 -137
43 -244
56 200
-49 233
417 266
-328 197
-45 136
107 337
171 -261
97 234
-62 338
-418 -341
-165 -103
-434 -287
-28 227
-238 237
72 92
11 166
106 406
-441 -363
310 -497
169 -38
-335 341
437 378
150 -481
-482 -26
464 -343
-178 254
-378 -268
-206 -187
-43 -249
232 143
-305 -243
-71 330
-256 -350
456 340
-192 295
362 -491
-314 -395
441 -205
-85 118
-454 -285
99 -474
-364 -40
-363 -346
323 353
-371 -441
347 -342
-433 -355
-241 246
37 407
33 -225
298 -371
-390 469
271 -400
-150 -225
-152 -343
-381 -390
367 -112
-180 481
-255 -298
-397 122
-442 -252
-498 -434
15 146
-112 -25
33 316
362 -188
216 307
169 -404
-499 -301
346 268
371 304
-421 -212
17 -303
-42 463
141 164
170 -307
440 -71
330 -357
340 -317
57 351
103 124
131 258
352 -444
25 270
470 437
-368 47
250 -451
-164 406
-250 60
482 -211
-168 348
91 125
-240 -185
428 -333
-467 -278
61 -273
334 -446
314 278
-414 333
67 -178
-163 159
283 12
82 -177
413 -341
440 143
499 -13
-394 329
-431 -369
449 -23
-340 -452
-317 254
76 425
400 429
72 -119
286 200
368 350
127 480
-247 -356
482 178
-2 375
-191 216
-432 -255
-459 -472
-436 -369
193 -322
461 -466
-497 -438
435 -279
204 -248
-91 -453
-274 238
-70 -327
-72 81
481 -125
223 -148
-269 222
48 174
323 -9
-469 303
359 197
-391 29
7 -310
-325 297
106 -12
-301 -400
-438 8
216 380
-270 -389
-430 167
422 -258
-180 374
-348 -231
29 -315
-490 -388
480 69
68 61
421 -276
336 81
298 -452
-278 72
486 355
-262 82
-456 7
85 260
-423 -164
463 405
207 -87
-253 13
493 416
153 -497
-6 333
142 -4
-44 204
454 260
-328 -219
307 -288
305 474
-471 -376
105 186
-352 -121
414 -425
499 -441
377 -407
332 286
-452 -66
-441 -288
-353 196
-408 144
224 65
-223 469
-277 217
145 -495
225 60
434 0
-496 238
-57 472
-190 -428
-168 -91
231 362
-424 -458
250 -318
412 -65
-372 -492
-424 440
-43 -138
-442 384
-157 -371
387 -398
478 128
286 462
240 -368
-175 54
-73 390
-105 445
-363 -336
83 -343
349 -398
-159 -48
-296 125
324 154
-154 -318
97 -22
499 442
-147 335
-479 141
-469 -405
468 -426
-119 194
494 -416
441 -340
-166 -152
-301 -183
368 177
217 71
-308 29
55 359
-88 -15
0 -3
-20 124
-414 421
-334 -227
-292 59
-24 25
-323 426
-240 389
-388 455
50 168
303 -389
-38 -375
-10 -111
240 -69
-225 253
-191 -110
39 368
-251 397
264 390
499 290
454 -290
452 221
-445 351
-306 -80
-225 317
303 -264
242 -14
309 255
-152 -125
-203 272
482 254
-271 -381
192 -441
-410 391
432 -486
-431 -272
-387 450
439 422
44 30
-171 430
59 373
14 -51
406 -491
-261 251
460 -244
269 -13
335 -89
-38 -73
-5 55
-493 -321
435 224
486 -113
-402 -363
146 -309
-490 -157
374 -74
-235 -193
0 -448
-272 -73
36 -56
-243 -315
-411 106
286 283
391 189
19 -119
324 322
-314 249
-185 406
392 -117
479 70
-321 -94
-61 97
-338 39
-260 -224
371 -58
-224 -252
-492 -443
-319 -393
258 -386
-35 195
440 -50
497 105
355 -455
-147 297
393 447
300 22
17 -317
400 -61
179 113
-85 475
-331 302
-366 -13
-22 66
-490 -233
306 331
-451 228
-408 294
136 179
277 -246
-404 -192
343 296
294 207
-175 -128
-338 311
21 -147
421 420
-139 395
-180 -294
416 90
-277 198
-14 -85
279 205
-292 -462
395 -346
-201 480
-102 -190
-175 274
-265 -159
-393 380
-368 261
-324 -280
386 70
-364 418
140 -34
-11 -190
-176 -431
199 145
458 -210
32 462
118 463
171 -455
-393 454
-46 48
78 394
-301 438
-2 131
14 -194
-192 386
-1 7
472 222
-450 -175
158 111
-168 -388
248 -176
440 361
106 -489
-97 467
488 206
2 -76
-374 45
19 226
-151 123
450 -394
134 -12
-101 -379
210 -170
-124 -148
-327 48
-320 95
88 301
-371 297
-197 346
-191 -167
-208 -94
-419 3
451 109
114 -410
51 -377
-431 162
91 36
-78 -448
-178 -105
-79 -483
197 293
294 -163
232 -107
198 247
-411 -201
118 202
142 386
-114 -358
250 429
-398 373
-385 -173
356 -237
357 475
-107 -466
-257 301
215 302
305 338
493 68
357 307
-238 95
422 -499
-416 113
266 219
160 205
-217 47
97 -87
-236 407
127 260
240 273
-122 358
211 450
-232 241
-80 -255
-9 159
-259 -143
-411 266
353 362
16 319
-347 406
2 -59
220 -443
-386 63
-295 305
-401 -270
261 -98
154 423
-396 362
-450 -489
383 -246
263 257
458 411
175 262
29 -273
31 385
-460 323
-437 340
-90 -327
-114 34
362 -369
-148 -384
-262 434
403 -328
72 -328
73 170
122 497
462 329
388 300
-205 354
-292 -170
-353 -385
439 -67
64 424
-362 336
-200 -433
348 264
86 -1
376 467
-94 64
-362 160
265 -405
368 -460
-367 479
129 347
-337 433
-303 137
355 24
449 434
259 -334
274 287
-349 282
162 372
-305 321
-348 -173
391 -199
-322 -421
106 12
-26 386
-308 -472
-198 -135
30 287
403 337
177 -414
-374 -475
-204 -13
273 -275
-128 454
76 -61
-37 168
470 250
-99 -326
-186 485
-236 263
132 -109
144 20
-220 323
-183 -99
332 -99
-416 -172
386 337
-313 -223
-470 84
490 365
329 -310
-407 28
-255 -388
166 220
-221 375
437 -197
-32 222
-233 -449
115 73
159 -99
423 203
-49 -322
431 221
461 336
409 165
-302 84
359 -81
167 -389
-219 291
411 -141
-198 127
-186 105
438 -70
244 62
-183 -339
-337 -67
362 142
285 89
-348 325
-498 386
-260 81
-279 209
-368 -138
304 -371
270 471
285 475
-128 -179
350 -65
-15 88
-216 -294
-316 -3
-391 -334
470 -139
430 -455
-92 -477
299 239
-405 -167
-421 -411
-419 210
-450 241
-480 -165
-298 -28
-51 -473
327 -426
-224 -195
-101 -5
-115 383
-61 144
-320 -500
-258 -218
-418 -410
-41 -394
466 90
121 55
-460 -464
-50 116
316 -120
279 124
-459 48
111 -54
-44 -383
-230 264
-306 -421
178 -463
-125 -395
-461 399
415 -172
348 292
-438 66
73 336
-307 81
-236 283
-11 437
-467 394
-204 10
268 -288
128 -430
-442 65
115 -130
18 -112
474 -76
96 -377
-222 439
-406 357
-2 -479
-37 -241
124 -457
-442 -62
-60 393
315 -332
-424 -79
-389 452
-23 -319
385 353
197 7
-480 298
215 79
454 177
-29 -440
469 -494
144 126
109 -55
430 365
-411 -273
343 -255
-372 327
235 375
255 -263
-293 159
-472 -455
-193 30
187 88
378 -86
272 -464
-320 160
-70 232
-237 -186
401 88
53 105
-94 -131
63 -308
443 -446
-300 348
-385 255
74 327
162 450
-290 402
120 29
-167 95
496 380
256 -170
27 -206
-209 419
-245 -315
155 -128
-179 218
473 -434
-309 483
-205 -51
114 -495
463 260
-326 -267
-39 -200
-404 -266
25 -297
-53 402
67 -77
-70 -351
-283 -358
-282 -343
-127 124
130 132
-56 395
-100 170
-46 402
-244 -361
182 -277
-179 290
-341 -203
340 -32
361 -122
-219 -278
92 58
7 -304
107 53
278 -85
-230 115
-288 -161
402 -311
-182 -474
225 310
-426 -371
-282 259
205 -160
-233 -297
-162 85
-466 176
476 -309
-350 -494
-140 -167
-275 -173
-292 -303
437 299
-167 -218
81 -292
7 49
255 251
-289 145
-281 229
-382 79
289 100
-90 20
-396 55
-91 -252
329 297
-447 169
-92 309
-159 -420
260 -212
-105 332
-284 -125
-141 447
-452 155
-253 234
487 -184
69 157
-91 -124
178 189
407 57
-384 167
140 -19
-412 -248
-243 -366
-76 119
-308 94
-91 392
-295 430
154 -207
-185 481
344 -237
-80 445
-253 -134
173 35
-346 -139
-334 -113
481 -137
-167 -278
-487 104
-79 -133
-5 261
445 -439
-39 -150
433 482
345 344
323 247
-475 398
305 203
254 -330
-64 -229
345 -386
321 -374
-368 -60
-278 393
-309 172
-106 -307
-125 4
-161 397
-70 64
-456 59
-21 -283
405 -94
325 -273
-474 343
-22 69
-280 364
-100 316
-78 145
-475 -171
213 -73
99 -257
46 400
63 -240
319 -398
-405 -18
-175 392
-222 472
-445 72
-298 -304
167 29
409 231
179 60
-256 150
-260 -445
422 -451
367 49
116 -457
-289 -251
0 -105
285 179
12 316
-89 -354
-439 -317
100 140
-406 -410
496 456
330 350
-276 256
438 207
-254 182
-57 -96
-255 479
-218 260
-326 270
-180 214
176 345
427 427
20 488
280 435
-272 -223
351 243
-94 358
-414 -81
-65 -12
182 -170
403 437
54 -97
320 24
223 65
305 386
338 -392
-218 113
-344 218
47 306
441 -146
-115 -160
-398 -99
327 -354
444 -447
-320 -157
-179 84
-496 436
-78 405
67 -246
-409 254
378 392
121 349
473 -88
-285 -96
306 477
-200 485
-313 174
432 378
-432 -499
348 -139
144 177
-29 -86
78 -48
-130 -336
-118 -262
473 -408
-210 452
-386 -185
-410 -162
-499 -212
113 455
-111 -339
-19 60
-129 93
216 464
-57 144
179 -240
-151 -377
420 -130
190 1
217 253
94 12
-294 176
-473 -157
-226 -12
408 45
-411 110
305 468
252 -364
-387 53
123 477
-207 -78
-408 -463
-38 111
125 -265
479 408
185 483
-414 454
-481 -162
-204 -468
-46 -90
152 -216
210 399
-157 250
497 -108
280 -98
-271 -191
443 -221
499 -287
26 280
363 -89
-177 -102
424 318
-117 241
-447 -171
445 -44
-51 89
-333 482
-193 -103
-143 -447
-119 -42
-275 -375
223 -489
21 414
147 88
-482 -291
-136 192
170 72
476 409
49 49
-1 -195
-386 -409
96 286
-428 9
-328 416
239 -52
-500 483
-306 -79
-463 127
332 -424
162 66
463 -9
-151 406
281 169
-262 460
-427 115
-58 -69
-419 -126
-167 153
371 500
-316 -357
-429 -158
88 390
-134 -476
48 -146
-418 -115
-226 -368
241 -359
-224 68
-107 339
316 95
234 -70
445 325
-165 -134
-172 145
-81 -40
332 86
-89 -119
32 -392
-342 -351
-45 111
51 -63
284 -77
330 422
-120 496
-282 421
-194 -428
130 -427
276 -486
-451 -259
-151 52
-113 348
428 -164
-190 42
97 321
59 -378
383 41
449 227
406 251
182 424
45 180
-460 -58
-116 306
-176 -106
-74 -440
-3 -478
454 76
177 79
-11 -83
-362 -355
-491 -225
141 37
-451 478
358 41
-150 263
-128 90
-59 304
-269 127
272 6
101 471
-436 138
119 -326
-248 -116
159 -327
-363 397
-148 -287
122 -38
259 -432
-185 396
-281 -83
-262 396
263 264
-261 420
478 -21
-35 240
-29 361
405 -191
-174 -253
300 340
-198 -17
-386 -64
457 65
95 215
417 8
-435 137
-394 31
-19 17
387 240
16 68
-26 216
-245 -294
352 -295
295 460
-228 -459
-449 -29
-142 342
-7 119
-234 388
411 226
490 169
-86 459
95 -120
116 -130
61 -369
-323 -332
-387 67
85 197
-309 -410
423 12
-51 39
213 315
267 163
-447 -321
297 192
-117 -290
103 -100
341 78
-495 -441
254 -184
328 -25
-229 57
311 -47
403 -110
-174 -227
-284 185
-330 -274
254 393
64 -229
486 -54
-373 -392
-435 366
56 280
70 -121
-73 335
-272 282
-268 472
-85 -221
195 194
202 52
-116 473
486 -59
396 -12
-261 38
190 -425
-44 -455
-62 36
15 -332
-57 466
-378 -328
260 -368
418 -326
-336 -338
320 424
-9 489
-432 383
220 -247
-95 346
-286 500
371 -321
-108 49
-34 -96
-392 -380
131 -12
-239 -187
199 -342
428 -202
328 268
-101 -6
371 281
40 -435
-103 -161
-80 -320
210 -237
-264 405
383 -145
287 -72
139 432
-5 -215
-52 -174
-183 -54
312 260
280 70
118 437
-92 59
358 -376
406 29
438 -310
-270 283
297 479
20 289
-210 365
170 -313
-406 -401
-452 243
-398 109
-55 -497
86 192
488 -462
-160 396
-121 -364
-288 354
453 409
-192 406
154 91
452 15
-34 458
295 -211
420 -299
36 -265
9 -201
-388 -119
-152 24
-380 -211
-203 -49
-282 186
384 -102
431 -251
96 472
373 -230
-374 54
75 -128
445 -43
-401 -226
82 376
-425 -44
306 239
211 61
-272 53
289 -452
129 309
-40 -397
53 -74
356 -116
-276 171
-52 -111
-11 294
340 84
154 -345
296 -328
340 315
252 260
127 -277
391 340
453 421
450 -239
-25 428
206 73
153 -316
-418 46
48 -381
491 -444
118 -440
-476 429
-83 351
-172 -39
-379 -240
61 -319
77 -107
-135 -116
126 -30
-234 23
366 -421
-265 -249
417 -20
489 -255
217 278
-406 -276
-197 84
-220 -45
-10 -76
108 290
178 -314
-301 440
-201 32
-288 -204
117 -233
225 1
-487 -5
497 185
81 -31
-396 380
-167 173
-80 -408
-252 481
-88 -486
-464 -223
3 -228
485 381
-220 -278
439 291
-407 -214
332 -207
345 450
174 -416
-413 -284
-427 449
195 68
339 -296
-157 -420
-320 247
462 -290
-290 -177
455 -495
-274 386
-194 230
215 157
291 -387
47 -136
16 394
329 79
10 -405
-265 -110
-199 298
-242 37
444 -465
264 -481
-415 -334
-389 -226
153 68
-188 144
461 -352
-322 -320
-348 -148
489 291
250 -29
5 278
-208 -405
-260 242
366 -171
-480 -164
373 -453
-200 92
-48 326
391 313
158 169
138 232
349 -94
-201 425
-431 -190
375 323
-327 24
-181 47
223 -220
161 -204
411 -53
4 -81
-391 218
-109 3
-267 -37
-198 423
-113 -212
409 454
-455 37
252 182
-379 -113
280 278
370 82
-263 -136
195 -112
-61 -4
340 -467
292 40
462 -20
-361 -78
275 114
-342 497
138 247
-153 -492
-320 -453
319 -104
-411 -199
-230 10
306 -333
-416 408
365 -95
-364 171
-374 121
-247 -155
-399 -160
189 -182
-409 -17
56 353
-383 -337
6 -317
-5 381
1 62
69 -311
-288 -256
-265 -220
166 -265
463 -384
-194 390
296 -272
177 413
-208 46
-221 281
-169 -446
46 0
234 -164
316 315
-425 232
-54 -38
438 357
-127 205
220 335
-140 -270
-164 -105
-115 -472
5 322
-390 -390
-265 -166
-436 -20
374 441
299 173
-243 484
-485 -338
-463 442
130 294
473 -134
-376 -361
124 179
289 418
403 290
-385 -62
-12 30
-361 -211
38 212
-289 -383
-57 -326
491 293
267 -57
283 -45
434 -439
111 -144
-95 -364
-483 -51
-299 -443
500 396
435 72
437 -313
246 -84
-249 171
-481 378
485 400
-92 303
25 -359
326 -112
182 -38
-190 -369
-229 205
64 -4
-483 -243
-76 102
-408 -182
-397 196
-14 307
-188 363
-467 -190
397 160
271 85
1 101
261 151
-156 29
-154 -277
300 214
-398 200
128 287
-47 -114
-279 -257
92 -319
406 361
324 248
-439 24
388 -239
179 -56
-319 -106
-363 236
273 -413
275 -456
57 -185
-424 -393
-464 354
-405 165
-350 -191
364 147
439 -475
466 -356
341 347
5 -18
-332 -111
67 192
-493 -276
-162 -239
-89 -421
-195 -260
5 -431
257 103
417 402
461 429
-242 -256
408 208
-276 112
-410 -345
-390 -116
-233 -203
-153 -256
-190 23
485 -117
84 100
163 392
339 -365
246 73
395 -269
-226 347
183 -340
-404 403
315 131
-109 425
442 187
-154 183
-66 -120
-205 160
-261 47
-178 110
-137 445
4 498
-253 149
15 101
-293 37
20 -208
-489 19
-73 312
-203 -345
-424 170
65 -221
-200 315
-95 -240
-132 48
71 -358
60 441
174 -200
-151 -378
215 -285
142 -270
-343 -244
-447 -375
211 371
-13 442
-11 59
354 234
376 -453
53 213
324 127
-290 -59
-74 226
483 -136
-103 159
-456 51
342 181
126 204
109 -497
-223 -285
471 20
158 -373
294 -199
-260 211
-472 276
-347 -313
-307 -419
-52 -445
-258 121
-219 438
451 -118
-111 -247
-62 222
-85 -404
-297 -65
-250 -170
-274 499
54 -222
-147 -181
110 80
67 -82
-325 241
131 -152
-25 494
189 165
341 -266
-169 -416
-241 -434
63 50
78 -251
-398 -363
116 434
-150 423
-75 197
441 -232
178 -138
150 -476
-327 -423
199 369
-5 408
132 445
-488 326
-412 -151
226 -91
33 460
-21 180
-500 -305
-285 142
-486 487
-353 426
107 413
361 -500
-406 260
200 -289
-251 338
-129 91
96 189
367 278
488 -493
-162 -392
57 -168
-428 189
-224 472
7 88
-382 297
494 -283
-302 -214
-378 -225
451 -437
58 -264
-241 -294
-417 -349
361 319
71 -474
-154 -9
-278 -323
119 464
-441 -392
-94 -48
197 -55
-323 -325
428 67
314 -19
-386 -470
-340 135
291 -480
-345 500
408 -464
452 -251
58 -246
-391 44
-471 -407
442 -227
-145 97
-80 146
-476 -324
-282 -160
5 -24
-494 -67
242 -354
-212 -138
-307 57
257 -17
-297 -96
-492 478
-274 -177
-264 -418
-63 -460
66 422
-442 -489
100 -305
183 -144
-333 -178
-353 309
-395 -298
427 -42
409 4
-413 5
-29 17
216 -157
221 385
245 -107
145 -251
-123 -300
-351 -405
-32 -170
263 -427
-430 170
-27 -25
-450 302
-29 -23
1 -486
-275 -6
350 163
171 424
-47 423
287 -401
-37 -101
400 69
-214 296
-96 365
256 396
-300 -185
-304 -263
-404 229
-174 297
-251 -42
246 -216
-430 167
323 -34
475 311
243 -152
-174 128
-291 306
380 -57
150 -65
-264 -210
343 -304
-194 -116
170 385
344 -424
-3 101
364 97
-256 -407
-414 376
332 -194
422 411
-13 -256
-105 265
458 -262
192 241
20 311
-31 -156
-265 297
-422 235
-241 -272
309 489
81 80
-424 64
94 375
-236 85
-287 251
-65 -17
463 -285
311 -311
-214 483
391 -304
-100 -186
-227 -279
425 -142
-413 -63
189 -364
460 380
234 225
-477 -295
14 -448
-275 -399
-291 -429
439 376
-326 -312
-77 -460
-26 -29
-110 -162
-405 -337
231 124
320 -458
454 248
41 205
-292 -249
238 25
-149 -70
54 309
200 128
307 -20
393 -23
-183 418
-144 -268
-133 239
354 218
-228 26
-104 132
-260 277
425 343
52 -29
240 -57
442 12
-371 224
-309 376
-422 251
267 25
-45 -311
371 -60
35 278
109 199
381 -291
334 -406
-446 -269
-230 87
194 -84
-199 -415
-152 66
467 -446
129 486
15 1
176 -230
-92 339
294 -262
124 -48
113 -361
-132 -323
-268 36
159 -461
101 -263
-59 279
150 213
285 -466
-176 -218
-315 -110
-348 239
261 285
173 137
265 -41
-13 -266
84 -60
33 -11
75 -419
321 -84
277 193
-23 66
-14 -111
-454 -293
431 -180
387 -418
-75 435
114 -100
138 273
-291 -363
109 -437
164 -385
489 -172
318 133
380 381
134 30
83 167
-109 165
360 -309
-460 -163
-365 -327
-89 453
-129 -166
-96 97
461 -114
245 493
284 264
172 245
-143 -431
124 -411
386 202
-355 -177
192 449
330 449
-251 17
236 -86
122 73
-412 -230
355 -105
457 354
395 -385
-358 -306
-466 -477
-285 401
130 -170
-372 -140
-80 -173
270 -36
21 354
405 380
-480 461
489 -305
-469 31
375 -342
174 -473
84 61
-127 -260
271 396
-386 105
-307 487
199 50
273 -330
-135 -362
-237 -220
-224 348
-430 -312
-471 420
82 -349
186 -304
-339 190
-3 -429
-154 421
399 -51
111 -99
-101 253
-308 149
-22 355
368 -260
62 237
-57 394
73 312
-82 -435
-334 -436
155 -241
-427 367
94 -433
471 99
-277 303
114 -345
3 294
133 -39
257 -151
-278 -43
-340 253
-60 405
72 93
39 -355
-229 87
-370 98
-199 318
445 91
210 -466
-357 455
332 -301
-498 464
51 -43
7 173
85 -197
-378 29
370 -492
-174 -222
-235 261
198 154
74 -109
318 293
-10 -460
-14 -313
-384 -447
-422 -408
-353 158
-478 -72
372 374
-274 96
149 487
88 370
-231 310
-409 65
477 -374
236 -382
-477 425
75 -104
36 -218
376 460
129 -344
146 -7
361 246
227 -361
127 487
-286 -241
193 -270
373 -488
-187 34
38 -270
325 95
225 -469
43 210
57 109
-59 80
-441 267
494 318
380 -447
374 -143
28 -362
-398 119
-117 -230
-194 125
325 -347
217 -232
246 -141
132 -391
-32 -300
396 51
-493 367
204 -118
-184 316
-237 335
409 169
-470 -249
-128 -202
-455 67
-416 335
433 -181
0 207
-397 -208
-53 402
-142 -225
-348 -102
139 -377
458 52
129 68
-93 177
-5 -405
70 84
382 -147
-307 -351
165 -443
-459 120
-179 293
-289 286
104 446
94 -377
-265 179
16 126
332 305
480 -199
-272 -253
200 478
441 -275
206 381
190 348
182 -308
342 -303
227 48
-387 84
-195 -186
-212 324
426 -169
163 32
8 338
-452 -392
215 -143
-204 -330
256 251
-191 -398
-3 -340
-255 -179
-348 18
94 15
-418 -335
-39 145
-305 108
384 -407
153 357
-229 -28
-279 -25
-278 -205
306 349
-432 44
74 -180
389 354
205 105
190 -470
-355 -147
-179 385
-493 -440
1 -96
209 238
282 -140
-242 46
-325 -150
476 -108
-191 430
3 -203
-61 168
-295 93
-145 175
172 -137
129 -294
237 -11
-433 122
415 147
-179 328
178 397
280 -176
-389 -310
-182 -368
-118 -289
-340 444
179 420
64 402
-316 71
-199 125
-70 38
-444 -227
129 -340
124 212
76 100
-457 -371
147 240
-268 -66
417 -274
-299 -70
131 -5
-167 -310
50 314
-435 -111
-35 -315
-204 -223
408 342
-153 -242
161 -483
-388 500
307 189
-325 -372
277 -291
-399 195
-26 487
380 100
-145 -7
-269 -450
433 -29
-147 -187
100 55
340 73
-207 423
-473 -492
232 429
93 -452
-205 187
423 267
-268 -145
400 133
406 434
-412 315
-39 -125
408 -455
354 -50
-267 451
-393 -436
-89 -324
-487 -154
-154 -227
33 191
-485 226
444 -15
-85 -50
-4 -448
-416 10
-273 165
408 -464
475 -283
163 -302
65 241
-67 218
474 28
33 350
69 224
72 -220
80 -91
-306 -405
290 325
231 -60
-401 -390
-487 141
89 -162
-105 478
-360 458
-326 492
-232 -387
-320 -236
213 399
-495 415
412 -33
-386 134
-483 -133
318 240
-164 -182
-457 420
443 -175
-321 153
-16 -121
152 -88
-438 466
-21 446
-459 383
-148 158
90 217
60 -131
63 82
444 -170
-311 305
424 83
427 -36
-39 -365
-106 -409
-418 263
-346 258
364 372
-394 377
343 387
19 107
-288 -339
6 298
-373 85
9 282
190 -207
7 138
124 -187
-278 200
-163 -438
-153 74
-69 360
-356 -14
-343 -244
-394 32
189 -315
-394 -298
-336 -333
-42 112
438 -36
-356 40
-371 -448
362 -61
371 -488
341 170
-210 -252
-122 499
486 151
245 119
-164 435
-364 -77
71 330
12 212
18 -137
225 452
104 51
451 -435
409 326
-265 165
435 -313
-221 188
193 476
-323 -275
-60 -393
220 -146
341 393
224 338
-57 207
-445 -182
-494 461
167 461
92 494
114 -483
-105 -337
-455 126
-90 80
244 -44
-459 246
444 219
494 -357
429 409
108 -37
-436 -99
205 -103
-459 -112
36 99
-181 -76
-296 -312
439 -445
174 -442
58 124
138 -158
-485 -293
-20 23
466 321
464 440
-384 -261
475 405
266 -91
98 -100
161 213
-419 -205
-401 316
39 -36
49 -305
-43 -1
-207 -299
487 -261
162 184
194 -283
-419 -299
169 237
-258 -415
-273 -92
-484 -386
463 -67
-147 -234
-437 -445
-307 -246
-497 -298
-387 -326
-346 204
229 43
350 346
-352 -31
396 485
-144 361
-129 -284
409 162
-377 393
-27 243
378 242
-65 -344
149 -478
-190 -12
-174 416
-10 -475
167 -151
-280 17
464 -383
-413 -148
-146 -190
-160 345
251 -233
-12 -117
53 -466
-376 -335
330 145
-20 67
-291 323
232 -293
258 -124
203 -285
266 -250
-388 -229
-2 333
-196 -397
453 -173
357 -482
342 466
304 -492
358 -160
200 308
221 61
-111 34
238 -408
494 -213
-495 102
-428 215
-91 -214
416 247
165 376
390 361
-205 470
361 395
258 68
-156 187
-413 315
470 -335
-180 -479
-115 -492
-374 -500
-256 -390
-481 479
47 -451
38 -77
221 -211
-141 -420
-144 309
-300 340
-210 -24
-302 82
139 -45
-197 308
-187 185
210 198
-368 -117
-328 -295
-478 -36
-36 -485
-403 381
271 461
-299 -273
268 500
255 34
-414 -476
2 -447
33 -368
322 384
218 -222
199 -163
-380 -233
-172 247
-402 -202
37 -469
201 -362
156 214
58 -349
-412 -478
283 185
-75 -238
-345 247
459 -52
442 322
276 -397
-252 177
20 -259
373 -331
71 -291
274 225
192 -427
229 -161
211 179
352 58
213 -153
-49 -275
-20 250
267 329
392 197
444 387
-499 -250
-314 -427
-109 -253
262 -367
-32 377
478 -460
287 -252
-50 -267
131 -320
-229 -147
-215 -408
341 -433
461 410
5 86
301 -71
-435 198
423 -109
320 433
274 82
316 -410
216 75
-279 -401
357 459
357 -198
-392 276
366 -177
333 -42
-498 218
215 -468
291 -155
82 -366
259 -411
229 471
54 -298
-442 -344
-366 310
255 305
-239 -488
337 -414
-361 -264
230 -460
-451 -468
56 320
-229 492
-214 143
456 -194
-435 303
-71 -479
-272 -381
-231 -139
409 -257
394 -334
-206 43
-468 18
-236 -2
175 -97
380 -23
427 -375
439 227
-193 -246
472 -172
394 -87
-220 88
-395 305
-394 121
-360 -498
-148 -296
-92 367
153 330
-3 80
2 -458
-198 -441
41 -119
-182 82
-183 -250
-249 398
384 328
-262 42
-119 334
-173 -411
-466 441
-199 149
284 487
-383 -142
-120 -433
75 242
-425 -48
-31 -122
-299 187
98 124
-389 -88
-326 -136
395 -398
-233 -210
-128 -153
113 -438
-156 391
492 -8
215 149
-235 435
-325 -114
-274 -12
474 -208
403 332
-213 203
207 138
-73 -351
500 423
57 -383
404 -210
-161 31
-148 -32
-326 117
-35 -81
458 301
281 45
-281 113
77 221
-228 485
-477 329
444 -345
123 -449
296 -300
71 -88
-354 131
-234 182
-444 -242
444 243
240 -401
5 390
356 -301
-78 81
143 -218
-178 -319
-242 -45
-303 13
-490 296
-444 -417
-232 266
84 115
-443 331
303 -259
392 299
116 -72
-385 77
-69 -23
-2 278
-264 -478
-296 161
-176 289
-114 370
327 205
-81 214
-183 -451
-458 -144
-193 -331
-231 119
-2 -21
-43 310
161 -99
166 492
450 -479
-310 -324
312 -90
-106 228
-110 -76
-247 376
475 -46
-201 -383
198 432
350 -160
145 33
8 20
13 88
191 117
116 -339
328 98
-253 -322
-205 -69
-44 288
-146 62
459 316
438 420
37 -75
465 -97
145 176
-441 -447
-262 396
222 -35
-299 134
470 -495
395 324
-411 306
197 -32
123 -40
105 6
-239 -492
-325 -348
-86 497
-58 136
489 -224
-477 -317
-92 -387
-88 -250
82 -282
-413 337
395 389
420 -267
87 -482
412 -167
182 138
-489 -172
-407 -346
-14 283
-471 90
-57 -438
-277 256
497 395
-104 260
-421 201
-1 303
272 -172
196 -170
298 177
9 201
60 -151
-301 -453
-419 203
490 -411
-354 -7
162 258
-372 47
393 31
304 478
333 322
-89 327
-217 -405
375 -497
466 -482
442 325
-402 97
396 -306
134 32
499 410
445 380
372 24
-259 -340
-497 243
498 384
184 32
-155 -239
-192 -287
-381 -465
-2 296
156 -494
-319 -204
192 -386
-29 -217
-96 -102
306 312
-176 -245
341 -21
349 -100
-496 -1
-406 111
-494 -304
-445 -348
187 -100
-114 -139
116 -469
-432 -142
318 250
-136 112
-347 108
133 46
-21 -269
-140 189
114 390
-187 -111
-188 40
-159 -329
-423 456
210 -315
-325 55
263 -436
148 122
384 -380
119 368
-29 217
-194 253
-226 496
-417 -393
335 -325
46 438
-411 -225
13 463
-320 456
-121 -254
98 -206
308 -261
95 227
-476 1
-96 -28
95 95
285 93
-48 480
243 161
-390 -428
6 450
-390 486
445 216
-62 124
-429 -360
167 -374
348 207
-306 -169
-156 -244
-475 -360
465 -464
297 178
114 284
-169 -497
105 299
-244 -160
-274 -276
8 178
0 -365
-144 -314
-386 70
267 -187
58 -275
-42 451
-77 0
225 -217
-125 414
-395 -71
-331 81
200 -400
290 -240
-172 454
457 263
-32 216
-418 -243
496 -375
-162 316
-180 198
356 315
-450 478
287 374
289 -339
446 99
-150 51
-141 87
-77 7
80 303
-122 -119
78 -332
279 -131
420 242
289 -155
220 447
-455 94
288 -280
-20 382
-419 -244
-377 -302
-147 170
156 -187
476 -123
301 -366
-11 54
-467 455
-237 -197
-164 453
-348 -171
-366 -234
-494 51
-458 -28
-391 -75
118 -8
-331 -409
375 321
242 -153
312 138
438 153
-80 405
-450 423
-380 -348
-362 231
-422 423
-99 -215
78 337
-37 -303
261 -353
-386 456
-381 434
-39 361
355 -10
262 -439
383 91
-466 -466
348 -345
222 -169
-148 452
-295 -116
15 -105
45 -172
124 -298
148 -210
445 410
-430 18
-161 -178
-361 -398
404 24
479 -58
-86 -85
109 -488
-40 -154
-98 124
-410 468
-396 -176
-82 47
184 165
472 23
481 -132
-368 228
-211 183
259 79
174 408
165 -237
-474 -338
-380 82
-275 21
-235 -359
379 389
391 -310
241 177
224 -30
-252 -220
288 496
-105 23
255 -271
104 307
-161 -200
257 -465
-160 -278
-129 -87
47 173
-3 328
118 -193
11 -66
292 -90
220 94
369 -335
432 -478
311 303
-104 225
24 380
-311 -382
499 207
126 432
386 -425
133 21
419 124
-450 -70
-112 305
197 -227
-428 226
-317 -334
-215 27
325 459
-439 309
-132 -144
21 -45
-127 402
181 85
-69 -204
-454 -106
-83 125
-51 -358
-105 183
-498 -349
217 432
-386 481
438 -242
-136 344
274 -293
168 235
-179 133
282 -321
398 362
-127 441
-28 -253
-318 264
-171 -85
-75 62
169 420
-247 -21
-423 -11
-48 193
-312 -181
-290 -328
-347 113
72 -22
-487 -317
260 -170
223 -174
335 -18
-27 254
-95 183
116 88
458 -82
365 213
481 -93
293 205
-325 222
85 -171
291 -347
-45 -132
-205 303
107 271
95 432
-256 -433
406 -90
0 250
353 158
218 225
303 -398
126 109
-322 445
75 401
-341 -352
-120 -376
-375 372
-109 367
492 -215
168 191
326 -420
344 -468
267 429
-234 454
-316 -26
-164 -114
436 55
473 -302
-84 -109
5 104
226 -59
270 -288
468 334
493 -148
-5 -389
204 -484
-485 341
-271 165
258 360
244 -156
469 52
-22 -456
218 -380
-99 13
-337 172
-201 193
-362 332
-481 221
253 -84
262 426
-422 -83
-442 -32
387 486
-50 -363
322 390
280 -123
28 171
330 -434
173 -480
206 -311
-413 -268
185 -117
-425 317
-471 -351
195 -344
-70 386
268 -309
-28 333
-65 -186
-200 104
-427 396
-233 -221
292 -208
-309 -238
-62 -67
-356 -242
334 388
81 34
434 -319
497 -46
-228 -378
-81 166
279 385
368 -317
225 460
3 -245
-391 105
79 376
-230 346
321 -22
250 -452
-457 473
352 326
-192 -140
44 -344
-361 473
291 109
154 314
-377 -63
24 177
336 -221
346 -194
-104 127
-343 33
62 75
242 204
-44 -218
-65 436
-354 -354
10 334
-273 361
-379 -372
-253 147
20 378
188 79
-60 -142
352 -500
-199 -102
401 415
433 -297
293 156
354 173
70 -50
-219 -194
-235 -138
469 275
-311 -451
-415 -158
425 53
-239 97
-153 211
65 -5
393 -491
160 66
211 -217
-164 356
-15 66
139 102
20 120
287 243
-209 -429
244 -394
-249 400
23 -35
-51 429
349 -135
-331 385
54 454
396 -423
-66 -169
-403 32
-132 -111
-292 47
-237 296
-404 213
-38 431
150 -101
-75 -166
186 32
-223 -489
28 -132
175 -491
-51 -219
83 -20
1 292
-198 -434
-96 -54
41 -294
-24 469
-482 -240
68 -222
-17 -126
-306 -417
34 -342
355 -418
-374 211
140 495
-200 -398
-328 64
116 -170
-452 -59
365 97
23 497
463 327
-309 -309
101 441
460 -199
-388 -382
-371 -323
-285 -470
317 307
335 -222
-384 495
-245 392
-163 161
-372 353
-377 141
-19 284
279 200
204 -55
108 307
-397 335
-382 -119
316 -327
121 420
-157 -355
25 98
175 266
29 161
412 -443
-7 229
-162 344
-338 495
208 -109
-390 3
-306 -94
-162 -186
-231 -351
44 -14
139 379
-163 -77
-486 403
265 -471
2 320
-431 -390
227 -2
153 63
-372 -69
-494 285
-109 -174
489 -325
83 -15
-366 303
326 -106
319 -121
-305 -307
164 -424
242 91
-407 103
123 165
40 303
-223 -303
312 39
270 -280
440 -395
457 105
-108 175
-324 -35
94 56
341 -231
48 227
117 -179
-122 366
-425 314
179 -265
75 341
190 -120
-280 -400
-67 -376
415 15
260 -9
-124 -200
2 -418
-142 389
-500 236
-126 -43
172 361
386 -433
-340 17
-433 -467
484 -166
-46 -317
411 228
218 -483
484 -301
-36 156
331 -259
309 110
-439 -110
326 -84
-346 -4
-39 -134
-216 100
-313 -167
-462 -343
-363 68
-24 307
-298 -345
-307 -74
493 369
-106 67
-373 -58
-304 -356
-45 -418
-324 -123
291 414
-250 264
245 -11
97 432
-89 -312
89 -385
439 11
455 -29
203 -303
-341 64
-434 291
-259 -366
-372 -246
229 -337
-287 -388
1 -320
401 355
-72 450
252 -188
403 -351
-453 365
-313 -233
-385 447
-218 -163
182 -189
492 180
204 458
229 121
-104 -29
165 46
338 -15
325 -70
222 437
-407 -438
128 311
400 -302
212 99
-229 316
472 -458
194 207
-64 -78
-471 498
368 328
-215 -291
-150 -139
288 -15
2 226
-447 -112
-426 449
349 412
209 431
-337 87
-64 17
302 -242
358 452
-191 328
295 483
-315 78
404 -295
-231 328
23 -375
-37 176
259 125
287 -346
247 29
-116 196
-404 176
299 -416
37 -85
-96 424
320 -427
-152 379
-259 -387
255 212
-340 392
1 -228
372 163
16 242
477 315
-13 -301
402 -151
71 83
6 -85
39 382
-379 52
-16 49
434 -266
-426 -151
94 -133
32 -359
-275 -299
-485 253
-396 -200
190 -353
-474 41
435 -208
-131 356
-164 447
-205 389
-115 144
180 -250
-373 324
359 65
172 178
-46 152
-98 -42
365 -310
253 271
-230 -248
166 348
-228 345
-37 -170
203 -318
-4 461
248 -299
-454 -454
480 -256
-134 -308
179 422
216 16
291 -313
143 -458
-146 -470
350 189
229 372
-496 -499
103 -423
-144 355
472 -464
395 176
-475 82
375 355
9 -399
-436 -339
336 -267
443 -17
-449 494
271 -23
-205 260
-442 -470
217 -177
-19 -420
328 -402
414 391
398 286
183 -262
-78 426
290 136
-193 300
72 28
-189 -322
30 237
388 -109
-212 -266
77 -200
-105 -81
113 460
455 -413
309 -279
211 -367
321 -245
-307 376
12 -489
27 -168
-269 8
345 487
-376 -78
-29 187
-119 -27
-10 -45
434 -365
220 126
-483 -393
-43 202
-337 -269
486 24
447 298
434 426
385 302
297 -325
286 -234
478 316
65 -16
40 -203
-403 -154
265 46
123 -392
205 227
78 -1
313 418
35 118
-247 -109
133 -369
-68 -397
-396 90
-90 -258
423 58
132 -161
213 -235
-294 162
497 262
-452 -132
135 -313
-467 494
-35 66
220 235
-218 387
-499 -181
-96 36
-91 -459
364 341
-268 235
385 -450
-384 -219
249 -427
-113 282
-138 -257
330 189
-286 22
-243 217
343 -419
-355 121
374 455
25 79
-473 158
295 437
393 -65
400 -252
-326 -373
493 -191
-252 -367
160 -8
-357 497
-349 -224
5 52
-90 -53
435 -156
374 74
306 246
-183 -455
171 403
-116 347
-268 -123
218 -163
28 -487
-500 239
243 122
410 -229
352 429
96 -49
375 257
-438 190
110 -207
-378 83
-349 101
391 -350
-485 97
105 226
-248 90
274 -125
-134 392
-112 316
495 55
93 3
288 -181
220 -245
-117 -179
117 -340
180 307
-329 -314
-22 479
106 319
89 -306
348 18
-162 458
256 229
-19 349
463 154
450 -250
251 128
199 369
-334 -304
-214 266
-163 362
-12 157
-410 -421
-300 -400
-210 192
-123 -64
-89 -471
-117 145
-457 139
445 70
103 -265
-277 -22
43 421
450 226
-315 21
213 411
136 463
138 -45
-143 -374
417 393
121 -442
-486 7
-295 366
-307 10
315 -327
460 169
-329 4
-361 458
481 270
318 413
198 77
347 -212
240 204
384 -168
-176 -1
-314 203
-96 9
-27 26
285 -145
298 299
-424 -135
257 136
-97 267
-183 33
-431 -1
413 432
-208 135
196 -72
-233 354
-363 276
451 -434
12 -7
-298 264
-108 -64
338 83
240 204
-191 -100
-153 44
-133 -213
35 -403
159 435
-87 -155
-305 -132
175 336
-168 267
-457 201
331 -407
-394 255
371 -138
-68 309
74 -372
421 -219
-387 328
288 349
-78 145
215 -2
76 -57
-244 -30
452 -343
291 98
33 -497
16 -57
-48 486
182 -425
-22 -417
280 366
-360 122
90 -245
-230 -286
208 141
272 -30
64 -257
250 204
401 414
-417 329
247 132
148 -156
285 55
190 269
-133 258
-479 172
-500 -221
70 -51
118 2
-299 224
348 25
-238 223
415 -389
244 202
180 203
480 -206
-427 416
-449 8
-373 -415
-164 -127
-361 260
76 -69
-361 -164
402 -437
67 -249
-130 89
-249 -239
429 375
-328 414
-141 -136
247 -195
-357 -212
307 148
126 319
134 -292
-309 -106
-430 336
481 -469
-247 351
28 294
-440 135
435 241
-410 36
315 -389
-37 197
222 291
-330 -355
92 -42
-311 425
-183 -433
227 306
-123 -423
373 -275
406 122
315 -85
224 101
43 168
313 -6
422 -389
294 161
185 364
-380 -149
-387 -250
369 -213
264 -218
-12 143
115 353
157 -151
-134 258
397 117
-120 5
-128 186
-439 396
216 278
-341 -52
409 21
-91 -337
-314 318
-482 -386
-249 238
-254 315
81 349
-492 265
85 18
103 -487
-406 87
269 -419
-127 -270
361 -90
-14 -111
327 -341
-239 -494
354 -207
131 145
-19 -455
343 -203
-58 410
-333 -367
401 -394
-102 432
-175 262
-384 -347
405 -390
213 464
-136 115
-319 -303
-81 74
109 493
369 10
-198 194
-240 200
-282 -269
66 257
-293 -26
47 66
348 -414
490 68
133 -321
-180 322
-184 19
-194 183
-396 24
-427 -23
326 471
48 -208
-112 153
-402 174
212 -172
208 -140
-85 242
223 -314
-402 -221
-138 -413
443 -123
-184 378
182 94
397 -177
-264 29
296 272
-29 -419
-283 -151
459 69
-375 -160
-270 -174
-121 176
472 364
16 407
289 -319
162 419
48 313
404 -269
458 -377
-57 -49
7 -183
52 322
-248 218
-334 198
-315 -493
242 446
186 -402
-439 -213
106 324
201 -108
-220 -65
101 455
119 -218
-360 -486
-138 -157
-101 -225
60 231
-478 427
-243 -297
-76 -367
-343 -277
206 410
158 -359
-416 -81
37 -441
-17 -425
201 -200
175 -250
377 94
264 -447
461 202
-271 33
-209 -463
-297 -402
-430 89
-357 -496
35 219
-373 388
-431 -130
11 208
220 -301
384 -265
311 -240
-345 58
-353 113
441 42
-183 148
339 -265
77 -216
45 104
405 -105
-122 444
81 -246
-150 -352
-130 86
365 20
67 128
-263 423
-25 239
-415 449
-67 353
275 493
460 281
265 -274
-361 296
255 -13
-253 -139
486 -431
-10 -153
45 428
-8 62
339 496
31 423
-326 380
-369 -135
-216 -184
-32 430
-414 -443
-295 -1
19 -490
283 233
257 -281
480 -62
-275 178
-105 182
180 423
-30 -486
-337 396
-377 478
-185 -264
-195 213
23 -368
159 -254
-453 -53
-351 410
-130 297
-76 78
424 415
-341 -498
-397 192
499 412
-201 -61
341 -40
88 -138
133 -40
-421 280
-335 481
-332 -115
209 149
-208 -298
194 395
278 214
188 -460
416 416
-396 -121
-414 -288
-334 270
-495 371
-428 -131
59 145
188 -270
281 -38
265 -23
26 498
-425 294
187 -413
-368 -70
-259 -62
314 361
386 -309
306 -191
-327 -121
-218 -399
64 -18
109 28
295 -210
199 291
-130 34
-254 -152
413 407
-242 -59
404 248
231 317
-251 -235
343 -111
262 -278
-306 -59
-405 232
401 133
-234 -221
461 159
-372 -491
-256 -428
93 314
-42 -261
-239 57
335 121
497 -27
-231 -329
244 -125
317 321
-367 239
-31 96
242 139
496 -99
-479 -498
431 -46
-22 -267
348 -396
-423 95
15 -172
-404 -358
456 189
-21 -183
136 345
-197 218
-66 229
-248 -287
-247 413
-17 -421
-406 392
-24 25
-187 -271
19 -496
260 -396
-56 -161
453 116
426 178
404 17
-65 -123
-395 -69
-175 101
-87 203
80 -483
57 99
-362 -54
-342 235
93 91
230 -422
-409 40
-231 0
255 256
-296 -344
-73 411
61 275
190 475
308 -325
-26 -258
229 -77
111 -209
-232 -389
410 -94
-8 -310
407 -53
424 199
-494 171
73 -279
199 -40
56 24
89 93
399 -90
-151 478
-292 -55
-400 -448
399 -253
-39 -75
-422 129
-468 356
341 -257
-349 -303
-492 167
-291 -263
473 255
-493 -399
-490 234
432 -203
-122 -478
-234 372
495 -246
-66 -103
-351 136
-158 265
-149 159
304 390
-123 -343
357 365
53 -123
285 79
-58 -139
322 189
-151 342
293 -145
-217 419
392 258
-436 -7
-218 446
41 -175
-121 -206
-297 306
55 13
-336 307
259 -128
-49 -97
214 -370
-487 497
146 45
-201 -309
-146 326
263 -326
176 391
112 -1
-416 -109
350 44
-113 -384
157 -142
208 235
-77 266
-159 -433
34 -9
390 198
-84 310
291 405
-446 -372
-460 9
250 -451
-391 -443
229 77
-319 -423
23 -121
-399 309
-251 -399
-340 -201
76 -256
500 363
-100 -315
26 347
-376 -283
493 129
88 489
44 -378
458 -383
-421 182
-138 276
-97 -40
-237 364
-386 -415
-287 -156
-31 -330
-315 -18
-402 110
-303 415
-61 -144
354 -255
-368 382
197 -70
-402 79
337 289
281 -83
61 -162
16 122
348 -242
85 -102
88 437
366 -406
-416 366
-22 414
102 -252
110 -60
-26 343
294 225
-318 -486
-56 -441
456 -444
421 15
500 -466
-430 405
409 296
-104 55
-182 471
-339 -479
-463 -205
-397 467
-3 152
-91 -290
-58 -292
-309 287
373 87
-59 -361
304 -342
436 -26
248 -422
271 -354
24 448
337 -271
-105 420
426 72
455 -327
79 -76
-356 -338
-445 132
238 53
380 -42
-207 -462
-289 -149
227 235
-159 285
388 -318
-91 -298
-410 284
-29 -20
-320 -131
439 -26
176 -137
305 -1
-30 -471
-386 -98
-420 156
-142 409
-314 145
-239 -102
405 258
208 43
-401 -159
357 -27
104 -494
-432 -52
-84 -423
-74 124
382 -469
-271 -450
-293 -422
-421 32
348 304
384 -24
-158 258
-259 445
258 -287
135 20
325 -272
309 -489
-423 377
-432 402
-210 485
-160 228
-93 354
432 -114
146 415
-86 132
484 -130
366 311
-470 92
376 -411
-184 206
-278 495
233 318
-84 345
-143 64
-471 -489
-495 -444
256 -113
113 -345
-293 -452
-10 -150
206 -415
-133 -348
260 459
-142 33
-77 -59
-250 209
358 62
67 -255
-276 -315
228 -2
-190 47
-17 -257
-91 -175
391 -201
422 49
46 217
-222 -312
94 421
-111 106
-452 -359
-347 329
285 49
281 113
412 376
-484 -251
-402 202
-193 14
-184 37
-51 -237
26 270
-148 -90
-291 -407
-186 406
-268 267
111 134
126 69
3 -123
-311 366
-38 60
351 -4
-134 -47
18 474
458 -271
352 -366
-279 456
70 -135
256 456
-17 172
-446 -441
-120 -479
-462 49
-220 -247
-194 454
-244 -282
-3 -247
-229 79
-410 -270
122 446
-78 -190
227 -56
350 -312
-446 -436
-289 277
-33 119
94 -327
-426 -62
-198 44
-436 278
-273 205
-229 -6
-149 -482
-155 -65
-394 -482
-206 -421
-111 31
242 -393
-404 167
147 -140
-84 -370
-168 351
7 288
458 -270
150 389
-467 -275
2 -483
251 237
256 -318
392 69
-230 74
-232 -491
-221 -176
392 -435
399 237
122 458
-135 -345
-468 446
-483 -155
-499 -64
26 -428
-313 -200
90 -194
-80 292
-347 -230
-291 -59
126 -187
-205 -258
-176 126
-431 427
401 408
-479 -354
-128 70
423 -455
169 -290
-250 114
393 413
406 306
-482 -99
124 -247
96 18
162 270
383 201
67 -439
51 150
-16 228
-176 229
186 357
-234 445
59 228
-113 -279
454 19
-240 41
463 110
-462 73
273 -103
453 -208
472 -231
476 163
93 322
-113 -145
219 293
329 -238
-340 -196
-498 279
-166 -160
-18 -97
393 -473
-12 422
-113 -238
456 94
-460 -252
278 440
9 -277
-182 -220
6 197
78 -111
-231 300
-36 101
-30 -17
208 -313
385 325
44 -63
230 404
-114 480
225 -42
289 250
-47 35
326 352
-201 -292
-256 -157
-234 -190
341 223
186 -429
135 -47
-100 153
375 231
413 -453
251 -101
18 280
-101 473
327 -95
-479 104
-98 332
-3 -220
454 -283
-223 93
326 405
-2 -190
-458 198
69 -245
-419 -280
125 146
14 317
-61 -344
36 253
-428 394
-115 279
400 -470
362 479
-485 203
-114 -61
-11 -282
-470 -209
-450 -32
414 -477
-201 -16
192 270
240 -256
114 -71
485 71
320 -87
485 -280
-364 116
12 -402
-92 402
198 -390
-448 158
-389 347
77 -387
-261 141
-332 -309
469 -414
-465 -463
-259 334
-286 -351
-412 183
-471 -185
-89 -297
445 -410
233 -362
-330 -455
-313 14
79 -283
-500 -126
167 -122
293 221
-337 88
462 240
-418 -208
-330 -476
180 293
-256 430
-82 121
496 -220
-13 54
-378 -170
-396 212
-416 399
207 209
-438 115
494 -101
456 341
193 118
-375 424
-359 -91
265 -342
-227 -14
445 222
-134 -316
34 -199
-284 -42
246 52
318 -361
-90 379
82 379
35 -476
159 -441
423 196
-336 469
319 377
-175 295
-103 47
-106 145
-34 219
-148 222
-249 11
-33 -416
-61 190
21 308
284 193
-427 -318
83 -70
-288 -181
453 170
282 -124
-18 77
-189 -185
-209 310
5 -257
-448 -121
-451 279
188 -107
-192 -247
-141 261
423 -449
427 -483
57 228
-62 259
259 202
35 -371
159 -300
350 429
446 485
-167 47
-127 280
-498 155
-430 -30
422 -331
-450 483
-454 432
-82 69
144 44
-77 -306
-22 433
-215 142
-148 -448
213 333
55 412
-475 384
422 24
-101 383
18 -282
-21 74
388 -138
126 -243
167 -93
-434 -149
266 -262
253 50
445 -61
232 -291
146 118
459 367
368 227
-146 -433
7 56
386 423
-152 462
474 -329
-352 400
-24 -215
309 256
-230 -272
-292 259
419 -136
9 -228
70 357
230 155
257 -178
-42 369
446 14
-280 357
-488 230
-384 101
483 67
490 336
37 -416
118 -297
458 399
-337 367
15 -49
463 129
-78 -92
320 248
49 -475
-283 173
-445 -493
-446 482
-305 54
-197 -33
-460 -403
392 432
-223 -301
-109 -45
222 25
-29 437
467 117
-491 -409
-445 -222
-348 364
112 176
178 186
60 435
232 -102
-15 371
388 -283
-393 -84
362 476
124 -358
219 346
-234 92
299 247
497 355
307 -368
-194 275
-337 -72
-163 -480
-152 6
-67 -74
-160 -219
-257 177
-138 -60
-346 311
1 -86
272 -403
-282 -300
51 -81
-342 15
-409 -458
175 97
440 215
119 148
-167 33
-50 -421
384 263
164 236
115 -366
-153 172
-250 16
-176 -374
-372 -272
289 -246
91 -98
498 66
361 -310
-492 490
171 -389
354 76
242 263
190 -251
320 -102
101 138
-492 56
-422 217
-33 -100
315 172
90 -313
63 243
-163 -82
400 351
-203 483
91 -327
472 -155
-406 -115
-375 456
-121 -420
391 200
-223 97
-388 286
427 -357
-492 451
481 435
237 -167
-303 -27
-180 -426
491 -376
-467 93
413 -498
-203 -30
444 173
-251 -157
441 -141
-396 -381
109 -91
-25 210
-21 340
87 -344
195 -385
410 -32
168 369
102 72
307 -240
345 177
-282 -237
25 384
298 -340
320 280
-337 -461
-431 -420
-468 -381
-492 487
286 444
-7 437
-155 -16
-45 328
-105 -91
-245 -494
68 86
189 -414
487 -347
394 305
-341 447
220 -426
-66 -281
305 -97
281 175
110 -430
-151 219
415 264
-378 305
-455 -93
25 -60
65 -494
107 336
-29 -279
208 159
361 -82
333 139
288 287
-196 67
250 -399
-237 -396
-211 -139
373 -301
-435 -149
395 406
-138 -201
419 316
-181 305
128 -250
-76 -181
335 55
64 276
-190 -322
57 214
-413 -272
260 26
-291 166
-282 207
441 128
193 -317
45 121
357 -58
363 220
-210 -289
477 6
497 378
117 -496
-25 -109
199 -388
-49 411
390 -12
-309 -422
465 -495
183 34
151 408
451 492
-342 300
-69 -490
-161 -302
130 -297
202 -316
327 -383
-205 145
80 210
346 -111
-207 299
408 354
14 32
-243 122
-387 -250
307 119
-213 494
41 -3
-83 -48
355 16
378 184
-208 -15
-152 50
-224 -466
-392 204
401 -379
-58 -200
202 209
-404 319
433 167
45 3
-270 -266
-434 -109
160 -209
239 336
196 -481
-415 -375
-135 -264
451 76
252 -476
55 488
469 -425
-119 1
-331 -280
-219 -188
-110 -130
376 74
212 -179
52 105
310 -141
245 -91
-196 194
132 398
332 170
366 -35
350 -473
216 368
234 -313
22 -475
485 81
-4 -138
-103 41
-198 187
-68 -122
-415 -426
226 -185
358 -156
-169 89
-63 328
217 356
184 263
-120 -357
-221 488
-168 -64
160 66
-290 284
-462 -73
203 -136
-471 88
-61 -401
-213 -379
3 5
146 -283
96 500
-451 -15
491 -267
185 249
157 187
-21 462
253 -262
28 -432
6 228
491 -393
-378 62
407 -258
-168 -26
-194 -192
-38 262
66 -384
320 -113
180 187
-31 66
5 -48
-278 -105
-4 394
-234 -378
-11 -445
-292 29
-230 122
454 42
-485 191
-193 253
-372 123
332 85
144 -34
-315 372
378 -451
-386 291
104 113
400 -150
308 -149
63 90
-455 393
-78 -441
-227 -160
-177 -205
-36 -474
195 -447
208 -83
241 -145
-442 -178
436 29
-413 138
111 -13
-271 -107
302 -136
421 -391
-78 -95
-123 34
105 -324
442 -466
95 -355
-409 79
-5 -190
-137 0
-422 -290
334 -389
-200 204
-365 33
-405 -484
-134 -408
-133 61
158 -389
43 -270
372 282
209 -145
40 163
212 -289
189 103
-75 -151
454 374
126 -433
-45 -234
-486 -217
235 -363
-311 261
327 -429
-170 435
-443 176
-30 247
392 -59
76 -467
343 -222
97 -472
401 -367
-425 350
-139 482
-185 406
-348 -156
-292 -376
-138 -347
494 -2
215 -352
103 462
305 -75
-448 -104
-360 365
298 -16
95 -428
-457 -392
387 329
33 233
-32 205
-239 207
246 373
-283 -408
-54 -417
335 424
497 -373
485 9
-61 182
295 316
-274 -186
-359 -46
-32 177
255 152
-352 -257
-70 -372
134 -413
163 -34
410 111
-340 -303
-188 -243
-365 179
-99 113
-74 354
397 -7
-485 249
-486 299
140 269
394 -260
446 -227
77 -107
383 -159
103 491
-451 261
-366 44
-446 -182
107 -127
122 475
29 441
328 110
-208 -320
-499 139
-215 -140
228 497
418 -37
-239 137
384 -274
-384 204
93 392
-212 168
172 436
357 -127
-185 388
-466 -327
265 113
393 290
145 -381
-355 -121
101 -313
-490 -444
353 285
271 398
-282 155
-328 -390
458 117
317 307
112 130
-95 437
-451 268
-334 360
-287 -335
-29 -388
-432 23
313 -167
-334 476
-1 -244
83 -195
164 -470
305 218
-83 259
-269 -169
-211 -176
-483 -298
192 -341
-91 204
214 -461
-252 124
-374 8
455 71
470 -275
-402 -301
384 274
-43 -12
70 342
-451 -212
185 -173
310 -379
-362 -253
257 -256
-360 -100
-124 219
-106 315
-79 -329
-413 236
121 -273
-466 -263
314 -396
-350 -433
346 248
84 -485
110 417
380 5
-50 -449
-139 390
289 -208
275 -429
-164 221
-9 -81
-230 344
-375 -352
279 441
283 234
-149 -40
-474 -142
-468 282
211 174
-465 -336
301 -134
-432 312
-428 225
493 125
-116 437
110 -34
-258 -471
-330 -135
-180 208
-456 448
-338 292
279 358
223 -128
483 29
-233 -398
-274 -96
-129 -208
-399 -60
-65 394
-352 188
-61 -437
-278 -109
-391 -70
-380 -396
161 339
465 -267
-14 315
-393 -37
-123 -436
-365 -425
-352 -323
273 -48
-456 -144
101 26
276 97
424 481
-16 190
-34 -448
269 -368
-42 489
-440 171
-395 118
-284 67
-165 -168
375 392
-428 167
-100 -117
129 -484
332 314
62 -62
460 67
479 -142
137 375
-93 143
-313 -391
148 187
453 -16
-335 -75
1 -162
56 167
405 346
-170 42
-479 295
435 -139
15 -370
483 331
19 450
-54 283
51 68
149 -344
-232 264
316 192
-18 371
236 -92
-369 -164
123 121
-200 154
487 44
73 -459
463 -99
-313 -177
-373 -348
-483 356
238 -388
-362 -71
356 -301
217 -318
127 136
86 -325
-166 233
-217 -72
317 -391
-1 -337
438 87
-383 -282
-288 162
-368 -35
282 297
480 -148
-486 276
137 -397
212 -195
430 475
-450 38
-146 135
152 481
-267 -77
221 -463
351 -329
117 -121
297 -159
196 72
-150 192
-135 351
-278 426
-155 345
80 -30
33 357
-64 -74
492 38
304 215
-277 -115
-84 -383
-262 303
-320 363
-476 281
-296 -303
-2 132
169 309
-166 173
-376 253
-295 432
271 291
-104 -28
-27 -415
-40 249
302 280
214 -161
-108 148
273 53
-252 13
152 -266
-394 469
329 291
-85 268
414 194
484 434
388 229
34 -133
-172 -52
1 -389
-491 200
458 101
-416 -320
274 -188
-230 396
404 -108
401 498
233 295
19 322
180 -475
-454 317
-193 379
-419 114
410 252
-405 -82
396 -207
-138 494
259 -348
420 -412
466 -375
-275 56
-159 281
-339 -491
161 251
477 271
106 -121
246 104
85 -468
12 250
-309 269
-418 -212
-180 283
-403 -364
195 373
-252 131
-302 332
394 210
-390 457
-489 107
144 -190
-411 187
70 148
218 -259
-315 158
-473 -124
309 303
485 230
300 133
265 -224
-220 -431
408 345
-75 14
374 247
212 178
87 272
-290 304
378 385
-413 334
432 356
-375 -167
268 -383
-74 -417
403 68
274 -222
98 -98
-338 11
248 433
-467 -321
308 258
-182 182
-41 194
222 420
224 417
-392 -364
354 -403
299 -42
-23 299
364 -20
55 -430
138 -306
-161 490
-475 35
151 -68
177 -251
-63 -52
411 196
420 -84
58 310
0 396
65 -204
448 88
-175 -362
-216 452
-74 112
215 -399
-25 227
478 -229
394 -227
-234 346
-60 460
222 -214
-483 -180
196 -405
116 -407
-77 370
34 125
47 89
-386 -135
233 256
12 -267
116 -480
466 -271
-45 -326
4 25
267 -495
-409 -284
-42 -427
147 -109
128 -41
-314 -336
-392 -202
-78 410
216 -38
274 337
-61 76
-406 -219
-165 -33
-167 -98
77 -259
132 -241
406 -391
-165 100
473 -97
334 -333
253 -426
469 -139
-329 -409
-230 337
117 -368
32 182
217 -302
485 -156
-256 -186
85 396
-430 221
280 -495
-393 227
-186 -79
-347 -246
203 253
230 -251
-263 278
283 -368
392 486
-59 415
339 -480
-376 -88
40 -430
-448 -370
500 -407
-73 159
-366 54
313 463
268 482
274 -266
249 469
-339 165
113 284
492 393
453 16
-340 -79
-271 -355
-256 182
-289 -280
-116 -357
147 354
193 -436
432 -381
-105 447
446 137
146 -306
362 -465
-58 407
162 386
435 -278
63 -174
-98 -398
-162 -49
215 116
147 -41
-302 -438
251 385
365 290
-266 444
-256 -208
409 -267
388 -401
-320 497
-397 -269
23 108
290 33
17 140
385 -163
-94 -119
-13 270
362 -84
-80 353
-311 372
169 -179
-440 -76
475 -278
-195 -252
329 463
-473 207
10 370
-230 -313
-73 -370
-460 -324
212 258
-91 -483
183 452
75 -165
124 486
56 -75
96 178
158 282
-229 415
-200 11
-49 204
486 206
379 -244
195 121
84 474
136 -237
308 232
52 373
-100 146
-91 68
433 381
-397 -343
-347 -83
-473 302
-201 137
-5 264
-13 -20
26 139
460 55
-462 436
230 198
391 -71
450 366
-149 402
325 86
226 149
183 284
-389 35
456 64
-79 -83
-309 -212
20 -248
-305 391
-56 -342
192 -306
345 -299
-226 127
-35 408
-329 -477
296 195
-12 449
5 -65
374 -349
-428 -222
-468 -450
125 267
362 350
298 149
-287 -37
-189 -250
76 493
-250 -223
240 427
290 -460
416 -288
455 -17
-86 399
8 -86
-431 -204
-114 -140
-488 226
-267 -334
57 -494
291 -382
-73 21
356 -339
477 -292
405 335
165 3
415 -246
-368 -375
262 445
465 142
-70 313
-175 465
467 -420
-233 375
-352 270
365 15
498 -174
-428 -472
357 -101
-438 361
471 -127
-329 440
40 -321
201 271
66 27
-428 -128
-11 -357
-321 -151
-18 238
158 327
-37 204
-260 -253
79 182
-484 -120
149 -186
-400 -233
-142 60
125 478
168 219
-379 -308
-399 -51
226 481
427 -484
-128 -260
241 -365
-207 -351
-395 -434
26 -223
-242 -96
44 -121
-367 188
273 -466
298 -7
369 437
428 -447
66 426
356 -436
245 -122
-412 -192
-348 -154
100 97
97 46
-431 -40
-227 108
-52 -342
-15 -97
344 -37
266 -378
253 154
393 330
111 89
204 427
316 -211
-305 386
208 338
460 -142
440 385
-214 259
286 -325
210 53
-109 174
-347 175
374 -483
-169 -426
-359 -64
-226 219
-94 -233
-69 144
-112 -421
-72 260
-143 -236
118 -464
-413 -417
106 387
-144 -476
-465 -393
317 118
355 -483
0 -49
306 -434
-175 -260
-218 494
176 -55
153 398
103 335
102 -13
-107 399
295 275
-115 -338
-380 -189
386 -151
-495 363
459 422
-223 -479
-396 465
273 281
136 -327
-35 241
-468 392
-378 488
-134 7
-383 -368
311 -170
-459 159
255 482
73 387
-73 -453
191 469
46 -181
58 -10
498 -224
-8 151
9 39
379 342
109 -454
-375 -178
429 -15
380 -357
-261 -499
102 423
388 384
-364 -266
-159 -314
75 -429
-446 -121
184 238
-339 -267
-27 -252
-50 -66
401 317
-237 -250
313 -37
265 -272
460 392
-448 246
-158 195
-31 395
474 -195
121 253
32 201
425 -73
288 -315
-406 124
296 -364
240 -11
-260 -275
-212 244
496 -110
-54 474
-204 -245
-309 -96
369 -64
-322 224
475 -357
-486 -313
445 292
-487 -430
-456 -456
417 -50
-476 230
207 444
-343 470
-487 -196
-372 463
-448 -186
-104 -49
6 -14
-429 -136
289 75
70 296
322 228
99 382
10 -180
-28 487
-466 75
20 -168
263 -355
-131 -195
15 383
-249 61
-273 -464
-238 455
2 -494
-129 418
-427 -487
-451 69
410 51
115 113
-133 -386
-489 209
-139 -126
-41 438
-87 -195
27 409
202 -319
-454 -407
104 -38
231 -301
-403 479
-126 304
-173 -271
481 407
-154 282
178 -60
37 212
-317 -126
83 261
-277 -73
331 205
338 -50
234 -108
68 494
-148 140
371 -27
-283 143
-383 -152
-381 -294
-227 -26
267 381
-43 194
27 -389
-213 154
239 221
-412 -497
-408 456
-214 311
-302 -48
45 173
-379 -160
427 302
306 -220
-161 -265
183 -200
343 283
-192 48
254 -431
84 386
354 389
439 -112
-243 -395
-46 373
-467 465
132 -413
-106 366
356 -463
-461 173
-339 315
-391 443
-163 159
-394 -52
211 -277
-272 -92
-279 -163
99 -486
67 -422
379 426
53 169
-452 206
-480 187
188 -12
418 -437
-94 -133
-290 -392
-294 441
-27 302
-468 453
287 238
482 -449
105 -65
-50 -53
57 187
-192 479
-91 -387
349 345
-198 136
-45 134
78 -12
155 318
-319 -430
-359 238
168 -442
198 170
-55 -194
267 427
-291 499
-478 -29
350 -79
127 465
-467 -310
-487 261
157 116
-67 449
295 66
-127 -107
362 -47
-486 260
224 -25
116 295
251 61
113 -118
224 -26
-479 -452
-241 -405
-204 246
-372 -58
-223 -331
-242 0
95 369
221 157
222 -351
-367 -60
-15 7
114 435
-121 -413
-194 219
-212 197
-101 -476
448 270
-292 -388
-159 -31
326 -270
420 492
102 316
-32 249
417 160
237 28
252 -204
261 -39
-54 -481
-244 50
-453 223
413 212
-80 -126
460 433
-254 467
-379 -149
-161 -488
66 497
260 -369
209 -450
118 295
-150 356
128 19
32 39
150 306
-408 -441
11 -265
58 -70
-220 -87
369 403
-291 -185
334 334
-394 30
-341 149
270 -170
169 166
373 -132
-292 -483
458 303
225 393
382 64
-398 329
81 494
201 -136
-355 -335
-462 421
351 -343
-96 -100
10 426
-452 483
-176 -408
-84 -318
235 217
418 288
295 198
-52 -489
191 245
13 -288
152 -208
-149 -377
335 247
-496 -255
-176 190
184 -191
283 246
-317 238
300 255
394 -126
42 -165
-265 -168
260 170
269 -474
440 -418
-439 -15
19 -346
-133 245
395 135
-482 74
409 121
430 111
-449 -188
8 318
-226 22
-173 84
-224 393
4 -362
224 275
-470 -460
-423 163
468 -38
-339 492
198 -47
-148 271
-448 -498
-254 -171
31 152
343 -201
299 -152
166 343
-330 -107
-497 107
-363 424
249 -49
-330 155
254 -225
268 371
322 317
-92 -288
-42 -145
-172 -468
-265 310
369 -305
-233 260
384 460
-172 37
-405 -51
-29 -125
459 -65
388 416
92 -277
426 287
246 461
249 -383
293 -74
255 344
492 6
-240 -278
40 234
470 -356
-305 -127
-332 -296
-207 447
-184 177
226 210
180 -414
137 -378
113 -212
182 85
-372 396
-25 84
279 233
50 -465
-241 -132
-91 -292
-168 186
166 -336
74 -321
47 313
-110 411
-97 138
452 -280
-61 -34
220 18
12 449
-295 337
-488 -291
22 169
291 177
-244 326
-47 -343
-404 76
97 -418
-98 138
-307 -484
-193 -263
-98 268
168 -485
-489 -221
156 -112
-197 -174
-156 122
294 -465
385 151
-19 439
146 119
-227 129
274 -390
-335 -274
173 481
217 224
497 233
460 -319
325 215
352 287
363 -329
-131 -443
-88 -276
460 -395
-243 -24
-55 -426
127 412
-73 -241
-453 -191
450 155
189 -377
-173 -122
133 84
369 -401
-294 488
-219 485
-328 375
-119 -216
385 -16
134 285
-396 74
-110 -48
-196 228
-38 497
410 431
-230 347
286 -368
-98 -23
292 -82
469 -417
-475 -391
-120 -267
-14 249
-240 -33
438 -329
-322 262
-194 148
-297 -118
421 -177
-389 381
-150 179
-129 142
118 -492
451 -338
126 166
-434 255
-299 366
-384 132
489 -343
-119 -122
337 -33
173 297
280 51
118 -187
118 -8
94 -448
-155 -422
258 134
422 -134
-478 -400
127 -226
1 -337
-324 493
-192 -462
369 -458
-251 -192
-390 221
477 245
262 498
-320 -109
441 -450
117 465
-181 134
-414 154
194 93
-2 369
-351 -329
28 276
-299 -404
114 312
-190 -4
-38 401
-479 -244
69 177
235 -118
259 241
-441 131
201 -187
-478 -450
-254 -98
-322 -245
101 -13
123 445
488 -81
431 15
125 -52
-325 -305
-242 146
-354 -254
-449 -359
-243 -244
137 -205
422 -297
241 -467
207 157
-3 82
-194 -262
295 408
37 -249
109 -140
-482 124
68 332
-64 302
-432 155
469 -322
-161 -490
213 -79
500 226
-172 100
-325 204
-131 278
-335 -67
-243 216
466 147
83 -206
-390 -409
-383 73
-420 -138
48 313
-361 -339
-17 -416
-91 -193
274 -372
-393 494
192 379
-280 -403
227 -463
173 -450
-58 290
130 112
-80 119
233 234
-284 274
-226 -317
-430 -198
256 476
-359 384
432 359
283 392
67 456
-404 -370
356 -60
-449 -434
-265 -198
-236 -291
10 287
-72 -477
-52 149
443 419
-337 415
-204 229
-353 -387
426 -55
-71 127
43 -306
-311 14
-403 351
-89 419
-143 182
233 -284
272 -355
396 395
-422 -103
-408 -204
-416 188
382 155
-394 -131
216 386
-429 73
176 316
17 -202
221 61
-329 455
-148 35
-295 -42
44 133
87 120
94 61
497 309
5 289
11 -336
343 443
15 367
-194 52
224 366
-392 399
-382 -362
-39 -308
176 -452
479 383
437 365
89 69
-272 388
220 78
347 93
335 222
-134 45
-276 -474
305 100
398 -431
-492 -299
493 -137
-51 102
44 -72
-131 408
380 132
-13 -98
124 -7
-22 362
346 -264
-184 -132
-331 461
-154 -267
-417 -269
-257 369
259 -467
-423 -297
-50 -74
92 57
440 -449
51 40
243 102
128 174
-24 345
-471 -43
-259 333
-23 312
160 -456
-358 183
169 88
-51 -450
-244 -440
62 409
-433 -50
-152 24
235 -81
188 395
393 -165
-347 92
326 -293
-53 136
-394 -219
199 473
155 176
53 -474
-424 -122
377 -432
87 341
88 -407
36 12
361 -294
254 -78
37 53
43 244
21 -168
327 141
140 181
-432 32
-304 413
-318 450
92 -351
-369 -53
448 412
-473 -486
-335 -272
-392 389
52 201
338 453
-367 -452
-234 271
251 378
-125 68
-420 -443
496 483
476 425
-18 -401
-307 -137
-457 -278
210 312
-323 -76
-287 455
113 -287
328 -208
-148 -329
-294 60
-290 -4
-201 -84
108 -363
213 -9
-53 -400
-280 51
319 -138
329 206
-196 321
-29 -303
-498 -334
-185 -228
-392 -247
496 376
-159 -76
217 -295
-223 327
-209 75
-312 363
230 -333
-134 493
-474 344
-308 -493
363 281
335 337
-97 221
237 373
-361 119
-61 494
314 -151
53 -198
-13 422
-357 129
-43 -368
5 -416
-460 -207
133 -59
-433 337
84 -182
354 83
-322 -23
245 -31
-161 1
378 165
-192 -421
316 265
-384 31
-246 337
-42 -84
379 -416
237 33
-218 202
-472 -35
-357 -257
185 247
-249 456
142 179
-146 168
-210 -153
397 -183
-471 158
-245 -268
469 -324
-177 381
-13 -332
-340 64
113 -317
52 480
241 -230
-420 -155
254 -171
242 -267
-218 32
-257 219
-205 -343
365 -154
387 438
479 -344
-74 -250
32 100
-267 -15
-135 -92
335 -199
-459 230
-20 498
44 321
346 -74
311 -448
488 143
-184 273
122 -108
-319 22
223 500
52 61
458 -442
438 232
-144 294
448 -228
288 -364
3 89
118 -285
-54 -427
43 72
-266 167
-454 -249
419 -6
14 237
164 5
309 -76
-251 311
-336 291
44 -451
122 273
369 -377
169 367
-139 -345
-351 151
-319 17
-153 -284
-372 27
-195 -467
358 -248
-82 -90
162 101
-218 -61
206 401
481 184
390 -467
215 28
320 -167
6 109
-381 399
-386 167
212 -268
11 28
300 217
-175 -29
-307 500
255 439
93 1
-227 114
-359 107
198 -435
61 -381
-392 -240
319 235
-93 406
-101 -66
185 3
141 117
-427 345
12 449
-56 -469
-327 71
108 -483
-403 -106
3 -451
493 398
-73 -91
39 -106
400 -103
2 -208
41 -397
-115 -147
351 -386
447 420
96 -278
-183 -232
-14 -500
-154 241
-400 -457
86 -360
382 29
-488 84
-175 -375
-279 64
0 -328
-43 281
95 -131
-406 -444
12 -2
4 -167
-152 66
-275 216
-347 231
83 355
330 -85
-418 226
380 413
-477 -268
-267 -209
133 118
233 242
-358 -421
43 -192
-104 365
452 303
-15 223
-441 420
-39 90
-482 332
-195 -131
267 -403
-138 -89
-242 399
-406 -174
350 230
-325 176
218 -276
444 -146
-339 -130
-444 225
227 -175
457 -73
489 484
-70 -46
451 301
-490 -15
-383 -392
349 392
341 -130
71 82
483 -436
-396 -70
-56 -65
-219 74
482 -436
75 -23
-189 3
366 145
-273 -380
-188 -45
211 139
278 194
198 467
-124 -282
459 -338
264 -292
155 -317
-21 144
-108 -405
17 243
121 -295
-489 -59
-270 -434
181 350
464 186
168 -378
332 278
-291 -177
-51 66
-352 -2
-458 -377
29 -12
380 -254
-231 -265
-324 -301
112 -350
120 427
-216 32
85 -21
-258 -172
363 337
14 471
-168 -438
-50 -448
-482 345
-195 191
93 182
358 58
97 -431
209 397
-235 134
-258 -155
-425 3
-325 76
412 261
-240 365
206 -463
294 -182
-423 71
65 -418
-92 109
-465 -309
-165 -77
-192 -56
133 -345
-49 -31
342 -230
-11 353
-295 -366
-311 -417
-454 -120
123 -284
-38 311
-321 165
-259 -328
-347 -237
-416 -366
416 -242
52 -21
389 332
-190 444
53 -120
-64 -223
-372 86
418 119
244 264
253 -121
168 -349
210 75
279 -476
500 -323
-301 -93
-84 -51
108 165
414 -268
279 419
-11 321
54 -67
105 319
108 259
130 -453
-21 217
-244 51
198 364
410 286
191 -166
392 321
-445 122
110 -276
-175 -222
155 235
-122 -124
-79 -470
208 -130
413 396
138 245
-339 -309
-374 -119
239 105
210 -44
422 415
217 255
-459 243
478 441
455 57
-273 -235
428 39
-356 -217
-60 309
44 250
110 -433
-320 74
250 -54
-409 -251
18 -255
208 -342
-66 463
321 -324
-110 325
181 68
-471 -451
327 140
55 247
-499 438
-450 407
-467 -13
-362 41
-195 32
143 -393
-257 -173
-111 -305
453 86
403 218
-454 350
-175 -367
211 328
286 255
-247 -57
-296 -329
-246 -241
433 -400
-4 -250
-493 -357
281 458
-167 136
-159 290
-493 -315
340 -423
-351 -467
303 405
406 487
260 339
97 497
-411 225
-407 304
242 -279
-365 -437
-447 228
414 488
378 -88
104 443
-332 -94
-387 -438
-225 -321
263 164
332 -105
19 302
-59 -167
275 -431
-66 70
289 -134
373 -295
286 -299
283 -183
-484 -347
389 -227
115 -171
-392 -175
97 -435
-429 348
-483 -155
404 -227
-129 271
286 163
264 214
-484 -477
309 67
65 -229
260 436
370 -219
-241 194
-15 144
386 405
-196 -14
11 -458
-185 102
366 -103
-78 -91
4 -41
-110 189
-453 323
111 159
-495 -363
167 339
332 -281
-56 174
-101 -11
-7 334
-38 -21
-103 -214
-295 282
422 309
137 -212
-62 285
-442 -396
-206 -339
215 -218
-130 -136
-26 303
46 288
439 203
123 -191
-318 -485
-424 -47
-225 286
450 -185
323 142
-91 329
149 18
482 212
390 100
489 -227
-272 -443
454 280
274 -454
99 155
286 -393
19 -411
-448 40
-44 136
424 -267
-384 -121
274 -463
476 44
114 -280
313 104
426 131
387 -14
-146 112
-430 433
249 -371
65 -118
401 -483
67 -169
-456 103
-263 -199
464 269
-201 326
498 -112
-77 -376
-214 -272
308 199
-332 420
268 87
268 -335
-118 -478
-167 404
-184 176
-151 -396
286 -500
214 75
47 -150
-265 -209
-64 -113
-353 346
430 480
155 -357
352 470
-44 464
-167 177
-51 -66
-464 463
-133 -277
-194 -196
-30 -296
-168 -459
411 -79
267 127
-83 467
-305 -395
-167 -446
-388 13
385 433
-223 102
-107 124
-130 -224
-60 260
-223 -163
-357 -354
196 -191
119 -144
370 210
183 -453
-447 -49
247 281
38 -314
41 -485
-364 103
124 134
78 -329
-362 145
399 473
157 197
182 300
-193 -455
181 331
440 -498
415 4
94 58
118 -453
-131 -379
-84 172
-121 315
358 -172
185 433
467 -489
-1 -327
-376 256
460 -244
-448 -377
-188 -439
376 -209
-394 329
-364 468
-261 239
182 -144
448 80
293 -108
-52 -261
458 16
199 -212
-182 272
-215 -64
429 32
270 -3
283 174
324 483
107 -147
63 387
-303 -39
-486 -442
79 31
77 343
345 -361
195 -313
-464 345
355 -444
-315 -114
-360 405
-459 171
444 363
-25 75
-218 333
-412 285
382 237
351 -420
459 -112
187 465
-257 20
197 -23
-239 472
-127 373
62 -37
141 246
410 153
72 -269
405 368
120 344
-58 238
135 152
243 -409
-22 17
221 -476
255 176
-440 -75
-270 -470
-302 265
-118 -420
47 -195
485 -14
-204 207
-461 95
-187 -150
115 407
-190 328
432 263
246 237
97 -366
-207 7
-79 -31
-88 -470
-340 465
-341 451
-89 -40
-283 -309
-23 -177
337 311
-181 21
-306 -232
28 97
277 98
103 -35
-302 169
-49 183
395 -201
-366 357
344 34
17 -451
-34 -488
358 -199
67 -483
251 247
-489 153
-121 -217
-60 301
107 101
-474 21
-286 -148
55 111
-308 63
-71 -103
-490 -491
-108 316
-328 461
-117 -296
382 254
-140 75
202 -432
260 143
-63 -8
-445 296
-163 303
-121 -353
-307 -116
-272 487
-403 -89
100 110
-126 -52
490 61
408 158
396 485
-112 -374
58 431
288 -492
142 -435
-404 214
334 -192
-402 -279
-363 -394
448 341
310 -364
8 238
73 297
-27 -58
148 -293
459 -27
-196 -92
-121 -69
201 -18
-99 107
110 268
-196 -233
-474 214
-434 -168
-321 -497
37 -15
-284 -250
484 -158
487 -200
254 404
238 4
107 259
449 -481
-2 -261
395 -194
484 -148
60 71
311 137
-384 190
-60 356
-52 499
413 -156
-285 -334
329 -319
215 197
106 -25
-150 35
-14 74
-82 474
-464 353
328 -261
259 -235
-433 459
-349 319
235 -265
156 -427
33 107
-299 237
-22 94
-253 206
-260 218
-397 -326
-183 -179
-421 337
-290 32
163 386
122 -126
-367 432
-74 131
-50 -209
-81 463
-105 -462
15 -55
195 -184
-194 -52
-178 -291
372 324
-491 223
-57 182
251 97
308 -218
-320 380
-118 301
-219 -407
437 474
415 456
56 92
-90 -410
-388 269
246 405
177 340
-44 172
139 -324
-394 -15
-463 -186
-467 -224
340 -314
362 306
395 -239
-345 359
-42 243
-31 -249
-10 60
-284 162
260 -485
73 364
-124 -230
-318 341
358 -331
12 -245
-397 -92
348 54
205 318
170 -21
289 -170
192 -282
-23 98
-144 -75
-443 179
-284 -80
499 208
355 346
431 425
-364 235
42 416
-383 234
119 30
-71 -368
189 -266
-281 152
108 93
415 -239
-419 -204
479 414
395 -493
-17 -140
365 283
-340 308
-385 234
99 -154
-232 -341
-16 54
-139 103
-125 -131
-314 -119
-442 84
-53 -221
7 118
-103 356
94 -357
-415 69
412 353
202 -450
-369 -447
25 317
247 -410
-78 210
337 -266
-405 -398
301 -334
334 -78
-367 19
-89 477
-93 256
44 -422
-19 -157
238 364
-421 88
7 -173
-431 -255
286 -214
475 -454
-66 271
18 -302
-264 64
-299 470
63 484
-242 -160
-457 126
-8 -413
-317 -331
-4 52
-16 313
253 355
96 488
-7 342
317 -221
387 -360
-78 -374
255 204
-107 -110
-53 -72
-247 -262
32 -182
-161 317
42 -378
498 78
377 -65
477 -321
-109 160
-194 -327
-322 47
-106 -220
-172 -19
-251 -267
251 463
-49 351
25 -239
62 277
483 -111
298 315
8 -400
311 -79
-42 235
490 -266
-1 288
-249 -395
-83 -153
451 -500
-100 -173
-493 -117
201 139
210 -468
395 -117
-202 259
470 -2
387 -479
-205 341
258 437
-418 -91
240 -188
-179 -280
-392 325
-231 -49
12 -152
245 -206
471 208
-304 -223
38 304
-9 388
-107 -443
-451 -397
-320 466
226 434
-380 -363
405 -446
93 -110
56 -418
-184 -465
231 23
-322 -209
495 319
-485 -26
-255 80
-234 202
197 129
-61 -383
-136 -236
313 124
-427 -68
416 -60
-155 310
170 -366
340 279
135 -373
-293 -228
87 -104
44 -4
-318 125
-35 457
-216 345
-90 125
-29 274
368 24
431 -34
-410 293
470 396
218 -205
498 -440
-177 -378
-448 -37
-189 67
470 -447
-309 47
120 61
221 107
367 343
168 -270
-498 -353
-187 335
-453 -410
372 314
349 -259
-412 -229
-235 59
215 193
-243 -70
-449 401
354 -393
-237 220
330 311
-160 65
-40 -455
-374 -347
-255 -463
-361 54
-349 -182
238 -398
-487 -137
-292 -141
422 230
35 -385
450 -86
42 -149
467 54
-11 150
-480 -183
-341 -282
245 24
498 40
-165 -238
72 134
126 130
275 342
439 88
268 97
85 410
11 -105
-213 317
-202 -422
403 185
-141 76
357 484
-498 -240
308 -190
66 -141
-401 -186
48 -29
212 449
-93 -16
-205 -172
-54 -114
409 264
-349 -51
-315 -347
-297 197
23 261
95 235
42 166
140 36
-361 -9
-341 -381
397 40
-255 271
-45 395
32 460
381 -342
275 251
-276 -330
-234 -116
-131 294
4 20
125 -251
379 -220
-462 348
-450 -141
47 128
424 -92
-276 -293
-490 -422
-31 -448
33 304
330 -426
231 492
-260 196
97 329
385 228
101 -492
192 -378
28 -168
-471 401
-383 -438
173 -47
-74 -171
-178 -47
-52 -324
465 -3
286 26
-431 296
258 -259
384 -214
257 324
-232 -127
-371 -109
435 258
263 54
418 -19
352 -499
2 80
-238 -158
137 -37
-88 -79
-39 -461
-96 66
230 -274
161 -323
-211 465
-452 228
-371 -481
-176 310
-214 -234
-255 -88
-473 308
-453 41
-317 -137
113 247
-248 255
-331 269
-319 114
491 69
338 -265
-356 415
240 -304
-247 -280
78 -228
495 -137
397 479
182 -231
-354 490
496 -201
86 -331
299 -216
-406 -30
482 164
-402 424
469 -109
247 -62
-372 454
325 -321
-409 288
-45 -202
-6 388
-383 9
-77 374
220 -127
213 489
-349 -327
-365 -438
-172 126
173 -419
-407 -257
-202 -469
-469 124
448 285
243 -280
-415 196
403 -63
313 257
-213 358
-356 -423
-130 314
177 -94
22 195
-492 -51
296 122
-174 -156
-237 -416
-500 -168
296 481
212 -158
-162 -9
407 189
-494 -272
7 -411
89 -421
421 19
-426 -425
-336 -185
11 -119
-277 -452
-167 415
-217 -148
495 -150
-435 92
-79 162
90 429
440 317
75 -395
-59 257
277 464
-92 159
419 396
500 408
-177 -432
137 429
-289 454
290 -441
-310 -384
210 158
52 -356
-61 80
-159 -155
172 107
-482 88
417 -316
-290 -265
-207 -33
-165 62
-384 79
-173 482
-432 -63
-19 432
384 463
378 334
453 -354
-166 193
-168 418
483 17
-98 23
-63 314
-346 -216
-59 -267
224 160
-292 -40
-47 50
248 192
-428 458
-382 -223
-91 -298
-442 51
365 -404
-268 268
82 -473
120 156
-254 375
498 -405
340 -404
-91 416
-388 323
-223 -449
-197 369
202 430
-41 -41
211 -332
-76 -53
-378 327
-421 -236
-5 -262
252 -349
421 251
-485 444
-185 -101
256 -314
318 208
-209 -255
-398 -498
-336 -455
-67 -411
188 412
9 -133
407 392
9 328
-204 157
213 -459
336 270
407 -88
283 -356
425 -492
197 224
440 -245
-245 397
243 239
-267 244
-217 -336
-277 194
111 -249
301 302
175 143
-407 -107
-65 432
444 -370
-289 273
180 85
387 -67
-64 -72
-212 -377
-442 -474
385 475
-282 188
-369 -115
43 115
146 -23
-417 471
195 331
458 66
413 58
91 -387
-412 126
5 -87
-73 60
26 333
-179 -316
113 277
-265 468
-220 -135
88 431
-411 65
73 207
-97 -126
-441 359
-456 -301
-170 327
-466 72
14 322
192 -453
445 353
-448 -347
357 108
194 -129
491 -202
-189 -204
-459 478
434 -329
361 300
317 -190
-70 386
202 345
466 -89
-231 -394
-75 209
283 316
162 -111
-160 -339
62 -67
-92 -221
238 -295
-242 133
-207 -54
158 191
45 243
343 233
379 -57
-256 353
292 282
46 86
-231 -99
-311 54
494 -193
186 366
-476 24
-15 376
-133 78
-170 -7
346 455
-389 249
-52 134
86 -189
-91 -349
121 -468
246 -333
-61 323
-376 -338
-180 395
-331 -214
-480 -455
-214 162
-241 87
-500 -271
-326 354
-394 314
-15 -240
241 214
-243 66
150 302
116 109
-276 16
-259 133
378 52
207 312
286 88
-190 75
-97 261
-133 -369
-31 -287
-6 -496
478 369
462 191
0 27
-371 43
194 128
-116 168
101 -354
-46 -84
397 311
266 104
100 122
25 -436
402 -449
-401 102
62 -396
67 267
-265 185
80 21
487 498
-185 -437
270 498
408 -197
437 106
373 -383
46 -44
284 274
-229 225
278 145
-295 -330
-326 106
130 171
401 -176
-494 -378
-34 -191
333 93
33 -332
-447 -200
-418 328
231 -38
-134 232
407 386
151 -227
-111 -187
-460 458
383 50
72 -174
393 -462
54 -6
319 448
133 488
9 171
105 -417
-376 442
-254 -212
335 332
-165 -105
-230 -43
-230 437
-285 498
254 135
169 -117
125 -478
-261 25
-271 -310
-63 -185
273 115
-69 -416
-9 -77
-317 179
224 334
54 -399
-124 350
-356 -151
-321 180
-458 -330
-10 -404
430 -19
-49 -340
-102 267
286 87
-234 416
478 426
-30 99
-358 263
-157 -60
89 359
71 288
301 -143
307 -32
-350 62
371 447
-471 94
-482 320
-13 162
-171 -283
273 -426
486 397
11 -26
-260 -411
349 -327
-411 -294
-364 317
239 294
167 26
20 -450
256 -48
386 445
81 270
-61 182
-236 67
-313 194
191 168
-321 -125
208 -131
431 -173
404 188
-471 -449
293 -436
-408 -273
-334 -165
290 -286
103 -171
23 -89
-39 495
411 -219
50 291
-359 -121
380 -310
-332 453
-275 122
-60 -448
-356 -57
500 -36
-45 483
-353 179
-111 -276
-252 -133
368 -344
109 42
-396 -214
36 -72
-476 -178
12 -302
-177 -283
486 -77
-150 423
367 143
-192 283
189 109
270 164
321 136
-406 410
34 5
92 -102
-166 -320
-90 -490
-226 -42
122 -374
176 165
278 -404
340 -396
126 -397
-108 -46
494 431
348 -227
-117 7
29 -479
-83 -370
104 -43
-323 -417
-427 -385
90 -493
-125 -415
458 318
414 301
-383 -37
116 -354
373 -10
-75 -204
115 -310
-1 199
-316 167
-494 143
-493 158
-343 -409
-492 105
342 15
21 135
-287 -81
-74 257
449 -108
-193 -298
-6 102
-361 -136
105 451
139 -250
101 373
-198 -72
358 279
436 202
336 -190
-129 316
277 196
-418 260
-346 282
382 285
167 122
137 222
324 285
-447 73
-261 327
467 242
-430 -101
158 -374
-333 392
123 333
-415 -329
499 -332
368 -341
420 390
-95 47
-326 -260
473 -187
-299 -372
-201 375
-113 -209
-370 -403
496 286
476 460
489 -497
429 16
87 -199
-396 32
-412 316
80 -117
15 -403
372 187
-89 186
263 372
296 -445
447 55
252 -229
427 13
283 -334
-218 93
-332 36
2 -454
-461 155
67 142
411 -324
-300 -405
-419 -85
409 -173
-165 393
-442 196
-30 -468
-221 66
-63 -180
-83 -420
8 407
281 43
207 -64
-74 420
-88 -137
262 17
245 -159
468 221
-39 -259
-494 77
48 -474
-388 477
131 -431
278 -483
221 -23
262 -60
-247 -453
290 296
358 -153
414 463
-250 156
-58 100
219 309
64 -28
-79 469
443 -368
-364 44
215 279
-235 -169
31 -289
3 -40
-178 -74
381 56
-323 -210
366 -179
-102 299
445 -303
-472 161
-49 -178
-500 -493
-411 478
363 -407
18 -266
-283 -218
-206 0
245 -440
-205 108
307 -118
-11 -213
421 -251
206 -423
-424 453
-339 320
441 -207
175 -26
387 -488
386 299
-12 7
-30 -151
484 -178
421 190
152 235
106 419
175 460
-136 212
321 -414
-326 -250
267 55
-220 104
271 -461
-20 -482
-312 21
-322 -420
-285 -363
4 294
-132 -98
-118 -326
316 -437
-449 73
-136 139
-385 -265
98 471
-305 379
412 455
-127 -398
-366 177
-64 -482
86 -458
222 -445
-103 308
394 -196
316 -202
345 -371
195 102
89 202
-361 -395
494 274
175 170
-6 124
442 -28
94 -393
104 352
-269 48
-242 358
-426 -183
-80 219
-404 426
222 379
-187 413
462 -274
0 408
-138 27
102 -17
161 -377
-257 -364
-483 -396
116 233
-470 242
150 466
-380 -485
199 324
225 -79
301 480
388 37
408 234
299 -168
-441 -265
-183 -446
-460 -430
-177 178
-465 444
292 460
-462 215
15 112
52 138
96 186
179 -348
100 142
-34 -193
-130 318
-471 -392
-259 -463
244 191
-161 -332
81 -99
-342 -157
246 -201
-456 -431
-323 475
-24 -322
138 -179
450 402
-459 476
178 92
-45 -277
-344 -345
-297 9
312 -313
-391 66
-197 -354
-370 -184
-13 412
324 -53
169 -211
161 7
201 476
-265 -264
-187 472
23 -181
422 89
-117 -211
-360 27
-161 -428
83 -400
-413 352
-337 -382
-268 54
-31 312
240 -159
347 -142
-71 -287
219 -267
-280 464
24 -316
359 -226
50 183
394 -191
-409 371
484 102
483 430
250 -34
175 223
102 -211
451 -77
-39 258
-393 -122
-161 -97
7 132
-413 208
-332 66
-170 29
442 -455
-499 -423
70 -128
334 477
-166 -164
-243 162
-431 446
89 398
-128 -253
475 -29
-251 -293
-235 156
152 168
262 -66
33 493
-54 278
-248 -446
-281 471
164 -99
216 -488
327 367
162 353
-491 -326
455 272
-475 -115
-77 -283
-173 80
-118 -304
-391 113
314 200
210 -14
320 281
-66 -464
429 389
-117 415
-200 366
-88 -233
494 -115
314 -292
58 -442
452 -392
396 -111
390 -389
-420 -378
367 133
460 80
387 -252
-85 63
-398 434
-452 -241
161 -312
208 11
-480 278
248 148
297 -454
123 176
-125 -311
-118 173
-354 428
-352 -151
-75 202
209 -35
-22 -468
-415 238
-150 -166
-200 -457
351 1
179 69
217 107
-211 -454
75 300
-37 -385
484 31
289 210
-459 -435
-303 141
-32 336
-261 130
-17 -288
-17 -256
-410 42
301 -383
429 -176
24 -83
-406 433
-23 -300
64 188
-480 -165
-441 110
48 497
175 273
390 471
83 492
-279 491
-399 94
-471 44
289 249
-355 172
-361 400
-279 222
-50 -301
-179 464
154 100
334 252
419 497
-197 497
-60 313
101 -258
254 262
81 -23
149 -17
378 -400
-381 -45
-358 410
-291 280
-405 -358
258 338
490 -58
249 421
-402 -137
439 145
89 456
-442 285
-177 -152
-374 -230
429 113
-266 -35
353 -173
-171 354
-477 -340
-86 -236
272 -178
-242 -45
486 387
193 -403
8 -406
-180 -167
112 234
33 -365
-324 -67
-293 -259
-58 -414
-12 374
-144 378
-251 131
-341 -178
264 -168
431 -377
204 -439
7 -57
30 57
36 66
197 427
118 -491
167 -457
-235 -209
-346 -52
-20 49
-106 -485
-118 439
-94 -147
334 127
109 326
109 -228
-228 273
-107 -461
346 186
-248 -332
-143 372
64 -280
498 424
185 201
129 407
482 129
296 336
-163 -242
449 48
-299 24
59 225
-390 -207
-383 -335
362 -265
-343 117
-386 -233
-246 280
-122 315
179 -428
-142 373
-400 340
-432 33
293 -493
197 -415
419 57
211 -281
371 78
-287 -139
-94 -337
-290 -7
210 199
78 189
445 474
-306 -446
497 493
132 -115
-489 -270
447 478
209 -485
-199 -216
-199 -171
116 -69
-248 374
-183 -50
-352 -255
270 -175
-94 134
-82 -448
75 -28
324 338
-25 -277
-8 -258
-289 33
-210 -444
-434 -370
-19 63
-16 -122
203 217
-290 -109
-406 -42
-203 -347
265 -61
-372 -197
-359 156
-305 -374
-279 83
-348 -469
-96 344
-447 93
-357 164
101 241
208 -335
-371 -209
-139 -270
-339 109
-89 380
-300 -99
438 40
-186 -415
470 -257
-318 -436
-304 -442
134 -312
-316 -313
-367 -490
-283 -360
279 -52
182 -470
125 -320
-88 -253
43 344
-96 -495
-196 -272
-463 14
-419 -460
-225 -352
-397 -435
374 -53
128 -29
82 153
-83 35
303 -193
-395 -26
-256 -194
-313 -491
282 -250
392 -334
284 -231
171 260
139 387
-156 -240
114 -122
-232 341
-451 334
44 -137
-179 243
405 -156
-47 -94
20 -420
-32 462
-270 -337
-49 -431
441 -215
376 341
-333 500
-257 -38
-28 233
-449 236
393 334
-138 95
-312 483
-396 -142
-361 133
388 -180
466 -405
-160 -302
-420 -74
-8 381
57 429
-342 32
-307 -201
44 74
251 98
27 253
-330 277
350 302
271 -150
-299 197
168 382
-462 459
364 -149
-403 116
-35 -207
-401 309
134 486
-155 -166
138 291
-175 406
332 -222
444 -488
468 474
373 -125
-483 380
-25 430
-304 162
-447 -89
-327 367
-354 -75
-471 -84
126 61
-440 -280
-490 -339
-61 124
191 3
-416 282
-149 28
75 -495
249 -221
337 54
40 227
36 -14
-370 9
171 144
-303 31
-61 240
-81 423
-409 -72
-243 498
489 378
168 348
252 234
-43 -444
98 -14
254 -328
12 -318
-387 425
-349 -63
-458 60
-456 -461
68 500
198 -289
48 -37
441 440
364 -273
-308 375
35 -41
221 65
-454 349
277 108
-140 76
-270 477
407 -227
-369 -154
53 -113
-272 62
426 -245
146 326
-305 -87
190 -22
147 -483
-183 267
232 376
33 453
-460 7
-453 440
-155 137
-462 -7
-94 -152
176 -272
56 328
-161 -237
208 205
-465 495
-388 451
210 220
-369 183
-128 483
276 -470
366 -330
-230 290
-174 23
-119 26
-27 -27
445 359
-374 234
348 143
-460 -34
-227 -402
-175 310
-406 -203
485 -4
291 473
13 350
461 -223
196 -490
-97 357
427 398
-362 463
-342 30
308 398
314 333
-296 -312
-96 179
412 219
-402 321
-135 -160
-341 6
-418 203
-398 384
-390 357
-342 -90
145 -141
-322 -180
353 226
-281 300
446 -67
207 420
70 398
457 -114
178 -363
490 194
-282 329
-200 -40
-223 -148
-71 -217
324 -229
216 -482
-372 105
-303 -469
-223 113
44 165
-437 411
305 462
-260 -372
-304 116
-386 246
-59 240
110 418
-301 354
-50 -26
-259 -393
-323 -270
-14 -161
409 486
-26 488
-313 -259
-457 468
366 -418
-333 -437
-476 492
-425 -19
373 -391
-470 -354
-304 350
38 -490
-397 -486
-106 -243
269 455
-240 156
278 294
-177 46
-317 227
-441 -382
87 -233
-180 -267
381 236
242 -198
203 -193
127 -78
-479 -49
500 66
-187 -316
-179 -241
-60 223
49 -423
-107 314
-207 196
476 -298
412 393
217 -435
165 -225
-106 297
129 -118
292 139
316 341
-495 -264
5 -421
-133 130
476 87
28 -247
-52 -116
403 244
20 -116
374 -274
116 173
23 -106
381 186
-498 3
-143 -46
-338 -105
437 -165
-260 -31
296 -7
-212 335
-397 -495
-5 92
354 -166
-15 68
-381 -85
-203 410
80 345
-480 442
-136 -102
-291 -405
-308 -460
24 115
245 248
158 316
91 100
-25 -457
-118 -353
45 -108
-489 -272
110 -26
-105 160
181 -95
-288 312
171 -258
-48 -214
-261 -245
469 -495
484 141
-356 147
-19 -224
18 209
-427 308
189 484
-368 -432
-469 -26
498 166
76 -421
84 344
242 -27
472 110
-451 -151
276 -21
305 204
-426 291
311 -98
-351 425
274 21
-232 306
473 216
-265 155
-203 141
278 260
167 286
250 17
282 248
442 266
105 453
-484 263
-292 -248
-228 107
-4 -269
481 -434
-476 -84
-73 25
-430 50
38 266
-304 -178
408 43
-253 -177
-97 158
436 437
167 -471
-219 111
297 -153
-238 149
246 -328
362 -400
440 -308
-272 222
102 -231
-53 78
-381 70
-154 256
107 281
257 -88
-306 -340
-191 300
276 115
-26 433
-426 -164
301 -20
162 66
-420 27
121 91
-265 147
-369 -400
136 474
325 211
258 -156
284 448
-231 -154
346 488
291 468
-454 -147
-273 420
-6 86
215 373
-253 456
159 -73
-194 -226
465 104
-372 127
97 -169
-385 -223
-489 -204
-70 241
41 -114
-35 298
315 220
191 160
68 -29
389 320
-486 -322
-112 -436
64 387
-394 -270
93 -379
-465 -360
100 77
141 -431
-54 -108
-79 -70
-51 288
-111 -110
-326 -68
346 -171
-109 323
198 347
302 132
328 119
-209 122
-411 -407
191 -55
309 49
-427 468
-430 -43
231 -332
-456 -158
227 -429
-438 396
253 -301
309 -92
-351 196
416 97
-213 -409
485 182
472 129
453 -111
-201 -483
-368 438
-438 71
363 467
372 -325
448 213
320 -469
-271 -136
-279 33
-466 409
44 -47
-211 -189
312 -477
195 493
213 116
-459 461
-54 460
-213 161
-197 -195
-131 -140
49 -115
-118 -13
8 -317
395 -115
430 206
308 -357
-449 -175
256 183
-372 -38
-220 458
95 179
-338 -214
-385 183
414 65
168 159
200 103
-320 -494
-52 403
210 -428
-391 45
-280 -452
-440 293
-176 -475
-343 480
241 -80
-497 -77
328 424
164 -21
66 -299
294 128
149 172
41 298
-76 -305
-448 353
410 -226
197 -134
225 -301
-149 -191
277 172
447 108
-453 -410
-3 45
-477 372
215 92
-194 434
52 389
184 265
434 241
-416 418
-61 89
-470 -443
-74 -376
-58 245
-367 -420
-19 418
265 -431
66 -294
-296 236
373 -55
-177 261
-194 35
-26 186
206 -431
263 -34
346 377
278 -125
-491 465
389 66
-117 -477
124 495
-3 -430
359 385
321 -159
-422 347
250 -139
166 285
269 210
-49 -112
-69 -428
-481 94
-448 21
165 -466
-470 -216
-295 -131
-487 -163
-31 -197
404 102
-468 331
336 409
234 388
35 -362
103 -186
90 -424
-389 -81
292 -9
148 -277
103 3
279 -219
-389 -353
-267 298
-320 -416
-245 34
411 55
-353 -389
-383 -121
437 -97
441 183
-406 307
50 400
195 317
109 -155
-195 6
46 -469
26 -72
18 387
-473 350
-50 -87
-47 -484
415 -446
-461 -420
-463 -83
-18 -16
254 -466
135 -264
-382 276
-243 259
215 410
-320 468
59 441
-40 51
-171 16
139 455
211 445
73 -471
-302 -465
-122 -387
144 18
85 497
44 -165
441 -46
-267 -307
-339 281
194 -263
-63 426
482 377
-248 -68
-284 -86
-160 177
366 -318
409 -306
478 -436
-240 -251
-164 -447
-14 349
-35 301
-445 -400
-260 100
-432 -244
-489 54
-259 -203
-216 -163
-494 202
-323 -43
213 -295
330 219
-474 -174
-232 396
240 -79
209 -138
48 41
-332 269
-60 -318
268 -354
285 -66
-75 487
357 -486
348 -151
-221 56
173 156
444 -321
-360 279
-217 238
-142 -354
-330 -57
246 481
22 366
-212 -196
-173 -148
135 -210
-66 162
-460 70
-497 -107
452 -352
430 277
27 197
-318 466
-102 -203
475 -398
411 455
-229 -270
-310 276
459 -105
22 463
-47 230
-348 325
-247 -18
113 -326
283 442
484 420
336 -293
48 -16
-238 -63
260 444
-241 179
163 -89
-367 -28
77 209
-135 -354
192 169
175 122
84 -17
417 76
261 -266
222 204
185 183
8 131
-426 5
413 12
-336 2
332 -221
45 -25
179 -332
-184 462
-2 144
187 -305
-230 -49
-316 -488
395 449
-8 -323
161 -108
-372 -450
340 -479
-408 155
-402 -164
-302 -24
-358 -492
378 248
282 210
-99 -390
-264 -478
-93 321
495 307
17 287
53 472
82 266
403 -69
-129 -242
-391 246
141 -101
355 227
409 -352
-35 -288
390 230
37 72
327 203
-46 -322
347 380
-61 133
478 345
272 325
109 375
-449 -253
-238 258
-285 450
-441 -40
172 -267
-284 -35
103 66
173 212
-426 486
-243 -233
-22 350
-375 -328
87 220
99 349
307 333
13 -20
488 386
-19 150
483 103
-42 -22
247 -388
-104 330
356 388
-455 -30
299 -236
366 -290
264 -58
-254 72
-352 334
-290 -141
29 -211
-99 452
135 295
-48 -94
382 214
30 -376
12 413
-21 463
-256 29
-30 336
-385 -447
-440 -273
258 -396
185 -119
389 -458
29 -180
279 -46
456 -287
89 280
280 250
-34 198
89 -339
-190 233
158 226
-210 -199
72 -432
-335 26
406 146
-428 126
156 286
-338 -489
303 118
-119 5
-382 -260
-94 29
-286 369
-432 -225
-18 -482
360 -166
-1 497
69 199
214 -134
332 472
-271 -473
-402 419
251 266
-3 443
239 462
483 -370
-75 135
-123 -132
291 268
-71 -409
339 -285
-140 16
24 -279
-227 -43
-381 330
431 497
426 -221
-255 -494
28 156
-61 355
333 49
-175 -246
486 -499
-133 17
-372 378
313 -258
295 -330
306 293
-17 304
386 103
-366 398
461 125
-262 334
-329 439
-442 91
216 -447
-285 -148
-270 -327
-400 -129
-184 205
-462 498
-351 203
-202 -483
446 -187
104 306
442 203
-339 -274
-299 -72
23 162
-144 228
-210 89
-246 -64
-129 1
69 397
478 257
54 -295
474 204
203 -375
-300 -424
347 366
305 -396
135 -448
124 -149
334 56
122 -319
-59 277
352 411
-330 369
-7 -256
491 218
-366 -272
19 -313
-410 -163
478 366
-250 439
-451 -173
-494 -136
-223 -345
161 -276
318 193
251 -194
293 181
459 -136
-438 298
66 476
37 -16
-193 0
-6 -82
361 -269
10 308
136 -73
149 191
-114 -484
284 486
107 392
-379 247
-217 -464
-246 97
228 318
463 313
434 450
66 469
-41 151
187 -399
-317 176
296 -136
83 -192
152 80
-363 122
-3 -71
28 253
-125 -354
-418 432
359 19
-404 -470
-335 -328
-253 -213
216 -121
77 -134
330 -271
-411 138
-127 136
395 -220
-330 -218
129 -141
-457 36
-495 300
-299 -105
-487 90
-102 387
255 27
-310 -63
-196 189
214 171
-236 51
114 90
-84 -330
-292 -257
-89 -100
-433 -12
480 18
-369 92
-359 9
314 57
341 3
264 -192
294 -170
-279 -440
-268 -193
-472 -491
139 277
-351 257
450 232
23 -479
-372 468
-453 2
156 228
122 299
400 -500
-229 357
-45 370
160 446
229 119
304 497
476 -453
425 171
-413 -261
236 -460
-79 307
44 -85
-113 18
257 452
-452 126
-40 -402
-414 288
-384 -98
388 -220
-145 -39
494 -234
-116 411
-340 486
438 381
-38 -211
-61 -434
-136 379
-390 -448
-4 211
139 -485
-480 -139
234 -184
167 345
-118 96
211 63
45 -83
97 3
129 370
-79 283
195 -418
-494 -293
-125 254
355 291
-441 309
-195 182
-224 47
372 -25
182 -437
90 -230
411 248
481 393
-46 329
-376 172
364 466
-160 449
214 -390
-163 -16
190 373
-475 116
90 305
447 88
-59 -416
-239 427
293 -10
-415 414
323 -144
-268 227
-237 361
-29 425
100 327
112 92
-474 373
-125 -423
-316 -487
58 -3
10 31
366 -408
206 -398
-353 -9
211 -494
70 -327
-72 -141
406 489
38 155
-438 -146
111 -315
146 308
471 -216
182 -244
82 78
354 103
-154 434
369 138
250 440
167 -175
110 387
114 12
179 425
-102 -268
106 -216
380 -380
-35 454
108 -345
-159 -104
-451 398
-7 -73
322 174
-182 -370
262 284
-50 -385
-166 -447
-374 -260
-18 32
-47 -321
-228 21
310 392
-120 -293
196 465
390 231
40 135
184 -133
-370 -178
-270 339
298 234
-279 -322
-120 -397
166 30
-179 433
-492 128
-234 31
158 226
207 -44
220 85
60 -57
-239 -170
-128 115
-276 -147
270 475
117 -210
407 -111
196 425
-297 -261
52 204
-173 -450
-326 107
-289 327
-335 -194
472 259
-280 -444
463 -27
-289 -156
-483 -60
-391 76
-444 344
359 -281
211 -378
399 -406
121 -320
-188 -62
230 369
314 287
133 -297
-17 -22
315 -31
334 -332
20 -127
-379 -222
72 430
8 -336
88 292
9 156
-433 -157
-433 -378
-433 59
-80 293
-52 -455
89 -288
199 -101
-110 380
-46 79
-31 295
-235 353
-180 200
-6 143
-151 121
-357 488
21 474
-200 -280
-413 126
-110 168
-121 -379
-127 119
158 487
169 364
-266 -192
-158 498
-314 73
-205 119
424 -52
-79 -238
40 -493
-396 493
-332 -198
17 -438
429 425
-458 -240
77 279
-159 -478
50 -201
-416 430
87 -223
-189 54
-419 -365
119 -254
399 -186
-410 138
102 356
-88 206
63 -450
-496 -264
355 -25
207 336
-73 -390
-126 241
85 -319
204 479
-235 -409
-11 -284
-11 -479
275 -69
-205 -383
-443 -100
-419 448
479 282
-258 219
-450 -391
-320 115
-280 -288
227 -55
344 371
488 -360
430 -110
-207 -432
-330 217
23 -196
170 21
-318 -297
75 88
-445 417
272 -392
-187 -49
-15 -309
-186 104
256 162
496 483
-50 -206
-170 -320
-104 205
31 -459
22 458
119 -49
-20 -230
121 72
264 324
-152 329
147 -79
-166 458
334 105
-155 80
313 -137
320 -458
-360 144
65 434
366 -180
346 439
-51 126
242 -167
57 498
473 249
-114 -451
-252 -245
-43 -464
414 413
-27 416
-377 468
155 206
195 -477
-11 -189
-493 -405
-217 -321
460 498
333 -446
-248 440
345 216
122 -53
224 61
37 344
49 -296
179 -170
-245 422
-175 186
-181 -460
197 497
-92 -315
86 -405
12 231
16 -499
87 297
97 44
-277 155
-345 431
-414 155
-94 469
-259 37
52 14
