100
207 144
194 -243
44 -197
-23 -137
157 -190
431 -315
343 -258
410 -15
-211 -222
85 -447
-394 -224
-394 276
152 22
-310 19
-133 -232
-309 -10
-29 359
-100 -374
383 278
293 -358
326 -459
294 292
-130 -350
-402 330
-197 -289
-127 -319
2 441
435 -429
-478 -115
-337 268
-326 -162
-218 320
133 -254
401 188
-415 -283
-352 -364
399 -441
470 424
-253 -245
-181 -139
-45 -283
-470 335
57 406
-160 73
-473 -326
173 255
250 406
-414 -228
449 -295
72 12
-235 -371
-287 384
151 393
-297 290
158 -211
93 367
-135 221
-52 -173
454 -367
-264 119
-343 -114
-364 -3
-484 64
-228 -362
187 114
-330 -500
489 95
-67 -154
-219 347
-82 -385
173 -334
-214 108
292 386
-342 180
-99 -45
-22 158
-10 -242
-372 451
195 417
-120 -332
300 -428
257 258
367 344
-472 -400
-390 70
114 363
426 -271
280 -6
-169 187
-253 -393
115 423
-209 7
132 59
-314 -155
-237 -84
-374 -34
-121 119
-329 -383
115 -361
373 -5
