10000
388 -214
-376 -95
245 2
-142 -425
425 -188
179 113
314 -309
179 211
-32 -352
448 -218
-410 55
482 87
12 252
-14 498
-455 189
477 210
394 -211
267 -186
202 -489
-40 -165
-151 -449
-226 239
-337 -66
108 52
221 409
404 -157
-222 -430
313 324
62 -142
106 323
395 -49
-499 -393
276 -107
258 215
-64 -170
-284 211
-34 -137
-363 74
162 43
123 -379
-293 500
405 -331
-196 -49
419 248
207 -312
-73 -258
150 -284
85 -185
53 -263
127 -184
-358 173
240 -68
-54 349
394 128
-165 384
-13 -483
-243 -456
-374 20
171 -278
-134 -416
-465 -378
-125 -241
378 265
-80 39
193 171
187 -67
49 -310
-83 -358
-60 -325
-296 186
-385 142
364 -348
-148 343
296 -65
-117 -226
-365 395
-203 -203
95 -76
331 -446
10 -497
-217 -112
345 211
-27 -416
-149 -364
190 -172
313 55
385 58
30 -2
454 286
200 -248
481 -48
113 377
175 6
476 -107
498 -114
174 183
-447 259
-220 382
-387 5
-338 -286
63 392
-41 290
377 358
-260 -488
-81 -253
-29 318
-362 155
27 379
-417 29
173 -16
-292 150
183 493
125 229
-141 -207
478 -230
34 2
-181 -189
185 223
-358 -150
-361 60
496 271
420 157
242 316
206 -93
47 -184
262 -85
67 493
-51 -110
231 -427
74 235
323 -141
-491 -143
-295 65
483 -5
243 492
54 174
-383 10
-286 300
177 -285
-386 -267
140 21
228 -4
289 82
-320 -144
80 -363
290 -3
-433 -363
-464 -410
-471 171
312 -239
-385 -116
-394 -217
-458 483
43 -414
-125 76
168 360
-190 -136
-375 317
403 -294
-320 355
391 -87
41 245
-227 -223
131 -225
-174 33
-153 -160
-145 319
112 46
17 -422
197 -147
323 53
130 18
129 392
300 286
-197 354
-231 -235
-112 -326
-115 -338
-39 421
251 123
-241 -401
-167 158
-456 -499
363 278
214 215
-263 -152
153 50
-437 184
357 417
-421 -448
-65 -47
26 238
457 359
425 -391
219 236
499 454
-308 -467
-286 292
376 -270
-493 -500
-142 -102
-427 327
-446 -115
13 -468
196 -265
-257 -336
-138 -488
-417 -355
263 402
442 -186
196 -469
385 379
55 -9
-69 -129
-311 -145
-277 7
496 -450
-247 -280
-134 152
-57 410
-347 215
131 -351
337 458
-166 -90
-148 248
451 -478
224 -403
-470 -304
146 182
-220 -468
344 -462
53 74
398 -208
-293 -284
418 18
500 -413
-191 345
170 469
-246 410
484 -316
485 -479
0 204
123 -245
-474 -491
492 -80
414 -206
105 -442
-204 199
155 81
-118 411
-226 218
157 -355
-214 -201
-1 -480
-248 138
-35 -345
-310 483
169 233
137 462
-448 37
261 381
362 315
352 252
-186 404
198 86
393 -425
400 -366
-453 -329
-66 -73
375 380
-346 381
-228 -82
284 -481
37 438
-88 321
-254 134
-311 26
466 -186
-436 6
-161 74
299 204
-272 378
235 -138
-317 -453
-165 466
-186 260
373 -102
279 -481
-390 97
-380 -20
-363 394
172 182
427 -203
-171 -232
226 330
-403 209
-18 -38
-449 -258
-271 -200
266 392
-187 435
-496 282
-274 100
-104 184
-372 248
-230 38
316 -407
158 211
-329 426
-259 -277
-499 246
360 161
-265 -147
189 369
-423 407
-357 232
462 -423
152 460
228 174
59 417
99 -334
311 73
-114 234
-60 -245
-222 442
-326 -235
-60 -366
260 0
-448 339
-499 8
475 -43
409 -42
-194 -346
170 -251
-71 37
-6 206
-235 472
-386 60
154 -84
258 -39
248 436
115 188
-14 -187
441 10
-423 -351
492 446
429 94
369 140
102 -100
-301 -451
80 -414
-231 -455
472 -344
58 -313
-308 -29
-198 327
236 -476
-50 -194
387 -493
500 -104
219 493
0 -423
10 495
-372 448
159 349
-281 -496
-36 -255
420 167
-160 373
46 484
388 -370
126 190
-122 17
-369 -374
249 -143
-196 -158
-112 -293
-317 40
-48 250
93 -219
468 -364
35 145
-60 42
-265 -105
-87 -362
159 -58
136 -78
65 46
-331 193
-348 -91
229 347
-274 398
-196 414
-281 220
-210 -247
335 206
-445 199
150 -129
233 458
296 -170
53 -420
-200 -362
340 -383
-195 231
5 -156
-151 -280
-7 99
79 -21
-13 -112
368 28
-271 224
-400 434
-249 -456
212 357
-59 275
7 367
137 -427
-335 209
354 -230
405 -279
-84 -372
-185 355
-357 184
307 497
-94 -109
-131 129
-236 -26
174 360
-416 -29
-322 65
107 -370
32 -9
-265 257
103 192
461 470
459 -155
-444 497
492 -195
88 -323
-452 395
-228 -462
-177 -250
-238 197
-465 -211
483 -69
119 251
-38 254
-225 186
-358 397
-381 177
152 82
-157 -170
-304 266
-359 165
238 -184
8 237
213 -497
-152 262
-392 -59
-490 435
-188 -460
-326 -478
88 -224
-300 -313
-71 -319
-315 222
271 448
-178 319
-259 -16
-155 -419
-351 339
110 334
10 -445
160 -182
-340 -77
392 -442
-452 272
414 421
291 -147
312 482
104 325
119 298
332 466
278 384
-86 290
-63 356
361 320
-383 414
-55 361
-402 81
431 113
-4 345
31 -430
-197 9
417 -329
-312 128
-427 -150
150 58
-43 206
354 -440
204 260
226 441
-489 384
-343 341
-163 166
229 37
-498 235
358 245
186 169
106 287
-477 -109
379 229
393 372
49 202
-121 -386
-152 432
15 224
282 -289
414 380
381 -176
-358 -490
-311 499
397 381
226 -136
-330 298
-235 -56
46 -219
-487 -470
145 -428
91 318
-410 455
404 293
-307 84
-344 319
-427 -17
208 347
180 -285
401 -336
-140 -143
-24 -357
15 -470
173 -210
253 -52
-418 -123
22 -95
-226 -39
-32 -456
-159 117
100 -120
-350 -485
-158 -410
-472 127
-289 -417
-456 79
191 -497
304 -30
-500 196
451 41
-369 -249
-459 273
438 -408
207 65
108 -21
-56 -30
456 -105
377 269
-443 407
-347 35
-159 490
471 -144
336 -429
368 9
-4 -448
-47 -272
240 -115
-398 111
392 145
-84 -182
-240 357
11 422
-304 267
-478 370
186 -46
-138 -181
-123 -157
-395 -383
-475 131
84 16
473 122
-405 352
74 -139
481 421
223 373
99 -484
408 -385
-20 -448
-463 72
300 -396
-356 148
-301 321
112 240
-52 -477
9 195
-347 -190
362 -338
-118 -56
-176 -149
432 -55
309 10
485 140
256 362
-115 -493
298 -313
397 419
-303 274
-367 113
-272 259
427 -463
432 -160
379 -106
393 280
-77 390
430 -316
-231 5
113 105
173 479
53 -202
296 26
273 -140
-387 -291
493 132
-78 -402
36 115
-261 -183
-163 -443
342 354
96 255
140 -298
-390 26
-462 144
21 -236
-412 -63
-156 165
-420 111
-217 -75
182 159
-36 130
-476 293
446 -60
-325 -336
-230 390
-254 45
341 -176
172 477
-62 399
49 -151
-447 -195
-481 -5
205 -105
297 489
-106 130
421 -84
-353 376
-461 -208
498 174
-204 -92
264 393
495 498
-379 -89
-366 417
401 -48
222 234
159 -318
99 -328
403 208
-476 -254
-116 253
306 118
-327 -425
16 203
-62 224
460 -60
-410 -496
12 -156
-193 143
-248 -150
98 499
-147 453
-282 -195
300 -34
-489 -365
-158 53
469 31
-31 -122
348 332
142 -100
61 445
-281 36
-77 -143
68 351
-409 460
-304 468
-74 399
42 335
135 -448
60 191
389 -7
243 403
-335 277
228 -39
-368 182
314 -74
-54 220
473 367
-104 -423
-196 271
65 -169
-400 296
458 -175
-342 346
-97 428
-320 -231
-421 245
200 -44
31 -25
370 395
-472 -280
-152 18
195 433
-269 8
-299 -354
462 -323
320 -219
-283 417
-150 -296
321 -200
-418 -55
-75 -228
330 245
254 -119
37 -394
367 29
383 -181
429 -148
490 45
117 -442
319 428
209 -438
-63 -158
492 -323
-73 409
-397 69
231 480
468 -364
312 462
180 -218
-313 -316
-4 384
491 -203
-415 321
-197 116
427 -96
-237 -479
-67 46
-57 -281
285 60
224 125
360 -373
254 93
-315 -427
398 -258
-257 140
-168 62
-126 437
42 -135
37 -377
-200 259
-268 397
-421 -309
439 400
413 -208
368 357
191 -471
-326 90
486 497
-123 253
92 -448
-492 335
171 494
190 -382
443 -453
-165 -446
286 -294
447 327
337 132
-483 138
-491 216
-477 -58
-107 371
244 210
469 168
195 28
-2 110
-429 250
-9 -149
380 -332
158 452
-154 434
-100 -201
446 -249
-447 -5
246 351
96 -148
-279 170
47 -470
-129 221
24 -3
-166 232
-17 -102
-228 349
207 497
-398 -442
241 -278
43 243
-434 -70
296 356
-186 100
-273 491
303 202
44 -261
-94 107
-357 72
2 47
-481 -4
201 -356
-210 260
-173 328
-316 -235
254 -144
248 373
-144 169
-401 403
385 -80
106 415
107 -68
333 -210
-342 -266
441 144
-24 -239
-237 -133
-270 -220
-87 -386
-451 -449
-135 -346
177 -472
243 214
149 -460
117 489
-115 -4
230 316
-240 377
-195 447
142 108
-152 -198
-203 180
-464 -462
494 141
354 112
-451 56
-158 17
-126 -303
-237 -52
-59 -160
-389 -455
-396 -463
130 270
401 -91
-207 -135
330 -243
-160 -213
112 65
-468 241
-37 32
-333 -322
-244 -336
-395 193
-77 21
396 -59
78 372
326 -170
466 398
141 -197
125 446
343 -128
226 318
-301 192
180 -282
378 309
-43 120
267 248
-74 -67
-90 495
-407 265
-143 222
482 -259
66 35
63 -494
-69 3
-192 -81
-246 -110
18 -494
115 -384
-283 -60
-463 403
-494 323
69 -65
101 205
-233 -409
44 -192
-247 163
-432 -428
382 -425
212 -257
-319 -282
-253 -286
312 444
-469 483
-330 -249
-235 -458
440 9
-363 412
303 -35
-424 -414
133 434
-495 240
24 115
35 208
-358 -265
387 72
437 49
210 -266
481 71
-185 185
107 287
-92 294
-408 480
-7 -38
412 209
-382 -263
312 376
129 218
209 168
-208 -328
30 301
248 347
429 458
144 -118
301 291
-456 97
54 306
-151 -76
-260 254
461 177
255 397
-113 -232
-256 210
253 14
-494 150
375 -417
-459 150
-305 274
36 44
20 158
265 -378
-452 -387
-355 -22
347 -420
-86 -367
244 427
195 -301
194 367
102 -312
60 -23
142 -326
87 -136
432 -378
72 -157
-190 417
89 315
-57 -249
405 -156
-500 402
-306 -35
-278 -135
169 -225
322 -272
156 -364
500 196
-192 -271
196 352
-406 -192
-428 74
414 97
433 69
-420 140
-484 -397
435 -22
-480 -277
-387 356
5 -421
-238 392
375 178
290 -184
-301 366
6 -269
302 53
-456 107
-86 340
82 -355
-408 50
-398 27
-307 420
200 269
-448 -59
-287 -422
116 278
439 317
-358 337
-340 92
-340 -400
449 -375
-160 -71
489 -352
165 124
-75 -154
-279 -353
-82 -461
-360 92
-241 238
236 -416
-128 23
-388 -427
-37 -218
128 -226
379 -12
47 -72
497 486
-63 -299
-6 -429
41 -277
115 -400
-315 339
-373 128
386 -233
150 -342
-4 -207
-106 216
-109 -43
-74 -117
403 484
47 62
108 231
450 -409
-390 -33
-243 -63
421 417
50 463
383 3
-120 92
-276 68
88 -324
-77 189
-24 -92
-309 -311
495 -101
-69 -269
-85 -307
-397 382
430 -357
372 482
46 -279
328 -485
-7 -134
167 -436
495 164
430 -210
73 422
-166 -146
291 333
291 -471
-283 -268
-186 308
107 -283
112 -101
267 203
364 290
343 294
-182 -431
41 -498
302 385
-81 -390
-367 236
472 345
468 -36
371 -194
-168 88
-124 287
57 -276
407 112
-14 221
145 -272
-264 37
-105 499
112 279
331 -379
315 147
202 -64
283 368
69 -176
-408 111
189 265
-189 -274
-320 -387
56 -394
396 86
431 -451
-66 -6
16 370
456 130
-362 281
-442 251
-319 94
53 -221
-435 286
-42 74
-278 -232
-189 37
27 219
-224 144
-321 447
368 -255
-72 -440
-284 412
422 -48
-361 -68
341 268
348 55
119 -294
-102 -178
66 -204
-79 153
110 -54
165 63
313 136
294 180
111 -125
155 -153
-355 2
-344 475
165 -19
138 58
414 -431
-429 -422
-309 -392
443 277
455 -459
-18 166
113 382
-61 257
403 378
-61 232
-303 -357
217 194
134 -498
452 35
325 82
-495 -30
-244 -261
-390 79
432 275
-365 351
433 483
447 -443
-359 85
204 132
337 -327
-25 -456
12 -24
30 34
144 -476
278 300
195 -46
409 -296
379 349
-374 -1
-185 -105
-248 -412
345 -448
-33 362
499 -415
-70 313
-415 -297
327 -338
-91 -195
-159 -138
-218 -373
-195 -433
-302 323
-283 -246
-385 -270
-183 180
128 -136
-261 225
-216 -257
-97 364
388 -73
-487 120
-18 -176
55 87
-14 41
123 -51
127 -311
184 -267
489 346
-422 156
-384 -475
286 375
45 -73
-465 10
-498 360
0 -468
121 182
-416 12
394 103
88 -47
-22 283
7 -229
-144 -154
-310 -166
275 368
-424 311
-211 -33
-3 287
92 476
-108 -130
-242 -142
-28 -265
168 411
-252 19
-476 -260
285 411
-393 -288
30 243
-451 -158
171 -489
97 487
436 349
-371 360
275 -267
367 -433
397 205
492 428
-169 -80
376 224
-481 -354
308 -28
255 462
-288 409
267 -182
56 340
-251 -257
-125 69
459 288
-414 -385
154 -399
89 -14
291 -255
139 -404
399 425
-252 -276
28 -289
-119 79
198 -353
-473 188
-261 204
390 52
-5 -13
246 127
380 -484
486 -243
-187 -230
157 -313
163 -18
272 -421
335 -80
250 246
388 -330
357 492
448 395
108 -274
-406 -114
-336 -125
-445 59
-69 352
-390 -212
107 151
193 -309
405 -419
477 409
-346 -245
85 -13
317 495
234 -222
120 316
422 360
-407 -228
435 -112
274 156
232 201
96 333
373 -418
-140 -270
-371 114
-252 225
57 -314
405 330
-411 -232
-19 -369
-385 -312
315 -284
453 449
280 490
-472 -340
-83 -438
-438 308
319 296
4 -341
-23 262
434 -248
-69 183
377 -57
-83 -394
120 -47
-146 -247
-68 -351
-249 -214
65 210
-257 -445
-60 -187
452 -413
167 234
-151 -283
448 69
-484 -62
-498 -471
152 -450
-196 494
-461 434
-208 -482
494 -214
-205 160
-425 -241
498 394
266 -241
88 312
367 -253
273 109
0 -136
-474 73
127 -498
190 124
-234 455
184 -151
-180 208
-495 -428
323 -444
335 -140
457 -176
-218 -122
-25 -301
-68 -32
84 -351
-11 -54
49 -150
-21 203
-487 -193
164 -299
-455 -434
-205 -207
-152 -11
401 -173
130 75
484 318
-427 151
385 -376
-254 121
256 -157
455 -349
56 -387
201 -268
-122 303
141 -375
-49 279
-449 -362
-279 370
-399 -352
198 322
473 -287
-272 -457
-418 197
-450 331
50 -236
38 105
-26 190
255 357
207 45
381 290
95 141
-346 203
-399 335
305 295
-492 278
-189 -273
47 -259
-441 360
476 -354
-237 186
25 316
-213 -321
63 245
-95 228
-83 -104
270 -43
-120 -62
-47 -352
-96 130
261 5
257 -341
454 -34
-459 308
295 41
182 325
-20 135
-397 -432
453 -374
86 328
-414 251
381 189
463 324
41 -69
277 353
196 -361
59 -337
402 135
92 -480
-454 -449
249 269
229 365
-492 35
-234 225
-381 142
80 -384
265 490
234 -406
118 -485
-52 224
188 329
-133 -458
239 -265
-393 167
-94 -181
-334 -259
313 -305
281 289
-33 50
-131 252
-394 -288
-78 163
495 -318
-317 337
241 431
-265 -264
479 291
20 264
53 -56
-240 14
371 76
-380 121
327 182
259 289
-183 470
-25 -55
288 -20
-299 -188
370 407
-452 -450
-125 -490
145 -232
398 50
284 173
-95 158
-199 -398
-342 403
352 -409
128 63
26 102
-136 184
-231 -347
-392 -380
163 -174
-189 -233
-55 326
338 356
392 178
-479 318
-478 203
-493 -469
-452 -394
-292 -439
156 122
6 -231
182 -313
177 359
346 6
-30 280
-37 -193
438 -456
-146 219
-419 -174
-55 487
303 -383
302 -226
424 98
-166 348
146 214
496 -246
-353 -96
-309 146
-24 486
307 125
241 362
352 374
-90 -56
-148 357
-225 -454
-266 46
-209 32
-323 189
137 170
-67 74
-24 -448
211 -120
482 464
-464 -122
-130 415
61 -227
-338 -151
-191 242
19 -67
-153 -334
-268 126
358 -173
-27 158
259 431
-85 395
89 -258
-193 357
-332 -383
-100 129
-403 -134
97 467
-58 303
88 26
-242 112
122 -479
-428 -206
-478 291
97 -89
324 335
-442 -196
-84 -344
398 88
75 -118
-330 -122
467 -221
-449 -270
-199 183
133 322
364 -2
-130 44
-464 189
69 -456
294 389
189 200
343 -135
142 -277
-237 -233
-237 -182
222 310
-346 -449
-500 466
-50 312
-241 312
-399 -62
-496 -421
137 -299
384 -372
-456 -189
42 -327
-369 312
-22 145
326 -136
-11 -210
166 111
268 -466
415 -419
-265 333
-488 -249
500 -472
174 482
-438 70
233 -369
-410 -176
431 134
91 -490
469 -249
-29 92
377 -31
378 -158
237 -435
-2 -16
-221 -279
287 -75
48 -366
-31 -396
-337 -453
-230 264
-203 41
-302 367
-155 352
-32 -397
-125 240
-68 470
-484 -382
49 -57
413 390
-468 415
139 -397
-256 -441
-99 -168
271 203
279 -283
317 -93
-355 -320
38 -358
272 194
-394 -141
-294 93
-343 -224
91 -46
152 218
162 326
-312 333
-95 -81
-43 37
-30 262
-190 73
-439 127
-367 -202
241 450
-132 350
-307 -110
-252 487
125 -11
-421 -207
335 -33
-52 370
-333 -362
-366 252
-272 209
118 469
-389 -173
-248 -418
251 -182
-410 -429
84 208
-39 252
-17 125
104 -20
288 -205
240 -476
-149 -453
-400 424
-95 135
-302 -120
266 140
-75 -302
135 -52
-13 -253
-39 -435
-48 -465
-185 11
-305 -4
-12 -246
-498 486
-414 258
-314 207
-281 -95
-381 253
397 41
-381 405
-13 -357
-440 96
342 34
432 -148
327 452
229 237
68 328
-330 437
-192 -164
196 -455
63 -172
-316 -241
19 127
-287 -405
59 370
241 -310
-55 64
48 -22
-55 -413
157 44
14 23
344 305
-269 -234
2 242
349 -337
179 390
398 -428
216 -391
426 -288
462 -303
-497 -490
434 -114
-95 -63
22 256
-487 -140
-404 121
-164 452
-428 -421
-478 -68
481 -490
36 439
116 142
93 200
208 -283
468 414
494 42
-119 -175
434 -448
-183 -11
358 301
-112 370
-401 235
437 -41
273 324
497 225
-90 -157
42 -407
223 165
-225 -490
252 410
-207 120
285 18
-126 276
53 -371
18 150
410 15
372 308
500 -280
-457 13
127 -44
-454 297
368 205
266 389
302 230
-332 231
-435 429
477 42
403 -385
-283 -216
25 -250
-96 -264
-202 -295
372 -171
-385 374
-174 -138
208 42
-458 -28
102 156
-41 -294
-91 373
-53 -264
-257 -474
168 422
-427 197
454 168
-439 -235
213 -102
-135 319
-209 -161
-468 490
-437 -50
227 -346
-69 -287
7 -268
233 -15
-218 -359
145 -69
-456 139
-346 -420
-459 -20
275 119
94 315
406 -382
-119 210
216 398
-371 -51
-352 -285
-250 214
50 -216
280 -333
-217 434
-304 56
-266 305
398 -417
376 182
-87 -304
-15 302
192 -75
-312 261
-34 -107
-269 271
-361 -424
-51 -257
-78 494
437 -137
455 52
-385 121
347 424
484 -85
-335 11
334 0
-329 -215
347 193
-315 155
281 -493
-7 417
-371 128
423 -213
-309 -170
-261 0
175 -18
-145 359
-299 -484
-105 98
491 -219
-252 243
64 -126
275 374
2 285
345 167
348 -390
462 476
323 345
44 437
-360 107
-445 360
8 -461
440 -187
348 97
-129 86
-313 365
45 251
454 33
-354 -490
-455 53
244 -199
-231 256
-75 295
218 -82
178 -204
4 103
103 458
-91 83
128 -138
-350 -460
-211 -222
243 383
167 162
-60 -156
-455 100
489 -492
-331 408
457 111
87 495
-122 -349
496 377
-125 -482
-291 -254
-75 139
123 284
-93 -25
-450 -82
181 -170
58 -478
-284 -201
36 -225
351 34
-270 89
-7 -476
391 -432
243 -441
432 -108
160 144
13 -335
-121 169
175 -74
-212 29
241 445
137 -125
488 -277
207 -299
122 95
-394 22
478 103
459 -44
-471 -101
201 489
162 33
-471 417
60 -106
-136 -407
-258 231
186 -298
-367 -209
389 36
-475 -257
234 -172
274 -410
-426 323
-70 -57
-220 181
438 125
384 7
-469 -378
442 -480
-479 -333
-304 -282
24 -308
-142 84
74 197
396 -29
155 420
-241 307
-444 122
42 326
-375 63
120 432
368 453
16 -443
279 240
-33 32
365 93
162 470
-388 -300
-297 -75
-243 158
206 -275
238 432
279 -109
-370 130
298 -27
-27 -180
188 290
-256 377
-139 495
-107 289
363 161
188 -39
-319 397
-189 -497
-242 -470
266 -367
496 311
294 -422
201 -194
467 -425
41 -404
-417 22
-252 462
476 -386
-279 135
-22 174
263 418
197 373
-491 457
402 341
330 42
28 -265
-448 -2
-488 -239
125 136
-217 -47
243 -430
452 -150
-387 401
-408 197
335 283
497 -51
-376 -254
-126 -381
-83 -482
-43 -136
462 240
247 -56
452 220
471 -24
-366 12
402 94
178 -114
361 -322
-80 -415
-285 -21
252 -222
125 -215
382 -450
-354 104
428 -193
-14 -121
365 430
89 -156
121 232
221 144
-333 0
-173 -20
49 -82
386 -83
-418 458
-462 -274
315 -390
-406 -151
-419 -88
234 358
-9 -441
51 135
5 234
-408 -1
-451 191
-193 -253
-480 22
-89 168
59 -63
-206 -417
-340 -241
-395 -391
494 408
-196 195
469 -494
-52 -30
-463 430
434 261
285 487
302 51
-242 89
85 327
-355 -244
174 -110
-265 -413
-462 -342
-27 -186
148 127
240 -387
-111 167
403 -249
166 147
140 -47
-284 -44
222 -86
-398 378
372 311
-303 -286
47 -455
-372 -49
-109 496
385 -498
202 -468
-14 249
-216 -383
324 273
-1 150
-453 -3
382 131
-141 -468
-129 -366
187 -414
-242 44
291 258
-31 353
135 23
-73 359
-104 376
149 -186
442 13
-57 498
-415 423
339 -319
-306 -451
294 432
182 -130
-243 139
-99 158
427 -116
497 25
-360 368
-464 -55
-435 89
-341 -368
-435 423
37 -382
379 141
347 80
-439 431
-312 -43
82 409
229 243
-239 -98
-318 -47
-338 -227
-203 15
127 471
112 36
-306 -498
-311 153
269 -381
164 132
148 -398
-108 342
-420 15
-388 326
384 -490
335 -77
-210 250
32 296
-446 -28
385 40
55 -455
-319 -374
-115 71
-174 -134
215 -330
-210 441
-127 -57
-493 -164
-428 49
119 460
163 -482
-243 133
168 -289
80 -459
53 295
-223 -471
224 -43
30 141
-252 294
-60 42
-373 112
466 383
-173 -83
101 481
500 359
265 298
499 125
253 200
445 300
420 25
-244 298
407 -188
335 -98
-148 -318
-390 -194
-287 -30
343 88
-448 286
-369 259
395 68
-422 369
419 87
349 430
317 -229
-250 315
420 272
451 93
-119 -44
209 427
238 -37
-51 362
436 477
-447 148
85 425
424 -1
419 -498
463 -190
16 -440
358 473
-208 410
-168 485
-301 228
499 -9
475 -234
418 110
-291 444
-375 170
210 460
458 -138
305 -93
419 -385
-136 -455
-362 26
101 217
106 131
-479 313
213 218
268 369
-471 419
314 -419
150 26
85 99
-459 -10
-424 443
-157 -266
-24 73
23 -487
498 243
358 -251
142 -264
406 3
-433 -183
26 293
28 -388
-251 -390
355 -199
-54 -312
14 -224
445 388
366 99
271 -8
60 -5
-372 307
123 326
440 82
433 450
-96 -475
-120 244
-269 300
-363 35
302 369
-255 -82
-208 -180
-271 -21
368 289
239 484
-149 193
-335 222
-71 -170
-36 -200
-446 191
-411 386
-461 435
464 -217
445 -327
455 186
300 70
-210 58
-255 -127
-236 288
-261 -329
172 -123
-176 -225
212 6
211 260
180 -258
234 -478
348 357
80 140
312 255
-354 -474
358 -109
401 313
435 -359
-268 -197
306 -9
-175 20
24 -175
-305 -220
-70 -486
-358 160
-297 -451
-108 459
24 -473
108 -302
192 -181
118 15
-283 248
272 -191
104 -241
-140 451
-170 -355
409 240
-330 -376
-13 57
142 -433
387 272
-292 -426
-213 114
-460 241
-221 377
214 445
-335 -441
295 78
96 -420
61 172
253 173
352 144
74 -24
327 23
213 208
47 -276
377 -321
-302 -324
-168 403
98 -344
98 -12
-187 -487
363 421
-222 -171
214 -384
-314 -255
-163 -129
-148 -203
-67 -357
-461 245
449 314
387 -2
-31 450
-197 163
-74 450
94 338
-332 -305
55 -444
-442 296
78 -412
-140 236
321 -275
424 318
141 235
394 -29
-133 395
-266 -260
-188 334
-301 342
326 -40
-263 -492
260 -443
-473 -373
-285 174
349 -387
29 12
179 249
34 96
401 -313
-44 -174
31 -410
413 -245
438 -229
-3 466
-169 -423
88 55
-321 337
397 19
393 102
-288 -299
-467 -278
221 140
-393 348
-164 485
461 -292
-343 324
-92 -181
-172 -436
470 234
-392 -13
139 8
387 47
22 194
374 237
430 -21
119 -493
44 365
456 307
-243 467
-335 460
94 237
-319 -372
-210 -33
-187 -476
427 -440
-415 -168
-103 -171
107 -119
434 -234
-439 80
330 -2
196 20
-145 157
391 478
-271 -463
-373 -199
-104 148
426 -80
252 66
-340 316
38 -386
-373 141
-364 293
20 3
-176 -195
50 397
-182 -17
258 -78
405 -334
-258 -90
-472 236
40 -8
438 -331
-343 217
-97 -317
358 -230
369 -291
-48 -316
-48 -148
-111 25
204 248
-193 351
336 75
416 -10
-279 -205
-193 214
318 492
229 -73
354 101
-39 370
61 -65
-141 45
396 289
-54 305
-285 -260
-228 -352
-456 -156
-80 -124
127 349
184 146
273 -159
-79 -91
13 145
-139 -176
-440 394
-188 -344
-449 -278
245 -344
-68 -409
-191 -167
-252 63
442 138
-305 -275
77 -307
-9 -50
38 -366
-341 -247
-372 340
222 -156
-183 401
-78 364
-320 456
307 423
297 358
232 -178
-43 12
316 244
-208 -70
-120 406
-175 -261
43 267
-141 414
-438 478
-434 -179
-285 165
-498 174
-298 149
429 -255
414 123
185 437
91 24
-79 335
376 87
223 326
-302 434
315 127
-94 -275
-212 13
64 -258
-259 486
-200 443
-376 -45
145 -332
-438 377
-328 256
-442 -332
-291 142
500 155
117 -474
-86 -443
396 304
60 -125
231 -216
-238 320
233 64
78 -498
335 -420
492 -492
-3 331
307 -426
-466 80
-264 454
-253 -212
-41 -97
-103 276
307 -1
-446 202
178 -421
70 214
346 301
-266 112
-395 269
202 -265
-308 -81
89 234
-229 303
489 169
337 -239
-165 -293
-111 6
245 286
-132 -123
427 -386
-271 -274
-442 -109
23 -93
-44 345
-486 -218
238 -399
131 -444
-448 -487
252 -443
15 460
-136 119
-183 -159
-445 -337
416 240
-433 -210
-257 -284
495 -429
442 52
-81 -430
-263 -472
-47 80
257 -8
415 -95
435 -263
146 -437
-242 -391
292 412
-434 282
201 -206
97 -303
-484 374
271 -77
-265 68
-222 -277
51 313
-135 476
488 -344
93 -33
257 -137
313 363
307 -380
260 -103
-23 -340
371 -435
-263 254
-307 498
-133 -329
-195 -485
54 30
-256 -491
234 -190
189 165
293 -364
27 -410
478 -55
131 -166
294 378
106 -24
-242 400
-386 -115
-100 483
437 40
340 30
67 96
128 268
191 348
40 376
-146 -240
290 0
67 -87
-46 461
55 -144
91 -481
-472 -488
318 -113
-398 -325
-462 -78
-266 -27
-437 -464
-96 137
-273 110
454 29
-419 -458
-321 -408
-160 -333
-262 55
-475 -282
-468 -485
135 305
-267 363
-301 -224
278 455
452 79
-313 -426
402 229
175 222
413 -52
436 -201
340 17
18 80
-43 112
-460 496
296 219
464 -95
-379 219
-415 -180
-138 -452
-323 500
-458 -210
68 83
-240 32
184 -119
-56 -298
-468 320
-169 -425
-124 276
164 -220
-335 -308
-86 73
431 -18
38 -122
-116 15
147 -112
-410 -170
-425 421
271 312
-255 -40
35 -220
19 156
-105 237
-357 22
271 -86
-237 480
18 -233
-268 -357
-37 318
-495 468
-361 -498
282 8
278 45
-300 453
32 -467
-171 432
-306 -119
296 298
-471 402
-414 -350
-122 -397
57 -135
53 -369
420 -56
-137 117
-119 118
-64 -25
414 14
285 -236
143 19
452 -354
-299 68
-380 277
292 238
-44 265
-280 -435
377 463
328 -18
287 45
-339 221
-21 35
465 76
402 -69
493 -185
-463 55
15 -98
211 141
-98 -132
-393 -222
422 180
420 193
-202 -474
-480 -351
372 -117
-392 -144
230 92
438 -443
-79 -298
-384 -483
315 -466
-279 -157
22 -108
35 194
261 -361
47 134
301 65
30 -190
146 -448
-347 411
115 -57
-497 298
-172 389
265 491
-176 184
334 403
101 11
-409 -41
-11 -229
180 -435
-160 154
-476 -89
-193 339
-292 420
305 7
-173 370
369 -115
217 -339
-376 -284
-190 -284
302 368
-208 156
126 83
295 -132
159 -218
-72 -119
-348 315
462 -96
183 0
-448 -165
54 483
-212 360
-241 438
-291 -163
-184 -153
440 402
485 -74
-455 333
148 -140
-64 380
314 339
170 390
484 359
-227 -277
-227 442
415 368
22 -454
230 -209
432 -344
-169 -280
182 168
-191 379
340 200
286 -457
-169 -97
201 469
69 -267
-447 292
-157 55
-352 -179
54 -365
-418 303
436 -379
267 165
-264 0
-285 69
-258 -437
186 -386
-79 474
-338 -373
-366 -388
459 -463
479 -331
300 160
-359 143
496 37
-155 349
353 -265
499 58
-245 -482
105 155
-246 -443
-313 -226
-221 374
334 483
300 -34
-406 -405
140 -121
321 59
209 -487
274 404
-339 -132
-371 70
-403 284
223 488
-484 -440
335 -311
-481 329
-458 -231
25 -156
72 -450
249 441
231 -278
118 360
248 -95
374 212
383 99
446 363
455 488
338 -430
-369 86
-44 -212
-383 177
327 -376
403 381
32 90
-156 209
-9 -276
-428 -292
-267 67
265 -478
150 -496
216 -399
-292 468
393 57
276 278
116 484
151 274
183 152
-479 -103
349 86
-268 -499
109 -351
167 -101
358 -286
-230 -300
-354 180
-43 431
386 -185
298 1
-157 309
451 253
228 -266
-14 -479
364 -441
-318 119
-489 489
3 275
15 -164
421 -288
430 -257
-413 177
34 -299
62 287
46 489
443 40
459 -316
222 -301
-275 -167
154 100
492 288
176 -242
174 179
74 -334
56 230
331 -115
94 -442
-155 -249
318 208
-153 454
202 455
-289 -217
190 200
-299 -169
-105 -89
-414 -453
343 -1
243 -5
-312 417
168 47
-396 186
230 106
5 400
482 169
-136 -352
143 135
-447 -406
-389 -446
10 -20
-438 -419
485 -481
208 416
45 -43
45 -466
-257 -25
-32 -259
113 384
6 205
183 462
-239 267
-145 -360
387 173
-474 -323
-221 -366
-233 -28
-263 -326
163 -425
325 -444
45 111
-219 -456
130 179
412 414
-211 241
44 -92
-430 -488
96 86
-57 296
-293 2
-486 -207
74 -55
-365 411
-170 56
-453 -19
370 -46
5 70
-72 404
462 182
493 496
-246 473
-302 362
91 290
-352 30
-145 -402
-487 -244
105 -90
271 79
270 147
412 37
-371 -30
-345 244
363 159
-441 389
-335 -152
-185 -168
291 30
35 480
-231 437
411 -61
-37 349
-146 -364
440 -495
-88 -498
335 -71
397 -158
177 478
89 -61
-410 -120
432 -461
178 59
-377 -339
16 75
227 -311
-18 97
379 -387
-137 94
-236 -125
-329 162
363 227
404 -140
-107 43
-113 474
-164 -155
274 -32
165 -324
-136 -84
26 -272
-429 -184
-424 452
441 -418
-96 -312
-375 409
99 307
-176 -214
-425 -325
165 -255
-466 -153
-376 388
-356 13
-69 -125
358 204
-194 349
253 254
229 0
-298 -155
-244 387
137 -493
271 224
320 -213
-293 -216
-226 349
131 395
-453 -177
258 -232
101 -49
-237 -235
-479 462
-374 -449
273 366
7 299
365 -489
-133 -156
-366 17
-197 131
-324 480
-93 349
269 -493
-409 76
424 181
258 -174
-317 164
156 323
73 -381
-393 -110
90 -179
-382 321
-78 -215
-341 -254
459 -265
-368 5
-302 14
482 -10
-146 -3
-332 -264
-204 393
69 82
-490 316
-16 37
304 -208
499 -210
-291 -309
240 -75
312 281
51 173
-62 -291
430 -24
111 -500
-396 -342
-436 -269
-186 -159
-234 -174
448 -233
-264 25
72 -210
-414 -195
-275 407
28 321
-417 -418
334 448
327 286
-42 407
27 500
-348 256
298 -415
-173 -85
-199 -173
467 6
500 88
-20 95
19 81
-359 209
-148 -27
194 -162
-117 -2
0 128
-134 -456
312 -131
-89 264
240 -15
-294 295
147 -456
-380 -154
-277 30
169 243
187 287
-151 -189
36 -412
-392 105
-421 -44
443 -298
236 105
494 -13
-436 391
-154 -456
412 -71
-453 55
497 196
-258 -99
-182 311
-67 -116
-65 -127
349 207
-134 -6
-315 264
14 -4
-3 -30
196 -187
-11 358
340 -84
337 466
-35 149
-402 -290
-410 -219
352 397
-423 328
-114 440
-343 291
-431 130
350 255
138 33
-372 396
-134 -26
212 143
127 -1
217 -94
-410 279
-435 335
-338 267
-121 119
208 -390
119 127
-453 -163
109 205
-19 447
-148 4
390 -386
-194 -463
346 -117
79 -351
-122 -345
-328 407
-154 -370
-261 135
-23 277
-75 443
-371 148
-374 -459
-71 -494
87 -76
253 -225
264 436
146 14
68 421
174 -455
-42 -94
-437 246
-457 279
-227 67
77 -305
391 -36
60 412
409 -91
-53 92
-390 148
301 -140
397 27
359 -163
156 104
97 423
-271 312
-342 293
165 378
53 242
-104 247
342 -373
-265 85
-4 201
330 -217
-32 -426
-88 293
-465 266
20 163
-93 102
186 -248
467 413
197 -486
-262 -452
474 309
39 36
149 43
414 -60
-187 433
10 270
158 215
366 199
-85 -375
369 -381
-83 -422
496 2
-333 46
394 33
303 -280
-258 -116
-400 -432
51 -106
10 -90
-302 414
270 414
-176 345
-51 176
-172 -180
-208 -339
23 16
-124 91
-123 352
-477 -362
103 -139
453 21
160 250
369 -120
-103 -402
211 231
221 466
-387 27
-477 462
-496 285
-15 -24
-324 -174
350 68
-95 257
38 438
-371 -437
-310 -278
381 -217
378 -171
46 -201
138 67
176 100
-491 18
-137 252
97 262
324 -172
409 -425
-245 -322
-310 -371
169 -426
346 421
243 -146
-124 172
-188 -390
-486 -355
188 -8
-155 465
241 419
31 327
-265 -363
22 319
75 -446
-56 446
-148 -117
103 -197
217 286
-63 -458
132 -386
120 -271
99 -118
358 243
-126 -55
468 473
425 -452
-149 403
447 315
168 322
-198 243
-99 -114
-433 -215
-43 -308
432 -145
25 -2
105 -135
-225 462
-297 483
-407 500
-489 -16
126 -312
-362 -142
164 -238
-1 -188
22 114
-77 63
-254 61
-193 260
-374 314
-298 100
-102 -236
-473 -60
-191 157
-441 468
-22 292
-365 306
-83 -236
-406 -341
192 219
-479 -395
1 215
48 -438
-261 -159
-390 -52
235 -330
-451 451
-47 -131
149 -483
165 -421
33 177
-392 -256
-263 -205
-377 213
-36 -457
-98 -224
-483 -350
-192 -246
298 -116
132 -423
-97 -386
412 -148
57 -372
-167 466
-79 165
313 206
-104 253
120 -307
28 -468
263 -92
-221 -385
307 -296
-88 29
389 254
215 -187
75 -418
102 -235
246 -144
-213 347
234 -178
424 -103
393 -53
-406 138
169 -343
-70 49
-116 -92
17 -98
-253 367
-420 496
-234 191
-144 154
28 211
-99 -234
-144 -401
307 -74
-147 -117
-24 283
-244 -23
-380 -171
-300 -274
-40 -434
-460 154
329 316
64 441
300 -427
-95 -363
258 -337
320 -454
-479 131
488 174
426 -358
-114 -317
-364 -465
418 83
-189 -70
420 -316
-457 -48
-54 -243
-113 -318
-462 256
286 58
461 -414
488 459
-460 123
119 -193
357 457
294 -12
-243 -1
-8 -56
-196 -498
465 58
-495 442
-377 414
-484 -112
-269 -7
444 470
381 358
-347 75
-346 -229
-86 439
384 192
-54 -298
-249 109
308 -459
-427 -81
274 29
-285 251
-18 -467
-142 410
-240 447
4 -355
-489 -67
-319 -52
221 473
109 388
-77 416
-229 334
-427 -197
43 269
-34 389
220 -153
-446 -188
-342 240
-201 89
-452 -493
-263 447
288 78
358 435
-277 133
157 -55
-84 351
30 295
-287 81
280 397
-231 182
-116 490
171 -161
223 -379
435 -98
-391 -358
-188 143
-55 -197
-400 452
-44 -127
-101 173
-242 154
-451 359
-157 -1
101 -245
110 -478
-485 187
332 -136
211 448
381 -449
-135 -1
319 446
317 -153
173 39
-93 300
-469 -346
-77 -462
141 297
-189 -341
-444 195
-363 -383
-406 -99
176 -26
-396 -38
-145 301
434 -292
345 -451
257 17
-319 -264
-305 -417
54 349
56 37
135 -53
176 324
188 56
-29 161
394 422
176 -266
-494 -133
43 72
-459 -37
255 326
-467 -236
247 -365
-48 489
-339 -326
-118 -2
373 -500
-265 -305
-213 -367
279 -443
479 -361
281 257
192 -401
241 -119
-180 -189
43 -291
-365 184
443 -493
283 -439
-152 125
-424 120
404 226
377 -452
389 443
251 -320
457 -433
-471 -13
-471 294
57 -321
1 57
-396 167
-437 -325
448 -220
-198 -54
-99 115
125 276
-451 239
-37 -472
-36 197
-166 -247
-344 370
-324 -377
15 398
386 -427
349 402
-137 -292
-173 334
21 154
-113 -162
109 183
7 -214
-204 -416
-213 184
-62 -355
-475 19
162 385
206 96
-483 251
374 -139
-174 362
335 125
338 -68
281 41
-165 -48
134 449
24 433
432 -9
414 -196
-308 -108
385 -78
-23 -454
153 345
469 -244
118 -489
-102 173
-306 357
-17 -285
270 -143
370 492
-319 317
431 -261
165 -310
131 -258
-16 34
116 -180
-213 -248
302 266
315 15
393 226
-201 -307
-118 324
193 234
154 -317
477 -71
280 176
-202 444
-48 368
363 362
-110 269
-445 -232
181 391
-28 -387
-197 -73
385 -81
-460 280
224 72
-496 8
305 -437
-96 -364
174 -123
-154 -443
260 -476
-338 39
-447 423
-71 -34
460 129
-267 426
-471 -14
-53 -64
-231 -168
-419 -340
-260 222
314 -102
446 -171
-334 24
-292 82
-380 -337
216 468
209 -78
-57 -162
497 216
20 262
-369 17
60 192
-492 -262
99 153
-262 275
468 -484
-271 22
138 267
-102 -375
-404 -125
-145 410
3 -462
-214 -473
-165 -339
25 -211
-101 -214
388 -387
442 195
-245 -420
57 -79
33 108
-59 -496
-103 4
450 -61
280 -227
-144 -423
64 30
489 410
-360 -363
381 -265
359 -61
-355 -394
359 -428
289 -56
-356 -135
-198 -367
-102 -160
476 101
-8 75
-258 286
-272 391
-5 228
285 -479
191 -77
461 249
-150 139
-414 96
218 333
-472 199
-47 -115
-241 -201
-394 215
-137 -79
-171 -438
-238 454
-478 237
74 94
-28 100
172 -251
-377 -321
-13 -247
-341 341
-100 357
475 332
-362 -415
374 270
-80 97
-336 493
184 -500
13 294
-124 84
383 -51
453 -279
-26 429
458 -86
-357 464
224 -372
228 -277
-468 -263
223 199
-68 132
-246 111
-70 -243
-488 -182
247 -270
-405 52
-367 -447
-184 7
171 -22
-72 72
94 -180
119 -72
402 249
292 152
313 -405
-326 -372
451 16
-154 388
307 -452
329 -72
436 -414
315 -226
25 -227
7 -438
172 -167
-427 388
-17 -442
289 -185
15 -363
148 -358
-446 -235
388 -2
314 -56
255 -140
-46 324
-226 352
-348 423
85 -454
168 288
-451 -79
500 -472
-352 -36
4 -483
70 -302
-322 -203
-89 268
392 47
-91 -470
318 -411
-70 -427
-421 -465
42 85
-182 290
153 488
-378 283
113 100
-500 -207
-376 -32
14 -31
183 -455
190 -304
-198 -156
89 224
-67 289
-463 -23
-217 343
343 -284
-256 -133
422 150
149 -240
94 370
343 -485
-204 -98
-67 -478
-84 12
114 -268
-461 -317
-79 -163
-370 -47
87 399
398 48
-205 320
-265 82
-150 -56
386 -426
-330 -258
-14 467
-493 -335
-162 406
-380 495
-319 -455
181 180
-272 -459
-38 437
124 166
378 242
-58 -145
-318 -141
-243 -201
75 -331
364 130
137 -32
50 463
-158 184
253 500
94 -372
-145 450
-259 -308
124 268
191 -181
-43 -113
-357 341
197 310
269 -23
-356 -85
87 372
99 -285
475 -287
-433 -294
-157 38
-39 249
-488 -244
254 -441
494 318
277 -389
-192 -333
422 475
123 436
484 -371
64 -391
402 341
-220 -293
-425 -445
24 -85
319 -370
-387 -3
499 409
-432 -205
-150 -14
394 424
-358 17
486 -323
124 -41
-79 230
115 206
363 -420
166 -101
-185 -474
311 -349
-201 -282
138 0
-381 70
-428 -22
219 -67
487 -194
271 127
-190 -275
167 111
291 154
168 -459
-5 -458
51 -424
48 -279
-432 14
404 -123
-349 -352
-11 265
275 333
-270 -292
-138 449
458 251
-395 -281
-473 23
-60 320
-295 -435
-275 412
83 432
268 75
406 -435
-133 -154
-130 -83
-86 -42
368 204
447 75
390 -207
-378 -204
-471 -70
72 -283
-26 -292
276 -289
-237 -221
166 92
47 408
200 40
-371 -14
105 365
-275 364
-224 -353
372 454
-276 -53
263 403
-183 -100
442 -220
-494 -374
-307 30
352 293
273 -470
-279 -110
-178 -259
378 -130
-383 37
-130 399
30 -309
-176 -428
119 76
234 268
-482 345
-281 -90
-17 -425
198 160
-11 237
465 -361
-491 -265
301 248
-317 475
-139 -169
-133 -407
123 158
-319 467
-157 -158
153 430
-438 249
-448 291
-124 290
-333 -120
-389 -276
-455 -477
-337 -237
-37 -288
-296 98
-499 364
278 -391
-176 -193
-17 402
-480 -405
-20 77
-272 -135
-258 -352
371 53
-79 -229
30 423
381 14
124 -80
-317 -154
-409 358
-189 -289
244 -140
-449 336
80 400
-436 140
67 252
-342 -224
-152 242
129 -353
-321 259
-41 128
379 -137
-340 -273
223 333
-279 -223
-328 -22
92 -169
312 -10
-170 -409
17 249
-211 -279
-308 266
-3 216
-400 220
111 498
394 -432
-90 -409
-177 -185
-285 -239
159 -334
171 -212
124 417
-310 104
-469 -322
476 459
235 -294
300 308
-310 -72
410 367
-158 136
-449 133
-192 -194
199 -321
417 -33
-28 -443
-76 -301
421 164
-261 388
-233 -260
-244 456
416 324
-308 328
-181 265
390 -348
-169 188
-192 352
412 -450
43 448
-16 -57
438 -443
-461 -148
181 63
78 -61
104 -454
147 117
229 -469
397 310
-177 -441
-379 -453
-127 -46
370 242
-485 -463
488 320
347 -461
467 -142
-102 -452
473 212
291 80
97 -301
219 -94
55 -84
459 -446
-484 229
-339 72
-62 294
-297 -121
145 474
69 -104
403 -49
491 -434
348 -168
170 -478
254 251
160 -25
358 218
361 130
2 -228
252 238
-401 -30
-408 -21
183 320
91 90
-103 -188
-233 306
-64 -363
-428 81
96 296
-235 -395
-202 -239
-58 -12
395 160
492 6
374 -331
-464 -295
-386 308
82 -468
-99 -150
389 223
143 234
-42 -369
30 -125
-398 -59
-118 175
223 -220
239 -168
452 277
-368 174
325 -341
15 -413
328 -103
289 -309
-420 202
355 -117
-211 -427
-269 -320
-420 349
221 -231
-103 156
220 -8
496 159
-211 -177
339 223
115 266
-160 309
283 -342
237 355
-333 264
309 -465
178 -333
18 -369
-66 -297
-219 48
-233 47
-97 203
-7 198
66 -149
-294 -488
-73 -126
-439 39
-165 -220
107 258
-353 178
145 -369
62 360
268 -162
128 -303
57 474
308 26
-330 -345
-20 350
166 -355
259 448
-290 487
-340 -493
-492 -129
167 -434
387 363
27 420
38 -144
-131 484
488 -113
-272 357
279 -179
38 247
-97 -74
-409 364
-163 -216
-480 -211
-95 31
-305 278
-380 -292
-85 -387
356 376
-351 -168
479 -77
52 429
-488 -284
374 342
338 379
-313 -16
-349 48
-207 -117
168 -247
-347 -478
-145 237
-111 110
154 154
255 -219
185 -248
-231 88
110 490
-162 402
353 322
116 -493
342 -342
-377 -126
34 -270
-255 190
313 342
366 96
429 310
-43 339
355 438
292 -51
270 -420
-472 -357
-201 80
-11 -418
-348 449
179 121
371 -243
147 418
-474 370
-322 -283
139 -176
-2 -258
261 129
27 4
-355 315
43 -232
-312 225
128 -269
182 -60
104 292
-45 142
339 -238
321 93
405 -432
-433 468
-462 -270
493 -118
386 -115
-103 349
355 -141
198 -30
345 -408
159 -156
-135 -259
247 63
335 167
-216 -140
324 166
-91 -254
127 457
-50 360
-154 228
358 -377
282 444
64 -44
-153 -50
-234 -303
107 -444
481 478
454 -45
-429 -484
94 498
304 -491
-336 -167
46 -329
439 317
-209 -262
209 -20
-185 368
399 -381
91 -251
-141 463
190 335
-225 -268
92 -401
219 457
-280 -117
308 -157
50 -292
-107 -420
383 -334
212 274
-21 488
240 -485
-394 -323
270 -81
199 282
422 237
327 91
-88 455
-9 -12
-27 412
-9 -415
317 428
187 277
213 16
111 218
-367 -208
380 137
-437 21
-385 434
-208 -183
-443 -463
276 154
-7 -440
-14 -393
-119 -360
97 -325
-168 168
154 224
-419 212
-86 402
-319 -143
125 -360
-197 -301
-27 170
306 256
104 -220
-122 -92
-136 494
298 332
-222 129
-63 -58
393 354
481 -394
-350 181
89 -345
-145 137
278 43
85 355
176 -319
441 -179
-54 401
368 404
-319 -172
-103 184
-160 274
-401 -426
-96 273
308 210
-188 24
-401 -389
-259 349
288 -194
274 78
-367 -211
-463 240
-368 64
44 29
-70 -28
416 -58
-189 -160
320 33
417 270
-106 191
-481 -338
54 -14
123 -45
-7 1
-202 -433
260 215
423 74
-63 -481
216 -17
24 332
487 -129
295 -127
-53 -21
489 -479
-293 272
213 274
89 15
72 -482
-245 26
241 328
-198 -455
193 -225
-221 -178
319 -191
355 280
-424 500
42 -234
59 433
-277 23
-208 115
26 -158
-230 96
164 -119
489 30
19 365
-151 -444
-41 -85
-270 321
-373 389
-271 305
197 -190
449 -363
-18 196
39 349
-213 341
32 -190
89 490
-280 -191
-446 -115
23 197
-237 29
430 263
322 -32
-348 -436
-383 -335
-3 -264
58 -90
71 372
-490 290
416 -29
381 -308
-93 -364
235 -92
-300 169
376 -458
-301 -282
-294 380
-481 -368
-86 -485
58 454
240 13
443 338
-209 -132
178 -174
-492 -142
433 345
-370 -266
-137 -193
-254 -424
52 475
10 -85
154 193
-235 334
-200 -464
231 451
-284 -140
164 -215
-131 -394
-86 -296
54 -56
240 296
-157 106
-100 407
-99 346
-154 62
170 63
383 40
24 -77
-137 -201
157 -391
-257 -377
-146 437
-329 -132
299 -119
48 -14
-226 -345
-296 39
-93 -303
-247 251
452 -277
-190 -444
-358 312
-424 274
-88 -474
110 -84
252 487
-193 348
427 -184
164 -328
-73 -243
-300 169
-386 -296
354 -148
464 294
-231 -469
-325 -490
183 -169
-333 -64
422 -37
-31 171
-383 203
-449 232
413 385
67 -105
-110 -61
-133 496
177 282
-146 340
340 -402
214 -22
320 -343
-191 -271
276 -274
402 -436
-351 313
-123 207
-70 184
453 -128
264 145
-57 -483
89 -369
-271 -439
339 -313
127 -313
-97 410
68 -48
428 -236
423 -149
15 -6
-308 100
-291 -345
43 -332
-267 454
-439 376
416 166
-142 -290
280 -210
462 -494
-67 31
428 -444
145 -176
263 -452
122 -17
467 -333
108 41
421 19
-78 27
139 -128
-143 280
-59 336
-171 -493
-394 -476
479 323
-84 -412
-81 352
-216 484
-56 70
183 -469
378 10
-405 -431
-276 -127
-200 458
99 483
186 267
-404 -134
316 -324
-397 103
-21 -186
-225 -305
14 200
-174 158
342 437
-24 -168
-428 6
-384 235
227 -56
-137 292
-128 -459
350 -445
43 204
358 1
-168 -458
458 488
-480 32
135 -219
40 -334
434 -13
-139 83
405 -221
-447 -442
-432 272
440 -138
384 303
500 317
-177 -273
21 362
336 279
-84 -13
-174 -20
463 330
223 -275
133 -221
-299 63
-90 217
486 240
480 -25
-33 311
416 125
179 91
221 465
-171 -169
-426 -306
-374 416
-327 270
-253 -15
-342 -45
-50 171
-313 202
-369 451
411 -394
-159 -269
-29 309
-388 -359
378 -148
-19 358
-473 -310
241 319
478 91
130 27
-172 453
476 -204
295 393
-124 374
-189 -302
-174 44
435 377
-292 287
-182 95
125 28
-358 8
130 -363
21 75
-397 134
-3 105
494 -42
193 206
289 -132
258 -132
148 7
-38 -254
497 -360
-410 -195
497 -474
-44 -22
127 -84
-40 -196
-379 -252
-433 452
-181 492
-164 365
11 -122
-38 -165
-97 244
201 -75
-419 -435
-456 15
-481 -368
376 -342
94 -259
311 361
-472 -375
325 -495
-225 260
-394 -35
97 252
-356 -148
-323 -88
-280 -426
-222 -12
198 456
-88 -294
-320 331
35 110
19 35
-149 228
182 -210
435 155
348 182
-323 169
-228 209
-414 210
-321 141
278 -60
323 33
-210 -435
418 -183
-43 356
-15 -430
-191 167
-478 117
192 468
-163 15
-457 2
-10 78
243 72
382 -247
359 -381
393 217
219 25
496 28
-85 -209
164 123
-128 50
-414 -500
367 151
225 244
-279 453
-70 151
442 -292
417 -230
-4 -331
-427 -498
115 463
167 -387
-410 -206
336 498
-321 389
203 131
-3 -179
-63 -426
-190 -298
348 -149
299 -414
-425 187
-437 -151
256 -216
282 270
-189 124
-369 -114
191 -60
-56 -392
100 -68
-171 8
364 394
-246 -328
336 -438
227 226
378 491
-222 374
-296 318
-138 -358
436 -454
-387 -389
405 481
429 -252
205 -2
-369 259
-86 -410
135 305
367 -366
190 -219
161 -459
134 -103
356 169
-267 -51
411 271
151 -454
-164 256
76 -498
465 388
-239 -127
-226 94
32 -1
454 -494
-206 -426
-182 -276
-215 54
164 -299
-439 202
-432 -333
164 -441
376 443
426 -209
196 25
314 -179
-457 -450
327 478
401 177
15 -319
81 -9
400 -19
224 339
-79 -269
-346 232
197 -28
151 -114
357 83
-292 -156
-261 374
220 491
167 -406
284 203
369 471
121 -163
58 -192
-22 -160
-100 308
-211 96
14 -332
237 433
239 77
-317 -381
150 -443
211 22
-202 -90
-442 307
260 -57
-434 498
-465 242
144 -169
-447 349
-9 -174
66 -233
-46 -284
409 -108
-58 352
-85 -272
-336 -316
379 120
281 344
-66 150
269 -322
146 -156
-232 172
90 -450
-401 348
215 -38
477 61
451 -417
-487 -189
-488 60
-143 -306
176 -191
376 199
-478 -466
86 198
-81 -352
-429 336
6 34
-432 -216
444 -268
-442 208
87 -467
43 -302
223 125
379 -258
294 279
255 476
328 -249
193 -339
57 249
-440 425
22 -347
496 -385
-142 347
-197 269
306 440
269 -238
-26 159
334 -356
74 -223
-340 -226
213 -270
345 324
-149 -96
-29 -401
456 271
3 345
48 349
-111 -362
-267 251
134 150
-399 -93
280 -16
222 -383
183 -452
266 -43
-44 481
379 -476
-213 281
-433 -118
-371 360
221 -17
-41 -453
427 -362
146 128
-133 416
-316 -378
140 92
346 269
-329 -385
-307 89
-100 168
-272 393
-127 -378
21 376
-60 -122
388 -402
-66 461
411 427
-88 418
288 -75
-178 347
-277 64
-286 415
323 -232
361 -87
-295 280
30 358
309 39
-393 79
403 -8
-186 -340
69 5
150 -306
-86 486
414 465
91 346
-243 147
90 297
199 220
18 132
377 -416
-85 -123
-186 -388
365 67
383 428
140 218
11 363
-76 -355
472 -148
458 -334
-377 49
-423 315
311 -197
173 260
-486 397
468 -201
158 -418
-438 -51
122 45
-99 397
-479 454
163 285
67 -276
353 -169
-426 -254
-2 -291
-332 -215
491 301
341 134
-328 364
-245 -72
285 460
-246 314
280 -438
221 -73
482 146
302 340
-377 -310
154 -57
-188 333
412 149
283 -237
-80 -402
417 -221
-261 185
381 186
-413 -28
458 -150
433 -365
267 -113
399 -134
352 382
-105 -81
350 409
54 -309
-387 -108
143 484
-352 331
-374 -266
-374 108
219 322
378 89
-206 467
-225 58
-238 449
-158 -184
455 181
-418 -283
143 -101
215 33
264 388
478 455
316 17
418 328
-221 -429
323 -269
78 -408
385 246
351 355
51 -259
-438 444
265 263
21 -314
349 474
314 207
-127 220
-472 -136
-252 323
-308 430
235 -360
-78 -198
-460 96
-324 271
456 403
184 87
358 -131
-124 167
486 262
313 455
299 -312
-4 208
-390 210
358 -397
-380 105
332 341
263 108
-189 -5
271 -339
-331 -311
-496 -151
-353 369
204 151
92 -429
-335 -340
67 -12
255 283
93 -243
206 -82
-321 -262
-283 380
-364 -84
332 303
97 340
-271 419
213 -415
-6 474
-388 -362
170 -54
179 399
151 478
135 253
11 474
5 -87
378 -198
214 -175
-11 -266
191 27
-417 141
-153 62
73 -471
454 256
366 262
253 -161
317 -424
336 347
-490 196
-93 436
-355 321
-313 -157
268 133
-233 -489
-444 293
-6 500
-273 439
-212 232
-5 -29
-252 -328
-327 222
-71 99
-450 88
-375 96
-319 -307
357 242
239 -192
-305 -175
37 92
459 -166
300 420
-306 -25
-500 267
-62 154
-62 -108
-270 184
-431 228
117 -407
-477 -249
294 -217
-46 291
346 -290
108 -194
-186 457
-425 -94
436 -380
-472 101
491 -88
-332 -122
-353 -436
449 164
155 -257
151 374
-481 420
360 -477
57 -347
-313 188
319 285
-222 -128
281 65
-157 221
452 487
84 124
391 111
-149 322
-293 -89
-484 200
128 24
-382 -268
420 -467
226 11
-18 302
243 81
-51 422
183 77
-300 -461
327 222
341 289
-289 467
486 -453
221 -238
-467 198
-332 -173
299 -88
-389 304
-470 50
40 -187
-389 -121
-312 -359
230 352
-260 162
157 67
-407 184
222 -74
56 -58
-52 74
-184 476
320 393
-160 -303
-281 2
-2 -239
-186 178
82 170
-223 368
310 291
473 262
58 111
475 -182
311 -380
-135 -178
42 498
285 22
350 111
336 129
327 -40
-91 -261
-41 -455
-50 -196
-299 -4
-81 -153
398 -100
-381 381
-335 -336
-191 9
365 -99
262 64
49 -179
178 -115
83 19
64 370
-368 269
342 -176
-496 -3
-61 -127
456 -455
-394 -283
-383 -2
111 216
-361 -394
399 -228
-133 58
-115 -272
-101 64
321 -152
324 -221
-471 56
-97 449
146 400
-369 -111
448 286
61 -365
-446 47
48 -405
115 -18
33 -463
-266 298
-43 -410
15 -142
73 333
-473 -108
-347 -61
-409 193
105 -60
-152 -94
-69 -429
-91 226
392 -113
95 141
-402 -151
197 -206
-480 -22
204 195
-5 305
410 -244
180 17
-454 -77
-326 370
-482 -297
-50 -26
-44 169
336 459
144 374
448 -42
474 398
221 -109
423 -106
-226 -28
-326 -378
-161 -3
292 30
-276 383
482 336
52 -327
131 366
143 70
99 -137
161 -334
-463 22
467 217
-28 500
55 -221
-350 441
73 -491
-120 -265
161 32
438 61
-385 476
140 -57
207 -353
-151 -129
-23 42
-46 -188
-129 463
-311 -206
-86 -378
-141 120
222 485
404 -419
-397 19
363 -310
-410 -459
-329 -271
465 267
-194 449
305 238
-240 -15
408 -338
8 228
377 -113
-88 -66
118 -112
-451 477
407 157
-85 368
5 -164
-43 374
-38 438
-229 202
-392 -114
-24 140
195 312
53 334
98 392
338 65
-87 -307
-211 -410
219 444
288 -484
-435 -190
377 -241
480 -345
204 415
-484 54
167 -382
49 -162
-180 162
367 251
264 316
-471 112
222 -172
-101 429
-243 301
93 -61
-35 36
-490 -70
-346 -223
175 371
-454 188
66 445
348 217
-330 -28
-458 -121
351 -17
-475 -318
-79 -349
320 57
-116 -321
61 189
315 38
-175 -67
432 414
12 -141
-72 -413
-183 81
412 87
33 -195
414 -113
355 -395
277 244
-67 -474
-436 -147
204 412
-107 -138
367 102
-57 125
262 -317
33 419
269 409
63 -318
378 -278
-26 390
-281 105
-486 -418
-343 -413
-413 467
267 -226
-293 439
193 -252
57 100
335 416
-416 278
-179 -422
-112 459
-136 -238
444 149
337 -42
14 461
42 308
177 273
-137 328
188 3
130 28
-251 -128
-300 -154
366 -382
-265 -25
426 -437
-414 246
495 -160
131 -378
146 -106
-478 5
-382 -319
307 157
318 -169
-459 -96
400 -268
-405 446
271 329
258 -484
-201 -176
-397 9
-101 -436
136 437
-121 331
382 -239
-195 -13
318 -367
64 -324
-148 -381
140 -335
144 350
202 189
256 68
365 45
382 419
169 -385
94 -414
-286 471
-297 -18
-168 -493
102 36
483 106
352 -166
391 -332
-20 69
172 109
-161 413
104 409
-416 216
100 -371
-494 -150
-409 387
157 -286
347 -483
-21 -359
-343 -250
-335 -75
354 -50
264 -293
-311 135
438 -238
-291 -392
489 350
449 441
-454 243
334 -288
-49 268
-324 -50
312 -444
-178 -182
463 -42
414 197
399 -190
-423 -31
474 231
-166 252
192 22
362 21
-112 253
-368 -468
175 -321
130 -11
-21 204
-113 412
-124 -433
109 -480
1 199
-483 -171
377 -56
-369 283
73 -178
390 36
-350 294
193 17
425 -426
351 1
-380 339
-278 -186
-174 -29
-216 184
39 73
-117 429
445 -260
-229 -103
-142 -309
-133 -229
24 -106
-193 -434
113 -91
392 155
-49 142
341 183
-464 320
-72 140
-232 16
-107 -188
-370 -90
182 -394
-214 404
-474 -278
241 76
-19 190
-201 420
168 -302
62 175
84 206
264 115
271 430
-410 342
-151 374
373 198
420 -197
434 135
-234 -376
213 309
-252 277
5 313
-320 134
-29 423
262 490
129 147
-477 287
431 290
-2 375
-101 -484
9 184
487 250
409 -22
110 85
225 288
-300 -173
-184 440
-38 -58
-420 -252
483 -79
-99 -222
265 467
261 -70
469 110
282 316
373 -384
100 11
89 -78
-267 -492
95 388
-234 220
22 -70
-421 -184
385 320
-241 236
-60 98
39 -109
-435 213
-83 352
173 11
168 -134
216 456
-184 348
-131 -2
233 -91
-500 -452
-492 -330
403 -36
-389 -173
-363 374
354 47
-498 363
15 -296
410 131
-1 4
96 186
433 302
318 302
208 -299
120 -121
-223 327
-447 352
-230 494
283 451
-394 468
215 -387
466 409
-73 496
190 -167
280 -182
-244 -458
-403 459
470 325
16 -238
-64 -173
468 0
-289 407
-320 -182
-421 -432
67 -116
53 -200
-59 -353
386 249
-283 338
-19 362
171 -137
498 328
349 232
209 -500
342 58
328 -299
202 485
-134 148
-217 -331
-285 358
235 -408
-466 -248
-152 -13
326 210
-121 -353
-464 -441
-27 -462
-224 313
-435 467
-207 -217
-34 -229
225 261
161 -122
-411 413
316 149
161 500
-289 -13
-2 426
-485 -268
-397 -387
-19 -82
-170 103
337 460
-352 498
-252 163
-59 415
-490 233
262 -208
-494 -400
111 -120
212 -437
32 -355
-246 2
77 -137
240 -121
-203 -106
210 18
152 235
-177 76
485 176
-483 -32
-129 -347
212 19
87 -450
193 -446
-360 -202
-228 106
-148 206
407 59
-183 -243
494 -362
460 -92
236 -122
-94 -256
-285 -134
-287 296
-113 294
335 -468
-181 -349
197 -282
-137 398
387 58
470 198
-139 -256
-437 447
438 -22
189 -105
-365 -260
483 46
496 -312
9 230
186 -248
-207 137
323 26
236 21
-454 -303
-496 52
404 -69
95 -442
244 -200
240 -190
-238 161
-29 285
-316 -449
-318 230
-231 84
410 110
-246 -197
439 -416
-49 -455
-391 82
48 -299
251 433
128 -263
381 142
424 118
-475 -223
-62 177
315 -228
114 -235
-151 122
-88 -118
-290 -189
241 -348
360 -218
283 -82
-275 448
64 386
434 136
-413 19
43 219
14 191
-425 303
243 16
262 -338
426 -441
271 499
289 -274
376 362
269 83
-79 -42
-125 -202
19 130
-287 90
-109 296
-362 119
480 -203
85 -364
146 -150
472 401
101 -114
-493 -75
-171 -203
-2 -54
22 428
-178 -67
-329 -157
47 16
377 287
-493 -350
299 -69
284 -66
-425 499
-343 -271
-260 80
-303 494
-209 -169
-42 482
-3 -361
-116 409
-135 489
161 -24
437 343
58 -212
346 -488
-133 -466
-458 -486
155 -344
-422 187
-19 245
-464 460
32 -50
98 372
126 237
139 -125
367 -70
470 377
185 339
455 402
277 -436
-61 258
484 -109
-290 -35
-486 85
161 66
-203 19
-22 -126
229 -6
299 40
-310 427
318 -436
-346 -412
307 357
14 -259
-80 304
297 -215
84 -437
292 126
244 309
480 -273
239 -162
-440 379
-359 129
401 50
454 442
8 -12
-330 427
-370 -343
-107 49
-184 -206
128 229
-134 -86
493 458
388 -228
252 176
302 -436
-174 -250
171 -19
-302 61
489 -226
383 470
-353 498
-39 122
321 -147
238 304
160 -271
-448 74
-401 322
-266 -291
180 87
2 -438
-218 -189
343 34
128 -414
179 -445
-479 -277
-73 -28
-499 -239
-293 -130
36 -91
-318 205
-156 -64
83 169
451 417
-410 281
8 -34
202 -194
228 -135
170 -315
167 -204
-228 -448
-96 350
-26 -58
251 -181
-266 -459
-123 -89
499 45
198 492
257 90
-191 -23
-197 -49
173 -180
-431 -254
-468 -412
39 148
334 393
368 -307
-126 -263
-476 429
-40 371
-301 -472
257 -312
447 -161
381 -109
42 -278
35 -346
-101 319
370 38
-225 -382
-106 19
-140 447
-28 290
402 -391
136 470
-223 -460
442 -286
93 67
274 -413
338 -197
330 -54
-269 221
-174 197
109 -85
-418 177
317 43
347 434
308 -13
6 -174
209 476
274 429
33 -214
406 361
-353 -116
163 -478
-212 420
-99 -134
265 -478
467 -239
-12 -135
-468 -11
18 -455
478 491
285 -269
424 -159
369 -113
405 124
-155 -212
-17 398
357 259
-462 26
-357 -119
319 -251
171 87
412 -309
440 -88
161 443
159 371
-108 443
292 -100
320 451
85 -127
19 481
118 -227
326 -122
-144 247
472 313
44 431
270 10
-293 231
-375 -408
163 -370
125 -68
-48 111
366 402
-203 -448
-462 -242
6 -422
-129 -307
-73 -10
-228 0
253 371
-10 -328
477 -63
-159 468
-399 460
296 40
162 223
412 -413
-494 -219
485 161
-40 162
-200 54
58 464
-25 166
475 -89
62 -349
-275 35
333 -218
-413 236
339 -485
302 -294
-94 -394
486 -324
94 45
-205 -40
52 54
-197 2
-24 161
-22 -303
-154 418
-459 -179
-137 378
204 -85
209 429
-489 422
80 497
324 -84
175 467
66 210
-388 269
-365 -61
-218 269
130 -327
-301 -387
278 -130
-194 451
344 156
-191 184
-281 -308
437 -141
430 -21
78 311
423 -430
378 51
387 -452
338 -387
362 152
-415 -300
-341 283
-8 -122
-272 -490
-395 -222
9 -282
-428 407
-12 403
-9 145
-376 293
203 351
444 -446
438 50
-25 188
-41 -25
382 -50
-314 -457
-59 7
-461 -214
280 -220
-193 57
-143 -315
14 -352
478 -424
-301 -353
48 -149
30 -284
28 -179
473 485
220 -188
-90 272
82 224
-166 473
390 487
-348 -46
43 -214
20 -290
-36 332
319 -19
453 439
448 -144
-177 -91
-195 -437
10 282
-70 442
348 -237
442 -34
328 -137
316 186
226 111
451 466
137 -100
-451 -316
64 470
-342 135
30 -140
193 -207
168 -136
-478 96
-175 51
243 171
-449 -500
91 -210
-304 439
-327 -340
-304 128
417 -433
358 -481
90 -465
296 -168
-357 408
293 262
-443 -154
41 385
-337 -19
-351 -453
184 -50
-415 25
148 264
4 -391
-294 -4
-207 491
-231 -491
331 -465
476 -447
421 -380
-343 -493
112 -218
474 -277
170 -196
428 -98
247 403
-188 181
-277 148
-113 35
-456 308
-115 465
-10 191
273 138
375 -379
-344 -106
-86 322
-472 -376
-147 468
348 -338
-476 -114
89 -304
-123 171
-430 414
450 476
211 39
-341 -41
63 -329
360 37
455 -495
4 -419
-458 -490
268 -299
-495 -249
-150 -43
-247 -224
-375 -128
238 -303
-437 -239
264 164
196 284
-393 -377
385 -453
-63 -441
-12 -368
-100 196
362 70
87 126
-35 -482
215 -22
260 269
48 -106
-8 8
221 -491
-175 -52
304 446
-273 58
287 -477
-286 10
-310 -213
72 -226
-100 355
-230 -22
47 -144
67 -248
-365 -140
-199 316
365 96
-248 -60
289 -21
302 386
204 250
224 -205
-139 -219
234 -104
-84 -345
309 -479
-223 -140
-222 464
6 -151
197 384
-388 426
248 19
-29 71
-255 -450
478 395
93 19
492 -381
-153 145
-44 -420
281 -269
314 477
376 303
103 -458
296 -263
-99 302
195 404
-416 -316
-401 -77
49 -323
-110 286
-282 338
355 271
467 -431
234 -382
-103 241
203 50
175 -122
-478 -124
473 40
-430 3
-110 111
260 230
495 119
-213 24
-486 93
-121 -18
-418 -239
61 -75
-390 -218
329 399
258 360
178 -198
-80 -190
332 187
-468 145
406 -196
-142 161
255 -41
-307 106
-126 -416
42 -406
-156 -326
171 -112
351 296
477 -448
395 86
250 169
318 235
493 435
-229 462
-323 494
19 248
71 244
-353 -440
255 -37
148 -484
444 -140
78 182
-472 -170
-91 -433
-177 -237
424 -262
-476 -211
452 -285
45 -234
412 -449
-328 414
352 -418
-1 -86
-25 -39
411 -99
-77 44
31 -335
-161 -344
219 264
58 -243
-113 -494
-483 -357
192 459
453 -50
-418 -64
-419 -87
136 77
26 499
-297 -209
0 425
-307 254
-137 -445
-215 -274
-321 487
-198 463
-112 444
86 269
-403 497
218 413
269 -421
-54 255
-347 301
340 384
-2 326
4 287
-4 -160
-85 167
451 36
491 -330
-133 32
58 204
-50 -93
-172 -309
437 440
354 -434
15 205
-93 -21
-411 261
-494 -203
-372 450
-281 7
-304 100
-55 302
77 489
327 -164
-36 -243
-424 -127
-436 -261
-14 -112
-39 81
139 321
5 -447
-223 -65
16 -433
147 -249
193 54
-447 -408
-371 -200
224 292
-409 262
-111 -411
140 304
-119 -69
-177 -377
-484 326
321 -128
75 -498
-205 -330
-432 -382
-6 239
-255 -400
213 -435
-259 -335
-489 464
-482 152
-141 90
348 245
10 231
472 -69
108 142
-458 71
-53 130
386 -18
159 -157
-175 -283
-68 133
209 -103
-273 267
-312 -122
-202 -341
-425 31
-291 -90
-367 339
462 -357
96 168
99 414
275 282
-293 208
344 201
-463 -282
-236 147
-71 336
-483 -188
-364 -435
202 -36
174 -217
168 -32
124 -41
-136 224
53 -484
-35 -180
-388 230
-184 483
-254 -435
87 395
252 -61
76 296
-295 -325
182 169
406 -457
-104 -210
453 -60
357 -89
-396 -4
-462 -252
-71 -299
125 191
-290 -280
-301 268
-100 -306
-467 -422
-214 -200
466 -316
324 -202
253 383
-498 61
254 -436
-18 490
306 470
23 -382
217 -417
255 -196
300 -171
87 -347
-399 253
465 -122
160 16
46 102
-52 -332
422 -61
120 -298
74 -413
444 349
159 -348
-282 41
150 174
-313 -284
303 67
127 445
-399 -438
-220 -150
327 -248
-56 203
73 216
-225 158
133 -268
293 37
-100 -274
-1 -217
108 -444
369 463
-10 215
-437 457
-393 -246
-213 -447
-5 421
209 65
-384 264
-423 393
-235 374
-408 -88
75 143
-388 354
-434 -124
-451 -157
-454 -60
-491 60
314 -363
196 -495
-13 176
347 -469
279 353
70 170
-108 479
63 77
-127 64
-104 -148
0 156
-237 271
-427 17
-43 -40
11 -371
-42 173
-383 -1
-100 -123
195 373
425 23
-452 422
294 364
-422 201
208 498
429 -349
39 141
480 43
-280 278
-497 223
76 -130
499 84
-251 484
-234 359
345 -500
-412 -58
-22 -42
88 409
-125 265
154 -326
51 79
192 -354
0 -444
304 -169
468 -385
-255 -404
-50 -475
-466 430
-308 -291
-167 -235
455 -367
316 80
316 264
-200 -432
-220 -377
454 60
389 -434
197 44
74 -491
258 449
-16 176
-412 -186
-136 406
-184 -298
-209 -79
-9 -392
237 -412
-334 15
227 388
-335 47
2 156
-220 64
220 82
-17 104
81 -82
-420 -288
-188 40
-266 214
-35 -73
124 -239
434 472
208 432
20 479
130 -298
286 177
173 441
-47 -254
-375 390
217 8
-291 424
143 -426
42 -303
487 388
475 -482
218 485
-281 156
14 -383
-186 -190
-89 -200
344 171
298 -382
236 -477
-471 56
-381 394
-255 -304
308 -116
-176 471
-56 318
-295 -324
44 -47
10 162
-286 427
-360 -91
-385 446
123 460
-327 406
6 298
-95 112
-203 -499
378 -102
-301 -496
-22 98
-73 -154
190 -299
-452 -227
-138 128
383 -126
364 88
486 -426
123 405
-250 -134
-303 -410
-361 114
-10 -353
-397 -242
108 -149
3 182
109 449
-352 2
-109 -75
470 423
-75 -162
496 -98
-47 238
-222 441
71 -317
175 -220
414 -79
-202 345
-269 -113
232 -201
141 112
245 241
135 -35
21 289
-69 185
270 152
-69 -248
273 -121
190 61
110 -201
392 371
-130 -340
354 -210
267 1
-183 238
-384 241
-285 357
385 -412
447 483
174 216
-163 35
-95 -396
110 112
438 304
-452 -250
409 -477
-69 476
-333 -309
97 364
-223 152
-499 444
192 -374
31 -482
477 -14
53 -237
-79 -446
315 -54
-282 -190
390 380
289 -246
168 -335
311 -366
198 -263
-417 -239
369 -140
468 382
55 435
-463 -202
-285 235
-258 227
414 388
42 419
372 -316
77 -265
176 383
-461 223
468 350
266 -405
59 407
480 -426
147 -53
-461 266
-329 469
40 -342
-299 -145
-416 252
-133 -238
413 405
-267 215
137 -421
330 -381
-91 -205
87 -392
445 424
-235 -243
-430 -45
-381 59
-80 -333
-37 81
194 -12
-351 -443
-215 290
-493 -479
-339 -91
418 91
-396 -35
-114 -293
390 33
135 499
-161 152
-68 22
-320 -114
422 -302
-155 458
91 2
146 253
-150 452
406 237
-385 -50
-390 43
-225 458
46 -404
314 8
427 445
-394 266
196 197
130 -277
-174 -463
-77 -357
-108 -161
-156 16
123 -36
189 -471
47 -254
-63 -371
492 281
-106 -478
347 -164
-182 307
-252 -320
185 -415
-137 -197
494 449
496 -119
206 225
84 444
234 405
-294 173
-204 3
487 137
314 369
362 -313
-86 468
6 382
-10 -335
218 146
293 -395
144 129
-412 127
148 -215
498 -492
-238 -35
-163 -50
-289 481
482 -215
390 235
231 247
-15 435
271 -97
473 388
287 212
-228 -106
193 80
-106 240
256 -170
-215 168
-409 -286
232 -192
-26 56
-321 -298
-463 299
370 414
-23 -244
-239 292
99 -198
238 255
-448 -14
357 -199
365 333
200 -57
-285 -327
-317 -142
-284 272
-438 339
-466 -176
36 -10
-107 -92
251 31
11 266
-266 -257
-422 269
454 -491
-320 -37
184 -305
154 295
430 219
-445 214
-117 -251
-51 -198
229 55
-248 267
-470 23
-241 -221
-120 -418
-448 -233
-283 387
376 135
116 -245
-20 169
24 -62
-281 13
-443 -351
-191 -160
308 244
496 -9
-274 242
-165 -223
481 311
-478 -5
-484 380
178 -485
143 251
-341 -366
-465 368
249 335
-74 104
308 -335
146 -160
-46 9
408 -373
59 347
-345 498
-156 380
-147 -417
177 -424
447 101
-262 169
342 -243
203 -177
225 -424
-253 275
-198 121
268 120
369 377
-218 -194
404 7
-77 367
-333 158
307 165
364 181
263 -355
-51 -117
-403 90
-177 -175
377 -128
152 463
-381 -457
206 -449
-263 24
488 445
439 329
-456 -302
-444 153
20 -91
-490 470
38 -82
475 -214
434 412
234 -124
58 247
409 -170
436 -21
-21 -301
-273 334
233 161
-263 98
-351 -336
450 -454
-57 -52
-222 121
263 -28
-123 -392
33 -307
-158 -476
322 -131
142 101
-89 222
-74 184
-120 -149
-303 -232
-158 360
-455 388
-224 143
158 -70
-228 415
449 348
319 -482
147 -107
-104 27
-327 283
436 394
-267 382
40 -376
311 -348
26 -294
24 -40
454 -54
246 -200
-294 248
-386 378
348 -386
268 7
79 110
-181 -179
-291 -224
-83 177
-197 248
-144 -329
17 -105
420 -331
124 -65
189 403
-77 495
-92 470
-302 462
237 -262
205 -300
-21 -169
191 -172
289 -218
491 36
246 -312
293 40
-178 3
-222 -91
-101 54
-407 -37
43 338
231 -340
-124 324
273 411
-192 140
2 -133
139 402
446 105
-61 397
-69 384
-397 338
-292 -298
-158 192
-103 -209
-247 24
-128 -362
-430 -55
-471 -210
-38 -189
-131 -348
40 -214
-412 -393
-431 148
-452 44
-203 194
-418 -164
-423 459
-483 -393
-450 382
286 -14
-366 -25
283 -450
288 -181
-99 -171
-117 421
-62 229
-480 86
-53 -53
-46 -385
449 -449
329 -210
-430 311
-436 385
138 -313
-312 -292
-23 -374
-267 -128
-13 253
-99 26
391 325
-379 -181
309 478
-491 399
-419 434
89 -80
-92 132
-427 -275
-150 -292
498 -424
-55 385
-229 -312
415 159
438 293
-108 -355
-220 339
53 413
367 -427
185 202
-254 488
366 -225
-458 -129
26 -387
-326 43
-284 -323
264 -324
29 208
-130 46
-281 38
23 -3
106 -24
163 88
-91 -100
3 117
329 236
461 -297
408 -236
-153 -495
-221 221
-262 143
-333 111
213 426
-451 450
130 -274
-370 355
240 226
146 202
-163 -4
90 -198
71 200
495 -262
428 -413
-116 123
266 494
-74 250
81 -465
-61 -403
-128 364
117 -317
-299 414
-10 -273
155 50
-337 315
40 -420
242 15
-460 325
-452 -47
-24 -409
71 366
-431 283
-245 50
-351 -291
-243 -198
-239 160
138 481
199 103
387 -400
450 159
86 245
42 -428
-15 -210
-154 473
146 1
379 -223
91 -187
-272 439
-418 360
-132 123
51 -195
457 -249
435 -257
362 -117
-423 -154
-284 -418
206 297
-189 -141
34 -209
466 -42
-163 -233
-454 355
-190 -281
-366 -322
111 -42
256 13
-424 -476
-294 383
215 -144
244 -385
-82 -210
-132 -445
481 -268
-34 377
217 -478
-334 -430
-480 -426
-276 -354
257 470
-473 63
61 237
44 -289
77 -320
-409 296
397 42
424 236
453 -73
-51 99
492 30
41 -351
76 74
-301 -163
109 -86
265 -16
485 286
-238 -163
264 306
91 -261
-294 260
-352 -453
-295 413
-126 333
394 -398
-499 -4
-496 -265
485 362
328 373
-218 138
-199 -120
411 451
-468 -109
39 450
-25 -113
274 236
327 264
-54 77
-447 65
-228 114
142 162
-130 247
445 -185
-246 224
456 197
391 453
240 -468
-9 -496
41 280
-178 -176
-286 -498
-284 -374
-83 500
59 325
45 216
223 140
164 -313
265 394
-287 -248
-231 -133
-372 186
-46 -346
403 360
-302 -296
-49 -435
-271 50
390 -244
390 -458
-316 445
-194 48
-142 399
-52 -393
-238 460
-462 -397
433 199
390 -51
111 -396
344 413
-445 -61
-315 -185
64 199
42 112
381 -321
-205 -306
476 -60
166 201
-216 -146
458 -1
140 -146
-386 -180
394 480
-488 -381
262 50
480 102
-150 -408
-105 -211
497 -310
-246 -431
41 -188
-453 -198
-356 -489
447 -337
152 104
-100 -148
12 -140
179 19
-364 -356
361 -82
-445 -197
-332 497
-316 -50
-172 81
-241 -389
-180 307
178 -368
17 -214
-57 -241
-59 33
-161 169
320 338
-349 109
169 -430
-138 266
354 225
-423 -366
-150 130
265 366
-436 462
-413 -192
-384 -427
-212 210
-38 65
-174 445
321 -376
-468 84
29 -489
-370 131
83 374
-233 99
152 -116
91 204
-471 -91
-422 390
245 462
411 415
72 -364
-132 372
341 300
468 219
17 433
-89 405
-370 50
-88 -313
-18 -131
275 -412
-63 484
170 142
-144 -69
-39 383
-91 110
34 258
-352 -399
-119 16
-239 -360
-134 303
-451 -363
-350 -190
-7 184
76 -346
-413 -47
-433 217
428 -492
-100 -375
-105 226
405 -227
-57 74
183 182
17 -447
-456 -403
-175 -41
24 -338
341 76
152 418
230 -360
311 182
372 -346
134 282
21 162
325 -127
88 -209
-41 380
-355 350
213 -48
345 -110
-460 -259
-305 -411
-203 129
-209 -348
-72 407
-47 282
406 28
166 75
-468 127
-196 -213
31 332
153 -187
319 362
140 244
67 122
152 352
-289 -225
-477 52
119 -97
-36 -273
-107 -259
416 -289
174 487
84 -145
-291 -320
-1 -131
125 276
-311 -133
278 187
108 141
331 401
-151 -345
-125 -490
65 61
329 277
16 51
-143 -47
-370 -245
260 -285
-339 193
396 -123
182 17
29 69
471 5
-21 -54
-303 428
42 320
86 162
-299 193
-146 -42
445 444
-270 211
-247 432
56 -385
275 -272
-40 -167
-154 59
12 291
-22 363
4 398
-469 -268
-142 -95
433 -499
32 449
146 181
103 429
354 -250
87 349
-160 170
-439 -330
-159 146
126 183
88 238
216 -185
-182 286
226 23
-351 -227
42 426
213 351
-140 475
477 51
271 -34
-348 -444
157 -479
279 -471
-174 451
-225 -208
-39 74
126 -339
461 -14
-130 249
-357 -251
480 -163
422 -329
-477 -347
-311 -323
291 -255
266 -57
-413 -154
-472 -173
-385 379
373 175
-248 -210
-42 360
27 174
419 -234
253 -325
90 -360
326 51
-189 475
78 145
129 -459
303 114
200 -418
-418 -154
414 -244
-205 460
-11 435
213 -43
491 -361
417 243
-500 66
13 -282
-195 83
67 -417
472 -429
151 -290
-185 -343
-457 -331
-115 254
-178 402
183 -196
-422 453
230 455
117 -251
-155 -145
-135 130
441 -426
220 -368
249 -497
43 166
71 207
155 -373
-465 95
-262 361
0 -73
-332 309
-239 230
484 434
237 -242
10 266
-348 -114
317 -242
234 -106
-262 -236
-390 395
44 -239
-261 440
260 97
-177 -283
79 -331
-422 -161
-153 51
-110 432
-324 386
245 145
-13 243
-243 304
204 476
59 -85
-69 175
158 316
475 -41
11 33
-449 -399
388 -287
127 225
-28 287
-415 -234
-477 383
-348 74
-242 117
-60 -499
17 -351
118 428
-342 479
-75 274
473 -16
-471 -180
374 493
-459 -241
69 -374
-297 -269
-29 196
420 -109
244 429
260 12
-449 87
491 305
455 348
-200 50
460 -297
-19 290
6 -78
302 -149
-402 -166
137 -416
-15 39
-381 -260
482 -69
-86 -12
-112 261
494 -340
110 -158
-430 -326
-14 -261
-423 -489
467 -110
34 197
-1 281
-30 260
-269 -346
232 -338
-448 -264
-124 -137
405 212
128 -282
107 43
-451 -423
-328 -262
-344 -96
-276 74
183 -346
-439 352
-454 -483
-291 18
355 -201
-494 -55
-500 -448
494 380
-394 -431
52 372
215 -310
113 184
225 -312
356 -126
391 33
-390 480
256 -481
-32 441
-172 -365
36 17
-322 -339
-495 207
388 -451
330 -328
282 -162
352 253
-106 106
325 135
41 438
34 -166
-264 311
-224 20
156 382
106 -269
163 69
-202 16
276 -247
187 319
175 442
441 69
-343 -406
-75 358
275 -59
430 325
-291 24
382 132
-189 70
15 426
170 -32
317 -252
-100 183
-228 -442
389 456
-497 -180
117 63
220 57
143 -175
28 -101
-392 322
-284 -7
69 -139
286 -482
312 40
-212 -67
244 -425
280 33
-56 463
168 281
-310 7
-49 -43
-432 302
-195 -154
-40 115
201 -110
466 -182
-57 188
-482 -94
255 4
248 286
-148 255
-474 -434
451 -102
457 71
-314 454
-86 -73
-210 -379
-108 161
-69 -457
-454 151
-389 441
-469 -90
162 445
471 412
212 61
-460 -454
433 479
19 -124
-7 239
477 -93
432 217
-430 -458
428 360
-471 -33
88 -424
-56 -143
271 491
250 -195
-253 364
-362 227
-208 237
-87 492
268 239
-338 484
65 -241
-472 459
252 -92
-414 419
-476 228
-158 -199
33 -59
105 -465
-14 -242
129 -250
133 218
416 -192
-20 -454
115 -77
-153 2
-431 -377
-130 -90
418 239
-329 499
4 408
-332 148
422 -206
-187 69
148 -360
358 -495
-423 399
181 197
135 104
482 114
486 274
482 394
393 141
166 0
-47 -266
137 185
-191 -456
-458 -379
-345 91
-423 44
-431 324
455 60
114 -430
14 -91
-72 -476
-380 185
363 208
-389 -419
456 496
362 -480
-316 307
452 -170
-481 -108
-471 23
-141 -383
-390 176
170 30
-495 25
71 254
-237 452
40 -224
175 -147
-362 -416
54 57
-270 498
-495 -339
293 -36
-350 420
218 37
-493 189
-173 306
206 -46
361 -251
171 -413
-444 99
201 439
35 -350
-152 -406
127 -50
108 348
-458 124
-230 -356
6 -420
259 309
336 -378
401 -391
-412 -343
-448 500
-225 42
-207 -168
382 -9
53 -145
179 -276
93 291
166 -460
317 -25
-401 64
-63 447
-283 170
54 -115
362 -88
18 374
38 19
470 385
-241 -438
19 -298
357 -208
-419 425
127 464
459 -159
111 -48
-158 -87
-122 -64
-119 202
90 472
-225 -498
-253 281
-447 278
-430 78
247 314
447 442
-198 75
-377 242
159 362
158 481
-98 115
329 -192
-422 172
62 -147
-419 397
-253 -292
-135 319
230 -167
-82 -482
-188 -327
-452 -476
-489 -158
46 -1
-498 -447
-119 67
-60 -281
-146 144
-107 163
-189 -110
244 434
379 348
-127 -418
354 281
494 -182
-85 21
-320 141
283 -30
154 231
233 138
35 168
-383 323
340 473
214 196
235 227
115 463
-36 451
106 -47
332 313
-34 36
-422 -151
-6 -426
49 146
343 -346
50 183
-250 -185
394 284
101 -456
342 -339
-375 336
331 135
252 371
332 -273
-414 475
355 461
278 -375
-269 -244
-24 -460
293 -292
65 -221
-408 129
-455 59
-22 -325
-63 -444
-331 345
150 281
-480 -412
-367 124
249 -46
-356 -193
-144 -9
73 -180
383 -183
340 -168
376 -483
-371 -305
-146 -173
-329 24
-90 402
453 54
-144 -101
-10 140
-431 131
-320 -430
-390 106
-80 483
-462 -229
-46 123
364 -161
-304 -305
36 -349
327 -400
45 -202
-315 -112
430 130
-450 -394
67 -211
-197 120
-152 -377
393 -74
-42 -374
-285 -159
-451 -373
239 -469
-343 -370
-418 -262
-95 195
177 193
-131 -6
-199 -222
243 10
250 -376
-131 474
-70 -391
-78 370
3 -37
-363 209
-119 464
416 459
63 -101
483 -181
411 -260
369 73
-241 -279
-126 -148
-365 -96
-50 35
-198 -366
-265 -357
331 299
-160 339
207 292
177 310
265 384
-33 367
469 184
182 227
327 -168
212 189
-136 84
-296 -98
-88 238
-121 -298
4 112
-205 -252
-6 472
303 19
-385 -283
-115 -10
158 465
481 -460
-233 -56
329 477
-265 -168
269 72
167 426
458 78
255 482
446 264
432 -382
48 -192
193 -122
-438 416
-151 -316
448 -458
-387 119
132 -14
-389 6
354 -89
426 -9
-200 -427
475 192
262 3
389 -454
-398 -114
276 30
384 -9
397 -427
171 265
483 -54
-212 29
273 -354
85 -459
490 -186
-165 -370
270 -13
-14 -168
-469 236
-380 289
-349 75
-9 263
106 -438
389 -295
75 -321
259 413
-401 478
-400 257
162 -48
-103 -181
237 -451
88 -268
-482 -353
185 281
59 -229
-445 -454
211 227
-421 448
-320 -136
149 487
-137 432
-22 399
220 187
220 162
201 -55
-362 -97
336 -290
431 381
-253 242
-13 -269
477 287
-183 -431
-417 371
131 250
25 307
373 -9
-303 361
-265 250
456 209
454 24
-373 360
373 493
-69 25
336 -48
-64 -283
400 -315
-14 -53
143 -84
-465 311
273 -250
359 467
390 117
-220 210
-83 -5
151 -182
137 297
-19 169
-80 370
230 285
153 64
7 410
-193 -91
-456 -292
25 153
-460 487
-64 279
-19 -7
179 -28
241 244
469 -59
181 429
270 -259
443 -54
-193 32
-468 91
9 38
-238 292
133 287
480 -94
84 -304
-444 430
-415 284
-171 177
315 -212
238 102
-196 -188
-50 -377
-69 -387
-204 -381
-247 -238
330 63
482 -23
-317 461
330 -126
376 -75
159 194
-223 -210
-261 -267
138 -278
454 270
-84 -203
28 258
380 326
498 -40
300 -231
335 469
-328 329
134 -297
12 185
-488 178
-287 249
-275 -391
239 -379
-87 -90
122 376
-416 -124
485 14
391 -334
-360 -120
-274 -127
222 -252
-213 390
242 -53
-498 -175
495 -269
455 48
-240 -58
-447 -327
-72 -96
57 19
361 -257
330 168
-113 102
-272 260
-342 157
344 -456
-395 226
-497 266
418 -62
261 -195
125 313
-424 474
141 -57
395 50
447 369
-194 -12
-408 166
356 -106
-176 421
13 -193
353 237
481 221
-477 -251
259 -477
322 -200
375 132
-267 -495
476 -374
-451 467
-93 -152
288 -220
-246 48
179 295
21 -290
364 -144
-377 162
360 85
-225 -26
-320 -322
-174 475
-239 -315
-108 -47
373 376
-98 356
270 322
481 -73
-249 -431
-297 491
355 114
281 -110
226 -304
135 -4
-131 353
-359 396
470 -282
47 309
-50 -155
-290 60
-177 114
-302 -50
372 -361
312 381
-155 70
197 142
-76 -259
-362 -390
-147 -107
58 -85
26 -177
-123 -393
-149 362
452 422
181 -346
315 -433
-347 -332
-478 4
138 -110
230 318
249 306
-97 -158
-449 486
-2 193
-399 -158
62 58
-271 -89
-394 421
-116 -398
-429 434
-301 -56
370 -86
-217 -9
82 -333
-85 499
345 183
-237 291
377 479
234 336
294 -161
-184 -87
-268 403
-361 -56
500 -24
25 -392
-243 -327
-380 -335
-437 -395
-351 -85
0 287
-165 88
-431 -387
-404 -381
-331 475
487 458
322 -498
-101 -291
74 85
-491 91
-236 312
52 -124
-208 266
12 376
305 -265
238 331
377 395
500 407
341 -280
291 -142
-192 -88
266 135
215 45
375 71
-134 -357
-62 -321
-34 -423
-428 -59
-61 -472
258 449
-119 -69
-392 -250
267 268
-382 -164
125 435
1 130
145 216
192 70
151 -230
291 205
406 -300
331 262
-333 -184
498 -398
-34 -337
323 -166
381 -76
213 430
-197 -479
499 474
374 -164
270 442
73 484
-331 267
499 -489
-30 -58
-427 319
-26 360
342 295
347 -204
499 -100
24 61
472 452
66 49
-284 -72
-178 438
-56 446
228 41
-149 -130
-434 -66
-266 -285
207 75
276 -199
-348 31
-479 -144
329 322
-381 -378
-403 -274
497 -415
-87 110
215 -172
375 111
-161 -396
178 -261
146 31
357 -414
-41 217
51 -434
-87 -168
8 354
433 90
-60 238
-152 -130
-73 -177
250 489
187 370
355 464
-417 361
49 -296
333 -152
92 -426
-44 475
-357 -123
432 204
490 -46
275 -10
235 -344
-188 241
310 -481
322 -402
-247 -454
-286 164
399 -323
337 90
-461 92
-56 257
-323 402
454 -257
389 378
-434 -437
-438 -204
8 150
-483 -163
499 479
492 152
477 -474
216 -108
412 305
-145 186
305 173
-245 59
4 -449
-177 360
220 -381
-195 -147
-25 -160
500 -147
288 -65
-45 -125
-261 320
290 465
499 -199
418 199
-422 -182
398 27
-82 274
-457 -175
-390 -233
70 35
492 382
362 -134
-331 -232
341 277
-378 140
-364 101
244 -64
-448 54
-134 213
263 -483
-488 -236
-42 -134
86 -267
-364 126
-247 -14
-60 123
163 -63
496 -212
-67 161
-173 -98
124 -334
325 11
-87 44
168 -164
-306 495
-424 359
-201 -278
139 42
-154 -207
466 317
166 -141
228 209
263 494
405 -205
472 -170
387 -428
-460 470
-93 -421
281 406
195 -34
-246 341
-46 -100
-52 -498
277 349
-270 -362
442 -292
333 -173
-392 386
-64 -335
-155 -492
93 416
-103 -100
-170 -362
-199 -425
384 259
249 95
-319 -298
-228 370
148 -216
482 307
-158 -266
-486 281
188 53
-362 329
304 -76
468 113
179 120
-373 309
477 383
22 200
296 -319
333 18
429 460
179 -351
315 -458
345 -92
325 461
351 -296
489 -9
-430 413
-43 169
381 76
444 419
-74 467
-451 240
72 80
-156 275
-456 147
57 421
-12 -209
-474 415
396 215
357 290
-418 -480
-462 -13
-246 10
-338 236
287 93
-492 -153
-224 -472
-199 215
19 -165
-271 47
-135 -242
-251 299
200 -390
275 -5
-307 295
-182 -185
-429 -318
467 390
86 -17
65 152
-395 2
460 381
187 160
186 417
474 64
193 -445
37 -164
329 -72
333 324
70 -124
-426 -119
481 341
-270 32
-17 -475
402 17
295 426
-266 -365
157 339
-491 -133
-301 -288
268 196
-270 -296
353 -163
-102 -407
259 -247
-75 401
1 -277
-360 -123
-381 -245
-274 203
-285 272
413 -246
235 281
41 -43
-146 -343
440 65
129 154
-244 -82
89 176
218 -348
-224 464
122 491
-314 -106
312 166
-57 342
-263 -29
-122 -358
-420 -32
-108 -479
-63 -400
-463 -286
478 -199
-132 -232
-217 -127
-133 270
408 -186
-429 28
-499 -31
195 -270
-393 78
317 237
95 402
-438 398
-375 -492
-256 129
31 -224
-371 295
-29 -474
-126 -482
-490 -382
-397 97
-21 -329
330 148
-137 -16
-409 -130
243 272
454 17
-380 85
-50 222
-187 -482
105 -390
-270 333
448 -170
-387 -478
250 -66
97 319
461 169
127 -233
175 73
208 220
242 -484
381 362
-133 -204
-485 -161
126 430
-314 215
-487 -142
180 15
195 454
-156 -230
-427 -233
224 -6
-431 -45
-261 376
-375 88
280 405
-182 -472
31 326
439 -49
55 417
201 -149
-414 301
146 -49
11 -81
243 -65
-65 -426
-150 -88
50 294
97 -265
311 -401
-19 -394
-140 -238
-493 17
385 -36
71 405
-142 66
-452 -168
-360 334
5 240
293 -281
-10 -138
-121 -176
-156 138
299 144
390 318
-349 384
-414 -230
443 -395
-82 -404
-290 -4
-417 -374
-358 447
-405 -261
331 345
-403 466
177 -162
-7 -196
496 -161
-178 20
-256 -359
-217 204
-467 -318
99 -484
-132 29
-194 177
-317 183
-373 -252
-429 4
-32 -245
18 -458
499 -239
35 -221
-479 -447
-327 409
-205 -273
126 357
382 141
340 337
83 -294
-166 -157
-393 -189
148 334
-276 60
304 -49
-314 378
-479 -454
-83 5
153 -393
-307 -398
392 255
-94 -68
-66 -469
-253 352
-356 316
244 -204
118 -188
-326 -303
233 -145
-89 -277
213 -452
-415 167
121 469
440 -432
3 350
276 354
409 50
315 -313
-475 108
-441 165
23 321
-171 422
448 438
61 496
393 -441
25 -319
-32 315
268 -88
-209 -341
176 -69
165 -381
-20 453
-114 415
172 -393
153 -5
393 -426
-264 -426
122 207
-261 -155
16 -122
-350 -95
272 -377
467 -80
211 247
137 -152
-429 160
277 472
491 224
14 -64
190 372
-299 18
-356 -59
19 227
350 -373
-331 102
178 -141
-456 -454
460 347
-379 118
-293 -27
166 256
263 435
452 -373
-118 77
-17 -304
212 -270
282 171
-428 -168
265 220
198 23
-249 171
-494 -114
-183 236
-275 329
-45 -156
147 12
-20 190
-452 280
140 146
-88 -315
-133 -494
479 -487
49 -401
-380 87
-271 -75
395 451
103 390
330 -262
-446 317
12 -49
-282 -355
-198 -32
95 136
248 39
-201 -398
319 385
-436 499
-440 -473
134 28
-487 -286
281 247
437 347
285 151
267 399
144 178
375 -350
415 441
455 -325
342 3
73 19
-28 444
182 -78
-81 -474
108 259
21 -82
418 -239
-345 -264
392 -64
349 -444
-332 -276
-313 -39
-42 -352
-215 -408
-207 -113
218 318
-123 -303
240 -184
65 284
-371 -87
-489 -14
454 369
-325 -402
-309 -427
-382 -431
-116 -94
216 -55
246 391
97 408
295 -46
64 -60
53 130
233 449
-111 22
-32 385
85 -63
-370 -444
-287 -348
103 -350
-130 -453
-189 -111
-95 -146
172 266
284 -22
-294 323
-337 463
175 -148
-227 455
-319 -233
-146 204
233 381
-80 -118
-472 -400
183 -426
-310 52
-256 -119
65 165
5 39
121 115
-228 -354
-210 69
299 106
350 -362
447 -66
496 442
85 213
-221 -61
471 -259
205 -2
-481 303
237 -452
-464 468
283 231
186 -267
37 435
-110 -432
-164 110
-291 100
-98 -464
358 -21
-314 -292
366 191
235 -191
-364 -193
228 27
-245 456
350 377
301 293
-176 -85
418 134
-148 -328
-220 159
319 445
-218 -37
-453 -163
-256 -159
-342 319
128 -392
-85 -51
89 -190
-34 106
80 -150
-341 -249
224 -259
-350 -439
-249 97
-379 -96
-77 211
-432 107
32 326
-234 -352
-358 330
416 -499
-40 -322
408 -476
45 -353
-420 -336
328 -144
457 -297
287 -397
470 30
-137 -314
-168 -294
296 19
268 99
430 133
-351 -81
-465 -343
497 420
207 -238
-499 -427
472 -133
329 -370
119 -240
449 -8
-174 -311
-429 160
-316 -359
-450 175
-235 35
455 230
1 -438
-152 -500
-488 26
-223 -311
-235 -293
-377 471
196 451
-58 189
202 -159
-438 -204
-471 13
167 -435
43 -245
265 -308
-87 361
492 -229
-331 -167
-446 103
-111 209
131 -425
-417 189
62 -500
458 -361
-129 -355
-7 -472
-309 82
250 378
-259 -282
-470 466
-477 -393
-273 -60
-11 457
-457 -5
-243 -425
220 -274
-298 68
-261 -376
-353 286
-461 -140
-476 134
-128 -480
445 -181
140 -40
252 -331
479 413
-197 -252
252 293
-105 213
-464 -34
104 16
-278 289
-316 215
-316 229
162 -69
458 -226
228 160
240 -415
-44 -442
122 -282
90 422
-174 -36
372 45
307 228
303 -422
379 -53
121 -489
18 -314
-191 79
284 329
-129 354
-167 101
-372 -403
181 353
-262 -164
120 12
3 -230
252 -170
441 -317
495 -360
-267 -343
176 -218
324 297
225 47
-83 -433
-9 -327
71 289
-408 232
-156 13
-445 19
472 56
21 182
-21 -379
245 355
185 -127
-107 -112
3 -10
228 265
-27 -440
-296 77
89 -19
287 12
-345 10
-298 291
93 414
364 -143
383 -118
461 312
192 487
-112 -492
362 -127
499 -179
87 -448
228 -106
-103 194
-213 473
-216 421
300 -110
-188 192
-63 -55
-320 -23
197 -33
278 -116
-467 -274
-125 -442
-209 -330
-68 240
-219 48
-111 -89
405 -36
480 -283
-127 318
382 54
-245 -135
347 -213
-427 278
229 -233
-428 -358
-197 -247
355 222
477 177
370 -405
-294 -405
404 141
-216 -488
176 -77
-348 340
-110 214
-474 493
-68 320
173 471
-484 -134
184 484
-448 96
-414 -387
-152 -57
148 358
-414 -412
230 14
267 67
116 -147
-132 -339
-178 -173
265 -492
443 -26
72 -157
-424 -33
295 -226
-23 -250
346 56
280 -152
-84 -454
305 276
-389 21
-28 368
-294 390
-487 287
-45 93
-400 321
18 347
-489 -311
252 48
435 -79
-129 -438
333 -137
-364 -38
353 154
-454 497
-248 79
86 43
98 -481
422 -371
-425 382
-297 -424
343 -86
25 374
60 -215
464 449
-14 -253
-367 -408
206 264
-194 -242
-173 -124
-362 -98
494 363
81 163
237 492
113 -267
-187 -382
-30 160
-425 231
-185 -446
-90 156
149 237
426 65
-250 94
213 183
-19 -408
388 416
240 114
294 -256
-350 73
211 52
-80 -196
-47 -389
191 431
-97 -479
-486 -73
29 -46
-47 263
125 -342
-143 -226
372 22
-493 -281
-37 334
-305 -401
-376 414
-325 -441
25 -499
-327 -70
-361 77
21 -54
392 358
-495 159
341 -212
-223 318
-230 -132
-438 -188
-62 -18
428 470
13 -239
-55 -238
-132 -456
87 -60
-496 155
-191 -402
462 127
447 483
398 328
-285 34
-406 -242
302 470
74 -270
-78 -235
446 -397
267 -249
257 112
-330 -273
462 -120
456 412
-152 295
-130 63
-322 -190
300 196
463 -472
42 -213
-416 -498
6 71
-335 -138
20 337
225 -73
21 149
333 -172
473 370
-312 -425
121 -400
-277 -307
-334 222
-111 -104
403 85
-300 -377
168 -484
-36 339
137 292
-49 103
373 -335
-453 40
420 446
-183 -100
-261 286
-204 495
495 325
22 449
-229 -73
-317 -301
-292 381
246 27
-272 41
-113 211
478 -60
160 381
-68 349
-472 -474
222 -241
498 -144
438 100
-389 378
-125 326
378 100
-384 119
-183 -181
-453 312
-341 19
-193 -370
-233 303
-328 -461
-103 -45
-325 -185
375 -386
260 -311
370 -445
393 259
434 57
-329 -171
364 405
489 451
-473 89
-84 438
125 -151
-211 -183
-11 -248
-452 -170
1 222
-398 -68
387 -31
201 -38
321 -181
498 -373
77 152
256 33
-333 -226
-57 -254
330 -483
433 -370
-164 -147
64 51
499 -364
-283 -483
324 -136
-284 -160
-423 -263
112 -467
-144 228
86 -68
302 -264
21 366
59 100
178 191
88 -304
-342 -483
-189 -174
-409 -270
-97 -433
-73 -263
215 90
-191 79
497 -443
297 -243
-378 57
330 22
444 418
422 -161
394 226
-12 111
-139 344
-231 -326
-92 485
-333 400
-270 -290
157 -468
83 102
228 230
16 28
27 -311
-148 498
55 459
-125 -495
111 -447
59 371
148 -152
34 -143
-275 174
-353 466
325 -163
302 48
-496 -442
-383 -109
304 -112
-120 367
-336 -322
-43 381
178 -115
87 62
319 304
430 379
-152 307
-199 -491
488 -198
365 486
383 -69
-91 -433
-318 -452
-430 430
-467 184
466 -108
329 156
-192 270
370 91
-288 -121
462 -419
-74 -366
169 -245
-270 226
-218 400
-176 312
-446 -145
127 -181
478 -306
201 84
429 117
290 98
-55 -203
-358 476
-346 366
-471 452
-199 -83
305 -415
361 461
-450 15
264 212
39 -30
241 471
-179 321
328 -188
403 417
80 -496
-33 -161
241 -473
-46 215
286 61
-420 -13
62 -53
154 -64
-338 -234
172 255
374 -398
332 -48
-307 -357
-369 -455
-125 -9
395 391
247 37
114 -463
-148 -439
305 203
140 -174
-55 -476
163 -363
-418 -462
210 -359
-236 -451
-291 200
495 -442
444 397
392 -277
-240 50
428 -343
-25 -140
293 339
39 153
292 -441
399 -459
322 -270
-370 -205
58 118
-235 -183
203 -279
98 -172
98 130
-318 158
21 -104
338 -376
404 261
461 -462
-487 8
-88 -317
-25 -497
296 255
352 350
-31 442
-201 -189
486 309
-468 -267
-422 -30
-2 -63
-462 -38
-498 374
405 -195
117 -246
217 71
-145 -303
-409 -442
-431 310
416 -164
-118 -469
222 252
-155 435
-427 -379
-234 93
-406 -93
-406 -59
-194 -391
304 -57
-119 446
210 165
-29 286
-27 -291
281 484
222 245
2 -354
274 -318
375 -308
469 -112
296 182
411 -364
51 -155
397 313
-412 249
497 430
-485 72
292 -45
223 51
473 219
222 -132
249 233
279 -402
302 354
376 -465
315 72
-370 84
263 428
-373 417
488 -227
233 415
-3 -213
-43 -266
106 92
343 479
463 -29
374 287
273 230
444 8
283 -12
-491 59
-495 120
-22 328
-140 17
475 -76
-403 27
373 -142
-408 422
-62 -27
149 -68
-81 -108
-6 310
-363 -493
-174 68
-196 401
449 -397
-439 -405
-468 -347
20 442
-74 -406
-122 -427
-91 -389
383 -88
412 -163
-128 -192
-186 -416
101 483
256 18
441 -136
-262 -273
85 236
-155 -205
-296 -386
-12 184
-459 -88
-91 -369
-42 451
495 453
319 -440
150 -488
-44 -46
-183 -236
-366 -197
-318 -141
95 380
374 -448
423 154
225 -26
374 -117
176 218
-237 -236
297 -118
-306 489
-348 -481
-41 -74
-419 -144
293 379
-211 -163
16 174
245 316
188 29
255 62
474 -351
-48 -174
-256 292
-135 210
287 108
-39 -476
-362 344
-169 -216
-96 240
-191 -183
-220 -386
367 -132
93 32
193 285
-309 296
287 -133
-338 -445
-437 136
308 -494
-408 -129
-280 171
488 28
-260 -21
374 151
89 -51
-315 -189
305 -346
115 -60
464 -442
-237 -467
147 61
-384 329
-320 -184
76 328
420 408
-467 -378
-367 493
436 122
109 299
-246 190
121 -467
283 296
498 411
-352 -317
-403 265
-423 -358
193 -444
241 202
346 -19
221 173
329 -472
-240 179
24 166
-360 -96
-256 206
465 95
388 -116
-90 -259
298 158
-74 102
191 234
-166 -106
108 88
18 455
-265 -32
83 148
203 303
359 459
-343 -294
-254 -114
-358 74
-33 134
-186 65
98 -136
-27 479
-58 -222
-418 470
-217 239
-459 154
106 293
373 349
420 -74
-362 104
277 -35
391 221
353 465
-356 410
-207 -276
418 -451
128 118
-75 -205
438 333
195 498
-277 168
-435 190
236 -356
296 -124
205 99
185 -298
410 364
209 -240
-30 -77
-150 -407
246 472
-92 -210
173 117
416 258
380 -66
-219 291
439 160
403 31
191 -10
136 -404
-31 271
-242 -174
-480 404
16 -97
434 -22
-348 -227
197 -306
380 193
366 -414
424 265
-287 -484
432 -438
479 -215
-383 52
249 -468
429 436
-220 443
347 206
-239 -164
487 288
-271 454
186 449
-4 369
-355 -101
304 28
-59 -447
112 -114
-464 496
341 187
-457 -48
406 -58
-416 114
-473 -286
425 68
-118 419
-26 -341
-454 -9
-494 -267
-129 486
48 -100
-227 -457
-52 -57
424 -102
-257 -300
56 84
210 -189
-365 129
-431 -378
53 73
-291 488
-386 99
-135 270
-346 223
402 -187
-379 498
278 322
352 382
-247 369
427 -333
391 366
229 72
-294 -487
380 162
339 287
67 -431
413 -207
305 313
-269 114
103 -324
-64 -256
-249 302
39 -344
237 242
-166 -76
439 349
-211 466
-431 -381
-180 -273
-108 -307
-49 122
218 422
-45 187
450 275
476 -55
-409 336
76 473
-160 74
81 -135
78 -437
173 -382
-446 52
148 426
-336 -24
-358 -118
25 285
-380 21
-188 386
492 5
204 -286
-77 247
184 273
-61 -120
124 -314
408 -308
-479 153
239 -491
479 56
241 -440
-289 244
23 240
-328 294
-242 87
-148 -319
477 -9
-315 -168
435 29
-41 -136
72 -455
443 -280
-202 -47
-355 113
-211 179
-211 -371
-428 -106
-104 213
-385 -436
-60 -19
246 -300
-384 179
23 -157
389 -440
379 -397
-466 -136
261 -490
414 -387
226 -292
244 301
-278 -45
260 283
-365 -116
-32 123
-136 5
-173 231
156 -438
262 -148
-151 -376
-369 453
13 -435
-16 255
-68 197
-259 222
127 -415
46 176
-154 -130
-229 460
-268 -375
179 433
-416 -392
60 218
72 -423
-24 198
359 -363
255 63
103 -38
-62 116
-3 -239
-33 428
-106 389
-299 209
-40 -402
-431 -206
-267 461
-355 38
-368 241
-318 389
265 69
-220 423
358 11
-34 130
283 157
-177 433
-16 -7
45 383
-415 129
-154 176
-435 255
350 -217
-79 450
409 -479
-478 -331
-327 313
325 -36
-54 -358
162 353
-217 -476
-304 290
-158 -225
-401 -315
-43 -284
67 -439
248 -66
-390 116
-201 26
-304 -172
258 475
378 132
42 72
-217 -184
43 -176
468 -22
47 -185
-261 -273
61 -245
206 -429
42 347
372 -136
-133 -362
469 -354
55 -492
-245 -376
497 187
-106 -215
243 -362
-497 103
140 -184
-45 -172
76 195
141 424
-209 -82
-307 350
237 490
205 485
-58 370
457 468
140 -378
-224 -383
-229 386
121 -490
279 -431
-259 29
-447 358
-420 -327
-404 392
320 -412
443 -132
-337 387
-182 157
221 174
-428 -322
-482 -145
-150 -246
-47 -443
195 -345
424 -417
-32 472
-15 303
-459 -94
411 -352
41 265
124 -155
-460 193
277 -377
-57 2
-493 -367
-300 -255
119 -484
206 185
-63 400
-131 401
-9 127
94 -37
243 -267
385 34
-445 -98
-456 446
0 258
230 -497
-388 -486
10 66
268 -63
-373 325
-324 -400
142 -172
-180 26
310 482
91 -274
-346 -16
-223 -493
369 -416
172 -203
-315 267
201 -191
-270 200
145 364
-340 -136
-17 356
-374 -362
273 290
320 203
-433 209
-218 238
460 -11
-115 -66
385 370
373 -407
-400 -194
97 -71
461 69
-492 -121
350 382
-51 -302
327 -258
119 -451
-404 381
-498 317
168 488
271 3
475 -183
-111 -156
-160 272
154 -280
-436 261
282 -338
475 -461
107 135
189 414
-223 -443
-78 389
19 -43
-478 -416
-168 249
409 -416
-305 -202
467 -69
-422 129
298 -321
431 -196
-102 77
-479 104
-214 -420
-278 -51
199 445
43 -379
-131 101
-416 140
324 -470
434 -130
373 4
408 498
-372 389
446 18
228 162
-419 -199
-135 20
172 225
-463 -350
203 -67
1 -432
-100 320
184 -226
-242 335
-490 -67
-216 393
