100
47 -445
183 201
181 -290
349 281
62 -385
-202 329
259 307
-351 -383
427 -432
-230 -476
127 -426
-239 451
-386 -160
364 416
296 297
228 -220
-386 -422
178 -381
-381 178
-216 -1
186 369
-300 -443
126 162
287 393
-315 497
-357 -91
214 488
-222 -146
39 337
-291 -406
264 -297
430 -221
-422 -237
362 -153
-68 -187
-413 -49
102 433
-413 474
-103 285
-11 455
-311 408
115 -391
-329 -417
-284 237
-48 324
-252 -173
380 44
-190 -302
-487 -227
362 169
141 -492
-144 -424
81 378
-371 354
-297 471
227 -146
14 -24
-377 -268
105 -44
-340 407
391 -435
46 -295
-460 314
-190 95
-146 -35
-291 63
1 407
-249 -244
-123 431
-416 19
206 368
386 -346
123 -315
68 -205
-276 -386
-357 -493
282 117
-180 20
-242 -392
-461 273
110 86
-428 457
72 182
-379 165
-235 61
231 1
463 -13
-425 32
-198 418
94 -43
-358 355
-394 364
261 -244
362 14
-274 275
-128 51
172 -268
93 -159
311 30
38 -194
