1000
398 351
-102 -339
243 364
164 -298
-183 -386
37 -498
333 213
-261 58
13 381
497 -113
357 481
-355 -224
-476 197
48 -148
-344 -395
43 147
192 -265
-99 195
319 102
-363 207
-458 316
386 341
-360 -59
-31 307
-206 -474
488 -380
404 -299
-241 156
426 -10
48 -234
421 346
499 -180
-330 -460
426 344
-232 338
445 -326
-207 404
-27 415
451 -91
291 -461
481 263
-301 82
498 285
-414 -68
473 173
-94 396
128 391
317 -190
-380 60
-382 -34
40 -158
198 -231
279 409
387 170
-222 486
-184 -352
325 326
-472 341
466 -418
361 207
485 292
-148 -105
242 -58
195 0
-406 454
-312 481
-36 465
235 -318
-276 331
182 70
293 -411
386 18
282 -68
-236 101
335 498
-119 -157
473 -446
-24 -199
-128 -410
307 -204
462 -477
-34 211
-29 -420
171 262
315 -432
213 -338
-345 -280
85 359
-289 -103
-110 134
297 69
-307 -487
-409 311
-2 -319
-402 93
-369 418
123 243
-183 -281
-470 -57
-290 -92
97 145
-243 -399
294 170
389 -360
335 -23
-68 442
103 -305
-144 -382
216 -354
-497 -211
30 218
-33 -264
491 -463
-412 -181
489 -190
440 307
311 222
500 -399
409 -245
-371 19
-239 437
435 275
288 -208
-27 384
-28 -392
156 -26
-191 267
-52 369
355 -109
427 238
-76 -382
324 -79
499 444
243 370
-25 -425
179 -31
286 -51
135 -86
471 -15
262 -26
209 -388
324 169
160 -254
-131 -16
-112 275
-296 127
-56 231
97 -160
88 161
-103 254
173 -108
-52 337
285 22
-133 -279
-499 411
-433 -140
-389 24
323 -458
-299 408
322 -292
352 408
24 485
-202 94
-130 351
-142 -138
-128 89
31 -358
-407 -211
390 -395
244 499
-396 461
362 -276
-257 -473
-422 95
-57 386
-415 327
-125 371
-70 336
-292 327
61 139
99 269
382 55
-263 62
-488 -392
-355 352
252 147
-297 -191
-170 497
490 261
-230 264
24 400
-183 -215
473 302
216 -291
129 -32
-194 -65
-436 163
-77 465
23 -303
112 456
-205 -217
458 323
-3 409
-255 -26
-143 18
-90 272
-441 -23
-469 300
500 -212
362 -149
166 327
199 -320
-448 -268
-180 258
151 -477
255 201
-162 194
-252 355
381 -381
116 -219
66 -327
-10 439
-143 -123
418 -453
-112 -382
23 -425
-339 -237
-404 128
-225 402
-399 -480
324 -442
-488 -466
-152 -476
-147 -274
-196 -190
235 51
262 35
-488 -310
-433 108
48 -95
238 -201
-467 402
-214 494
491 370
315 -490
329 -241
272 -460
175 472
-400 155
243 -365
283 45
471 -363
18 -76
-472 403
371 -331
-144 164
-13 -82
-415 -234
471 143
139 -277
-159 -423
-381 -412
134 -377
356 -275
327 138
-435 409
183 378
369 272
-310 215
-309 -357
254 -492
-213 181
-207 26
477 -408
-395 -147
-152 371
-31 -168
492 -472
-417 -491
-66 -425
-235 261
-201 94
-308 81
382 -35
-469 -355
259 -446
153 150
-271 -94
248 283
117 237
-457 180
-339 -131
448 -19
-156 229
341 133
87 393
108 30
465 27
-64 114
-411 391
197 -72
-55 492
460 377
-391 -113
127 296
121 116
-16 196
-376 449
286 278
222 291
421 427
103 278
303 -365
-486 76
455 82
-432 -286
-142 -329
-110 -106
-85 26
213 107
-411 -376
15 445
-474 296
-31 256
-192 340
363 312
-145 428
-435 -264
91 382
125 189
42 -248
-193 411
-485 22
239 -58
429 -246
-89 -267
-255 -24
255 -175
-450 471
22 -474
-265 -359
62 -182
82 316
264 -49
-315 268
19 -325
-297 -288
-357 407
301 253
-122 -303
-177 141
3 -98
35 101
380 244
198 -336
-269 63
-324 -206
-266 -198
-358 196
-278 247
455 149
-33 -471
-353 374
-193 398
448 -426
242 -83
-165 -152
-233 -143
-117 252
459 -107
437 -383
-345 196
235 340
422 18
223 11
170 -468
459 332
-467 18
213 456
-26 396
-355 -301
-8 336
452 -370
1 -6
253 106
290 309
-379 195
320 113
-297 124
-444 33
352 -162
66 255
-225 205
181 -482
-447 422
-127 344
-264 -267
-105 93
-104 220
113 -301
417 -154
-369 -32
380 -12
-204 215
-356 -1
-73 435
-43 288
347 -194
-415 -167
116 -479
-162 -220
495 -341
231 -500
-87 -22
-464 38
129 -335
268 189
303 486
496 -368
185 -302
222 -340
340 319
-24 -19
-131 -442
-264 -351
259 292
372 -166
471 -178
493 -193
-357 101
364 -71
-187 -430
184 -307
300 -131
266 -24
258 318
231 -110
176 -134
335 -492
-338 102
278 91
340 -239
-437 -61
335 -267
-242 -223
-324 406
278 427
21 385
299 420
397 -108
-251 183
-302 -197
-342 450
492 -364
61 -208
94 11
-276 -151
-29 476
-39 -133
-426 425
70 292
-268 -129
-234 -90
-81 -374
441 83
-37 -123
-141 -375
104 7
80 417
-32 14
92 -450
-32 -317
-483 -44
-406 -451
193 201
-385 342
370 327
167 104
-428 -136
-55 -325
-208 290
-333 -186
1 268
19 5
423 -450
-3 15
-436 387
221 132
323 -155
258 -128
-485 177
-450 -300
-358 488
-279 -284
425 267
-184 300
407 -50
-387 -500
-292 -172
-484 -47
209 457
-436 -70
140 256
-64 -439
-64 115
453 305
-355 277
-105 -129
338 369
243 -287
-188 495
241 -495
-496 436
23 297
-132 486
260 -112
-496 403
258 354
-94 19
43 -138
268 361
90 282
273 326
52 459
-291 356
-234 94
9 -453
-319 230
-8 250
-43 297
104 -351
-113 -270
-42 177
-417 -320
-248 194
316 52
358 -424
-89 -482
125 -300
-68 -90
-58 191
101 -451
265 -423
-154 -139
68 98
476 -143
439 -149
-281 17
169 -453
63 -326
261 -219
94 430
-331 -35
-5 284
133 -299
-387 271
-463 -189
454 -452
-358 -331
-89 -96
-334 -359
23 -255
78 257
250 -253
433 -421
479 38
-396 -500
-119 450
353 333
205 -486
52 143
-34 -94
-477 -470
-113 -105
-489 474
383 326
-68 322
276 -364
71 -436
348 -135
-359 -92
-456 407
309 315
-284 -86
34 -447
47 381
197 -395
-97 -76
-337 -416
43 -218
406 22
-45 269
-500 484
309 58
143 36
-299 -429
-28 32
-453 60
-286 300
168 156
400 144
153 -481
-341 140
-27 -466
161 -236
-402 469
23 -158
166 210
-275 -133
-10 -158
-301 352
-348 489
-321 -406
243 268
451 -22
-500 256
-34 304
80 -132
-137 241
194 341
8 -90
-401 21
470 -21
-289 -7
32 -6
-429 -205
-438 48
195 -184
-146 395
-295 96
-235 187
44 -34
475 184
429 93
92 -13
-161 -192
275 101
217 283
316 -188
322 190
302 154
428 164
-218 44
-5 -477
-277 111
-418 -447
401 -198
280 422
365 -464
-419 -245
247 403
102 -339
-161 341
-84 -108
128 -282
-40 -51
127 81
24 87
-52 387
31 278
-103 308
428 130
296 264
-303 206
-174 -175
-142 -80
360 -57
433 160
-297 177
-266 -449
267 -200
-159 412
-363 -434
293 172
-171 410
475 393
-28 -380
257 120
390 17
243 124
485 -450
288 196
-65 -282
334 -422
121 48
485 40
-255 -406
274 -129
344 -377
-220 -233
-86 -68
-426 -431
-154 -437
-333 9
258 -267
-165 458
-54 -366
321 -487
-228 -253
-34 355
397 485
-277 -472
-300 3
-106 316
344 401
414 494
388 256
-442 322
463 -467
417 -2
-249 -194
290 441
12 -452
-8 -190
-295 105
197 49
-5 345
-250 446
2 -146
319 247
-292 -126
346 211
-314 136
333 -63
-223 443
450 40
-122 -163
296 -67
416 222
-350 385
-35 380
-294 224
-317 -202
-168 -493
363 365
-289 357
359 478
-301 37
-458 480
-97 496
485 -203
-80 245
248 337
154 -493
395 190
489 308
10 186
-381 253
373 -177
72 344
406 158
-499 478
-123 339
-417 67
308 -419
377 -365
341 -223
-75 217
-17 243
-130 199
-422 111
-457 -90
87 -269
-265 247
-392 230
-119 449
-250 -83
-13 -61
146 -251
-496 10
388 -341
4 -61
-166 226
168 398
-233 -129
237 -259
-307 374
-186 464
427 180
-403 -253
242 -261
-305 -97
244 -152
239 -47
-361 227
33 -259
-11 221
-408 -479
-51 216
270 -318
-337 -436
-449 491
480 281
35 -298
36 -159
-225 222
-303 294
424 80
84 5
489 490
-335 5
-217 -478
326 -341
-358 -449
-453 -430
287 122
379 -317
-460 411
211 22
169 -408
417 -271
288 -140
312 -27
-24 -193
116 298
125 225
20 351
396 256
70 225
226 -145
-168 429
350 196
27 305
289 470
301 199
-200 -323
328 403
-145 -431
353 -59
-474 -484
447 261
-71 -393
-242 244
-172 -41
-75 -367
357 150
494 -7
-230 135
261 133
-119 -138
-251 138
342 96
352 -73
125 -235
156 -461
-17 -223
274 228
-373 394
198 -208
-112 -383
495 -1
176 -70
475 -35
212 219
-275 -259
432 122
-220 493
326 -256
-214 -195
216 -166
169 386
-319 -20
399 -35
-472 104
94 -30
-107 270
326 201
-131 163
-429 296
-421 -31
-125 253
-239 -158
40 164
-477 337
412 491
-35 -414
-439 423
63 266
494 85
225 162
-144 91
166 -327
433 63
-308 66
329 50
-418 -217
-367 -52
282 -387
449 40
274 356
236 -441
162 172
-213 443
377 -419
137 -236
210 -135
389 7
175 -381
409 343
6 297
-236 124
-147 -293
-307 -175
-368 -449
-495 -98
-394 355
-315 -11
223 313
-482 0
-225 -39
401 163
-431 62
-357 -498
369 -427
240 -187
-162 433
-482 477
-265 -88
-144 -379
390 164
-391 -427
-345 -38
-497 -249
-244 -344
-327 250
-344 -492
489 187
204 227
21 -118
469 56
422 -375
57 -144
-191 377
417 374
-250 -284
-1 -423
-197 470
4 -366
280 471
-255 209
223 143
313 131
-64 -8
-186 -318
230 -381
321 95
102 434
-276 461
-455 -288
-112 -15
428 -83
-77 388
59 -179
-179 -110
335 -469
-160 404
303 333
-86 -34
-267 178
-196 -402
-30 303
-37 267
351 -165
-290 -439
422 -230
45 362
-414 122
-60 275
-222 -299
481 221
-215 51
-108 496
-352 245
306 -431
450 -256
240 105
-39 -344
-330 -386
328 -133
180 421
-301 -86
33 -454
-426 83
262 225
363 93
258 23
360 252
289 371
-150 -387
33 -488
50 66
31 55
-211 -282
-444 376
78 -333
454 -278
319 -84
-443 -105
-137 413
-7 90
