1000
-98 64
118 342
-98 405
-151 454
332 -69
-443 -292
-492 -349
187 -60
108 408
-62 247
403 219
-103 218
-484 -175
-223 445
-71 -207
286 201
244 -140
418 250
-444 -126
-18 -376
191 380
-5 347
127 -178
-412 126
-167 -328
-412 -357
-49 -429
439 7
-402 -321
-481 -345
451 -232
40 -434
192 -133
-236 434
388 369
112 380
-414 182
334 258
484 -179
205 -12
344 -456
-101 -293
-24 -440
7 -123
168 -126
348 79
497 196
-183 -227
465 -123
-152 129
127 350
-222 -324
-108 474
-374 -321
396 -474
-96 -193
-28 300
41 -245
-152 75
-479 333
176 -499
-141 314
-499 -394
-24 -110
-414 -42
-474 -297
-197 116
-24 190
92 -132
120 -249
-320 -70
300 -499
-122 386
-334 -426
464 -147
383 98
247 -495
-18 -255
-268 92
151 243
-247 -21
-168 45
97 -422
161 -265
95 21
422 334
-499 -27
-33 -414
-301 466
-453 -148
227 61
-476 303
-61 168
410 480
-254 19
82 -146
469 464
223 484
-65 6
65 -146
449 307
355 -66
452 -297
455 -326
-199 41
405 326
305 -188
-342 115
-209 -434
274 235
484 -403
-254 -254
-212 359
402 443
453 367
216 -320
-74 -300
-11 -16
-379 401
-339 431
75 -5
441 376
-459 118
91 -267
205 394
-92 -150
202 152
400 -365
148 488
222 -396
-214 -234
-374 70
354 140
446 247
441 -208
-204 232
397 284
56 428
342 84
213 -373
-482 -355
-43 -172
-80 -470
284 382
-497 13
-334 -287
-423 159
3 -19
-315 -315
-358 -66
222 474
-424 -303
-191 4
-226 -371
377 -191
361 192
189 166
-303 -239
-268 273
432 346
220 197
27 49
391 -429
-492 237
-480 192
-246 36
322 73
-433 52
450 17
-460 -232
492 -468
-365 226
59 -137
115 -209
152 460
-213 102
109 403
-454 357
-478 -160
-41 -84
471 297
366 277
-114 -461
-113 379
-317 -385
-188 445
-78 445
-134 -397
-327 291
74 -296
53 414
472 243
-28 -83
107 -93
251 37
21 245
-65 -27
-134 23
-132 -354
-225 379
-87 -282
-447 133
-497 429
98 105
338 450
-320 -450
138 403
-228 -55
453 345
-119 372
398 109
483 217
-308 -380
231 400
222 -12
379 470
-208 202
-487 447
-50 236
-270 222
-480 116
252 131
-358 207
122 -52
-332 383
-366 -231
-188 -85
117 479
-458 -66
113 63
-9 68
-214 356
-415 -239
-194 -426
320 -400
399 323
-31 425
78 156
353 466
31 -77
98 416
74 -220
-384 -341
-206 334
-203 96
221 196
238 323
-115 339
-465 198
210 168
86 301
-271 -50
359 40
-123 218
-197 -359
173 233
-142 -469
57 -307
35 -407
-114 427
-401 -499
-317 130
-184 402
-326 -430
-490 146
67 -40
-385 497
-457 -169
-107 -122
-471 35
-50 471
-486 -274
408 -256
81 39
419 -28
-273 -85
-207 490
-332 441
106 339
-423 259
93 301
436 456
-468 160
-203 -143
443 39
-215 -444
-499 -316
-89 405
363 -122
300 345
-65 -444
-18 -72
-440 -106
-27 -335
302 -43
362 87
230 184
281 -488
140 -35
59 466
354 -76
183 -240
-169 -122
-192 464
48 -362
-41 -430
-461 -488
96 -14
102 249
-409 -114
-23 -245
242 -119
195 496
-443 -333
-264 -290
372 220
84 55
-253 365
379 21
-189 495
-32 -466
454 440
-395 160
-445 101
-340 -36
416 -276
128 399
472 125
345 -431
-3 -145
-448 51
435 284
-289 -423
363 -223
-9 114
-338 6
-9 -315
345 471
245 -409
-49 -378
293 -243
364 -249
212 398
-149 -418
-115 -28
-22 -441
212 379
52 387
-316 372
-433 272
-296 298
185 455
-321 -203
-455 62
465 326
251 473
-349 46
97 -156
360 328
225 -325
-138 482
295 54
-410 244
-427 26
456 18
314 -145
302 -49
-8 196
-494 240
490 -294
-407 -468
59 111
-312 -224
160 264
375 191
270 -435
451 132
214 431
-444 -343
155 -19
71 -487
-96 363
493 2
154 337
233 96
-290 -128
-226 126
-390 279
-329 179
-126 -252
-291 -384
229 471
199 -259
-316 156
-486 139
265 -377
-160 23
247 -69
189 284
445 384
-221 307
492 318
-361 -152
-238 229
-425 -105
-207 -137
-378 -5
-4 362
-312 -372
-223 116
166 489
288 -150
261 268
-147 -314
389 -439
299 -491
193 140
-94 -454
-458 -435
333 295
154 -138
-212 -435
-106 94
-351 -412
110 150
95 62
164 364
-195 463
-369 -205
210 226
-235 -9
-213 -295
172 343
-387 -200
-176 -219
446 105
352 -425
-180 -404
148 17
147 -259
-15 424
211 333
238 464
281 344
-446 -105
-115 295
173 -396
-218 265
331 400
-303 273
-302 390
-425 263
-326 -8
-386 -206
211 354
-70 19
222 -365
141 374
-420 -35
-253 -128
156 50
-27 42
483 32
472 -122
-14 415
-79 427
-86 427
144 247
20 438
413 -259
435 425
-469 130
-196 387
75 53
-346 392
150 -233
-3 -253
380 -144
409 451
-5 441
-303 288
354 -486
223 -327
233 34
390 -96
-33 197
-127 -466
41 476
310 144
499 307
174 459
256 368
118 361
4 139
-65 -249
-92 395
338 152
-91 260
438 150
381 375
-197 -369
458 411
472 -290
-134 -6
-197 97
-48 -462
-484 56
-331 -330
368 418
181 264
246 -159
-38 6
421 -73
-473 -89
-361 48
133 -351
60 230
-331 396
341 -422
381 336
403 -61
-13 -62
321 111
-152 -337
170 322
-92 -46
-155 -213
451 407
63 182
419 490
-101 28
-398 336
-422 394
329 426
364 -91
-454 -480
-331 441
35 314
71 272
-261 -239
-409 -31
-120 -484
68 286
97 -357
499 -281
-380 83
-24 -177
13 434
62 481
-470 -17
220 79
134 215
-441 180
342 -199
-390 -5
-243 -46
-328 279
-171 90
43 23
-316 -242
342 387
453 188
-229 -357
-487 -96
-190 -157
469 227
-193 425
143 312
-126 353
-206 13
-419 373
-338 5
136 -35
-299 336
-156 -28
-237 448
358 -97
306 -207
-82 72
95 -256
341 -349
264 -42
142 212
-213 -372
-401 491
174 -322
-59 205
-106 -464
497 -475
-138 -224
79 -178
194 -439
-68 267
374 -133
-484 482
430 -173
134 -160
193 325
340 -192
-25 -254
86 319
-404 269
-102 345
163 -180
-9 -394
-245 -444
113 484
-419 315
315 -494
-115 -419
479 100
146 190
63 281
369 -336
-323 184
-406 279
-123 -470
-89 240
189 280
167 -167
-165 495
-423 -241
-133 299
402 297
2 -145
255 421
-142 64
-496 312
191 279
-6 -68
-409 -278
209 -37
-154 51
-442 -404
-21 271
-492 -479
-499 156
-78 203
-299 0
-208 -380
324 -97
290 -368
58 28
-297 408
-64 443
499 -185
76 158
223 -297
325 417
271 -210
-434 -143
-89 -428
6 -2
427 -183
111 452
-400 -304
-364 -496
-68 234
160 -266
-292 386
480 436
227 -179
473 488
-7 -372
262 191
394 368
353 -380
-55 -297
-140 -13
230 -422
-127 -80
-5 270
112 244
221 -367
70 115
106 -124
101 -114
-379 -336
265 -336
-122 -76
83 -229
455 -368
-19 -490
-221 -67
-8 208
-18 160
298 -285
-405 -349
360 -335
-367 66
-403 -254
237 -36
-66 74
-164 383
18 390
498 72
12 273
86 -489
115 -23
68 -305
-91 195
329 -447
-322 259
-331 -287
59 -134
-12 48
483 5
-366 330
48 291
-429 73
-62 215
352 334
-398 -310
338 230
-396 122
-426 263
111 -76
-430 269
236 -265
-62 98
-430 -287
465 -359
-147 -168
-395 82
-452 392
491 370
314 -92
-348 322
-281 52
213 -204
194 -102
-58 17
446 117
-125 140
58 261
266 -370
-8 448
-304 450
-28 -102
-420 445
-498 -266
221 359
-246 -94
-329 205
-379 145
-111 236
397 -131
-494 344
-129 297
-442 203
455 -161
479 48
152 -190
217 215
203 35
-120 -163
233 -153
322 12
-410 -133
-398 393
-393 210
164 -212
-16 259
-365 278
68 -199
-70 14
404 306
93 -277
-32 409
270 291
-150 -484
355 -99
-108 -414
497 62
127 -431
84 331
-367 -401
-392 111
-318 383
128 359
-495 -263
448 -233
-318 53
-15 -304
-28 -483
376 -250
-449 33
147 -188
82 -492
-140 -242
-171 -237
256 -147
-252 384
-174 -458
-295 184
473 399
-66 -275
-66 448
-135 251
30 -95
-201 -427
-36 176
158 -379
-490 347
270 -47
160 453
205 466
-477 -116
-14 354
318 -350
311 243
11 -62
409 -277
-190 456
-50 -80
75 233
42 217
-418 -389
-454 371
318 -171
257 262
-394 428
248 478
-327 413
-413 -474
481 -150
-454 -408
21 96
-335 -11
-31 350
59 93
-33 -178
199 305
397 -190
369 229
-412 -239
59 383
-493 -257
-38 416
139 44
-299 -374
154 50
356 187
-139 129
119 366
-289 -190
-312 -11
37 452
108 234
93 -343
-12 -318
-183 296
271 347
-250 268
-386 76
-261 444
473 -490
-313 -93
-401 159
-184 -158
218 -17
461 363
472 392
-467 145
330 14
-362 -439
-455 128
403 68
-334 418
205 -381
-168 -280
408 491
-361 -455
448 93
-412 -165
311 -70
-4 -283
213 -52
462 230
111 405
136 109
-416 417
483 431
240 490
-128 392
-210 212
136 -194
131 54
-92 -101
385 360
-209 427
122 -34
284 -278
356 -465
106 202
366 103
491 264
-145 -444
48 401
-430 -150
-304 261
248 14
-101 443
322 -87
-44 14
-135 348
-273 380
122 -275
-452 -146
-304 -387
-75 -498
-440 477
-1 362
-300 120
-245 -158
-300 -142
-477 20
260 37
492 270
-470 -499
-320 -498
-497 -374
151 381
-14 -162
-481 411
-125 186
-327 -262
-315 482
495 -185
-338 336
332 282
-139 -110
-256 -113
-188 75
483 -202
411 14
27 397
-345 -131
-128 -308
154 -207
-147 481
-404 -82
-409 -192
-151 229
465 81
-292 199
322 66
-261 60
-480 -227
355 13
252 424
-365 433
-324 -451
436 -117
217 293
246 412
203 -240
391 -233
-46 -219
-109 -359
469 -30
-34 344
117 -23
214 -23
98 -472
439 263
-56 -348
-489 -257
176 492
-51 -250
439 197
-19 128
177 -380
-294 478
-354 338
101 -205
463 -261
-282 -397
209 -329
-14 -221
429 251
-306 -200
0 286
197 272
288 80
-11 -192
-355 380
472 -42
184 -245
136 -291
41 -23
360 -86
-208 340
-84 -63
-277 280
253 -284
-377 344
-350 -264
141 -18
-434 226
