1000
87 -403
334 381
467 -305
-175 -282
75 269
-70 -80
162 -431
-376 439
-340 -456
-436 419
-348 -287
110 271
-364 425
467 262
-29 21
-386 -239
442 -355
202 160
-178 435
-431 80
-394 -129
328 -132
-329 -121
169 -350
-22 199
8 167
-155 -58
-356 -249
325 180
13 144
14 -421
-166 -470
-356 -203
-56 417
-291 479
411 -96
15 187
495 -489
-111 88
-170 -226
385 87
-135 -381
482 235
-418 172
-224 -388
119 107
169 -198
275 -391
-261 -253
384 -17
-205 132
-64 -231
-239 -263
-314 -439
359 -72
-497 -227
-85 -220
-404 -347
-20 -243
229 443
460 224
-305 361
189 234
-40 394
-313 9
-277 41
-409 392
-177 -135
146 -18
-421 -128
354 383
149 307
-445 -17
-332 -51
-298 -156
-472 -411
-182 -130
-386 -330
-75 328
335 459
109 122
-417 -122
-73 360
316 6
-187 -278
-214 -494
159 -71
-486 -237
-168 -332
318 268
-458 -222
-266 39
61 -439
291 239
388 241
-138 -96
-432 -306
401 -179
-402 -87
-2 -104
346 84
-327 -107
55 150
479 26
327 -436
-462 360
-237 -496
385 207
-378 107
-119 392
-224 -47
-287 -136
190 27
-471 419
413 -77
-180 321
72 -375
-214 -412
-425 106
181 397
35 -134
381 -392
-364 -223
87 -212
241 -142
14 -49
-278 -498
-94 284
-24 96
260 101
-339 -115
-76 281
170 457
-226 42
-377 129
317 390
481 20
222 -379
-67 340
430 117
-87 -140
-327 349
193 -168
-405 146
-107 187
108 185
-466 -178
-311 164
452 -79
122 -407
-304 167
-96 -429
145 339
-493 458
-70 -376
72 -395
-73 -252
384 -306
348 12
321 -146
135 434
377 442
-344 324
21 477
-69 61
-9 -262
450 291
356 265
77 211
-389 337
-190 -418
-147 232
57 -447
-346 12
-13 115
456 -2
-496 438
-500 -251
236 314
107 273
-492 -459
-270 133
258 202
226 -326
453 -497
-456 -152
280 -57
353 346
100 -225
-362 435
402 -86
-378 314
418 471
-28 262
459 447
8 338
-278 261
-404 443
76 -270
-161 495
260 329
113 44
-117 88
-255 -370
-422 353
-240 388
312 256
397 -348
-48 111
-352 -21
-328 436
471 207
204 -114
354 -114
484 493
-494 361
117 -483
-78 -180
-184 209
410 -14
358 -393
-87 289
476 -71
303 339
-1 93
452 73
202 141
154 -143
-29 -1
-371 195
402 -402
-4 212
-382 -307
-109 364
418 355
287 438
-79 -379
101 498
-477 -418
44 -380
333 3
-76 -463
312 402
-262 319
243 -76
-258 -53
-18 -300
196 68
-66 -251
-269 158
-493 -350
-487 -122
-156 190
498 -182
-379 138
-243 448
-4 -333
277 -287
-357 -335
-296 188
351 -202
-346 374
-382 -329
-315 10
454 -467
-451 -314
17 -475
386 -379
281 361
-87 179
73 254
383 489
383 400
448 287
441 -109
-412 87
21 -55
15 -350
-258 -404
368 -413
-136 -314
-231 -393
-156 -204
273 280
40 160
-280 -342
1 -26
100 -381
-199 -408
-187 3
-404 -340
231 469
84 -381
330 -62
385 84
216 -42
19 101
346 -127
-392 211
292 -30
295 438
-241 -108
487 487
-398 59
114 -464
-468 493
498 102
-279 -330
-391 -44
-182 373
-55 -107
358 103
-90 469
-190 -12
-324 -9
-408 265
137 -489
-131 -378
-52 358
176 -482
-28 189
481 -450
244 -301
129 -14
234 -233
-482 408
-50 19
211 -152
-207 99
-413 -20
294 -429
-155 352
99 -428
282 -386
265 -133
-145 380
-408 141
382 161
305 -167
-174 245
-236 98
-130 476
27 8
164 99
357 -103
-316 325
256 -195
-115 485
418 98
-238 499
-165 220
-282 350
377 -455
-114 43
226 359
33 -253
-166 478
428 -236
142 32
256 380
329 -5
175 -235
382 -227
371 -40
4 -411
-372 -26
133 482
469 -349
220 494
-47 -436
198 139
486 -65
383 55
-313 -480
-306 -119
-371 -41
456 -175
-168 149
-406 387
487 208
-234 -409
-83 -422
-278 132
-281 -259
-130 4
-395 16
164 -343
-204 476
194 103
-161 -298
-105 -93
-54 -28
-215 339
449 316
-79 58
-432 -48
-464 491
-285 -2
447 -439
73 374
233 -161
-462 243
16 -273
-178 243
465 4
-73 -290
30 216
447 -480
-366 -89
-174 -458
106 -9
45 -418
-125 -261
418 144
188 -247
-298 -385
425 -51
-261 -141
-432 255
326 285
-324 -182
-465 -144
370 397
-489 -327
439 384
194 440
-453 150
-398 -186
466 -204
258 -60
467 -139
-364 304
-164 -340
-333 348
7 128
175 318
354 -52
391 7
-352 -158
293 169
-177 481
-452 -456
-437 -5
404 60
-274 -94
-293 -361
86 146
-421 -177
91 482
-316 -65
-344 416
-488 28
-482 272
316 469
-310 328
376 428
-261 -219
-296 -429
-336 55
184 241
-351 -471
337 -456
306 195
-346 -173
21 145
268 431
-395 165
389 489
83 -26
-376 -339
421 -166
362 345
-327 60
354 -183
266 55
12 374
-141 469
169 -128
-234 255
-91 497
20 318
468 66
-128 -255
-226 -9
-152 68
138 -163
4 -247
473 -340
193 -237
-234 -134
-143 208
449 -129
-165 372
-350 194
245 244
-207 241
283 16
151 -149
-388 -322
97 81
-413 280
139 441
37 403
46 -407
303 18
314 -287
-161 -377
390 -330
-6 -385
139 379
-43 -265
-40 37
395 473
44 -468
-446 311
-107 -430
-92 -293
-14 233
-364 248
79 203
425 57
-241 109
227 -181
-31 239
432 -415
-156 194
-70 -114
-292 312
469 333
-164 241
144 -37
-249 17
207 163
-305 368
383 429
-380 408
-305 -196
-267 -328
-144 228
-449 -267
-225 -90
406 282
100 -66
-320 232
-7 -127
-178 303
-394 446
-425 314
-5 -365
264 -361
-154 496
-306 -363
437 294
213 -334
-182 -336
369 -128
288 -423
-215 -112
-86 -475
83 489
-78 317
123 12
-207 348
41 -497
151 -78
245 -471
25 392
40 -132
-130 376
121 252
-221 392
368 -499
-70 -417
203 12
495 -78
-248 334
328 482
-114 170
76 276
-316 62
417 -331
464 -140
121 -44
100 -424
-292 -219
-247 201
313 -365
-87 62
406 287
117 -494
120 285
81 -202
60 390
-479 236
93 -392
154 266
-23 -95
421 446
-139 -451
-333 -27
222 -271
498 148
-218 -416
441 103
79 438
-292 -39
-281 457
322 -183
314 289
128 217
-340 -51
-26 -48
81 83
-401 -374
-359 229
-216 -455
-23 -111
217 232
292 183
-450 -494
-71 499
-277 243
-222 -382
-16 165
-180 73
268 -103
161 346
-178 -128
237 -417
-111 -377
77 120
-74 157
-188 482
-59 93
-444 -17
-295 -179
-76 2
-50 -297
-34 265
-283 79
-229 -122
319 -414
-474 -428
-271 -402
-246 -381
-119 343
189 -170
287 -253
249 -257
-401 382
356 376
206 17
-494 -27
484 -69
73 -405
-237 -465
136 6
178 157
-199 -196
-134 7
-317 -33
-239 475
-381 113
-284 -476
78 469
133 414
220 174
471 29
134 -434
316 382
455 213
-446 205
-57 -220
-50 -223
249 -425
-201 384
-475 137
-11 -16
378 -190
80 126
-46 104
8 254
435 284
-371 375
223 -331
81 -456
355 246
-131 -121
481 4
-393 137
200 54
-289 187
385 488
421 -370
-412 -472
-55 -41
254 -272
-484 11
120 -59
210 -140
333 -199
-494 313
485 213
-19 -213
-331 -161
-479 42
111 -332
131 346
11 50
198 -340
-443 -478
-465 169
249 -171
32 189
-253 157
385 220
-271 -52
94 247
-244 -247
226 -221
476 -256
16 391
-168 106
112 436
60 -345
-300 243
-432 360
462 406
31 -147
-326 -330
-189 -243
241 -453
-494 479
148 -125
-419 -114
91 -471
432 18
479 -211
435 -359
-267 362
217 44
466 201
-191 282
242 -298
-8 -229
464 345
-161 200
-218 -365
89 -63
329 218
-234 181
2 -41
122 177
442 29
325 -306
-79 129
-234 324
-382 -319
92 -348
437 -53
-317 -485
-303 -199
-258 -53
-227 -385
87 -205
-401 352
-288 -114
200 63
-44 412
227 374
-401 200
-352 -301
-329 -351
222 -23
-23 -289
67 462
118 259
243 -7
395 367
-400 387
115 -426
-466 -402
227 -312
-128 -23
-393 356
325 477
-67 348
476 458
-321 -450
199 440
-318 135
-100 -268
-176 29
119 -257
-472 493
-229 370
-23 438
-126 -150
472 349
-136 393
324 264
307 368
159 -123
405 -266
483 -326
329 -263
-167 454
121 71
-36 112
-17 -305
-442 184
-74 -238
-486 -500
157 -117
273 72
397 57
-80 -391
372 447
233 -426
-25 -56
-316 270
-308 207
-295 183
-171 -444
129 17
313 -215
299 471
-169 77
-280 309
382 -399
490 345
259 493
-349 -140
165 113
-94 -214
16 25
-240 316
229 250
263 -498
-315 -361
-68 -30
-211 -213
-140 -38
382 233
378 2
450 -404
-78 -494
122 102
332 52
167 223
310 -453
141 376
268 -481
166 183
43 408
327 -41
-26 160
467 -481
45 165
456 462
-325 25
350 167
-406 -183
182 -152
-323 -154
-206 330
-297 -43
-157 -352
150 -167
106 270
-196 241
-355 -193
54 78
390 270
101 -109
461 -468
-437 -202
407 331
-321 -429
26 140
-448 -400
-230 118
-193 -76
-359 -297
188 -488
-429 -302
394 297
-225 -245
451 373
-15 429
102 -48
441 -381
-100 -154
5 32
218 110
70 -409
-345 491
232 114
46 13
-380 -126
382 59
284 -57
-343 -390
55 348
317 91
-1 -146
-132 -6
-315 -325
-289 9
474 -164
291 109
66 -271
251 -161
-122 313
-359 -297
338 256
12 -142
79 -401
226 372
-186 215
474 98
-365 -44
-346 -378
-203 457
-460 300
-209 -65
56 245
184 -401
381 -248
13 -290
9 412
-266 -455
485 457
-454 -101
367 335
321 386
-73 112
-313 380
202 -178
-424 476
-131 -405
-468 -232
82 380
285 156
-233 282
19 -290
81 -439
-132 -232
112 -31
-272 -494
210 -439
169 390
52 -347
104 -361
-281 -463
59 -223
161 495
474 -304
-351 -144
140 -198
195 72
152 333
-261 -75
199 -394
-36 475
-127 -463
-454 -241
-36 156
22 -180
-440 364
-403 -491
433 83
52 -172
256 342
-338 -80
261 338
-370 376
-443 39
-323 -309
-281 -365
-365 -376
286 211
-56 -192
-367 -424
448 -142
-484 319
39 219
95 -432
-403 -328
-230 455
24 -464
381 440
339 254
218 222
-106 165
-143 -380
-248 -147
-474 -407
-196 -25
29 377
