1000
-136 -484
212 385
201 -379
-458 491
31 -383
180 327
317 -199
215 83
-232 96
-428 148
259 10
150 46
322 -272
-290 427
-16 337
471 139
337 -231
-112 -441
453 39
290 482
500 415
-391 -275
285 442
-189 -146
-88 -199
290 89
131 333
-134 136
-32 -157
-77 427
352 481
176 -499
210 -19
-461 69
-314 -265
143 -327
-28 324
113 326
36 -154
13 141
-351 -280
491 -184
-24 68
248 -330
-225 125
102 -100
216 455
-458 -314
292 77
84 -280
242 188
217 -46
78 194
-311 306
-216 176
-92 -87
358 158
44 -178
479 183
-423 301
-7 124
-499 -251
184 -18
-372 231
-23 452
-312 -429
96 -33
172 246
-114 -131
387 189
168 19
106 18
-254 169
-134 367
-428 -187
474 365
114 258
223 464
-173 -241
-208 129
245 -136
-295 -187
-185 -72
-41 -176
-410 489
79 85
365 -428
-414 105
72 -418
254 48
183 193
19 -481
-157 -8
-257 343
476 -190
294 10
222 -410
-65 38
269 -230
-463 -406
212 -395
-269 -146
138 -337
-482 -456
23 330
344 108
-66 -377
38 65
-373 -336
-283 -365
-219 -278
33 -43
-369 -47
0 391
-473 460
-335 -272
179 -61
-21 -237
370 492
369 -367
-480 82
-464 -321
497 -217
453 498
499 69
421 425
430 350
141 15
-161 -401
198 -308
105 409
446 391
168 324
143 -297
-191 197
-393 163
-309 460
-458 -371
-121 267
29 366
67 443
191 -238
-405 -216
-463 -385
-314 -348
-169 295
447 305
449 -491
375 -239
-251 17
-448 -223
-344 455
335 170
-327 215
72 -233
-333 439
86 -271
472 37
85 300
-53 33
-134 481
35 -402
291 -74
-66 -68
-132 456
232 175
272 -457
-285 -84
294 -180
-118 181
76 429
58 457
117 -366
316 -95
-62 144
352 349
478 306
396 190
-373 -177
389 -178
193 0
-496 366
-181 -435
-394 27
-391 351
-195 -445
4 72
32 341
197 426
-416 294
498 316
296 -461
175 497
207 -259
-280 -8
411 7
-109 33
-357 -306
-344 -12
353 128
-385 302
401 -384
-493 -485
-469 -83
-252 -332
-128 -358
-172 -441
-203 293
228 40
473 254
82 -73
-237 234
-356 248
114 -26
-322 300
-309 -236
374 -279
-291 2
51 -295
271 -14
398 246
-266 -122
124 -60
387 -302
93 -415
56 -488
-285 -220
134 -237
394 -452
-494 -461
-328 -298
473 -340
-385 357
-448 153
-293 -338
222 207
239 366
489 -141
-94 -339
105 -251
-449 234
-173 336
-323 -354
435 308
-271 -498
-341 481
-444 -338
343 7
-249 215
-35 -172
-28 362
435 -20
242 -30
476 -399
149 -435
355 -300
-408 -350
13 114
-297 -120
63 -350
368 -433
56 200
-297 147
-146 241
131 368
-54 25
118 235
297 -53
-352 372
-43 -420
147 -258
-122 186
465 -348
-131 -177
-490 -240
-378 -371
-240 401
318 347
2 102
-342 75
-20 19
15 252
-375 -377
152 202
332 -149
-435 395
474 -407
325 -169
468 -33
231 155
6 254
-479 349
113 280
97 -157
128 56
389 -301
47 -318
394 -262
-151 -272
483 -471
17 -246
302 246
-149 -199
-202 -491
400 159
446 26
41 -206
345 -18
131 362
419 82
-108 -98
467 -250
320 287
-104 382
-220 -389
494 136
343 -352
276 -460
191 -239
147 38
214 313
-432 490
363 -77
213 287
280 -372
69 -159
-465 -239
-271 -224
-488 94
-180 -249
-340 -301
256 444
148 125
462 -259
-304 -492
-397 -323
106 22
-205 205
94 -36
298 -57
158 -174
42 332
149 -226
-151 196
-179 80
237 -125
287 490
-156 330
-348 -401
336 -419
-37 -453
-30 278
185 -417
-166 -374
372 -451
482 -83
-296 169
-196 -365
204 -118
272 -439
-207 471
-206 -455
288 373
159 207
116 334
416 -466
316 -28
139 290
-242 274
-300 -428
-244 -253
260 396
-114 -23
-250 -475
205 256
96 -264
76 -58
-212 311
-330 423
133 -35
393 -79
-47 320
275 -100
347 456
-214 323
-436 -425
-59 -229
290 -349
354 36
-407 264
-325 -422
264 -154
293 -266
-185 -82
97 -50
297 471
-257 -40
-249 300
213 31
323 -361
422 61
227 134
416 140
25 151
-271 105
-280 482
-255 162
5 458
-483 420
54 222
-29 -71
492 -298
-29 -174
-408 494
263 -12
174 430
-354 41
393 -315
-139 -416
483 142
-250 397
134 -269
468 6
-133 -224
-81 96
304 -480
83 223
-123 -113
221 207
312 420
146 -324
-296 431
-52 -371
158 81
-359 -333
-368 277
93 235
-283 -195
360 -21
380 -256
-46 87
-71 -402
129 -484
48 -400
-325 -419
-135 496
-198 425
496 -192
95 -248
373 -297
377 -340
-313 -207
-115 -108
370 239
-430 107
495 -164
-27 134
-17 413
-167 431
116 98
150 -227
-422 444
-374 -106
-299 -126
-215 194
409 -102
30 -406
-319 96
312 -425
-181 279
-178 202
-393 -384
-307 -396
248 7
378 -53
266 135
131 284
-211 -349
-188 57
405 331
-160 -208
288 220
201 393
-488 -193
-399 310
-41 260
-405 -459
374 -190
455 -253
258 271
164 -174
391 30
-309 422
-51 -456
-413 456
335 -65
-61 483
295 162
201 264
330 -186
-485 205
-181 449
-453 324
234 92
-276 260
492 -354
157 -489
-402 401
90 242
158 468
203 296
-81 325
-78 333
198 -473
304 -283
-442 -304
-264 10
228 -78
-274 -493
-340 170
-366 -37
-310 205
352 59
387 159
-331 -9
44 110
-213 -11
206 -141
98 -477
-413 -342
256 -172
-393 36
-381 -7
407 -53
467 -272
183 425
244 -141
472 304
-97 164
-439 426
210 -180
-438 -466
386 236
14 73
99 477
-234 -484
159 -490
342 422
-16 266
-215 287
207 -68
-41 106
-61 410
-300 304
-281 372
-106 -450
-259 -193
104 -33
481 363
389 471
285 340
-230 450
238 -429
238 433
173 -83
425 376
-489 -341
-60 -352
38 228
-100 281
-163 -260
-60 -315
-204 -315
-44 439
472 472
0 281
-73 182
-185 -79
-368 414
-286 455
486 -81
-246 -222
-304 -498
228 252
150 296
-476 -380
-40 177
-278 -187
361 -139
156 -142
488 -433
-184 354
-432 -272
496 -380
213 -161
432 367
-262 -157
-191 -383
-287 -167
-350 -62
89 -332
137 290
121 -126
221 -242
156 -204
368 2
-113 -150
-147 67
344 186
181 -314
-354 220
-352 -288
42 -490
-103 -35
333 -299
173 -360
285 -142
88 124
-5 203
85 -449
122 -108
197 289
477 251
-257 -281
486 -110
-261 6
-44 -344
47 -142
-488 327
386 -205
262 158
241 -317
-494 -220
222 343
140 334
317 -433
6 31
162 -146
-135 -133
463 -409
-65 159
244 70
41 227
135 -418
52 114
23 196
-283 -217
200 -51
-332 -417
-398 -245
279 371
261 -347
94 -473
234 177
-39 106
146 82
280 395
-134 -290
440 408
-191 427
-6 303
252 332
437 496
410 -481
402 16
-159 -342
-242 387
-314 -474
-373 46
112 277
-405 93
309 -182
402 -266
197 1
148 -240
9 402
185 -320
-83 -192
213 134
-54 261
-34 497
95 -217
-116 375
-352 265
-188 -62
-378 -345
479 -23
459 -490
-62 417
-52 -443
333 -229
133 -34
279 139
-403 468
54 -258
73 -360
313 494
412 -115
491 -99
146 -104
107 -431
319 397
343 171
72 -439
273 -95
-328 239
242 -135
364 -24
-359 -477
253 291
455 -3
-54 376
-470 440
-403 -72
-486 -69
368 -1
50 9
-176 -236
293 -333
387 336
-332 -17
-18 314
267 322
-166 -106
252 -368
36 -183
414 -108
-433 210
49 -347
50 114
-319 393
-274 325
232 353
73 200
-226 374
-350 32
-347 -112
392 302
442 190
108 -75
-135 -99
-259 459
191 346
-447 167
-156 -187
-415 199
81 -179
287 -92
-432 212
-150 261
55 368
-403 41
489 -258
455 -374
13 -279
-383 -474
-320 180
-417 471
-463 -434
-21 269
96 112
-132 -250
412 -269
56 -421
42 -179
115 -483
151 -454
446 287
-347 -416
-194 -449
-286 273
145 -267
72 -4
-318 -455
-387 -225
286 -5
-370 -126
100 487
-324 250
-383 486
47 -161
-288 458
54 16
175 -362
33 415
-47 -397
-43 -422
496 414
42 -60
-202 362
418 414
-464 -43
-426 142
153 -172
405 -162
126 333
455 -270
-155 -365
-393 109
243 -346
-452 -388
490 90
177 382
412 489
462 -102
-256 174
-221 155
-282 227
-97 5
317 261
-158 242
-207 -475
310 -138
304 173
313 -121
-494 128
361 -26
-224 276
-413 154
-268 -257
-403 -184
158 -347
244 -445
62 234
155 251
159 -462
221 259
-358 263
379 -147
-330 385
-82 -407
-137 -334
-293 -466
87 88
23 -67
459 -27
-324 -41
-462 122
485 -213
-455 145
-28 -42
16 -476
498 464
-30 443
-246 312
233 180
452 -42
-60 422
-148 78
-230 -147
112 -403
-464 418
156 -76
244 -375
-302 106
476 -32
-59 -163
-350 61
166 364
-183 308
148 -94
59 -17
-153 -172
23 380
-224 335
-391 -340
-58 177
-373 -238
368 -375
259 483
-171 -78
478 294
449 -371
159 85
-7 356
-8 -465
292 -230
3 -140
325 -231
57 -426
313 -179
180 -497
28 -196
-294 53
461 -271
-367 -330
258 308
149 57
271 452
162 -297
13 -74
-342 -386
-211 74
-2 -157
240 440
-168 186
-4 173
-196 -441
153 -342
-458 -62
223 30
368 453
-412 159
185 -435
471 76
-373 -300
307 114
-399 348
-7 493
368 35
-357 -425
49 -166
-59 304
485 -12
247 173
124 -161
492 -19
129 -426
-88 -336
-255 -456
-279 126
38 191
-335 -324
50 290
-363 57
-425 218
-257 179
-5 -51
481 133
434 -222
328 278
63 -29
-13 101
274 441
-464 227
-348 371
-328 -37
102 -475
209 -454
129 -398
-219 66
-362 272
217 -217
-129 483
-359 177
335 -394
-280 -492
-81 32
-116 -100
389 -495
-428 273
-12 -420
209 402
-386 -132
367 498
339 366
473 369
-408 133
467 128
-421 158
-434 179
-444 -19
-494 -498
-41 -300
-73 -16
212 -371
368 260
-302 -15
341 -18
-485 -217
467 -122
218 226
-353 -110
351 -324
377 480
-381 353
-148 -135
78 -287
493 -479
-225 27
182 263
-146 417
-348 32
-492 329
-99 -438
459 -296
344 213
-442 252
152 -463
221 -455
-110 -230
134 -445
41 103
-292 170
476 -36
206 -390
-89 41
-187 -487
-247 -151
5 -246
