100
-282 -279
-163 -273
420 -378
476 -268
-318 -179
200 -375
195 287
112 -365
231 -347
236 396
234 -18
379 366
-267 81
220 226
-341 -267
186 -364
-162 229
93 -2
266 392
139 -69
-429 -148
189 433
-476 -160
202 -185
-477 274
306 -478
83 -194
114 318
-364 -455
432 118
249 -449
212 -42
-222 47
23 340
421 238
125 290
140 -491
-451 79
164 -94
-437 -421
-63 -346
205 -22
73 -291
398 183
-71 -23
-38 -5
124 -443
485 -92
-55 -317
61 -16
-387 499
-176 133
-313 75
-266 -118
-446 383
-283 14
-480 317
137 -100
-82 339
100 371
147 -435
228 342
318 202
425 73
65 -34
204 -486
-178 -260
-21 -28
259 -334
230 500
-219 -330
418 252
70 117
18 72
92 423
344 -242
20 307
176 104
3 229
302 352
453 105
-366 -404
187 -271
-461 -67
252 226
-256 63
-7 310
-409 -417
-496 -370
-330 325
387 34
200 123
-368 -381
58 -81
-337 497
-293 160
438 134
-399 240
216 -345
324 181
