10000
462 -378
499 -170
11 98
150 -322
-53 -348
-494 -350
20 -438
477 283
-365 -152
-338 280
-293 -215
367 -160
-309 316
265 -319
198 -44
-167 -105
-360 355
447 78
-70 -189
308 312
-92 -410
383 -187
283 -2
-461 -481
-172 464
189 192
-453 346
-344 -258
-342 386
-138 -461
-163 346
-453 357
164 54
-441 257
433 459
-94 -244
354 407
-87 6
-248 -151
-71 -151
-451 -234
132 -320
198 106
-448 -335
-495 -371
346 391
-184 -241
136 -109
-16 387
-197 -390
-239 -368
-410 -145
300 267
265 -174
-303 -363
-57 465
-408 49
473 233
382 -372
-132 -147
429 125
-293 337
486 -397
-241 494
-362 -24
-216 206
149 -492
-263 -457
17 -10
-21 -285
398 362
-407 253
-377 -98
-22 114
-246 288
483 -183
77 280
-20 434
77 -246
-418 18
-394 -216
142 187
27 -96
17 192
-146 148
314 -70
-353 -440
244 163
-462 -379
-312 92
-372 412
-64 -222
-492 -492
338 303
-243 -30
318 -68
481 -233
-162 -16
304 338
-420 47
-122 -132
36 264
263 -495
404 -308
439 9
-384 -11
305 -172
-367 17
283 -339
182 476
340 466
148 -486
-313 66
77 -15
467 251
-163 497
-246 303
98 -179
73 186
377 228
214 315
-373 -214
229 -123
-14 438
-85 416
147 253
-247 155
-214 214
182 -475
177 183
-343 -371
-70 -226
416 -8
-359 -458
-127 -395
-341 77
-378 -237
-379 293
451 306
286 196
370 431
-233 41
-329 -68
-375 -60
-426 92
-447 26
79 499
-339 -285
-139 44
263 -286
-403 -458
-114 -213
-415 91
-188 16
-473 329
-271 -285
405 417
282 -289
-219 -123
135 -487
248 -86
290 38
294 49
303 -80
-407 -454
421 479
-377 -436
-156 462
-292 -348
-325 -114
-292 -355
62 -212
-296 108
378 -143
-241 194
-417 -332
-266 33
378 -322
462 109
316 266
-300 202
381 -461
462 180
-24 92
-382 -289
222 -311
98 -405
-46 146
449 378
-55 483
-233 215
-131 174
-349 -87
-3 -266
204 118
-57 128
432 -348
-367 104
469 2
-433 265
-64 -433
-183 58
80 -152
213 314
-36 -253
272 -376
-153 212
53 168
412 -200
355 -28
58 -216
-227 120
-7 55
302 235
-478 -25
109 -323
422 134
27 230
336 75
149 356
153 357
459 -471
396 105
42 100
402 -384
-456 -258
150 -437
353 -351
-437 481
18 -480
370 185
361 110
213 -472
-325 -475
-465 42
-496 -104
-432 246
291 -95
-259 400
95 -410
-159 -13
-323 422
-447 -235
57 -147
66 -51
185 -143
-43 -6
382 -280
-177 -423
-409 8
246 299
250 445
107 -418
-161 276
-177 274
-14 410
-370 -95
-167 -425
-334 -495
-390 -222
-142 -495
288 254
-197 -303
36 239
-90 -37
93 130
310 151
-284 -487
-204 -74
-36 -221
81 375
459 236
41 238
-333 -67
59 -41
448 -479
-107 439
-336 203
421 115
-119 69
-118 399
-133 -376
250 479
-462 375
-406 479
243 -182
-346 243
-442 -59
379 -338
75 -352
-1 -188
-379 352
-35 261
484 -79
156 -252
274 329
-270 -494
384 -20
431 -280
203 365
-244 159
-381 29
212 -236
379 317
58 257
283 -47
493 394
15 419
5 106
154 20
70 127
256 -120
-435 -262
25 -373
294 143
-131 20
-282 110
-263 109
-347 415
-385 -92
-379 96
205 380
481 -27
281 -133
391 466
-405 -419
465 283
1 247
480 48
123 -406
79 -486
-132 -35
-120 297
-488 202
-404 362
25 -304
-468 293
483 447
449 -93
293 241
324 -164
-491 141
-438 208
-321 74
279 -497
-279 -171
-110 -254
-209 -196
-203 407
84 492
110 369
-312 403
-9 230
39 -20
336 436
277 490
-340 -291
372 459
87 -454
-24 323
-432 286
-392 32
-244 100
287 326
431 -68
-342 427
240 188
-459 -177
448 418
149 -237
182 98
-249 256
-9 370
278 -210
-378 -223
7 6
-359 150
-424 461
-238 -371
-265 463
179 -493
-462 330
-19 119
354 473
73 458
-91 390
204 -443
-471 83
-436 -192
-320 357
-254 -97
-457 -121
206 258
-360 303
364 230
192 -124
-11 122
13 -37
-220 440
129 186
-179 9
364 487
-482 -372
169 -156
-243 -47
-433 30
-127 207
197 497
-213 -173
-441 465
218 312
59 -254
-245 429
239 -182
136 -83
316 202
-196 -158
-180 -251
496 367
-474 -478
435 350
74 404
-397 387
-39 220
488 441
164 -271
-213 438
164 127
483 3
497 -187
-273 269
-54 87
-95 30
185 -472
445 -114
258 221
-333 -188
-249 227
-2 144
-331 463
-311 -188
-328 -204
-85 388
-398 -176
248 86
0 -379
-388 57
3 107
214 384
390 465
-45 428
119 -52
289 -300
162 -137
-60 -168
-223 -3
-496 131
-317 -413
102 -80
37 -83
172 461
-349 426
-294 492
-214 -417
-373 -229
236 112
-28 -402
-361 440
-279 388
-334 -33
-205 111
-146 166
-463 -483
-80 168
379 141
-69 -262
225 483
226 396
256 -439
-70 27
-210 -237
299 -13
74 454
340 313
-217 328
-147 429
-160 -115
-425 -377
-242 -335
493 -313
11 -78
-203 -489
-10 -14
-86 360
-136 -46
-424 292
402 18
80 58
-27 -384
28 -297
156 -184
131 431
456 -52
-119 -75
-258 -355
-308 -246
345 216
-115 -155
279 -500
267 309
-326 -290
-270 -354
-160 -91
-225 -275
207 -220
165 -397
-442 80
359 -343
-380 383
-485 -316
-39 -211
306 -121
408 270
14 -411
231 -226
133 -73
-114 465
-492 439
441 -86
135 371
49 306
-305 333
-196 268
349 15
-473 221
113 233
-318 263
-328 -283
498 -441
492 -77
327 -484
-314 -469
407 249
-119 -175
486 -248
125 202
-61 226
-3 468
488 -294
-348 342
312 140
45 276
-271 -495
165 369
-196 419
-172 -497
242 237
121 345
13 249
-7 128
-434 365
243 83
215 -376
-2 241
358 474
54 -211
365 -123
-415 223
358 380
-214 97
8 -72
-222 -179
-356 340
81 -80
62 212
68 -354
-6 251
346 -271
-13 436
-110 457
342 20
-288 272
62 -435
-80 -399
-170 242
357 -479
76 -111
-444 -66
242 -158
47 -5
433 -333
-89 64
323 -462
-215 -470
143 -88
53 -59
230 -261
-219 393
-306 -17
-198 -219
-140 -252
-55 246
100 430
121 26
80 81
158 -497
-465 135
-408 -166
-352 149
231 147
-333 206
-81 335
-113 485
-38 -43
333 -484
-206 112
-436 -367
-17 498
-231 198
484 392
-117 -324
-348 83
491 437
340 -202
246 214
186 470
-296 -122
-88 -167
-424 -180
-367 -46
467 -218
-219 -334
-145 -159
-374 272
-234 -237
-408 -2
-118 142
50 426
-377 -320
-69 -146
182 -116
271 5
494 479
-352 453
93 -358
379 83
-422 -1
424 -204
367 -330
166 -167
478 152
279 49
-161 -354
-176 -305
164 -384
295 -292
-116 246
162 253
-325 -458
-376 72
-30 124
251 -263
119 -24
-275 159
-153 -283
-294 291
-69 -269
266 338
-458 -201
-377 -489
-181 -442
303 227
-382 166
402 -213
452 -106
289 -62
-282 -480
349 -131
-296 192
294 -430
451 37
4 -73
-452 -289
-48 -118
189 -165
-139 334
476 30
-384 -281
-57 -153
380 252
-301 -26
263 -265
472 -341
-38 -96
54 -84
473 -318
-395 169
-62 -257
-323 -313
-434 -411
244 -185
104 -229
357 -310
278 38
-132 -139
225 -254
-332 120
112 -24
-348 -89
-146 -380
202 -238
-392 -141
195 310
302 196
-192 474
339 -496
202 -81
159 396
309 -494
-253 475
-77 413
-374 -129
-300 -295
-391 -481
464 21
-156 65
-275 -245
174 140
155 -386
-383 -184
-8 213
-440 453
-477 415
-357 -341
-458 -372
-492 -12
448 348
146 -168
-150 199
-474 55
454 72
248 112
15 177
-321 -463
72 -359
131 428
-157 -132
30 -467
-499 -337
362 316
355 305
148 -447
101 107
-228 -117
-164 479
-193 -77
350 206
-474 462
111 473
-221 -152
-347 -207
-447 481
437 342
-119 346
-285 -391
331 300
495 319
-454 260
-141 100
14 -429
-481 360
470 299
141 -218
181 -235
-275 230
-198 375
-47 424
418 -203
-23 381
266 74
52 460
-386 384
-120 -215
311 398
-400 -442
319 475
471 362
400 -91
-99 49
-308 179
440 -257
-280 -469
-51 -306
101 385
-60 -447
-274 -246
276 -21
111 323
248 271
369 -444
-305 -488
143 354
226 -197
170 -365
49 339
470 12
-315 -30
323 452
56 462
107 484
335 -80
-96 246
305 -361
-319 414
204 -3
492 -227
241 -159
384 310
401 424
-450 176
353 -117
486 441
-335 144
-375 453
311 -313
27 -339
-100 227
-315 263
212 -126
35 -296
-84 -286
381 300
-85 -375
-337 172
-90 121
-74 302
457 306
333 139
-88 -28
183 360
-268 462
209 100
-497 -137
-19 186
-204 -64
403 -438
-239 182
-134 -54
-171 -210
71 53
104 -70
-423 -162
342 -409
-122 93
-23 -289
424 344
-118 449
210 -432
-379 281
392 378
-191 241
-110 426
-437 411
218 179
-209 -429
444 304
-121 150
-287 361
-331 21
64 -180
-464 -17
209 126
-374 -43
-335 -355
-39 -215
96 198
96 380
-295 -229
-171 -498
-121 356
-296 479
365 -371
269 176
41 453
424 -114
-55 -183
-330 -182
-85 -201
-483 -266
391 -486
-257 340
177 339
-232 419
366 -374
324 89
250 495
379 -116
-259 271
-29 -179
-50 194
109 -389
-325 -490
-220 -30
-340 359
-16 318
45 234
-310 -467
-493 -227
124 -74
472 30
-431 398
196 -60
-140 319
371 447
-390 312
49 263
435 417
49 -243
-403 146
403 136
201 179
-238 268
37 -4
476 -34
-312 172
352 239
180 227
-436 -383
-21 -478
-240 -330
66 -93
-104 209
425 497
-301 116
-342 159
109 123
238 68
132 -165
243 370
21 290
188 -100
-157 139
-386 -377
210 -227
-427 279
207 -426
-150 315
444 -122
183 -77
340 427
251 -72
305 59
-294 -120
366 -490
-429 -390
92 -99
-180 243
93 -134
-389 -336
95 -479
-74 461
-51 217
163 -176
182 174
3 459
-442 -290
7 -376
101 316
104 -124
-10 76
-142 236
220 0
-191 466
499 -306
336 -94
283 -414
270 -421
499 -281
209 366
-458 -107
101 -422
42 352
-427 -275
-374 69
205 222
464 -86
-421 -184
-419 -63
349 -75
276 -231
-135 240
-57 -299
341 -12
127 -51
-500 331
-345 -37
-382 -151
64 146
-367 -173
218 340
-349 -90
-102 480
-355 -197
344 -475
-76 338
385 -249
-376 240
4 322
-45 -85
287 -198
-483 369
424 -391
-36 208
-39 237
475 417
350 298
231 299
414 -89
289 -499
407 -164
139 81
-166 493
323 190
347 -416
2 240
46 -308
-338 -2
38 -102
-489 485
-86 19
-20 139
357 262
252 152
140 -428
-280 -286
-471 -295
-75 155
386 130
-342 -467
107 255
312 114
473 365
300 356
-154 493
-193 -115
54 -377
-234 445
-247 249
454 -154
137 -343
375 -400
478 -54
161 -285
-210 -205
314 206
-339 281
-141 -120
299 374
-92 -447
428 316
443 95
498 164
360 29
-306 230
-166 155
-361 -483
267 -335
77 490
-38 -236
-349 -125
-35 392
-311 -160
179 440
432 -349
-297 -113
20 180
478 445
-365 416
-330 31
61 219
-219 193
-337 -451
444 -401
239 -473
224 229
140 128
-157 -482
-193 176
444 229
362 463
154 -280
-376 -272
468 -283
-331 -76
461 285
-288 -31
-301 -349
91 14
43 -355
-141 -456
321 286
455 320
-457 -90
28 245
14 -330
28 223
-254 73
112 175
396 291
-97 15
-421 -233
-447 -238
462 -389
-466 72
-261 445
-359 -436
101 273
-319 360
492 148
-250 387
-311 -99
403 -191
-23 -311
283 394
-447 -451
-275 295
336 -27
35 83
-63 110
394 117
-434 265
-162 -421
319 204
242 -221
-63 -472
252 117
357 -442
-302 134
-218 -193
-425 -213
227 25
-491 25
27 437
233 -322
-424 -337
242 305
403 122
440 -477
-420 -257
229 -241
-268 -427
-30 383
181 -406
62 -225
-405 -246
95 -484
126 -128
456 487
321 -311
-202 -468
-424 321
-390 361
392 106
-477 -83
-477 434
247 218
-1 10
62 190
-491 -115
41 413
271 -168
-282 183
379 270
-262 -21
-385 -124
-477 303
256 305
145 388
274 325
-118 223
-75 430
-169 -225
5 67
480 -76
244 302
68 199
-241 -101
197 218
208 -274
31 467
366 -248
-234 128
424 -291
-311 -428
187 168
-187 -278
-159 278
129 -182
434 338
-119 -176
-334 -24
96 -53
242 279
-82 471
-145 444
155 326
-214 264
57 -50
-310 -208
-245 -246
305 -84
-447 464
372 -292
-110 413
-239 472
259 -435
-295 -9
-127 -401
-22 -167
-242 294
37 72
-19 159
-460 358
202 183
290 -397
258 335
56 383
-436 -380
-467 -473
-192 -84
416 -318
164 326
309 202
210 -403
-12 234
-429 350
-402 493
371 26
-84 -111
131 -155
366 -362
12 277
370 488
-260 -226
-100 323
-296 100
-198 -90
-330 -293
444 -23
-329 327
151 312
-7 234
215 393
-180 -291
160 365
425 -44
-246 85
361 491
120 139
242 0
334 -158
-422 -361
-59 -1
79 -449
204 472
343 35
-448 123
399 -150
425 488
-397 466
-181 -288
-22 -135
-216 457
129 -370
34 285
-439 419
84 -484
466 358
-251 446
-478 230
-27 -105
-136 -102
-321 192
102 169
463 123
-421 -473
5 261
-61 50
443 10
-115 -198
-280 480
155 -106
-414 230
192 276
-38 256
11 499
85 -172
-82 431
-492 -144
-204 107
-420 181
475 -368
-153 351
175 53
-223 -420
-335 -72
-247 -494
-2 117
74 232
401 -4
-18 -372
-166 -442
20 -481
88 223
367 -153
294 -421
194 158
66 89
-2 164
437 60
460 211
-306 78
-5 148
263 -423
-334 -248
91 474
-343 115
-287 172
-25 166
-495 -354
-330 -217
239 -103
-449 434
-38 -417
466 377
-26 -179
133 193
130 472
-320 181
-48 21
102 -426
-246 -84
-384 365
251 -425
41 -476
-460 489
367 161
-443 250
-481 203
451 84
135 213
142 318
497 156
34 315
-95 -409
419 258
390 -163
271 148
221 -466
-495 225
101 193
42 -179
383 -455
419 -177
-308 315
-299 -493
-42 27
313 -99
320 382
300 -387
233 307
-379 196
417 296
219 338
-112 68
199 -167
204 215
-296 -440
-368 -402
-64 -176
-169 -402
-348 -242
41 -446
-153 257
-448 243
-20 51
464 -215
459 -65
-97 424
-262 -165
491 -270
-161 -365
279 -436
376 447
193 -163
468 -62
-104 -82
313 -36
257 37
-69 31
192 -362
-142 34
-412 33
-429 412
372 -428
-371 277
430 -316
-148 -214
124 49
307 416
168 41
202 -410
-208 128
-16 -216
-83 -362
-54 303
-424 -303
177 1
371 381
447 345
453 -276
41 445
-369 435
495 94
-108 -259
-79 -430
490 -204
-17 284
-87 93
-140 -475
254 421
259 65
-79 77
415 497
-448 -428
-167 376
178 306
63 388
308 -469
408 -300
-451 222
307 439
78 -94
468 283
-54 -73
-202 -6
-395 -162
-245 113
10 298
56 36
-84 455
105 -204
-237 9
373 132
-290 -10
-12 408
53 37
-127 -317
161 193
-493 -122
-431 223
435 372
401 443
285 227
39 475
155 -435
-39 -378
27 -151
406 65
-495 -500
228 153
-232 -15
325 -173
253 -34
-369 -326
-358 460
-303 -205
-498 -454
497 291
-413 226
43 374
-225 273
452 459
57 125
438 -448
-78 224
408 -180
-316 -349
-193 -215
-51 437
-354 396
62 -315
444 -348
366 494
69 166
-356 392
130 388
424 -228
456 230
89 93
-189 24
244 -396
164 -145
-467 93
-275 439
293 200
-106 292
-482 -245
-207 482
348 156
-293 -198
25 370
469 18
476 4
355 -494
-17 -239
276 -467
87 -186
-322 101
436 -327
95 398
140 -298
447 500
-48 161
-66 498
-332 -386
-369 -271
233 -109
163 -360
87 -81
464 391
-372 432
280 263
212 -305
-257 149
-485 -150
448 357
-83 -402
279 -291
-317 -368
441 -426
492 -100
-77 189
-495 372
-22 -77
-334 -273
300 -395
-96 399
40 404
285 -259
-406 484
433 451
242 387
-239 230
349 -317
-30 -244
-211 197
-251 58
-291 52
-398 -224
-97 154
-280 -476
-402 291
-60 -108
226 -185
477 -77
311 14
159 -254
376 -152
180 -388
331 243
-300 -240
383 451
-418 -146
3 -78
303 -162
-144 205
-149 229
-337 385
146 472
161 -174
124 -9
268 119
-113 331
-444 51
57 -444
324 147
323 284
-402 -397
362 -268
-406 171
147 323
102 -182
32 57
151 -404
458 20
36 115
-453 -344
-139 -103
387 262
-465 -426
-490 135
231 380
-394 410
159 -402
-125 -274
344 -71
484 264
397 293
-450 -209
453 15
-250 -449
-366 -321
318 -254
-471 421
-42 373
259 474
240 -285
-1 420
359 18
391 -292
-70 33
-323 -414
-453 190
304 205
481 473
316 499
374 -218
396 16
179 -313
-164 -332
454 -6
61 -260
-220 483
-105 -36
14 276
318 324
261 -121
-468 243
233 -279
491 38
29 458
-248 -31
-415 459
294 -322
486 -169
-5 -107
30 -219
-78 -89
171 -351
-179 -153
-304 -452
329 497
65 45
91 94
495 -142
73 161
-451 -44
433 -184
-426 -474
363 195
-150 48
322 496
62 -430
284 -139
96 280
103 -152
437 373
39 244
375 -104
30 -395
-36 -429
393 416
-312 248
332 432
461 384
17 91
-389 160
-68 276
337 130
132 465
-259 444
161 18
50 -475
405 -189
-51 486
-401 314
212 407
237 -112
-21 -290
-489 184
393 51
-116 357
453 480
-378 -99
-183 -183
497 -234
-447 -23
-232 106
340 62
-30 486
371 -66
337 -495
441 -409
-423 -223
-388 -5
-454 -371
-438 -499
-69 314
-457 -41
407 -371
461 -265
-494 -483
-54 434
204 -439
-207 -76
81 135
-187 -221
179 238
155 474
397 70
172 -200
188 -222
-199 -142
40 282
499 -42
-323 -319
-220 29
-210 382
101 426
285 276
-497 -445
-37 -183
-126 -137
461 177
-253 241
226 102
342 360
479 -272
-101 -317
225 233
170 453
441 -414
281 -60
482 166
323 -111
-201 -89
-38 25
-166 272
-207 -458
-117 -76
-53 290
360 44
270 248
250 430
-287 79
-309 238
64 -411
406 -454
432 243
259 -330
-271 -1
-259 -5
-486 251
-19 167
498 135
-102 -140
-170 274
48 -12
-272 305
105 -70
69 74
447 -100
-394 347
479 -168
457 88
-222 -3
60 393
421 -270
114 442
134 -377
-23 124
-457 373
-358 357
495 -482
37 143
485 -307
-213 -270
114 -155
-86 -493
16 356
24 194
-382 -470
-445 4
432 111
-401 -284
-296 30
-444 -497
-172 251
-304 154
-253 -407
-170 61
-346 -124
-82 73
190 115
50 396
-279 255
498 -87
-298 -157
-42 18
250 -284
368 11
-201 -52
37 185
251 -253
377 15
82 100
-274 134
4 -53
423 -14
418 -437
-31 50
-446 -382
467 -285
208 -241
85 458
-8 -99
477 -385
-316 -27
-238 -202
421 -478
-187 -205
-108 -158
262 36
-3 -40
214 73
-7 -371
287 432
239 263
408 39
-131 -242
150 -401
100 21
-85 -454
39 -458
-59 -75
-311 -96
198 438
-306 253
-403 -458
94 235
-95 -397
51 -323
259 -450
-345 239
-416 -329
-159 362
21 170
-206 150
-363 374
-324 239
78 -500
-88 261
-480 365
-341 329
-239 -44
-306 -52
-369 284
141 -169
64 281
-68 192
-148 10
385 494
-265 460
481 -330
457 122
-440 -256
240 480
407 429
-281 -260
329 219
-65 -34
49 -369
28 232
-73 208
-279 -421
210 331
37 262
457 344
178 231
168 229
-340 292
-302 -42
117 208
-357 -315
-255 -383
-27 39
39 -254
-154 -410
-215 -32
-375 -456
175 284
-67 -225
-364 -469
-105 105
-67 -49
81 -438
-444 107
-476 152
-406 -257
268 -173
-185 -229
-160 -83
151 91
-288 -143
-63 -249
-189 -449
480 283
376 27
-360 446
-296 157
-382 -147
-217 486
-112 328
-482 -20
-474 219
221 405
-201 -291
436 -19
-335 339
387 99
-311 -247
299 451
-287 444
130 -319
-38 56
27 246
93 261
422 115
388 -138
-452 -483
-127 75
-38 376
-258 -327
114 -321
-441 -470
206 144
-224 -146
-270 -410
-56 130
371 491
-133 437
139 -183
-52 407
253 158
-335 414
-396 404
-213 -87
-218 198
-451 128
451 379
-240 478
-470 -70
-252 313
-361 -438
-47 -357
-432 359
87 -239
76 124
455 398
-497 446
79 -37
-127 377
110 -130
-430 455
254 -369
-147 379
-263 -8
-461 314
288 497
-86 -141
221 -3
180 96
-468 168
-176 -454
-348 -332
-149 383
-161 491
334 42
-404 108
262 -193
113 -24
-459 -453
33 -145
354 96
-481 -316
267 -378
13 373
-325 413
-257 -171
-453 -256
-36 243
436 118
324 146
499 -264
-165 417
-381 335
266 129
186 323
9 -384
474 94
40 -455
399 -267
-400 -199
-373 -120
-295 76
-225 378
-409 -310
-446 318
414 76
-266 -15
193 -144
293 314
406 -216
257 261
113 -336
-368 -450
243 -494
-134 -448
-404 232
152 -289
-105 391
-415 -384
116 73
207 311
64 97
-351 417
477 473
-251 88
428 425
-95 251
-26 -112
-188 63
261 -283
-152 -426
397 -295
27 -387
144 -294
184 -320
-19 -20
-445 -3
-112 255
208 266
63 486
-254 12
-144 -208
-9 -483
-176 -54
453 -91
59 -314
304 -380
224 198
104 135
-310 483
-234 40
-320 -273
23 376
-410 131
132 161
-26 318
-317 50
-309 341
-440 -432
-241 -64
22 347
-286 123
-335 117
49 -461
-104 102
293 -38
407 -329
-101 320
492 -465
266 422
315 -420
488 -181
53 -98
248 -496
-377 -296
379 -150
-145 201
-96 61
-138 426
127 6
-100 -241
-351 315
-15 270
35 -125
-46 -435
-349 -302
-425 18
-408 -259
-327 -209
-229 465
136 -445
-143 223
412 132
-216 470
290 -113
272 63
75 490
-316 496
-32 -448
-483 473
-483 1
491 -430
-424 -49
-272 373
-454 9
495 295
-311 -343
-485 -250
248 -163
338 327
191 228
121 194
-465 472
204 -157
-47 -353
-360 91
283 6
341 267
237 18
-2 -12
-217 -92
355 -358
-75 131
-98 266
339 176
251 -372
350 -469
344 -137
224 -463
-106 -311
242 -399
238 -213
-471 437
420 -126
-217 -259
313 192
312 -459
418 -368
75 -207
-3 -230
271 9
-262 -55
-409 -270
-320 -402
336 -216
-251 -436
373 -448
70 -96
-372 103
-143 -115
-337 -218
-65 330
346 -412
-437 -368
34 486
-300 31
38 170
491 -178
-243 487
-422 -236
-440 385
-109 -100
-274 -345
-154 295
323 -197
418 456
-295 30
206 100
-451 217
-14 -347
-409 15
326 -132
-297 43
-499 86
-130 -62
-259 -308
328 -4
93 -385
448 96
-244 207
279 83
337 100
-362 144
327 447
-70 -365
343 -170
45 384
96 -355
100 -94
365 264
480 -474
-70 -190
287 -323
230 28
487 -121
60 -351
-185 128
276 -384
-5 45
141 -119
305 -13
-118 -296
-455 -198
400 275
-332 301
42 -345
266 59
226 187
176 -346
-437 393
221 -297
398 463
313 207
454 239
-453 231
136 16
-114 -385
-132 223
-285 463
-209 327
-317 -441
307 -475
307 83
-243 -152
-175 156
-202 -35
-269 -260
420 45
-109 -327
458 143
185 -224
-449 412
-200 50
300 -479
-193 219
385 -465
-100 -341
-312 -13
241 -34
-433 -271
95 14
-426 -463
326 -20
-121 -461
441 -208
-409 420
-464 -281
175 238
-179 -321
-95 -46
-434 163
-286 363
-22 -150
-156 -297
-321 146
200 -343
203 -14
93 390
247 75
-410 445
-264 272
48 -494
-127 452
442 -486
-16 409
-314 390
257 -186
270 315
-427 6
463 24
437 -66
-218 -230
-104 408
387 315
315 -188
383 258
411 -357
290 -179
79 147
-355 -427
-324 -242
24 29
468 269
192 242
-357 -94
458 416
-461 498
174 149
45 112
490 -77
448 -127
322 -493
-210 459
-221 -323
272 228
306 -285
125 333
19 -343
209 -7
231 406
-300 434
-168 -171
-380 341
-62 -354
166 375
-231 168
-455 423
-271 -63
399 -462
469 395
-118 458
217 -167
451 171
-475 -239
363 -227
-452 129
-30 -117
221 -369
-299 -408
355 340
254 224
19 157
57 -202
-232 -413
-159 217
185 412
-401 -287
230 291
165 200
-489 -185
-373 -146
442 -58
-80 -111
204 459
486 458
303 -169
26 -465
30 -472
-217 51
-299 157
140 402
271 78
326 -350
-334 280
480 463
472 3
-104 -399
378 14
-255 373
50 -170
-290 -175
289 420
177 -490
83 424
190 476
83 -115
380 33
-316 419
287 0
30 296
-129 333
443 272
306 -323
-112 144
-304 331
201 315
132 286
233 396
-481 245
-154 -473
-443 148
-193 -50
50 338
-455 -32
-181 88
-301 -51
232 362
-128 348
333 452
-128 325
-188 471
167 440
-379 337
-80 -267
125 489
-406 406
451 458
-359 266
-301 474
457 -458
235 -345
424 318
223 424
-94 -84
281 -290
247 -76
467 163
-223 -161
-374 -270
-200 -361
-46 -205
182 -142
-42 433
-483 -94
151 -390
78 17
-138 55
459 108
-10 -14
427 32
207 -229
56 -309
462 -186
466 -36
-271 -187
262 -182
-397 -235
116 229
292 -109
-52 413
284 -475
-357 255
-304 -185
316 7
358 -208
-249 -383
112 134
318 321
-491 -61
-367 -355
-376 -64
447 -316
-391 -277
-350 475
38 -104
-59 -384
237 418
-305 -98
-39 -6
-481 259
-66 0
182 218
-433 13
-478 -357
261 308
-123 491
-480 -282
-149 -250
411 -333
-314 172
30 -485
31 -478
25 310
338 238
442 -207
442 -476
-332 -70
-242 -71
403 -346
229 455
-142 -121
-35 447
-101 -298
416 312
86 463
-445 101
55 -282
-159 154
392 420
-311 420
473 144
13 -205
-495 -4
124 78
-171 -74
-73 227
-397 -431
-330 -261
-247 -306
482 99
70 113
-307 75
-160 -107
-249 -128
478 234
144 -373
396 -8
323 277
-476 169
-386 487
375 -444
-250 289
329 495
-490 -339
307 -406
126 460
91 -315
-260 -407
-456 117
284 -160
-2 314
-468 -30
136 158
-19 -446
-241 -173
-68 102
-44 -351
167 -282
-389 205
403 -54
413 198
-102 214
144 134
269 -25
-498 370
-245 -489
92 478
-396 -176
466 -318
239 141
-475 -471
323 290
-230 407
457 -329
145 427
320 490
173 -488
98 17
240 136
68 59
-194 62
416 -108
150 -361
-164 -434
-60 -190
-461 21
-294 135
346 -323
-211 107
-352 452
443 -100
327 -378
352 -233
-288 465
252 345
-351 450
446 283
187 350
65 -457
492 292
410 368
-346 -232
-308 -47
-100 471
39 317
363 -164
420 -319
335 135
-332 28
-455 -362
-14 -97
253 -96
-445 -468
369 172
267 -229
226 -99
-323 265
151 265
27 147
-382 -277
-258 -65
384 -436
-192 280
-327 478
-220 -5
-381 -315
-351 -477
55 -453
228 348
13 -239
425 41
-106 -367
423 -475
105 -323
321 74
-420 -113
-247 -222
72 -341
-74 -31
-461 -231
337 31
-74 -157
-271 328
20 402
95 -285
295 -59
437 -250
-134 449
-452 -200
390 292
-285 190
-253 -400
222 27
198 88
255 -195
96 153
-222 -137
119 72
424 -287
437 309
-440 152
-120 70
-467 434
171 -317
-297 -34
-158 417
117 337
367 -429
457 -37
-369 258
-61 345
405 104
-175 -294
-119 1
-425 -44
-221 489
-396 252
-88 258
160 -284
38 314
129 478
484 -225
-433 -64
-408 270
182 102
413 -311
-448 -413
77 315
-317 -253
-391 263
-391 285
-355 22
-202 274
202 401
-42 303
208 -25
473 -367
160 -315
416 -66
449 241
-41 -22
-416 -287
-192 -491
-316 -412
-125 375
192 188
246 -388
319 -463
104 25
-22 483
49 374
-72 -426
483 -395
-415 -239
-339 -476
33 488
-237 146
472 -262
-18 -293
404 313
135 -386
-368 403
61 -127
192 -287
-103 -51
-115 -390
-306 33
-397 477
-313 103
-459 251
117 393
-33 -326
326 -292
304 357
437 -438
359 177
122 -488
453 -309
-418 299
-150 -388
246 141
119 -209
264 -327
-348 81
-178 -200
-397 -226
186 146
-5 -416
399 161
437 -190
-233 -291
422 -334
349 333
-283 -485
-490 71
-433 -344
73 -369
-31 -190
-475 3
366 -166
-185 2
394 496
-436 -475
-82 -314
307 267
-115 48
427 -193
-49 -171
5 -59
134 -110
386 -481
-261 265
183 496
-20 -435
-177 -285
102 -422
115 109
-323 452
171 414
-249 209
-299 -81
220 -237
-261 113
-345 -126
-206 74
65 164
-176 -462
-356 262
-117 -99
-470 -416
164 -10
498 29
113 290
374 -363
-55 -82
421 -344
191 -165
-43 -52
249 -134
247 411
-311 -449
-70 69
443 -491
-411 -353
-213 -58
357 -376
-446 -185
-498 -290
235 -198
-379 -34
-468 -302
-313 271
-202 -319
98 337
493 -140
-262 235
259 -70
-94 477
-20 -37
238 -445
161 -354
354 474
70 -141
175 269
153 -406
-314 -18
25 214
-473 248
-358 -156
-326 -6
291 201
-478 -309
288 -381
396 -485
214 -445
287 229
-458 -21
-48 475
-257 -55
88 -210
300 -153
131 -458
-440 -190
-294 53
307 451
-212 -439
-493 419
-59 52
371 79
491 -120
-58 289
-82 453
173 64
-444 -485
287 -447
292 -473
-271 439
362 106
499 -170
-74 -118
-172 -23
-336 -387
-452 -148
228 -495
17 93
31 330
-132 346
481 -138
-391 -354
-386 -130
319 401
-12 226
337 469
-177 52
155 -413
-330 235
177 -37
-323 130
-457 -39
-39 298
274 -285
335 241
37 -183
474 -294
222 -434
197 -117
30 -32
-178 173
-22 12
-426 149
347 -484
470 -429
482 343
-258 -78
399 -317
-483 -206
-307 111
-92 -455
-362 -3
384 -55
499 82
459 140
149 -89
196 -336
13 438
-466 -364
-134 407
68 50
-151 252
-181 -78
64 229
-108 -446
-211 357
449 -274
258 -252
-256 198
334 -35
-374 326
-216 -496
455 31
-262 174
82 -355
1 -282
362 418
89 424
-8 409
419 328
426 -473
474 -156
113 64
-119 55
-383 95
-300 114
487 -77
-412 -452
-78 214
-261 -76
-328 196
-372 229
104 -102
-232 77
9 -105
-182 -403
292 478
-167 338
-85 256
346 94
-111 164
-342 -407
-334 109
-491 -290
-30 -196
-62 -167
1 335
344 -428
-79 313
-40 -80
197 -155
-349 -483
67 337
-73 -416
143 -6
37 -379
69 52
-130 -136
-128 89
-204 -270
96 67
-345 460
-184 55
-434 282
208 -458
-304 -182
-125 -267
382 288
-316 154
-122 -256
265 -79
-385 -340
-290 -233
39 96
-176 -35
-65 467
-439 58
-191 42
-171 -449
367 -22
-112 -324
185 3
375 283
473 -477
-284 -238
135 449
181 318
-308 140
-434 -128
-155 399
-57 192
-44 435
150 -79
-294 18
-494 -347
259 296
178 -64
-140 109
30 74
-391 -260
232 150
151 299
-133 205
157 491
-192 -378
-451 -224
99 -93
30 -171
264 -321
-218 -428
-197 -274
398 -387
399 -97
-304 357
289 37
-342 217
-244 15
-392 349
361 -428
-441 238
455 247
21 -203
400 376
202 -116
57 263
417 123
255 -463
-411 252
436 368
240 -393
347 245
-164 -258
26 463
-329 -469
410 59
194 404
-150 -174
44 -167
241 366
-337 203
-140 91
-286 -393
363 464
-123 -414
-390 -51
106 405
475 299
-87 -290
317 -30
-436 -482
-431 95
486 140
-17 -337
86 18
-58 460
-129 -387
194 -316
67 -461
-70 -253
-404 -165
-373 283
-64 -287
-377 -192
357 -95
-134 -335
-156 -226
-164 484
-378 -379
495 229
417 60
-49 490
-476 326
407 170
-200 -375
-357 260
-112 -315
33 -483
-403 132
-485 -58
-362 484
-305 -237
59 34
-322 -320
-48 56
-19 117
-65 347
58 -142
162 -157
-438 -287
-479 -327
-407 -262
421 253
385 465
114 310
412 21
218 52
-453 -284
-450 -53
309 412
121 339
311 416
-321 -160
446 -166
-479 361
266 302
-491 343
395 147
-103 -403
-42 -498
175 120
337 130
-64 -322
497 417
-284 129
-150 456
-27 -251
281 -90
-197 -437
-470 59
-460 -102
-334 -193
-401 -101
-86 -237
-358 380
217 -189
-161 -294
59 -251
-247 469
-322 -391
-38 20
-9 83
419 215
-199 -472
385 169
-324 248
111 334
435 -251
106 -170
59 -231
41 -111
238 363
-89 174
-70 -354
260 -497
238 12
129 322
-299 -378
-102 -466
201 153
-186 -468
-388 -333
-51 -382
110 -96
-253 498
-5 -343
-116 177
-482 -413
377 -242
56 122
427 102
-391 -299
361 377
489 96
-449 -465
28 408
218 66
-232 -202
69 -327
209 454
-306 -225
486 9
199 344
-24 -65
77 144
209 -451
-255 350
99 -342
-195 -255
9 293
30 207
-112 -485
-29 154
-171 124
235 -100
-198 -350
36 471
327 -31
-122 12
-246 -496
385 -204
426 243
-343 -215
200 425
328 -193
-293 -79
-224 -91
-362 421
243 375
76 -495
8 452
269 125
-372 -33
464 114
432 -128
23 -248
-181 -443
-43 -114
12 7
111 -97
-212 -137
-331 -216
-481 208
31 -402
-6 178
45 -178
-440 174
464 66
-466 418
369 21
-94 283
102 2
42 159
-135 13
-398 169
35 27
301 -403
-452 266
348 384
-487 464
-326 139
-366 -270
332 235
0 284
-3 328
-321 -332
-407 19
344 -375
-49 52
426 -2
412 203
1 174
-440 -337
160 84
455 215
-136 339
203 -338
259 -187
375 -25
94 264
-226 -418
366 207
52 -500
-369 -455
110 206
-223 -246
-31 116
-401 -62
-344 248
29 464
27 232
25 -185
-125 -11
-9 -366
-242 -314
-377 -260
-481 452
264 -335
-400 -292
274 -86
-35 72
-174 240
-305 202
-30 168
260 112
-353 -89
130 -251
159 -110
-312 -235
-113 -239
-395 -218
485 -115
-56 175
-460 -195
448 -310
-299 -425
-77 -168
219 437
-142 -109
-473 -376
205 333
-59 290
414 -129
-368 -12
307 -34
-1 -50
-305 298
-190 110
-255 144
250 186
-357 -493
-446 114
457 -309
-12 176
443 242
490 -361
-141 404
-303 -376
-446 -464
483 58
-234 -454
302 -358
354 132
409 -413
185 155
226 -239
-128 77
139 323
455 -459
-86 -276
12 -342
-420 19
-99 -217
-414 -175
270 289
-456 156
-223 -346
-56 321
-267 444
303 355
386 -483
213 -336
-164 411
261 -369
38 -474
-58 410
-445 -291
-266 382
297 -49
437 154
-337 -136
-257 410
-172 91
-142 126
-475 372
329 -406
276 102
230 0
205 146
-269 -372
-113 140
278 -356
-256 -135
-188 141
-238 -432
-462 457
347 89
226 210
21 -221
86 -283
-130 -195
-455 120
-102 351
134 117
-236 -117
361 -100
188 -195
-272 -214
277 316
-242 378
-307 -438
414 -61
-388 126
98 -468
-379 -466
-254 216
164 -189
-448 287
-457 -435
-70 144
487 -331
-381 -305
-414 102
91 -301
-415 -298
-152 453
-100 -494
-465 -148
-5 284
425 -356
294 -177
-229 -164
363 490
353 -164
-35 -269
436 217
-428 -221
26 390
408 -470
158 369
481 357
-402 -384
-230 214
344 -98
239 163
320 410
-103 140
-238 -301
437 -166
-297 313
245 463
64 175
-174 99
10 72
473 -236
-227 -18
313 -362
-396 -74
-403 -231
66 110
-329 -491
-240 442
282 -22
-98 306
-102 211
361 -130
-479 -356
-353 -148
-37 258
-247 -101
447 -278
1 336
12 134
60 487
226 59
-187 -280
196 -67
-489 -108
-284 151
-323 -60
183 -170
-431 -413
301 -351
294 158
-441 424
328 120
258 239
-498 89
489 -261
3 -283
-230 339
-400 359
36 55
25 -108
329 378
225 85
-283 -335
-375 377
312 466
-371 422
-279 -478
123 -88
-239 84
-182 -34
411 -27
-343 322
-317 153
-275 -437
220 99
222 -240
354 152
51 -29
265 -223
16 -360
-224 26
-75 371
-206 140
230 462
489 -176
197 379
93 236
-325 358
-443 -103
-307 -195
89 156
-334 -192
-371 243
151 -412
445 494
402 -170
43 16
78 118
-321 23
207 -476
-71 176
183 464
-288 148
82 313
-29 118
306 373
-457 -297
475 -370
-122 -195
175 37
-212 32
432 -264
273 -380
410 288
456 -265
-472 310
-259 -39
-162 -152
68 -254
-68 -231
283 -240
-83 412
345 -73
251 239
96 332
-389 160
366 -164
59 -268
-306 -337
-95 390
247 -413
-25 -131
274 -35
-397 -493
-440 267
431 435
-389 91
-367 -60
-416 -115
-449 -374
-278 -141
77 -142
-175 -375
-143 -132
-297 57
287 222
143 130
-382 -187
327 241
369 151
-41 454
452 -153
133 29
-482 -106
291 -83
100 -464
175 259
-201 379
-163 -356
260 -43
336 185
-454 -476
151 -247
-216 -477
380 46
-234 -367
-98 242
-210 81
-448 -365
-111 453
252 162
0 99
-89 -379
205 -456
-497 -231
322 402
-393 -254
472 377
-304 257
-258 196
259 -6
214 113
-334 102
-264 -494
-431 302
-396 -327
-164 201
159 252
-288 -104
-111 -33
-13 -296
-311 355
467 -141
-309 198
145 -205
-435 364
437 -87
122 -451
-298 -481
170 -232
-466 -417
-209 -458
-266 333
103 210
-419 150
-487 170
310 -69
389 4
436 154
456 133
464 -397
-46 -61
-421 173
280 269
356 -489
280 180
-280 -38
-140 122
-340 -291
-120 -133
-370 123
-351 -155
-498 -6
-97 -438
391 155
219 -134
328 240
-314 384
40 335
16 328
39 -31
-143 184
292 185
-149 219
-406 -109
-219 -5
66 -378
90 -338
41 -446
359 415
-22 52
296 -237
-465 -86
33 -394
345 -349
-394 -458
-309 -372
196 -186
-334 339
81 -2
-328 113
-434 -359
204 73
-232 229
224 96
-272 469
384 87
358 -218
-225 -228
-109 427
67 -196
-241 482
105 119
498 -485
330 -380
7 445
-447 -133
374 414
-18 489
160 -138
491 355
140 -42
-124 179
-378 -342
-478 414
-434 -199
-20 -190
306 -220
-90 107
336 227
114 188
-451 336
266 459
431 441
-20 -104
473 -116
176 -324
-289 464
381 -20
-254 472
-370 40
92 189
-336 -488
385 -99
-350 -241
82 -392
443 -478
65 -410
380 -329
78 460
-281 152
181 -452
-349 396
152 -19
-285 8
467 57
-4 -135
-150 -308
-58 -296
301 466
-263 -346
480 91
242 293
368 -344
-78 315
-120 -70
-131 253
-400 -147
490 396
227 -450
378 102
-495 -101
239 -141
469 148
-194 338
90 -6
-408 -67
323 -369
-5 416
237 -349
108 110
313 -419
-111 165
490 198
-495 -424
-77 -190
-187 500
-73 120
386 148
474 360
-292 -235
478 -247
401 -436
330 -421
-387 -168
-50 -136
-451 382
449 -243
-100 478
-71 379
196 -83
166 313
152 468
150 499
279 387
23 169
127 472
402 125
-345 346
246 187
74 -464
256 -247
-381 -3
-207 86
446 304
-19 416
374 257
28 -276
-74 430
-396 -481
86 127
-176 -182
322 -327
-192 66
-177 -392
32 290
198 458
178 -37
-60 495
83 238
-28 -471
276 459
-188 211
433 162
361 -322
215 140
-32 -379
-54 394
390 -75
-282 313
290 -41
240 -391
-72 -183
-255 -140
-142 68
-453 192
338 -90
-430 56
327 142
-415 -150
316 -468
-250 197
352 171
-58 359
-383 -384
416 -246
413 367
248 -216
164 62
106 198
-382 93
-279 -352
-249 144
-261 13
107 251
-156 390
-454 392
-194 450
214 -18
364 -396
391 -467
375 -29
-235 211
184 -159
278 341
-414 471
293 45
-320 -56
-344 400
410 -192
136 69
239 -365
-60 -302
343 -104
-348 -73
198 388
-68 339
-435 -66
-387 -5
18 -81
191 -357
-54 -131
310 -304
353 -408
-117 360
-40 399
56 323
172 418
36 279
230 474
241 -470
-10 487
475 69
-86 -8
-54 30
-478 -360
-355 -180
-373 -245
261 62
497 -228
163 203
-50 -194
284 103
-140 -135
256 -30
-218 -189
-143 -446
173 56
-232 108
334 -339
338 353
391 -53
-220 276
226 -275
-9 120
-393 435
198 -253
488 -25
219 197
-433 391
449 -223
-451 252
-476 314
352 125
410 84
27 -472
496 29
-134 -180
445 257
150 390
-431 89
5 158
496 44
-493 -461
-91 -63
407 -3
102 -416
62 110
-470 -364
125 18
-95 -426
-344 119
-475 -373
252 -308
-190 -426
473 -215
-40 -402
34 -52
-373 372
-480 339
104 465
197 -447
-389 -410
-193 214
-375 8
-373 -34
-337 420
59 428
-401 489
-434 -327
-325 140
-336 -184
450 -289
453 -114
250 -54
7 -416
35 -10
-490 -72
-208 13
466 380
153 -466
-316 472
-29 257
357 410
425 317
95 386
190 -254
-316 -14
-157 -285
-282 -427
16 -437
-125 396
140 102
99 163
-403 22
69 -39
487 5
-322 -130
-438 -477
277 -470
288 58
227 -187
-316 410
-250 471
-128 -365
126 427
-125 197
-118 95
73 273
-7 -105
-277 279
227 -147
-71 -209
339 299
261 -36
176 6
361 374
391 126
372 422
-222 152
478 46
68 -69
-142 43
-402 322
-373 72
-222 80
413 357
91 147
-216 391
412 -108
-96 -167
372 400
-280 -115
-188 289
-387 252
418 282
-263 -238
-288 -295
-175 238
323 -52
-389 -272
-386 94
260 165
400 -456
228 18
271 125
-461 421
-54 358
-464 -284
-291 -176
-52 -419
372 203
468 -448
116 -413
100 -37
-185 94
458 -156
437 -462
-368 399
-56 -117
254 -316
-266 -106
430 429
-55 -447
132 -468
35 130
-12 -416
-262 -369
-5 -485
65 -319
329 305
-256 394
-16 136
-300 -212
426 112
-146 -496
-123 -334
406 462
14 374
-457 267
348 119
-109 302
-367 47
194 189
171 -296
-402 74
473 -471
173 -256
-350 409
-128 304
235 -412
-179 -55
-405 -270
-427 276
181 -486
-449 -136
143 -41
431 44
-253 -222
-32 -368
-60 111
424 495
-184 -477
107 -492
-103 389
207 -21
208 -84
-126 -267
-331 -196
395 -115
333 209
354 281
-257 -236
-226 317
314 169
-37 -373
440 -315
78 -368
474 383
495 275
-436 485
113 -74
-412 -265
352 244
-109 -141
-171 -102
94 -382
-130 -425
229 -340
37 -418
-157 70
46 156
-310 318
269 79
392 -173
-495 109
424 -290
458 -59
383 -139
212 50
316 -309
-405 488
36 70
-390 72
-54 204
36 354
314 310
-148 312
269 -389
-162 466
115 417
150 -281
-390 -483
-313 -353
-245 -132
-152 -297
82 -413
166 242
-16 -333
-193 -93
-237 444
-32 -277
-449 -292
-117 92
-130 260
-484 -253
-262 -379
-345 9
-456 -42
-117 -214
233 27
-93 26
129 234
291 205
280 -467
-210 -76
-82 -411
360 -222
-240 -392
-24 -229
-192 4
18 377
5 -140
379 -329
-139 248
273 -70
-398 -236
-98 -264
-442 -460
-439 -300
-419 -361
-185 254
-51 -365
-138 423
-114 101
269 288
47 -474
-386 151
-483 -3
-449 -129
415 -433
74 -419
-468 235
-254 -481
42 -47
-482 -169
-83 -222
-261 286
-304 475
-447 482
343 152
-135 -433
-418 112
-76 -407
414 -280
-101 264
-487 -321
-76 120
-8 -61
304 -316
12 -137
191 -1
241 323
33 -14
134 -118
-198 384
-76 115
-235 70
-328 88
148 -180
170 38
304 220
-197 -494
376 294
252 82
406 178
277 -311
-377 54
-166 -46
-417 -405
-467 224
1 266
-154 -161
26 -360
-209 385
-66 -271
-324 -169
141 495
-81 189
-494 293
-288 331
418 -293
80 -360
3 -338
-90 25
-289 -456
-440 372
-466 -179
-193 -185
329 -302
-54 85
-125 -252
-52 -415
-274 -473
260 183
323 332
-296 298
68 -453
-494 46
234 -112
-47 -132
-418 -406
377 -148
404 -231
-276 -133
-15 -397
-425 102
168 63
469 207
500 -249
-58 -342
381 136
-18 -230
-388 -127
-297 -253
82 482
-460 -370
232 -372
2 187
459 65
-359 -309
113 360
-482 244
-465 -283
31 -272
473 -445
198 -60
267 -413
185 -257
-115 -445
-290 -178
380 361
418 -262
53 -311
-331 -339
-272 230
-271 -68
342 20
183 293
76 -160
2 134
290 -230
8 -18
-319 384
-314 -60
322 -193
349 -183
-399 -106
-87 393
-110 311
-46 45
408 104
56 457
-155 396
-12 275
470 -500
-87 -226
132 -134
-418 -111
170 -425
-361 63
-267 -110
116 -310
465 42
320 40
409 -424
-298 -193
-296 -114
407 -252
-351 245
-408 -211
-156 -190
275 240
243 389
20 -342
-120 445
-332 -156
-367 -288
225 83
7 -148
121 -110
-248 491
237 174
-360 346
33 -185
388 -217
-204 236
211 -387
203 -268
105 290
309 -339
-183 281
62 -285
-52 464
-113 475
44 499
-216 499
45 168
83 114
-472 460
406 -472
-83 497
169 -218
17 -483
-259 427
-354 -323
365 -414
-163 153
-345 16
-224 401
236 199
-27 60
334 101
377 -475
-367 -325
336 305
390 -53
-65 -310
113 254
286 -196
449 395
80 -277
-436 -362
-284 44
206 109
463 -131
438 454
89 -142
71 464
-494 12
-405 211
369 -287
-426 62
-300 387
491 429
-478 365
9 -34
405 -258
-316 68
-480 -84
-188 300
-24 185
121 438
9 397
204 353
-169 -224
219 -429
-75 -353
171 -15
448 284
-65 430
-433 241
93 -332
447 392
-473 124
-364 -282
-381 401
-493 -416
493 -179
-258 -276
-483 -65
17 -411
1 -372
-448 3
-130 -345
469 -429
368 -145
286 101
158 286
480 401
262 6
390 371
-331 -277
262 -178
-73 486
287 -288
347 -228
-131 401
200 184
-134 154
35 -282
-348 -128
-133 340
-458 406
-330 478
386 34
108 -108
-437 369
477 116
-439 -351
450 49
-228 301
438 -387
-130 172
-294 -394
-376 24
-378 441
-452 -323
332 349
-368 12
-112 -152
-335 -121
58 -23
-218 225
-299 -214
157 261
211 140
-11 279
-37 44
-452 126
344 -342
208 -16
142 44
42 233
-43 475
-87 -222
246 -5
438 -497
-286 260
-109 -454
-81 -275
-86 205
161 -69
-149 164
295 316
-99 -477
476 315
-448 258
34 272
-337 224
181 289
-452 402
-84 231
-339 -478
-307 20
-184 -386
231 253
-312 -73
267 -133
-161 462
-67 -375
430 275
402 -31
-228 90
-370 198
181 -24
-72 388
-44 65
-317 211
492 -305
-22 -126
229 -473
-306 439
-407 255
-18 -431
417 -79
45 449
-212 463
-316 -258
-475 34
285 479
-135 -421
389 -186
131 -385
-185 -226
-62 116
-117 -103
-284 362
-305 318
-225 68
413 -144
162 -497
-333 -359
106 -407
459 -381
363 -241
-264 164
-316 -289
-322 155
-228 274
-448 305
-227 181
431 -499
-304 -486
-154 -451
-483 -356
429 -135
472 -220
-306 405
423 -109
132 471
-242 -322
-326 259
346 -213
-395 -302
-456 12
-320 435
-300 442
225 394
352 224
-370 -380
-258 456
-34 -222
-255 445
-419 374
-104 -411
155 232
39 61
462 -68
-264 -369
-33 461
-59 133
-163 -156
376 -99
428 56
19 -73
233 453
489 380
22 232
255 221
98 150
-218 -384
-425 400
-347 -498
218 272
174 -171
-328 438
-310 -451
112 351
201 331
435 496
-299 468
-362 -175
50 -113
-207 -14
491 -84
214 -37
-371 170
-157 -245
467 395
-253 265
-169 -318
-457 58
-10 -99
46 347
-94 -139
123 10
-353 348
67 -24
26 260
-126 -177
325 486
235 48
363 342
254 453
-225 -174
-185 63
333 212
309 -117
-29 -246
-288 386
303 191
-456 160
-274 380
417 -168
50 172
-157 -170
-289 -441
-260 -45
37 95
-75 -462
189 -452
250 -331
-252 273
134 -172
-177 -441
302 136
-231 216
433 249
-309 7
105 400
-154 289
-26 280
-458 -212
-324 -204
389 -141
79 311
-466 243
-378 394
76 -499
324 -248
-94 -247
140 -50
313 72
432 164
19 -179
4 -110
-417 -82
-488 232
486 310
35 172
204 194
278 -409
-393 338
424 -95
145 207
-176 -336
-282 -22
200 471
298 95
-460 -441
62 176
303 390
-299 79
437 220
-136 56
-224 -364
176 486
-159 247
-113 -408
-344 475
255 274
-191 -293
-236 188
-492 -400
384 -186
-275 155
439 -196
339 -1
-298 -228
-370 -350
407 140
475 -187
238 201
333 373
-270 -315
-141 121
413 491
-354 -439
-204 -66
498 432
10 -17
-243 370
169 -442
-119 472
-471 66
-100 -353
-313 72
496 -234
97 -464
-363 391
-369 483
16 289
-277 125
-1 -263
-28 66
304 286
-144 -121
-66 326
-426 -84
-10 -87
470 479
-308 5
-128 376
263 -484
273 159
274 -120
-404 -300
-117 -458
333 45
138 -88
44 -179
24 461
399 -240
231 -230
216 1
-399 137
369 -88
-428 -197
442 490
400 -146
-245 275
-438 -426
-61 -236
329 311
-148 -418
311 -35
-343 -354
-49 31
-224 -241
417 -445
-322 362
-202 98
-435 -278
-122 194
-36 -338
-22 31
103 160
379 300
348 273
-463 -99
388 -310
422 -407
-258 131
-481 -62
255 318
-360 238
-155 -214
-327 173
-318 378
-322 -78
-68 89
-361 209
-321 75
-373 -210
306 -417
-31 320
361 -341
148 104
-157 -387
457 131
-247 -396
49 -321
43 457
364 -300
-218 -311
-62 318
274 -365
64 109
-274 -341
-479 463
-479 228
-368 233
-88 -289
326 -204
-126 100
-260 -295
-186 -328
-429 387
300 -262
-407 288
285 324
-413 -51
204 404
-211 -415
450 225
183 -12
71 4
293 243
292 -270
48 -152
239 52
31 160
-229 -306
331 471
339 128
-382 447
-428 -43
-466 129
-409 13
476 -440
406 493
254 -8
-353 278
74 407
-467 -392
-281 253
-381 481
-278 358
-255 153
-263 -459
283 -101
307 -231
252 176
373 -186
-401 -256
447 231
-198 -478
184 221
-459 144
-61 -18
85 -61
-131 -375
442 -126
-29 293
-185 -251
93 319
-286 -492
-258 215
-309 140
-273 -177
-12 39
-201 364
-381 497
138 -440
-438 -83
-23 -337
-469 237
78 -120
-185 392
-450 -89
441 -260
229 -121
492 -75
-372 296
-262 -233
-294 465
109 462
247 -10
98 -409
-500 447
-169 -235
-96 285
-352 -157
-55 256
-166 189
194 -199
-40 -475
-245 232
418 -308
-73 -394
-30 223
-343 -250
288 2
-399 -248
148 3
500 -376
-395 -301
228 -272
398 315
-171 -446
-226 -422
36 471
496 178
-354 40
-382 -423
495 390
19 17
152 -483
229 80
-288 -2
-381 56
156 -442
-355 363
493 105
383 46
245 -132
215 414
254 133
245 -455
-155 1
-80 -131
-418 352
146 -10
395 400
-28 -266
389 225
7 -209
-397 375
424 215
-184 496
299 -214
-469 11
271 2
-42 -146
65 -119
-282 80
-19 267
-351 -162
-14 38
-471 450
35 379
-154 -409
-32 292
376 351
198 -47
-499 -434
-53 -163
-217 -210
398 333
-185 -325
-81 344
-392 125
-271 262
171 -18
-223 327
170 227
-162 -152
-392 366
-369 7
338 -141
-216 -194
165 259
-444 469
-143 -307
-320 -152
-180 -117
-493 44
-127 -26
443 -492
-290 424
398 372
188 138
-123 -36
388 189
-141 -3
218 -118
-491 -111
153 -471
9 113
38 -147
-95 177
-156 -493
-1 406
-494 196
420 -153
306 -24
-26 298
15 -196
474 70
-89 396
394 499
88 104
-221 307
310 -4
477 292
-55 -481
365 37
-104 -50
-305 -364
12 -428
5 -223
307 -301
-485 244
104 -29
76 493
500 82
148 228
-279 181
-471 -124
-70 -293
-95 -291
183 123
174 241
-95 324
-197 -298
-128 74
-424 222
36 -378
121 -454
-328 -3
287 -242
451 -135
-189 87
-18 166
-61 -191
285 -233
-177 -8
-456 -425
-348 -287
100 -83
186 483
101 -182
344 -310
443 119
96 198
291 158
149 58
-80 61
-449 -430
1 -456
-279 380
-178 232
-373 -345
-17 -152
280 257
9 -238
34 -375
-433 -116
-325 -45
94 244
345 231
153 190
195 11
205 464
-243 185
-303 -1
329 232
-86 -498
493 -463
126 -353
-191 -236
91 -140
156 499
105 38
-92 57
-231 220
-202 -6
24 -15
141 371
-118 97
-33 472
188 -238
68 352
498 103
-110 271
15 -427
-102 379
-259 4
319 367
-499 112
496 440
350 -132
328 -188
345 413
308 -101
459 400
-205 -500
431 -411
-164 -454
-380 140
453 34
99 -90
-302 -290
-99 -364
-35 33
-115 500
-313 -299
155 321
436 65
-322 311
-184 -150
-178 -148
-131 -257
-5 -176
-439 -411
-375 -211
-315 167
306 -55
-254 -402
19 319
-406 -223
-326 393
-86 -457
-246 385
-252 -28
-412 173
-386 -444
-239 119
74 -396
426 -316
225 331
-144 -219
-193 68
194 -422
-359 256
-173 22
-463 308
177 68
-317 -145
-385 -19
-28 -487
53 121
347 -282
-484 59
82 476
79 -353
153 8
469 94
-133 -164
-481 -436
305 87
-376 -210
112 -127
-216 -407
-351 388
-317 -400
180 83
194 -184
-65 -47
248 -470
29 247
367 97
-366 -2
352 133
340 -453
221 -371
-87 -50
-60 192
317 -105
166 458
-365 217
169 480
260 112
-394 382
478 -395
-281 451
295 88
462 -251
-65 -92
339 324
-319 354
-42 -394
300 405
-153 149
30 347
94 -380
366 -141
-109 -305
40 442
-101 274
-249 104
-369 -436
-369 480
143 -282
-403 331
226 470
-459 375
231 -304
494 197
-254 92
474 -187
373 57
167 -242
246 321
-114 -298
468 -109
-144 -375
-346 -67
91 6
-120 447
200 -267
147 -31
466 -467
-429 -486
246 -26
-496 -270
479 441
-442 399
256 480
-29 -135
231 -406
466 -269
-177 278
-315 240
200 -171
-14 359
-218 248
-54 419
183 -429
-355 69
372 -53
-304 -263
365 -409
-100 -28
294 434
-212 362
-63 401
-31 -117
131 -202
-422 -110
-278 -312
-189 -337
50 -418
-122 -170
-25 347
-394 66
-282 -167
-290 114
211 -20
-78 -152
-149 74
-201 45
500 -198
232 -312
294 -389
289 164
-338 106
-250 -63
-314 -477
344 -92
413 149
180 -297
428 218
-2 43
-122 500
41 -299
109 101
403 -109
-195 159
4 -474
-148 -9
-117 476
151 140
259 408
318 69
474 452
-387 -164
-105 275
183 216
160 -461
388 -498
230 -64
-305 175
-500 244
-313 -193
-404 86
-142 17
-24 319
-178 -210
-113 -173
-435 -467
-59 -11
196 385
-441 110
298 171
3 278
-305 374
316 -254
-310 -485
96 235
-82 -334
-422 -386
425 -57
-147 -16
137 -327
100 128
-385 316
-52 355
-470 -473
422 -46
335 -239
179 77
188 403
-447 127
-222 -25
197 30
-100 415
-396 369
-159 -345
445 -432
-56 -262
-491 260
-441 213
-220 444
27 124
264 270
-481 -133
-415 -404
75 434
-44 330
215 416
-146 370
75 -178
-71 -204
-257 -249
-490 -411
-169 -64
204 90
176 362
251 84
-120 412
-99 -32
-49 -440
206 46
-424 469
97 52
-309 -188
395 -453
-270 24
-130 322
347 -141
-86 63
-364 -181
373 436
381 408
344 -127
-483 -271
140 56
-431 461
-153 30
76 102
-299 47
-190 -498
171 -270
-35 -181
-119 473
110 -478
302 247
353 24
-63 -345
-178 -497
272 -263
-407 176
-132 62
-434 -422
361 -82
192 -475
232 -182
-193 116
-156 -46
204 82
-350 20
-47 82
273 87
-437 23
-110 122
-471 -454
359 102
467 -474
1 60
165 175
133 402
-177 22
4 -5
-255 366
-194 -141
17 -50
-63 411
66 -59
-111 76
151 -348
38 393
65 283
-335 180
-280 191
431 -158
-164 -292
210 -489
79 -246
19 170
481 -393
109 187
55 -428
116 216
176 -38
266 -210
263 483
-481 -111
-412 291
323 261
-194 -277
414 -11
428 213
-56 300
-389 -295
-258 -12
459 258
-68 -145
-280 -373
280 230
-260 447
-194 -448
-396 33
-294 -183
-280 256
-191 -150
433 -490
203 446
-412 286
137 163
424 332
-485 -395
-129 -451
189 253
-312 -482
-491 -270
326 214
9 133
-278 82
237 -305
-161 289
423 -125
-280 -219
-451 -377
321 473
-412 2
-19 493
45 141
-3 -410
19 -12
229 -252
-399 65
-176 359
-85 189
-237 465
-117 -23
-351 -137
178 457
-190 356
85 62
224 -14
-129 -293
-260 -274
306 -421
4 283
-466 -97
-400 239
171 -123
-238 252
432 -276
412 445
-427 -4
227 236
-169 175
-438 -320
-445 471
-482 -159
46 -376
-310 329
-209 75
-69 436
-373 -270
-363 -31
-224 449
-304 -39
-108 -476
223 -161
127 -150
-308 199
473 -311
327 314
-418 341
323 490
-127 291
242 30
404 -403
-3 -228
-391 -230
67 478
286 218
118 205
73 272
-136 58
-447 -192
-28 119
-393 -133
313 -51
-22 320
90 -453
-352 -74
394 425
245 224
-454 -11
-92 -337
-322 251
299 72
-44 -142
-419 -169
-335 219
185 293
-344 21
-381 225
-165 434
-341 465
-287 -299
377 -28
476 -2
-287 -198
-100 467
-254 333
-375 488
-432 185
-53 -438
-3 98
3 303
-376 209
-251 -321
190 -260
-65 46
106 -247
162 -471
407 164
451 -414
44 -301
-255 -335
311 -323
-59 -34
-362 190
297 478
153 -131
-450 315
443 -116
426 -162
456 -130
-293 -289
25 -329
-392 -373
-336 -220
-196 -450
-480 356
39 304
340 369
58 382
-406 -476
-150 55
-23 261
457 -291
-62 -349
-178 103
-429 -243
-366 333
-336 307
492 -142
-7 497
99 365
-474 138
39 458
105 160
226 -333
195 -427
-224 100
-249 -480
-52 284
380 -425
-100 -134
-462 -6
-307 74
413 297
-313 -214
32 -324
-448 -20
-330 -188
-391 -100
-176 445
-337 -286
456 -119
-100 -426
-177 70
128 -159
232 116
19 308
155 -328
-125 256
-463 117
-139 -69
303 378
-20 -128
270 -47
-494 -189
7 -60
438 -67
203 -161
-376 444
14 -17
-486 -112
196 -209
69 234
-482 -104
-376 -236
-265 203
-41 -496
181 -294
498 -272
317 173
312 436
317 455
-284 30
-416 -365
-154 -462
56 -325
-263 481
137 272
-31 -112
-144 -270
-407 -398
-223 -469
-164 -442
194 159
-205 195
-342 -151
168 -223
-367 183
-419 -6
350 -440
129 -195
398 -143
-384 462
-220 482
-184 -417
411 -202
250 -31
31 75
-429 -77
378 -444
351 -155
65 19
310 42
138 358
-70 368
134 73
124 141
-230 -190
144 403
413 443
46 -459
-347 6
142 163
297 222
443 182
-334 -174
-55 259
-328 67
120 471
127 -489
-240 -341
-148 -392
-53 228
271 417
-395 387
239 266
-150 -10
474 127
-248 6
-22 370
342 -244
346 270
231 -104
-85 330
-406 28
-115 313
126 -179
210 -340
453 248
-85 210
-48 456
-219 -360
330 266
262 70
-37 -54
413 330
-346 -216
-495 -222
-231 315
-391 205
416 204
89 146
246 236
451 490
194 157
-357 61
285 203
-76 215
-401 454
-298 295
-113 466
332 -75
252 -209
-402 -22
-182 120
378 -312
-36 247
-312 191
-354 -66
-210 438
-408 -127
356 153
-449 -471
-148 336
151 -442
-135 256
407 -36
-307 77
-139 480
479 -88
127 -121
-191 -79
-411 -39
-363 220
-171 -462
426 275
64 288
498 -397
155 469
82 454
29 -256
-338 -204
207 -447
-349 -63
-476 411
273 281
45 -19
-293 287
-74 -122
138 398
440 280
-482 435
-174 403
-186 456
420 235
367 121
-124 -53
19 -271
-329 -431
416 126
451 -246
129 220
-172 -218
-474 407
3 157
280 -362
66 -445
0 376
41 458
-207 171
-117 -1
27 -92
231 -413
227 -344
-58 -381
-183 -32
-240 -249
-153 206
-342 -137
360 -109
465 -375
71 227
356 358
457 281
180 173
13 -189
-140 -85
-255 408
326 -489
-445 -138
-117 324
-279 -496
417 200
-301 -410
-327 390
294 496
-333 -282
-344 -48
-58 -230
-324 -361
-457 186
196 -492
392 375
-405 -72
309 332
339 17
-343 107
144 328
136 -93
121 -13
181 -421
-252 -395
296 485
-109 193
-389 -182
-110 258
459 -278
3 -259
-299 440
-149 -467
209 2
-375 -321
-329 252
169 77
152 44
209 -165
-353 -198
464 253
-449 281
442 162
155 289
-380 -285
290 -295
-478 -324
-158 -357
-21 -251
-191 147
150 -330
-9 -165
419 -240
36 73
-355 -298
-402 95
-387 96
101 -387
459 48
-126 5
-448 135
-61 -278
-284 -63
294 -434
-316 -375
-454 -380
237 383
-181 -453
319 -263
120 -226
-110 244
326 -338
206 -349
242 -143
-312 -101
143 -169
-393 199
460 -11
-62 317
497 382
397 -442
-179 -233
138 -260
-272 482
-284 -118
61 72
151 -50
-335 56
195 187
-66 371
286 -467
-451 -486
77 -158
-398 -235
100 -93
-178 -38
62 -112
232 -469
28 259
346 276
343 -269
-222 -291
-7 75
-141 -475
-271 -3
74 498
153 135
222 143
115 263
404 -320
-442 -368
-186 310
-449 21
382 -135
-141 39
-365 253
123 37
26 -380
-352 -381
183 389
66 -366
229 22
-485 -27
411 117
271 -22
-38 118
51 -418
238 -336
-330 -93
130 -51
-234 -305
-82 -81
16 -315
-56 -429
-339 444
-383 351
-115 -344
-340 -242
-235 480
301 215
-176 -465
-96 -173
-269 -254
55 -90
225 19
241 14
-361 -361
-431 426
324 258
-306 -173
363 -30
-479 268
-500 279
64 -322
-199 -79
-24 271
178 365
-89 229
-148 -478
-187 338
331 121
388 419
101 36
15 -85
-171 -286
-136 295
333 55
50 68
-121 -389
-189 236
426 336
488 -1
-330 310
-146 290
85 399
59 -337
-107 -420
459 -220
59 347
18 -191
-288 152
-12 438
-415 -330
117 487
-441 -465
486 -355
278 -397
459 15
412 -313
263 224
378 460
-320 436
-334 461
221 427
-323 -486
-183 -159
233 -90
-74 265
260 305
-249 -395
-18 154
-236 -150
-160 19
-484 -462
79 206
168 -61
435 108
-62 -429
430 -174
-250 -423
317 218
-86 349
-226 -275
-269 288
-494 -306
-9 -194
-417 275
277 -105
-419 210
-497 326
-294 91
-399 -322
200 268
-218 306
-289 382
-274 84
-69 243
381 -29
295 -493
488 -54
-449 317
-98 -160
-358 -300
-192 -84
-220 -270
-153 231
396 372
-112 433
288 -305
-279 -291
333 89
337 -54
84 -270
336 300
-245 315
-359 260
112 -36
481 -269
389 -295
161 86
-91 -447
-40 -499
-357 389
-158 -402
139 16
20 382
454 -428
283 298
-157 -300
-49 492
-237 365
382 406
-113 -296
182 -197
-497 0
-199 -157
145 -255
140 -269
90 -219
262 -19
464 -400
256 167
198 -152
-293 -468
-118 -362
478 -355
-152 -411
246 346
439 444
-159 -151
-59 442
500 366
-21 189
-319 34
-410 -308
-339 149
500 231
-353 431
-266 -322
-409 -64
-101 -482
313 413
-345 -138
258 -142
248 303
-35 -223
411 100
-443 -382
282 -181
-32 342
-42 369
273 -251
273 -470
-61 434
278 194
-322 465
176 -201
361 30
-311 -470
-105 -153
285 419
477 223
-45 462
-246 56
-306 -389
232 -345
256 -89
-312 359
-397 223
365 254
361 86
-354 456
-230 -81
-197 -137
274 232
-193 170
218 -173
328 335
-279 -298
352 -12
-423 311
-207 107
-187 133
272 -384
150 -56
-192 477
-40 -164
410 108
325 161
306 -467
220 286
-382 324
-126 -230
-112 -247
-56 440
265 -220
-98 259
297 -212
-311 -416
99 135
-231 26
255 358
-418 -30
397 -43
317 139
-288 -420
-431 404
390 -146
-331 353
-275 -500
92 -184
-215 -339
398 14
202 389
115 261
-16 436
-114 -440
-80 -181
-164 -7
-84 -121
-9 358
-375 -67
-403 -14
15 245
-88 226
-54 -17
-213 -388
-362 -277
-498 55
-286 -376
143 396
69 12
237 289
-154 -438
376 -218
173 310
283 195
-117 -104
-135 -87
225 -419
-119 185
122 -225
263 255
237 -95
-84 328
-456 -277
-426 -242
-129 34
-230 -454
-306 -196
373 169
277 -327
128 152
-74 113
118 496
-241 95
174 -287
-225 0
-372 466
353 -324
-142 470
38 -115
-376 -371
359 157
490 -283
465 401
-406 136
429 -440
269 197
54 -403
-432 375
157 345
-302 221
10 -456
-86 490
-420 -253
-247 -83
-468 336
369 -4
-494 -345
218 401
191 127
-414 425
498 -31
-23 -329
-461 -144
87 105
434 313
-154 471
324 -26
418 31
-331 -125
-401 362
-252 -474
-249 208
288 -338
345 -273
-296 -351
252 246
308 17
-191 136
-239 2
196 102
260 -428
407 37
395 400
-256 208
-264 -115
-295 -337
-475 252
-70 -471
278 -366
-325 104
-306 -255
-294 -407
-169 -8
240 33
-249 377
-206 -189
-134 271
154 -198
-457 -26
-444 -105
123 -417
-355 -421
301 -368
39 -185
387 321
174 143
-273 -447
-312 398
15 442
-209 -248
-313 -320
-400 66
231 -22
443 -467
248 -308
-333 -330
229 -427
-263 60
-479 -45
481 -18
60 -153
70 -195
181 -196
-175 167
354 -364
-417 -293
-417 398
22 -462
-402 320
-461 -30
445 -236
-236 -171
-348 -365
-291 -321
298 135
-357 -127
-209 7
-58 -457
488 469
225 186
299 -223
-376 499
-375 37
-250 -268
121 -145
7 68
296 4
-222 315
385 -6
-257 448
3 -436
307 156
-231 -124
347 499
-173 471
-122 159
221 334
-178 146
319 -18
146 21
-116 -325
-4 269
283 139
21 420
484 -314
170 -441
-88 328
-59 49
44 245
-419 39
-118 75
489 475
-309 -68
3 -446
-65 402
-34 332
327 268
236 295
-83 185
121 -371
-90 -344
-163 407
-384 191
198 -297
-41 78
-471 -440
-381 -312
85 156
-390 -268
-412 215
-221 -476
-403 -494
-207 241
234 -316
-174 -376
411 120
-236 58
-398 -438
-427 -271
380 373
26 312
-84 -391
75 456
-72 -449
-136 -300
172 488
-279 464
-196 192
-85 -11
356 404
294 294
72 -234
490 402
36 68
-259 -384
-479 -58
423 -179
-175 -201
-123 -80
460 408
394 -363
115 -79
-166 -110
328 -173
7 186
222 -293
-327 395
-415 260
329 144
324 33
-370 -106
-305 256
-140 -106
-160 -360
-246 500
-53 -155
466 -379
-427 -83
-180 -86
251 453
34 146
71 -405
-93 187
-266 283
433 406
372 -185
-231 -343
282 -300
-300 -66
-443 371
-14 134
304 -268
358 235
-470 -491
158 249
-382 -430
157 353
-366 -445
140 115
-93 428
-278 -83
-158 323
428 146
-185 205
-419 -414
-122 16
309 275
-236 103
98 12
195 86
-16 335
349 465
140 156
-37 -147
-244 -58
45 207
19 467
-111 204
386 -261
74 -318
-353 433
-381 29
-59 -434
104 314
480 198
215 -420
333 -464
465 331
-158 -106
-319 -53
-99 17
-231 59
6 -404
135 -164
23 -119
-415 99
341 -342
376 -474
429 -343
-453 -317
386 -408
63 264
258 206
270 351
-480 -386
289 -199
469 -451
-4 -96
487 288
337 -447
495 -361
76 243
-267 13
400 482
148 -313
-219 -175
-297 -30
51 -99
-56 154
-437 -284
-317 -12
85 -271
222 281
-220 -265
167 8
-22 251
137 -314
-75 189
439 -444
-211 -107
-239 -351
479 -140
-154 -393
-390 -494
370 387
-295 -386
-348 -338
164 422
209 51
-454 142
-65 118
-103 199
-225 -276
-491 -280
-427 349
110 251
184 433
300 -355
-443 -95
-79 78
394 82
269 -19
-100 -307
-275 -156
-450 299
195 -289
392 149
101 311
343 -237
-423 167
174 423
-247 78
-202 498
317 -1
320 249
-441 -335
-137 -152
154 -233
303 448
-412 -213
303 403
-93 160
-310 -367
-130 319
428 383
-318 111
-235 -123
440 -308
-172 210
452 -173
263 -348
-351 134
17 -234
62 -456
-285 449
-46 367
465 322
-341 246
230 201
-100 454
209 18
227 -290
-115 -43
14 -15
20 497
-488 131
-436 456
-170 476
44 455
56 -153
157 183
-211 488
105 354
396 325
-289 -438
387 -413
-276 192
-480 388
-454 323
-368 -418
-459 178
-420 488
331 378
-116 -437
-333 71
118 -318
369 -27
-367 -379
-33 259
272 -484
-346 -229
-228 56
235 211
247 22
173 -179
-438 106
43 117
-273 257
-42 424
125 320
215 33
486 -243
128 -154
-10 -9
464 -226
-221 -296
-64 150
41 -170
469 240
409 -244
-255 461
135 483
277 -438
224 10
-178 -429
168 -129
242 109
206 319
37 -332
367 8
227 -258
135 463
-328 20
-177 -79
-334 182
278 -453
162 435
-211 168
-228 -57
396 314
294 -78
-439 287
-249 -372
102 -212
96 110
450 90
270 302
-57 6
-60 2
-228 -74
-486 -486
-402 -262
-95 414
228 -16
50 428
64 403
-62 -376
-344 -120
-177 -27
-462 -213
-194 -235
-207 -315
381 -399
30 174
106 477
64 -275
425 -167
481 -333
-202 -147
437 -301
-399 -96
-243 -388
-194 164
-33 22
412 -377
-189 229
-457 -492
245 -134
225 224
-186 133
497 -330
-163 -183
348 357
54 90
-200 -323
-37 71
-53 128
495 -76
382 223
444 -343
30 -492
-236 -222
-166 354
-69 -157
-305 -47
-59 337
475 -56
-200 -325
468 -290
-333 -255
-110 399
-120 223
32 483
113 486
447 -181
-432 -201
213 333
-345 -94
374 345
307 355
129 -418
5 -139
-89 481
430 -164
390 348
-214 221
-493 -482
12 65
-470 -59
422 -168
-229 -224
224 -296
247 150
-322 -409
-223 -165
-353 188
-458 306
-166 -357
-240 34
-459 -30
-317 170
-134 360
462 -95
325 181
-392 104
11 226
-356 171
371 155
-348 -374
397 62
449 97
-264 110
499 -468
-61 228
-143 -337
282 65
-467 169
-350 -245
413 364
-156 -494
123 -35
-287 -136
-417 -213
42 350
402 -241
-377 -322
148 429
242 234
-323 418
-370 -78
4 100
165 -401
139 246
342 -317
463 -101
-414 263
224 -150
157 83
339 304
65 55
-370 463
-410 -335
329 -296
-332 -221
-355 -105
276 -211
360 -61
16 -54
327 -272
-67 34
-234 496
485 -273
-375 -75
-93 -26
-111 285
-346 -318
346 323
282 -419
-436 382
91 113
-189 194
-178 -430
489 -398
-73 -185
-37 -115
353 -402
469 191
74 -95
-26 21
350 337
452 381
100 -111
-495 343
392 -219
-489 -97
483 -155
-493 -17
-73 130
-186 228
-334 -249
124 420
-92 484
-234 -115
497 -295
389 323
318 202
-436 -67
-10 -263
447 24
463 396
-298 266
-275 102
85 257
116 -470
193 -254
347 -50
253 169
-161 258
-386 -146
69 -184
110 -299
416 -165
454 250
464 475
343 -54
21 499
156 268
-194 -78
464 -22
114 423
46 76
-212 -15
27 -485
-308 70
-217 142
-472 -327
-150 -417
492 247
-7 -443
-398 -419
2 -189
-98 83
350 11
300 124
-465 140
363 -123
-362 -390
-13 -117
-16 455
-39 478
-478 -471
-192 -260
68 -499
328 -387
302 -90
-303 -60
-29 -31
-26 -58
326 494
349 20
-485 81
376 -279
-258 -141
450 83
246 -110
210 -460
-220 10
-202 -98
-479 -265
226 18
396 -466
-158 -473
179 -8
139 82
-490 188
-416 -357
-66 -109
-351 -478
433 36
-221 384
204 -360
-226 29
-321 -305
-136 -183
190 146
-237 187
-227 -69
-388 179
209 254
239 -271
156 430
-251 -164
-26 -100
-206 278
196 322
-213 -376
-359 17
391 -388
-185 -494
240 173
295 350
307 -245
-61 -29
-347 -183
406 -177
479 394
66 397
-106 -137
395 373
398 352
-326 -295
420 -263
192 -349
-141 -250
356 -342
-379 -72
385 125
312 -347
413 -453
-369 -252
-80 222
-449 51
-317 5
458 -33
-446 -292
-90 153
123 408
181 128
-460 -366
-393 -102
415 -353
-323 -364
267 1
164 182
358 479
98 -115
369 170
-116 -16
-155 -275
-330 280
-350 -361
-219 110
407 190
-52 -317
104 233
277 -423
261 450
385 296
-377 -7
-388 55
-448 209
407 -213
148 212
375 -95
-16 -190
448 384
178 -329
-122 -476
-359 -249
302 -109
188 370
265 -409
488 -346
-344 90
179 -351
449 -399
-390 -204
46 63
-143 421
-281 260
247 -480
257 -13
388 202
-17 383
99 -438
-112 137
-244 -478
-254 99
-27 -473
-371 -235
463 -90
-25 56
231 84
93 242
334 339
302 -118
-230 384
303 433
-22 -360
490 -351
-339 259
423 -81
457 -416
315 -23
358 217
214 -284
-338 -138
314 -183
-379 326
-441 91
-204 390
118 412
-136 449
68 -159
90 444
-215 220
98 -150
-50 -242
-393 164
351 -420
-304 321
-193 356
-422 463
-2 152
279 -228
-215 -213
108 -475
322 -176
464 187
-330 -119
369 317
93 -15
252 -138
386 434
-166 87
234 498
-272 499
-484 -72
-159 -426
62 78
-423 -212
-114 5
398 -41
-98 349
337 209
115 221
-410 -361
313 172
418 227
422 -205
46 116
-145 280
489 258
85 -281
36 58
410 337
437 -408
-20 426
-295 405
163 -61
-270 -323
-139 205
494 -51
-100 6
28 -496
208 -14
319 320
-111 310
-88 -470
-391 219
-164 -95
-331 -458
374 484
68 311
49 233
-103 -347
296 430
60 369
498 335
458 -95
-38 497
479 -275
-160 429
73 282
-263 -164
-76 181
193 415
-6 -224
465 300
-383 -286
-119 -380
171 395
-380 187
131 411
-465 -238
283 50
-16 -32
-139 324
-204 -14
-200 -471
-419 35
477 396
406 -363
-173 271
-411 240
56 -196
-3 -413
-70 -486
112 -41
-492 463
-253 338
-34 -263
-452 85
489 432
318 69
141 1
423 343
110 130
-128 454
495 -356
373 -52
-152 199
350 -15
-153 -8
230 -332
-271 -493
120 -197
-269 106
141 472
-316 -427
-295 -482
-35 74
162 -399
-474 86
-328 450
-290 -441
242 207
-231 86
-370 -232
-2 355
-384 413
169 -412
-15 100
264 -21
276 -314
365 -482
148 357
186 286
-453 397
408 191
-463 -338
-10 98
152 404
-45 405
21 -49
247 288
-332 -416
339 18
-241 391
225 422
-223 141
282 -394
190 290
-373 396
22 228
-180 249
-211 -423
-429 -301
-278 -289
317 -273
419 165
-249 -272
27 -394
356 149
-84 -241
-350 463
-462 -476
-322 -373
-79 -42
-345 -104
-93 -131
-10 -295
-160 312
-148 412
-415 67
-404 328
269 172
34 -249
-340 261
399 257
83 -112
5 181
-5 -463
-354 -153
-70 240
-96 138
306 -124
236 467
27 -443
388 259
-50 -206
-180 474
-169 -35
-351 -253
360 221
450 74
-404 -250
43 263
316 200
-149 133
-158 94
148 323
52 -25
464 10
22 466
-13 29
-95 327
114 -153
42 -236
392 -302
-274 352
81 115
395 -254
493 -258
296 309
-454 127
201 -99
422 -98
-176 -203
80 -353
170 351
236 -248
-25 362
-316 -406
-486 424
-329 -402
319 452
379 -34
-341 459
-415 338
-38 224
266 69
-90 190
3 17
69 118
-123 -34
-417 163
-85 467
350 162
-105 -328
-102 357
215 -173
-127 -116
-245 109
-456 364
-234 97
317 -236
381 -240
-460 480
-273 388
-30 438
247 346
-298 -305
499 326
185 -417
481 -68
435 -455
115 -490
-257 -61
-58 344
391 -234
-426 126
-93 165
-181 197
-396 -294
-114 -60
326 484
-234 63
-95 2
-399 -400
239 376
-455 230
-11 -205
-268 -249
-150 -73
-286 -5
-210 487
43 -445
-496 200
-311 -65
162 -487
-229 386
-46 79
16 -173
-359 210
-93 84
436 8
-290 -257
456 4
219 158
-109 272
-172 -473
-145 -490
424 -395
-62 1
-364 -357
204 -329
-251 160
-232 -380
329 106
164 -377
-298 -81
209 198
-238 -215
-102 -259
-342 104
-264 -19
466 228
-91 -489
-376 -201
373 345
197 -29
96 399
92 118
-320 -4
-92 489
431 118
-292 100
232 -468
82 -190
169 -286
-338 -43
398 478
-360 159
231 51
356 87
123 143
-108 194
-395 381
-185 -33
210 -64
-496 391
-146 379
333 -249
195 68
150 -246
148 -159
216 473
-180 -284
-10 380
392 29
493 -414
-233 -66
254 312
223 219
-490 499
449 194
306 123
-64 -488
-463 -139
197 -4
-483 262
102 16
-248 -380
133 -433
433 264
331 430
-121 204
398 -497
421 -66
164 -447
-12 -36
364 -57
427 20
-281 -316
-293 93
402 -390
73 -467
-325 -55
-288 -465
-174 416
-231 195
137 359
77 104
39 -293
-415 230
101 -238
347 327
454 -150
-148 -274
-320 -441
-300 447
-275 302
-275 -153
-310 -40
-209 124
35 -361
-355 -132
492 336
-475 -63
-387 25
443 354
65 384
-402 -90
-356 47
70 375
329 187
-34 -238
25 -446
218 -476
-370 -26
-276 260
486 352
-489 -366
-108 254
478 93
-327 189
27 374
-319 21
171 29
283 -389
110 193
31 -365
270 -49
383 -113
19 28
-171 344
-356 180
-297 -86
40 -188
-222 -359
445 28
152 -314
-169 -312
-136 227
455 381
-298 235
-484 -231
128 -255
207 8
-243 -482
-409 144
-168 -53
201 488
-27 -61
-310 254
-273 337
285 -181
-99 200
-430 -159
-147 283
-292 -440
-282 83
-390 -438
11 -44
-56 134
-95 -439
486 -475
-108 366
-193 485
-456 -264
-153 -51
215 157
-81 -180
304 -66
416 -434
318 -75
-410 388
-118 401
-26 -459
130 139
22 146
252 381
-416 -345
-35 -220
-457 -3
413 -411
-354 293
-117 -491
253 189
-228 -341
229 -483
-224 346
231 -254
419 -332
-472 156
155 216
251 -144
334 58
392 -497
473 -499
-201 -73
-454 295
-329 -206
390 -348
-49 339
-198 221
68 418
412 321
-39 -461
-357 -313
-44 -217
-176 -273
-70 -58
197 -344
-247 -261
209 29
343 -196
-449 90
-186 -112
363 183
-93 317
-464 -370
33 56
-74 254
227 308
12 -28
379 -418
18 28
-343 37
294 -303
200 -305
-369 -195
-259 -269
14 92
221 -181
-323 134
381 403
-135 157
367 245
-368 442
-500 -445
-282 -179
12 488
-175 207
167 192
97 68
-498 -287
-459 -211
237 443
-381 136
-234 -419
-78 267
463 54
-239 -134
231 -4
431 -165
356 -68
397 211
-411 -226
-273 -78
192 -343
-55 -464
-203 121
331 -440
39 479
423 303
-468 416
-231 -350
-485 -259
-364 -365
-323 -487
335 433
197 172
-444 -230
188 -364
479 -227
-427 -79
-213 -105
417 428
409 387
144 -287
-208 -176
-485 299
-274 -467
395 3
-333 -141
160 -252
-137 -415
302 295
39 255
-22 168
436 -226
456 -241
463 -210
-496 450
-488 -433
267 -214
-171 10
106 68
348 383
-125 -416
210 -260
88 443
179 74
242 101
370 -128
110 -339
-162 -241
175 -48
463 442
470 453
37 -1
-146 221
294 168
-449 -237
154 191
170 372
440 75
73 -390
489 328
-238 -273
464 -52
134 140
-454 277
-463 -453
-158 359
420 -370
154 304
-271 387
350 -485
-458 -256
-426 -400
-111 -179
315 -269
-338 -114
-423 -169
-274 112
230 164
243 -364
-183 495
-77 -57
344 -101
-209 -172
14 421
-130 -411
124 -119
-56 498
174 414
268 335
243 -330
353 315
-406 -154
129 313
-453 -315
230 30
312 20
131 -479
-226 200
436 -311
358 -352
-481 -270
-400 4
135 389
328 458
270 474
-183 -346
152 -416
-300 -245
-369 261
471 323
-491 11
301 357
217 59
-115 102
296 467
316 -321
386 -449
-36 -393
-378 259
456 -449
281 -194
327 -356
193 -361
-204 -40
196 495
418 -148
-334 -449
-26 480
254 429
-433 -472
444 -419
-419 233
149 -288
237 -439
-200 -396
-206 301
-388 -247
93 292
311 -357
441 -362
298 -465
176 -162
85 440
-125 -70
-260 -409
337 -408
-166 261
-360 -49
157 -239
-486 -186
-123 -7
-78 -26
157 167
-229 170
-41 -345
19 93
307 175
467 262
-228 -430
0 -109
19 -229
70 449
-66 462
485 308
-496 413
247 385
-50 -438
-116 -376
-488 434
276 -89
-140 218
251 20
-369 -92
-397 -6
404 -143
-199 329
318 487
380 188
103 -370
79 381
188 251
-318 200
190 -230
-206 -210
315 -380
-176 -293
342 42
-64 15
-305 -477
109 -282
71 58
249 -368
-301 -312
414 -190
-301 101
-15 6
-105 319
-30 -384
-351 -314
278 104
48 -244
454 456
-477 -201
-86 256
429 -185
-37 -64
-382 -400
471 -20
203 423
-276 -175
-181 -489
339 -204
300 -460
-317 -45
238 -482
310 84
390 287
418 444
153 -163
428 395
-174 -261
1 484
390 108
-413 -116
382 -28
215 25
-47 159
-335 -401
324 -365
284 360
138 -334
-64 -323
270 -57
-386 -361
-452 497
165 -46
186 -496
-144 -472
-185 349
212 -257
480 -100
-298 339
-391 306
220 220
-301 265
286 -448
-184 398
495 -216
496 309
-492 335
-183 48
358 335
340 -285
-225 -344
281 272
-424 -428
497 -356
243 -234
-40 -440
-194 225
-435 -351
314 -42
0 -35
-173 288
370 -267
20 -5
488 276
254 32
259 434
184 275
-469 405
-455 208
-124 451
-109 -22
474 -488
-256 103
6 141
-404 216
454 -273
-242 228
91 223
-437 -153
-436 64
379 476
109 383
207 -305
-345 -430
-340 -60
309 487
-253 466
-470 488
-399 395
114 106
-157 -443
451 -462
-157 378
288 -421
-374 -181
-151 280
174 271
151 -461
-281 100
95 -300
-147 -214
373 370
404 150
-451 20
400 -55
453 -313
-119 6
-132 -143
368 464
196 -425
9 -379
298 317
273 334
3 -449
-12 -258
-68 460
-256 320
-416 -80
-2 29
-446 6
-171 204
-23 -5
-373 -442
223 278
-483 -383
338 273
-450 -456
32 55
-374 -206
-331 266
299 -30
139 246
-358 -362
156 -45
-436 -159
366 280
262 71
382 -307
-155 -32
-450 -9
-307 -93
-58 -157
36 96
-444 -222
-491 374
177 9
195 -186
34 338
-483 -358
-313 243
162 71
-477 241
-499 -430
-296 454
-316 -116
-327 -316
-30 376
469 -230
-379 453
-233 354
-321 402
96 306
-86 91
-463 378
-40 -228
-111 437
-207 -209
-274 -315
-236 305
308 -320
366 -239
-215 462
339 31
411 103
76 436
-49 148
33 -205
258 -3
368 -91
76 300
327 -208
-237 -132
-137 385
-368 174
-225 471
163 -468
-141 303
-442 -341
-384 137
190 -161
349 277
-306 97
173 -254
-208 -406
-308 -211
-112 182
-80 220
356 -17
-381 -446
106 264
72 -373
-47 407
102 445
-192 -187
444 -76
386 -428
-189 3
-172 490
32 -390
-478 -432
-117 144
-418 -468
198 -166
125 432
106 -299
-361 -341
-25 486
183 263
293 80
105 479
-408 -13
367 -208
115 -310
-81 167
-27 -394
495 240
-207 -169
188 -15
419 195
-21 -308
-160 119
-476 -34
378 -391
166 -389
-430 -85
-429 71
-387 335
265 102
-220 328
-299 334
326 -377
-352 115
-194 -468
69 -394
-464 96
-428 -451
-143 122
88 -443
-240 241
384 214
294 375
42 8
-358 221
34 -324
-321 -349
-379 300
477 349
-232 -230
-402 316
-174 56
80 190
-437 280
-328 313
-363 396
292 479
259 106
-175 477
201 370
92 -272
-479 492
-291 189
27 -8
-444 373
-92 -425
-84 -443
158 194
215 -202
398 -109
-128 -481
426 494
490 -443
-268 39
192 88
-446 156
-461 66
-98 -211
451 -268
66 -197
73 -64
426 -95
261 -408
114 -419
157 279
415 -213
479 -367
19 -101
0 -16
-420 423
-328 398
108 -499
-350 282
138 286
-17 -214
332 -194
288 -379
-416 280
454 -399
164 281
166 -373
204 -457
-448 -350
413 -14
-91 -36
330 231
-183 -130
39 -419
423 -189
-477 405
-139 -405
-322 -396
-180 -333
-436 -33
-415 -458
256 430
-358 -115
146 -161
479 454
86 -260
-215 -407
-318 55
-289 453
454 275
274 486
-120 228
270 322
500 -491
-427 267
475 383
-58 94
220 449
-369 39
408 -449
135 -170
-169 190
460 -128
3 -345
-69 50
-401 216
-158 164
463 -168
428 267
-272 -63
102 85
184 403
-361 -315
344 432
275 62
-207 -233
-383 -151
23 472
-282 300
-191 -261
4 -114
-269 -222
-35 -284
-234 -411
-407 -336
-386 -265
489 202
410 472
357 267
-116 -491
-254 77
146 -288
-142 192
-345 -455
439 -368
-267 273
342 -89
-98 -132
-115 377
-295 126
408 -34
-206 -117
362 122
68 452
-242 -25
325 447
-271 304
206 -19
230 -44
-246 -279
-271 457
-256 -184
277 17
301 -305
-480 238
140 357
-5 -205
-155 -265
349 -410
-280 422
-329 -201
467 223
451 161
-305 317
58 499
-295 -281
170 -386
-366 416
334 421
-493 438
12 -31
-477 -419
-38 423
297 242
-69 -242
415 430
272 -436
383 -261
-316 -105
447 381
122 281
-252 -24
111 -12
-158 242
393 63
421 -453
-46 -52
123 -335
-25 9
-196 163
467 -354
248 335
-368 -415
408 172
-340 -356
-111 216
-50 269
148 419
150 331
-213 -463
-476 -9
221 -385
348 -146
423 160
-322 169
-375 129
420 221
-34 -70
375 411
-146 417
-348 -426
90 -468
-481 97
-429 153
-437 -197
-157 -323
182 152
259 454
-116 -321
-373 334
54 -33
297 -58
-396 -350
-294 -114
221 -92
348 -193
22 -118
63 -114
237 156
-335 305
40 97
-497 -423
415 -289
-349 -67
249 195
74 -375
-415 145
14 66
-461 -78
-104 -415
227 -287
2 -406
350 -7
-401 125
-233 -128
-252 -116
22 -226
194 -423
202 17
194 399
-371 82
-323 -262
-271 -250
422 -144
338 238
-128 179
-373 253
-436 80
-420 217
196 -243
34 -45
483 117
162 50
-425 -323
-271 -34
-108 361
-15 38
442 -476
-86 389
-396 -26
420 206
443 201
-222 -276
-227 -259
181 108
-147 -320
-303 -197
496 396
-40 -213
322 -118
-41 146
42 -447
355 -383
-52 -277
-441 368
136 -357
-6 -93
293 -89
-442 -232
-99 -398
6 465
69 -221
-226 323
108 429
489 -131
-437 368
-408 -14
-34 -480
64 -112
173 172
-403 -58
121 -488
366 181
267 403
95 453
-357 417
-23 -455
184 -168
-340 285
-484 -474
-499 24
234 273
-28 323
47 406
-473 -349
300 -287
34 -77
186 -81
341 252
291 38
-434 -237
-223 15
-374 91
108 -422
423 -324
250 278
495 -47
79 -383
-497 -241
-19 -326
-160 -268
-294 95
-234 375
-45 184
376 358
211 28
-480 145
-206 -328
-122 -347
121 498
-83 -495
-349 -5
186 -355
321 -415
357 158
373 67
213 14
-424 462
35 337
-282 145
-283 -249
214 -4
-364 90
326 -195
284 302
-18 64
-370 -295
-443 -52
103 391
-189 -122
335 -188
-87 296
92 161
343 233
306 -160
360 329
-243 425
392 -86
-195 -244
-392 260
-166 243
109 -349
226 100
-70 -79
-481 -47
471 145
-188 458
-374 -350
499 -431
482 -413
-205 -414
-103 326
-199 483
-440 -402
-243 114
268 123
173 17
-196 -293
-167 -461
-189 -90
-348 -354
-223 279
5 -147
174 -294
27 -415
51 323
426 311
-484 -301
153 397
489 -493
-197 -465
-96 -485
-191 -334
-100 -175
224 -154
-376 147
375 269
-411 -297
-330 37
-365 -444
-134 259
-231 364
-201 -305
-195 389
497 -140
-16 358
-139 271
326 -468
-243 273
-433 -299
-282 176
91 406
-323 -241
-482 -48
126 -418
-336 -435
202 148
-250 -455
-410 312
-372 305
286 -226
253 -289
-5 -27
-327 183
262 16
-67 -231
470 -367
-453 178
161 -224
108 378
189 -103
70 -26
-282 -330
104 62
-96 249
-28 -127
-196 422
-474 -77
436 -471
-97 85
-30 130
52 -59
449 76
-142 76
409 -151
490 364
-350 -283
465 -290
-14 263
348 -362
-391 -102
288 186
155 479
-37 382
-409 463
-216 -254
-68 -443
-386 16
401 -5
74 -469
156 424
-86 -248
4 416
-350 -150
431 27
54 -340
407 -293
152 266
-49 264
222 92
-321 458
67 45
368 -297
208 -249
354 278
-92 -294
-113 -149
236 -36
-247 -414
17 -31
-470 44
124 194
-81 69
-155 -182
-3 196
-263 117
-411 231
-205 -65
-13 -403
-340 -216
-459 382
477 -100
187 13
202 251
-45 -74
-292 -225
-417 469
-276 -95
464 -94
410 12
-351 -498
273 -113
-170 184
-294 -87
-314 41
-278 189
-155 -401
40 -218
257 -184
-433 16
12 -154
-241 148
-142 478
-127 -242
-230 -133
-188 157
103 -340
-172 -276
-259 364
-72 455
-131 -244
-71 383
479 -183
336 184
-400 202
494 -16
160 360
153 178
-148 91
265 273
5 -417
-412 285
-29 -331
90 -241
-78 171
5 381
-295 434
108 292
233 369
386 -160
-12 418
-64 -71
314 -172
95 254
-353 323
-463 439
-473 -31
64 159
376 -128
219 -84
411 -439
-483 76
222 317
282 -440
78 228
159 198
-269 -372
-453 99
-109 4
-425 78
91 385
385 -70
237 -166
400 -314
16 465
3 264
-315 -431
439 29
-421 404
19 214
-241 231
423 121
348 239
-11 238
-280 266
-449 307
225 -413
148 40
258 -405
488 247
-313 -374
87 -361
-142 -437
-136 301
-488 440
72 -371
-176 -189
110 223
-407 383
-25 356
-495 12
279 -498
-56 288
-411 -384
-247 -420
177 455
-408 292
-465 21
339 81
85 -465
-288 226
-407 450
-421 174
291 -58
258 -457
-186 225
456 -77
-52 352
-34 -431
-376 77
-271 -50
-153 181
-445 411
345 9
91 374
118 -21
-425 -247
-32 89
-274 -17
320 280
87 -498
461 28
-255 306
69 286
152 364
-140 11
56 266
-232 485
-356 -383
-275 -344
137 -221
-441 247
-182 76
-135 499
196 -484
76 -362
-227 -128
478 154
8 -372
163 -200
421 397
-333 314
420 190
-105 68
108 -362
380 -262
303 383
473 -73
27 212
420 233
151 189
371 -174
255 264
153 409
233 474
235 -39
-199 153
409 387
-269 451
422 -271
446 -381
-470 -430
-45 210
108 -349
83 206
464 -16
373 335
-430 -107
434 -107
-404 -78
231 182
-321 -198
-221 -486
-166 28
493 9
-2 3
209 -485
-405 -111
-226 151
136 107
87 -94
179 95
198 444
-457 -176
186 -157
-367 -453
247 -191
-364 85
-242 230
-268 335
5 26
-223 195
-342 -188
-499 62
-133 -471
388 232
-276 -332
135 211
-212 -217
-89 206
335 -405
-95 379
-301 -114
113 356
359 -268
-216 -46
-459 -293
86 -149
192 102
-332 309
368 143
-129 -342
-350 -382
-337 -458
-374 323
451 -5
193 -499
-77 101
-220 -490
-14 -102
493 179
377 -275
-48 -168
-23 -217
312 -201
-72 -332
-301 411
-40 -122
397 -40
-108 -456
127 144
478 -289
158 -383
297 151
119 310
377 393
155 -10
124 -430
-245 132
66 -429
348 434
180 2
114 224
-41 -216
239 -469
-51 -233
-70 -44
-89 -69
461 130
162 244
470 230
-373 256
-429 -334
-406 -259
-379 189
247 162
-338 -324
-392 477
34 29
-212 -282
-80 337
206 -88
363 13
-208 46
48 -231
26 -416
-169 -459
-493 138
-206 27
-344 -388
-20 -198
103 430
-484 490
84 168
438 80
3 331
-328 -497
-289 -83
-490 -281
-440 474
383 -212
395 68
456 369
121 -440
-424 275
-199 -484
184 126
-107 29
-28 195
-178 330
-391 -431
-276 -429
-244 14
216 497
395 -429
-409 -15
18 -232
-132 336
228 103
-389 -336
440 77
-151 -204
137 -83
234 40
-370 218
-405 52
-480 -483
170 -106
-122 171
-490 399
-260 -342
163 132
-273 -271
-238 136
392 -482
325 7
301 -88
-271 -295
-229 -129
-462 470
30 -366
290 462
-204 -384
18 -178
4 -33
-34 -424
-473 403
-299 136
-467 148
-311 -61
-164 434
-244 140
-238 496
249 119
-466 395
-138 439
427 -155
429 78
342 -172
-425 186
-98 94
-52 -189
34 89
68 321
65 -339
360 -160
-272 224
364 135
158 370
142 138
224 -194
-40 500
-444 78
285 265
122 -181
171 284
-30 -195
-397 343
-22 241
427 146
98 -85
-1 -371
-430 -400
176 172
263 152
465 -231
-15 65
294 495
-190 -346
-394 -329
-325 -412
-295 330
-105 230
-58 -180
-124 -448
195 220
-407 289
269 72
-213 180
-228 184
24 -483
-128 -137
-97 -54
326 -496
-405 202
79 -474
-439 -27
-37 -455
-34 64
-345 491
-347 -37
-16 43
-428 -171
338 -370
105 -61
103 -436
290 -395
284 26
-130 -316
284 -239
280 -387
439 267
-135 -303
363 -372
-255 347
-155 38
137 55
-176 105
74 339
-328 -457
185 -402
371 -184
-63 126
-373 -27
358 -174
374 -302
-185 85
-421 -417
-269 -275
165 -451
471 38
3 -77
-89 374
39 -222
301 -235
342 -57
489 182
-182 259
-499 375
194 332
-315 72
121 177
-61 -484
334 -426
-413 -456
-268 -67
-84 -483
136 307
-375 -281
-249 248
463 -304
-314 101
431 197
227 68
-323 -366
-288 140
-440 -155
-406 -216
-414 246
103 150
-288 218
-298 -176
311 -395
-374 25
-272 -201
334 303
-440 232
-339 -33
-420 -332
-183 -274
-55 37
-273 329
208 333
405 477
-311 99
456 194
-57 233
376 -259
-184 -196
-57 143
-317 398
-493 440
-13 210
153 149
-491 137
367 -390
172 -116
-466 -464
-299 -125
35 330
-86 -278
285 -364
-41 60
28 -42
76 59
-192 -376
-279 -8
-369 -351
334 -110
411 120
-204 239
-37 187
-446 238
-109 -397
-1 157
-129 -313
-452 -256
9 300
432 -114
320 214
-263 -171
-162 -126
-191 291
344 420
110 -266
226 -319
193 416
-281 -219
-440 -413
-174 441
336 -363
-366 195
-70 454
177 495
-386 324
-199 105
-269 4
-50 -212
183 390
-364 103
-30 -428
-305 -176
-176 -62
302 26
-279 408
-7 -143
63 279
-31 -11
274 -109
-174 -463
482 -254
-273 -167
-341 -472
139 449
-280 -85
-315 -478
288 -292
152 -178
307 -465
-122 468
80 331
-69 275
238 -213
474 -96
256 -90
490 -414
-464 -71
133 248
248 331
-407 -320
-315 -235
388 122
-261 -325
314 64
83 100
-134 59
-101 -370
422 414
72 -82
-175 -500
-1 311
-175 -9
249 -320
-65 122
-200 249
-139 401
-240 -96
299 -419
-210 239
-54 254
-364 -460
-5 158
-326 266
289 -458
-98 129
305 -350
-273 180
-227 -31
-17 -61
249 -448
-240 217
-292 27
32 -414
428 -2
305 17
287 -103
211 292
-61 291
384 -142
-484 112
350 -405
-268 -223
380 452
-401 -471
377 458
119 36
184 -246
403 -427
183 -124
-421 -322
-109 257
-405 335
191 -73
-324 180
-181 357
-195 244
-1 352
29 -270
-20 -85
265 -333
-191 77
-438 398
241 109
-379 -93
143 -13
-191 -245
464 296
195 -364
308 -334
-222 -175
-342 352
-185 132
356 -228
-112 -59
-12 303
-209 -161
-408 -249
133 476
-478 88
-148 207
453 -340
28 -132
391 -384
493 336
-330 235
480 175
-48 -248
262 85
-9 -474
244 358
-132 -73
-142 95
-332 -407
-118 -440
-292 15
-248 -283
-319 -166
-125 455
-287 476
285 -206
170 430
279 301
200 448
-293 135
285 312
-347 140
467 340
86 -1
-272 256
-391 36
-417 166
-257 -374
346 391
465 118
27 -77
0 -247
396 77
-166 -314
-14 -370
351 478
-331 396
-391 488
-355 -271
-159 153
-85 -48
290 420
83 421
-496 -115
471 52
-442 -54
-389 -419
415 409
42 -10
323 -287
198 232
234 -297
198 -295
-324 -207
134 33
-309 107
-331 344
14 -441
299 -426
-120 -413
138 481
-138 -382
196 235
264 201
443 -417
255 101
-237 52
52 -464
-119 -362
-232 -1
215 85
-152 -358
-19 -291
-295 391
-407 -190
384 145
7 232
-90 -379
450 168
354 341
93 86
90 375
-439 0
-410 62
210 -216
-471 -406
-94 484
-190 -163
403 234
87 -233
291 466
492 133
285 165
-390 1
-160 83
-489 -2
-322 -120
304 350
-376 -286
-333 163
-374 59
-309 -104
-300 -204
-432 343
-140 -206
151 -333
-14 456
-338 121
336 231
445 289
-249 298
59 -62
-119 471
-230 98
-400 203
488 155
-398 473
489 388
405 293
-368 -58
-136 310
446 -394
-467 496
-462 160
-389 57
409 -195
304 395
52 14
-115 418
-142 -356
420 462
397 110
-185 432
-423 -374
21 -35
-114 -149
354 -64
12 -333
-265 165
-351 -320
241 -441
-270 406
312 -176
380 -252
150 129
80 228
119 295
10 121
171 -159
-20 35
-362 154
408 475
65 -351
-200 -280
389 126
437 -426
99 426
452 500
-401 -267
205 -278
-269 -127
-131 249
187 292
-287 -173
72 -276
-3 -118
-291 -372
193 216
-258 -85
-418 84
-384 -236
314 -216
97 -397
192 57
142 -325
-233 -336
200 -290
-403 120
196 -72
-189 457
339 184
231 357
-146 127
135 -471
-151 322
-137 -140
417 -138
-145 498
484 281
102 -223
-230 -415
-225 -390
25 145
-473 -289
-166 379
-451 -324
-462 187
-411 -279
-253 117
461 -186
-381 -414
231 29
89 117
-353 -483
402 356
59 -219
-417 -185
218 -457
-8 141
-391 486
-416 497
-44 -385
-58 138
-317 324
219 485
-57 186
-31 387
-309 -132
97 -180
77 -443
112 368
182 -476
256 -302
-180 403
-258 -249
-427 -234
-422 3
206 -28
274 -339
58 -342
-432 -365
29 -31
55 -296
56 298
218 474
-267 33
214 -329
-491 215
230 475
-322 130
-311 217
-152 -212
116 345
-6 -383
-20 429
-11 37
407 157
-126 305
-285 8
-487 163
245 489
-28 -132
188 290
90 -311
-260 -180
-183 -287
151 -260
450 -320
298 -33
170 70
181 -420
291 -326
-187 -236
-10 -408
-418 -112
478 38
53 178
371 -83
268 476
-138 -224
-462 -346
130 -369
128 56
-251 321
-98 291
-93 53
93 65
-136 -390
-297 447
372 181
95 354
-195 246
-185 -374
471 148
496 397
-444 -439
-279 306
-235 402
162 159
-397 171
-329 88
343 -406
-471 339
459 -186
-74 277
-371 -388
107 -202
221 -389
181 -35
-194 -362
-297 121
-3 -315
120 25
-410 -201
-337 -100
370 -379
-324 -251
97 497
-178 467
128 275
43 -320
-362 83
-369 -316
80 -138
402 427
-182 486
379 -225
104 322
-274 -285
-281 -416
442 -361
411 370
66 -281
-498 175
-351 -287
-106 -123
-206 -4
-363 -3
-399 83
179 223
-443 -475
397 53
-148 -77
-24 -300
11 -380
-376 12
-21 -35
-84 -11
286 -219
129 -71
374 140
446 -54
-154 282
-125 182
-255 28
-466 -49
-381 58
-329 496
-274 -36
158 -55
-332 444
223 139
196 -393
115 -183
321 47
22 143
185 4
112 105
392 -135
-16 -41
-22 155
-461 -162
-343 -463
173 306
327 -204
410 21
88 444
160 -130
388 -311
161 312
-116 -126
-164 95
467 -165
388 1
220 -116
469 -199
56 59
-48 452
120 453
-106 438
348 377
-335 -205
-474 91
283 393
-306 -289
-134 -397
-101 278
195 -172
-12 -213
47 -14
469 -46
-177 158
-369 129
-295 433
227 153
-231 -268
-70 11
-186 363
124 -41
-440 229
474 37
-300 -328
104 -481
-466 -4
-116 375
-167 -72
-246 -406
450 446
412 258
3 -407
-312 -114
158 160
196 -370
360 -130
153 -257
297 -448
-52 -73
38 122
155 457
402 72
-477 15
448 -26
-65 -478
41 -396
1 244
487 -102
397 -257
-66 221
74 -262
-308 334
-237 324
177 80
-282 387
312 -475
-93 120
390 -483
209 -471
-213 -442
-473 -447
-219 20
27 56
-465 -49
480 -208
-111 386
6 427
-187 215
-192 -147
-121 -268
-409 -23
146 246
259 -108
-388 363
461 -166
-432 -17
-489 -17
105 263
-92 376
161 314
-487 456
330 -256
-90 -445
-207 -132
239 -287
-421 137
485 167
256 499
-437 -107
5 372
-21 100
137 87
26 -453
-325 93
222 487
-189 -325
-416 -348
299 97
-59 -161
159 424
-74 469
-432 -487
-159 59
306 244
77 122
477 -167
-405 271
495 460
91 28
-315 -411
52 320
267 -409
-208 33
125 372
484 252
252 377
-318 -178
56 266
297 -389
334 54
378 75
61 360
-361 60
234 22
278 163
272 410
-280 -144
254 454
119 -432
353 182
-33 -380
-240 -169
-8 217
233 -8
-249 -374
474 84
-195 -116
-21 408
315 -315
60 46
-144 61
111 -175
-304 -453
349 -477
173 390
475 -454
-87 -416
-439 -83
-288 -472
84 467
105 -475
-485 423
-14 -40
-321 232
-216 232
-60 474
-41 -308
481 199
-410 -443
-327 -385
413 -31
-487 -288
199 473
204 -197
-392 137
14 -199
419 -451
82 367
-422 342
147 3
-320 -89
30 -480
402 208
409 -146
-436 340
-84 400
-439 -61
441 302
-14 -276
-10 295
228 -290
-45 -244
461 -186
-5 223
-479 -141
322 115
51 -326
-42 41
450 -440
-286 -451
193 13
410 -69
-189 -62
213 345
-482 214
-197 297
26 -318
-131 -108
408 -345
268 -414
63 -394
151 498
126 107
451 277
-431 345
-9 -467
-340 -331
-426 161
5 -75
208 9
-114 127
-19 -436
-462 -361
-386 285
121 170
-211 51
-158 262
-238 -401
306 -126
-387 -319
-70 489
38 184
-262 136
-62 -99
92 -130
-153 -498
169 -373
168 -174
-110 -428
-232 -236
162 -386
76 238
-88 152
-352 -357
469 -17
-255 -418
79 -354
-486 -427
-78 -258
25 -281
89 284
287 -218
-96 -468
185 26
-116 -115
134 245
-199 -68
103 336
-291 187
382 -96
35 -479
-118 -76
41 459
383 82
226 -223
-322 268
-464 449
185 416
-193 431
246 -208
288 153
145 176
-94 383
493 192
-304 380
239 -278
260 -434
341 109
-129 470
-6 -56
-405 147
456 -224
-456 -357
-27 381
128 181
-71 -34
77 -118
253 93
-382 -22
318 -450
2 9
-374 -188
-236 15
-212 -138
327 -126
-182 -11
-35 499
-151 324
435 389
-249 47
-277 -451
320 -268
-296 -418
-279 -398
-44 -259
206 -324
-261 -382
285 466
191 -489
384 459
-443 260
-74 -487
284 -154
443 110
207 308
-21 -320
-128 -94
-282 -161
-41 160
-179 351
70 144
-99 348
-58 -478
-368 271
193 -124
-68 -255
311 274
124 68
62 71
224 -144
-383 -158
143 18
220 -324
195 4
-417 -102
-383 341
186 -477
-211 -416
-386 -12
-64 430
225 340
471 -135
-375 294
192 -82
271 109
289 458
-127 -390
312 -351
-195 -311
83 79
295 -164
-127 450
-50 -335
-472 110
-82 2
-314 124
120 -34
-149 -118
319 -193
-148 -295
-153 -185
208 475
232 -355
-40 96
271 -163
-324 442
-37 327
167 237
372 459
-452 74
489 -214
-31 -335
393 373
-364 366
-145 -302
280 -32
292 452
224 248
50 -250
-142 448
-245 -408
-284 182
276 -406
-265 -192
-431 216
-354 410
32 -206
101 -408
118 -400
140 225
-384 -207
173 -177
215 -175
-25 345
-6 -43
-365 -233
-468 -197
422 494
84 242
308 50
95 151
144 -376
-371 -306
-152 -446
34 283
-202 244
202 199
163 -142
131 229
-61 132
476 -359
421 -196
-81 424
88 -64
-102 48
288 11
-5 137
354 228
-361 247
16 -189
449 464
-182 -486
329 -17
299 -86
378 -58
-96 205
-344 -17
162 291
251 -211
381 4
493 -289
-197 28
358 198
-184 326
476 -149
236 -218
338 29
358 18
-498 456
-295 103
476 -173
-446 -403
1 201
1 -372
-370 -4
-477 71
-471 -113
71 -315
-178 -83
296 -326
429 238
193 331
39 57
138 179
-84 -253
-435 475
-129 -461
34 449
228 -62
423 404
-123 -74
220 -347
278 362
367 -257
-172 -187
-105 93
-461 -446
-224 99
76 -88
16 -190
474 28
146 -13
336 -386
-335 -196
-203 391
-251 -153
-211 446
455 -209
190 261
-496 -370
487 -305
103 -471
9 358
202 16
-67 55
129 -467
-434 -263
29 -365
-486 96
220 -293
-22 -442
-273 -112
243 333
-303 166
118 451
453 -23
360 32
256 329
-158 -397
-94 168
373 -264
203 320
3 423
86 104
494 406
-101 -333
-55 -390
0 -348
224 131
40 378
-195 85
-10 393
246 139
222 308
-266 -144
-451 43
275 -283
-491 427
-476 -335
-417 63
-415 -483
312 446
350 -105
-262 -312
-402 195
-216 -278
-155 446
479 -119
-111 -389
-261 327
497 -131
-115 -477
192 -110
-278 -109
224 424
240 -15
251 -389
166 98
-122 -176
-23 182
404 -457
120 110
-280 -356
209 360
-30 269
-30 138
279 -276
155 54
330 -174
-495 423
-491 -409
-280 -197
388 -262
133 117
201 228
-454 -104
443 167
-476 -496
318 -114
-425 -155
-290 322
391 -304
-235 -133
34 -11
282 -156
157 321
-400 201
280 434
256 226
82 -296
333 -496
290 -432
151 -203
-327 400
-472 -203
-445 -413
-446 200
141 233
-13 27
-294 309
-220 -205
391 426
263 32
393 -249
-291 -258
474 -356
-370 36
225 -329
-390 -125
-430 444
-291 308
-207 -409
424 -397
