1000
-141 450
-93 -15
11 372
180 423
-196 -5
-449 7
273 149
454 170
162 -418
-453 -194
-327 -274
44 169
321 -147
61 -104
429 -100
-91 -154
-353 -317
485 -243
155 231
406 -475
41 431
325 201
-252 -497
488 -57
-404 498
125 -104
-307 -65
180 492
245 220
-408 -70
-79 103
-48 241
-48 422
-281 265
-226 127
444 -6
0 211
-91 -30
-361 -273
297 331
-192 349
-342 126
-372 285
-45 -136
-331 -106
-133 23
-84 461
-142 -361
378 84
-114 -139
-216 -164
54 -146
-351 163
124 5
-380 -139
50 293
51 32
-76 16
-196 -191
-54 -39
-451 -396
-65 -485
438 237
-364 -173
-311 53
-97 220
-113 -143
-93 341
-181 -148
-87 412
310 -95
-245 27
-449 -45
343 -489
177 150
-298 164
-433 459
40 143
-302 -500
339 340
-71 -309
4 -75
-253 175
-101 -97
185 352
-325 -4
-386 283
131 430
185 -335
487 -85
-409 27
-107 248
-275 -6
66 85
-176 -321
29 -244
-431 67
-331 471
-216 483
-498 376
221 -39
287 390
-318 25
-383 -113
-413 135
486 235
-246 484
-203 139
-482 300
-96 52
-439 -433
427 -34
341 118
-94 173
149 351
-293 -105
-327 -51
-26 -207
492 145
-396 -262
47 -33
-350 -459
72 -187
-331 -323
-111 392
314 -291
106 410
55 -20
-208 458
-76 -154
421 21
-83 431
167 -112
421 187
-437 -229
-343 -416
-202 242
-297 -21
29 440
-87 198
1 -163
144 -494
172 -441
-44 -410
-307 471
424 -283
-497 -301
465 301
418 443
133 8
132 6
31 -255
428 96
-416 -203
418 -176
89 304
448 265
-456 111
-398 -55
489 376
-113 472
-364 -176
108 -412
297 468
452 223
-223 52
384 -169
105 -439
187 -398
40 -149
477 145
-96 -359
248 -499
252 -377
46 -113
-368 -66
-81 36
-228 108
336 368
-398 473
495 -164
-117 -407
-50 -26
349 27
-325 -461
150 225
-494 -295
84 77
85 219
281 444
289 283
442 -466
-139 270
-336 444
-478 -262
373 -256
452 59
-37 430
-22 -33
31 384
-74 -470
-62 -382
118 117
346 -25
306 429
-115 -167
-444 -101
-293 -439
175 -348
-308 199
118 202
-144 -250
126 205
378 -246
321 190
232 469
-16 310
-488 -477
420 -191
274 -309
25 -66
-453 192
354 -109
471 -250
322 -175
462 -273
-271 253
-111 -216
474 -72
-329 131
306 -451
296 -431
148 500
13 -35
-6 -36
172 466
400 -497
-348 249
498 338
234 -296
-155 361
-81 472
85 -155
-367 -53
-54 443
-431 -460
-346 -482
-472 -266
231 -22
-44 379
-302 264
185 432
-266 -330
288 -200
315 -339
205 473
217 -240
350 -453
434 -373
388 -341
97 -19
103 -287
368 258
307 236
404 389
-235 268
-13 -421
-224 306
-170 -364
131 291
-140 -90
500 306
-316 -131
-105 -193
264 -316
196 307
-96 201
-392 47
-403 -76
185 318
51 -31
-175 436
-45 -101
27 445
38 -357
402 -421
215 474
-324 249
353 33
68 -112
-169 -450
-381 -367
-287 -233
150 -184
-76 -220
134 196
10 -408
-418 -41
89 -297
275 75
-80 214
-20 413
-167 -251
190 -404
65 404
-117 143
472 -344
-361 -109
-100 -387
-459 -346
-68 -172
-345 154
-117 345
250 280
416 -471
-104 -125
430 -200
-384 176
-123 420
224 -127
-321 -93
233 -153
-441 16
-403 448
347 292
494 339
-369 25
-352 422
155 493
-100 -91
-216 211
-146 156
-36 -89
428 58
-153 187
224 394
192 -247
-266 -58
-302 -35
-37 -274
390 395
-25 -299
-91 322
333 -281
-303 -44
301 332
-250 -326
-306 51
93 -253
-430 96
-394 -126
19 435
-253 142
92 -59
-183 324
144 -7
267 -450
32 -424
292 174
76 -196
283 -346
-22 -338
16 -471
-494 227
-231 -351
-52 -405
-260 -368
283 365
51 -87
239 -137
-277 -339
-171 61
-207 -348
0 56
68 -222
74 -370
-93 82
-299 -202
83 20
46 459
189 274
-373 -227
-54 420
237 -306
493 103
368 109
94 -133
-318 498
-467 260
-147 489
-135 -366
377 169
277 429
132 -98
-203 44
423 -432
382 227
487 297
-95 -196
202 -284
-49 -10
352 198
-381 323
-432 -473
497 -73
-210 262
192 182
217 -310
190 -52
-137 -24
112 122
252 -67
319 442
-338 449
157 -378
369 -203
-158 -123
115 103
-20 -438
-485 -451
-4 -178
237 -352
67 -61
-187 -282
291 377
282 -387
-113 450
-147 253
-438 196
-486 337
-356 238
344 -407
-94 163
-116 26
166 111
86 -34
491 8
-306 399
-20 422
-177 -338
-57 -36
109 -243
474 419
21 462
355 -462
430 315
-257 -24
203 -496
238 16
-429 -88
184 438
-116 -127
-190 -152
342 116
-12 -293
443 -148
-17 -40
366 461
-130 234
-263 -25
-186 -438
55 104
-332 80
176 -267
-464 21
-191 -85
-444 188
-316 305
20 28
300 -410
159 -134
-156 -417
-50 105
-321 -268
139 -239
35 343
-299 -277
26 305
228 -145
0 32
-35 493
0 406
-130 336
-322 -194
-284 285
-18 294
-133 -403
-281 318
-49 25
-57 -229
-183 -351
-184 197
-202 111
47 290
447 -425
307 63
391 111
-473 -277
-304 96
-206 -218
-238 416
-213 -375
55 429
-308 -267
-84 315
40 107
1 -212
327 255
133 -15
-224 110
98 -409
17 -225
-264 -311
28 498
29 -132
-493 135
-35 -342
202 72
-3 292
-417 -292
-365 15
-50 1
462 -394
421 -186
-291 29
-426 -210
172 -338
-463 212
305 440
-399 399
-122 -285
458 -27
344 290
399 360
448 -340
-278 -355
-463 166
-249 -234
-283 162
-222 -50
-247 -470
410 270
62 -439
255 383
-161 -228
88 230
-211 -400
149 10
463 47
-265 53
21 -5
467 10
150 435
-496 -160
-194 159
147 -185
-159 392
-92 -184
-329 449
-444 487
278 225
368 -166
239 66
407 476
-389 157
-375 442
317 -478
-35 180
-399 231
336 -291
-287 406
242 -76
-276 -159
176 207
-118 -39
148 216
-189 157
67 -31
260 -139
-356 115
314 88
255 164
-76 154
-488 -114
-100 -14
-83 52
128 -162
445 242
273 72
-406 487
49 238
-458 -96
-367 -160
-375 138
-500 -244
167 184
83 -351
248 186
41 -156
369 320
366 -250
340 -76
185 434
14 330
493 8
187 -114
167 207
-240 -213
101 -321
483 497
165 5
379 192
-379 331
-307 -402
493 189
312 290
-229 201
452 108
-346 -72
-358 486
321 -424
-210 284
-274 126
-119 -484
-189 -221
-384 -341
412 -78
399 392
85 184
372 -245
-398 -254
-92 -332
342 -215
-16 -344
-5 -370
-41 450
199 225
-231 -295
-89 -157
-4 -491
-47 179
341 84
44 92
439 434
-492 -455
428 -284
-178 233
424 -55
43 271
297 -206
42 -176
-485 364
-335 472
-67 -178
88 -290
435 278
-386 -368
197 -27
164 479
210 114
293 108
-465 -64
401 -466
-494 -128
-373 439
455 -172
18 -390
-230 -195
474 428
165 -145
-412 -395
-455 222
-319 -332
-97 249
-67 286
-459 -201
-368 285
483 -133
196 26
-333 -399
172 273
234 -217
341 151
162 462
115 -177
-455 169
24 459
285 -460
271 -142
-216 203
368 238
-160 -83
134 -128
-407 350
-297 228
57 424
-170 500
244 -298
280 399
322 478
-445 -341
-134 -169
46 -177
216 408
278 -15
178 221
-336 377
185 454
-162 -135
-2 406
211 -6
27 -55
-58 -456
142 -180
241 -47
312 -249
387 -394
-56 10
-456 101
-170 375
-18 484
-321 15
462 470
60 348
80 391
-286 -352
274 81
-8 94
204 -424
211 -202
-65 384
267 42
185 -448
-295 463
190 -306
165 386
-415 348
-108 -13
-7 -311
384 -128
376 196
-82 493
120 43
20 -218
55 -154
-379 379
154 -20
-142 -359
-468 33
-364 212
25 425
140 -81
162 369
-74 -154
364 222
-157 452
-333 24
-101 451
-455 -155
165 298
-218 296
466 -269
-2 319
65 174
-356 -155
45 369
-338 -469
483 84
496 29
-287 105
-163 290
-278 343
-222 9
186 278
175 -161
-491 -17
331 3
-234 -326
-154 472
-430 29
-208 -175
50 -498
-432 228
83 -310
427 370
-242 -108
-126 345
82 122
417 -338
-430 366
352 422
364 -85
282 292
134 -146
-26 56
104 46
-408 430
-167 194
-85 -282
-335 -58
335 67
-52 -336
-215 -447
38 306
-48 212
481 127
-2 -464
-327 -281
395 335
236 -106
-350 -245
400 230
-255 -74
125 324
440 159
234 209
103 47
147 -217
-454 -398
482 381
166 129
-392 444
335 464
-380 305
-391 421
295 -141
67 -79
-65 36
-336 -449
-422 -365
53 -383
23 -403
65 -442
103 -297
-104 -499
300 138
-355 30
-443 278
-325 443
-94 447
-164 194
487 196
347 -406
-96 466
-442 -180
-447 -287
-60 78
444 465
24 93
-388 332
-295 -131
316 434
452 370
-147 174
161 -53
214 -322
493 21
-168 185
496 80
379 -362
-295 -104
39 -39
474 -211
420 -31
-247 184
-498 403
26 -194
-301 276
-74 165
96 -451
-77 -91
189 383
-423 244
-274 -86
-498 -250
481 109
284 -11
387 -102
-489 153
-79 -238
-416 373
-178 -296
-363 -377
401 24
55 468
139 28
-16 -355
302 -398
-260 472
474 -483
477 -459
-339 -25
-36 -152
-218 193
-450 368
331 -239
-353 328
318 198
288 -153
267 403
-486 -459
25 -184
394 137
-195 245
-188 -389
223 180
-266 -215
-400 -223
-1 -354
-95 479
-35 -192
265 -330
428 255
49 80
-294 -163
138 -35
32 -9
-438 219
-216 96
402 215
-5 255
-248 -410
483 -5
340 452
155 -48
403 -265
-289 172
-400 -397
-479 27
-297 -261
-449 -53
208 -430
-187 -218
-236 214
-259 336
-235 242
-477 279
-275 -435
-290 449
21 445
-413 17
-65 225
234 405
-349 111
22 454
204 12
-451 -171
97 -308
-483 -446
-108 -281
-278 -280
159 244
-418 -366
407 -123
153 409
221 461
225 -93
371 -84
-350 198
-131 -365
14 216
346 220
52 269
495 464
366 -31
-251 102
-388 -52
43 -17
174 53
30 476
117 -157
-332 339
255 -317
350 30
-321 280
-466 -460
-434 106
391 -105
-424 314
-119 -85
435 328
409 -199
-428 191
52 -371
126 -367
-176 -337
349 -279
-433 -49
-159 -360
-393 -24
-260 444
-495 -336
372 -216
76 44
-349 225
-402 -420
-353 56
-165 -49
-215 431
-205 293
