10000
132 312
-295 -234
-385 -494
-341 118
120 -65
-177 -261
333 -173
-73 -361
5 325
-471 -363
-121 -23
325 -488
131 -229
-51 262
436 -272
81 -385
157 -406
-188 464
-350 237
-356 -283
-427 93
-263 119
308 278
-271 359
228 -78
447 -462
-494 -353
384 473
-387 -94
-469 394
-66 446
-348 -198
346 370
-168 258
-148 -490
302 37
-493 -80
297 208
-72 212
-324 173
38 255
243 256
477 207
-369 -477
498 -391
146 191
-448 -182
337 -128
112 -11
469 -409
318 208
-150 -297
224 371
421 361
-255 -76
396 115
229 -461
-399 145
-488 -295
47 378
274 -356
-204 229
-297 126
-455 22
-327 -485
-487 -70
-418 -53
494 241
447 -428
-52 389
-84 223
-42 247
-163 141
408 283
131 -352
-256 -15
-130 465
-110 -461
-303 -355
217 -62
5 -294
14 461
-454 -218
455 452
132 -394
104 335
-221 -31
-428 -416
-65 150
-34 408
50 310
-59 138
-49 -428
201 -77
226 -396
-378 -170
190 63
-307 -132
112 -420
324 -285
-160 -41
-442 -359
55 489
397 -435
-389 -104
-39 -255
-3 282
182 10
328 -12
213 193
494 20
377 311
83 -422
407 -480
-139 32
-65 -276
73 373
-426 276
-402 436
374 -113
-236 -23
14 432
-417 -411
-306 482
-31 408
280 -426
303 -386
-61 -333
86 392
332 -445
-385 -123
-158 178
-388 199
465 239
-459 -236
-154 334
282 277
-436 117
-99 333
-259 -166
-215 205
-114 -467
-96 351
-443 -386
-392 -88
-30 -116
-43 -320
360 -452
-281 422
93 171
429 219
216 30
-310 88
87 103
14 -142
180 271
-378 -68
-250 131
-127 -351
305 -429
-202 -294
-278 -263
493 -21
353 -284
197 338
-3 -273
438 -170
-197 -294
-409 4
425 396
163 285
415 -5
49 346
135 402
-134 -17
440 -44
109 -317
339 102
117 435
436 -183
166 -253
343 384
-443 -68
-283 292
-219 133
328 -222
-497 -400
211 213
470 47
-319 -32
-246 480
-81 -215
-85 -185
453 169
269 -101
-44 -314
310 35
-469 -431
-216 84
-395 103
-218 -472
-165 295
95 -42
275 296
-28 -4
-334 48
13 350
-83 -429
368 17
304 354
-265 477
-87 -379
-468 497
-48 -327
-78 157
-429 -246
-273 -85
63 210
-112 86
408 153
120 -251
56 8
38 -446
237 69
130 -200
137 437
-57 -315
30 353
488 398
-366 -11
-409 -298
168 -490
-494 123
406 -98
462 -320
-421 21
14 483
256 19
475 -335
-361 474
-365 -30
486 -234
35 136
-472 -491
-149 19
-347 362
-408 115
-445 138
-341 94
-110 38
330 -465
-406 104
461 312
234 -99
176 -178
410 -363
368 1
-195 334
242 349
35 116
475 -422
-261 478
201 467
-260 357
423 98
-180 -305
-20 121
483 269
110 -96
-296 402
-47 42
287 -165
-301 472
303 -12
-347 110
-194 10
-296 -455
-452 399
-204 -195
226 111
-124 324
107 -22
328 -296
452 442
-404 77
-245 211
462 166
272 325
398 -395
-213 469
-385 36
-202 -225
-180 64
-488 486
104 23
232 151
322 -120
-191 -199
-499 -422
203 326
243 236
312 291
-9 -440
-306 -12
433 -418
-107 334
263 -449
473 -452
-413 159
-5 119
-477 -383
377 66
355 329
-118 291
443 -157
-14 -20
254 349
-209 -194
-89 382
-80 -56
-373 -461
-368 86
456 -78
-14 201
-315 62
-446 -378
86 275
409 -352
385 -230
398 -47
-277 336
196 335
485 -97
128 262
-78 -146
-42 427
-432 -363
413 -243
-138 484
-241 -179
181 -160
208 312
-281 120
-110 -46
209 -88
-165 103
183 214
-250 -104
429 64
-1 458
-348 176
-177 -80
-291 88
-312 -18
-351 -136
104 -461
-168 14
124 228
95 386
-133 102
278 66
-63 -120
-474 -205
-422 418
-239 -283
285 -365
432 93
28 -375
-239 -80
382 -96
126 -201
-261 -184
38 -95
-453 -183
149 -216
-97 372
220 163
-57 -381
-182 439
161 -257
464 284
-303 -39
-214 -440
482 -452
-397 426
432 393
-327 353
28 -323
-47 -206
461 413
-475 141
-74 380
-147 -234
-79 203
-492 -30
-378 -457
32 361
-390 239
47 292
111 -152
-473 -47
18 -5
329 -184
464 -124
-422 -454
8 -378
-159 -341
460 -38
-162 -85
-266 493
181 -484
122 148
-463 -237
222 190
-163 -255
449 111
229 -89
262 456
-89 -154
-222 -418
-424 315
483 152
-77 194
-339 -36
-427 -172
433 -55
159 284
-365 482
400 35
-213 169
-399 300
-340 8
60 480
83 98
-172 -393
-381 -85
-266 -409
118 -332
144 387
499 -53
135 -387
218 -222
-297 -126
109 134
-32 -409
-281 52
93 -212
-346 -326
-83 -136
36 484
187 -368
217 -46
-499 51
103 -334
146 -355
-452 375
-116 414
462 -267
234 445
84 227
116 194
-355 -268
-265 32
-306 -363
13 190
300 459
13 -251
-359 -38
177 -54
32 144
43 38
-230 -395
-57 -386
331 -40
-464 -439
2 -195
379 -356
-79 153
-123 -195
35 482
106 350
-471 -363
-342 -497
173 150
-267 179
-437 -411
299 -167
147 -386
-113 8
411 -211
-131 205
0 -82
457 -427
-149 -326
79 -457
-392 -398
-359 235
-99 177
-19 -273
-130 -142
167 -107
67 -366
-94 60
186 307
-316 353
188 -153
395 -411
-493 -111
375 403
-399 -171
-209 324
122 -90
431 224
-132 -163
6 363
-9 383
269 492
387 -456
-71 -80
-483 -123
143 406
-378 -479
-267 467
-481 -140
303 456
125 -486
417 -15
151 -252
194 360
-346 499
360 69
336 191
-465 28
247 238
-250 191
394 -116
61 301
-326 294
350 144
-230 400
44 154
-22 448
-32 -118
-459 -40
348 -428
312 324
-190 176
62 314
17 108
-85 177
4 52
234 2
-472 -325
-408 248
216 111
131 432
413 31
-471 -449
225 411
-30 59
391 403
-69 307
71 -412
33 306
-48 -96
160 -275
-463 -324
-42 215
27 -408
-250 107
-284 -298
80 245
18 -20
477 231
427 80
346 191
-67 -89
337 -394
6 -302
460 147
53 206
413 -160
220 -480
-429 378
-393 -192
-219 -321
253 -268
-365 -416
-182 333
-421 104
192 -171
415 492
-431 174
-9 257
71 286
350 39
-102 121
-92 -365
153 497
375 -449
-78 118
-427 -66
-312 268
-87 -285
109 496
-117 391
-496 -336
-239 -148
371 -12
-154 296
-237 458
-301 373
357 411
-66 -471
-51 156
-98 55
-190 -357
104 -82
269 -175
397 -443
140 456
-385 -59
285 -325
-268 -346
-22 -120
253 442
-254 403
-347 352
67 -283
-457 471
133 329
-113 287
55 -353
-417 268
-224 -397
91 385
-233 -280
-361 379
149 48
-302 340
-452 129
-302 316
-496 443
455 397
-118 370
-142 -483
-171 -464
-40 401
-56 434
470 -307
-382 167
-344 -38
283 427
-74 -421
-322 62
325 -407
236 -466
-24 477
-251 414
117 149
-443 -179
-47 -406
-52 -149
-340 452
-95 61
445 -29
-263 -13
-16 59
-447 -401
358 -417
-261 259
450 471
116 367
45 433
-121 239
489 -353
356 350
447 238
-188 212
129 274
208 473
-27 324
281 468
256 105
-312 301
-55 61
6 47
447 -268
-390 -162
-328 91
-119 332
-8 -305
-120 -465
189 25
251 297
-412 448
-358 -218
321 -11
489 323
421 361
-208 328
-432 -229
39 -424
499 174
245 270
-347 -420
-224 182
-305 -254
174 105
469 -473
404 176
-49 161
-29 -199
303 239
2 -94
-208 263
70 -371
-279 98
419 49
374 475
56 -318
-116 -177
-275 70
369 213
316 -236
-122 103
488 -46
361 68
-8 431
-82 321
466 -125
-454 -303
276 335
131 151
-79 224
-422 177
371 214
-341 356
390 -161
287 -408
270 195
124 -110
177 171
-92 -392
-281 -141
-332 -121
136 -178
422 31
125 -235
156 -373
315 241
334 -97
-284 -152
-9 136
66 105
385 -443
-388 376
139 -15
-97 -276
-409 382
369 -46
365 206
413 382
-451 445
454 320
219 -46
379 -18
-36 438
-275 -181
-378 27
-27 28
266 19
96 296
-419 348
-241 265
46 -400
-481 -194
-40 383
-367 83
127 320
-480 373
293 -393
-460 44
486 -172
-394 -253
-371 201
-193 -359
-149 372
23 -325
272 -237
439 -61
413 203
280 372
-456 -369
-161 38
75 -468
-36 -251
-308 259
-160 -295
81 390
219 472
36 -357
18 212
-71 383
474 -136
29 372
-172 368
-364 318
441 -130
64 -323
446 345
-271 299
-48 389
78 474
-75 -138
-411 -500
304 -258
312 41
-364 -440
384 148
207 451
-100 152
422 253
44 374
-406 -295
-278 -272
101 397
-103 317
497 208
235 267
152 206
-233 438
32 189
39 400
272 -460
-427 356
-299 415
84 -87
-230 -305
58 -101
-54 496
-463 -312
441 450
70 -354
6 -331
166 -282
-374 -15
114 384
-86 -189
-55 -423
324 -345
33 448
497 -185
-132 -87
-101 -113
-237 -56
263 -182
396 90
137 207
-275 -48
198 -205
-181 494
-297 -270
451 416
-402 488
-128 253
287 -414
176 7
-470 69
135 81
-180 -189
172 245
-206 169
-486 142
17 -355
355 -92
-163 -466
435 -409
453 339
478 58
468 -84
-40 94
-352 475
157 -89
-200 -414
459 114
404 -361
-225 487
390 -254
386 -82
443 220
73 408
-434 396
-248 297
267 -145
-306 308
37 47
-380 378
-499 -76
122 149
7 39
79 -365
-242 57
-497 -178
-281 -275
-362 257
-10 31
461 -86
-324 5
-446 421
475 453
216 27
364 368
-246 -188
-332 459
36 -377
-47 166
89 488
-117 2
-204 -453
-493 364
206 214
143 437
389 -174
-251 453
-139 29
-207 -148
-298 -182
-204 89
-215 202
115 -144
-486 -1
-154 300
-359 -231
206 283
5 119
-246 224
-11 -34
214 160
330 -409
332 -480
138 -498
-146 328
44 214
107 84
-17 40
304 226
204 -208
66 177
199 409
-161 292
332 -419
-149 190
203 275
199 469
-247 100
279 -303
-270 40
-437 234
455 51
325 -151
-109 -379
210 -179
-53 124
280 131
228 0
-397 10
83 -281
-253 270
429 -329
107 288
140 -66
-70 -358
483 395
-202 441
-6 -207
-122 -7
258 267
291 381
160 -92
420 -326
-97 -419
469 -191
73 -292
230 41
-45 -313
474 8
-288 39
-343 -106
-6 183
-238 64
-270 270
441 -260
-285 -272
-495 106
-100 -430
496 -302
-358 203
-348 270
294 30
463 256
500 -248
115 -198
-284 -215
490 285
4 4
93 104
-436 441
370 431
-195 355
200 495
-321 498
294 41
224 151
465 -206
489 45
248 435
46 -131
-92 258
-4 -378
403 -480
-262 -64
-4 447
-167 235
29 167
441 -64
231 -339
471 92
-84 346
135 135
-121 -387
269 -416
3 425
-111 350
-310 -319
418 -461
152 -201
-64 493
-445 93
325 -115
-292 -318
-345 486
-293 -166
379 -193
305 34
362 -463
13 -20
186 384
466 -171
-232 300
-20 -11
66 223
289 408
-181 -269
-53 -329
-497 -121
423 -207
289 -428
30 480
190 -91
171 -485
416 -92
-288 257
132 251
-255 284
93 265
310 182
-195 -422
-268 -228
402 403
-3 200
-485 155
-36 -232
213 -76
-418 236
-1 144
-84 -399
-229 137
-412 338
94 53
-308 -166
-184 296
378 75
84 193
75 99
-249 203
220 258
-277 -96
45 -251
-482 -21
-20 -5
-380 -404
55 -50
160 -75
-130 -331
-211 -231
-112 -246
-17 -140
-160 -427
-388 443
-180 339
80 85
108 389
-67 -281
291 -327
-113 189
413 455
120 78
-115 253
280 31
-17 335
-226 227
191 -336
-162 -313
-452 -481
-115 369
398 -475
341 -381
245 -139
351 411
287 27
173 -54
-98 -449
492 487
-100 -359
279 124
380 217
-82 -369
1 -182
387 -369
444 50
-93 338
-181 -231
500 -135
-216 130
-493 -154
190 -322
-322 427
362 -414
-340 140
196 -380
-388 -346
-61 -37
0 -143
-494 -151
-225 -362
-462 -43
51 455
177 380
161 146
263 -218
-325 -348
129 59
98 -286
180 204
-108 -417
-36 88
104 196
-131 332
-489 229
-132 142
-395 342
415 -389
374 -423
-19 -235
-44 472
-82 99
281 -98
-453 296
133 -456
-326 -96
-409 213
-364 -94
-360 190
309 -433
250 130
-455 -427
-397 -111
-264 120
-419 -261
341 405
428 -106
-218 474
349 -382
-406 102
-234 297
386 -351
284 -364
382 274
-348 -98
-338 220
80 -142
-412 -16
-262 387
-317 -454
-103 241
6 -449
373 364
-306 -21
213 166
37 -77
-342 -247
81 106
-248 -464
198 310
213 486
-412 -405
173 -116
-73 311
354 293
371 -379
132 254
12 312
-39 204
340 66
-51 494
352 -294
-404 58
481 -376
-350 163
-456 416
250 -73
403 -361
396 -496
-143 -133
157 17
-56 -415
187 385
-380 485
183 -212
458 -149
-73 6
429 -289
263 -216
-50 482
391 178
-168 310
-394 -111
71 488
-471 17
387 484
150 -405
-178 257
121 -51
-117 -159
-432 104
113 456
-445 495
295 378
-195 -40
11 159
455 -108
201 -348
-398 391
190 124
-431 453
-137 -309
-297 -83
190 -197
-471 -132
443 157
456 421
-295 -179
-26 181
264 -68
-98 248
223 -143
-444 401
-310 -231
-283 -305
421 -84
-78 -181
-382 -352
324 415
317 -16
341 -108
6 -491
498 -480
-450 110
-466 -62
187 -39
258 275
-312 -362
-388 -5
-289 -363
245 -478
-194 -371
161 231
-439 440
-403 288
370 -380
-419 102
11 341
-435 170
333 196
463 161
194 -22
-152 418
444 -247
-236 -413
-125 -428
459 -164
-95 494
273 478
-441 -390
-417 79
-318 -209
19 38
-158 415
-362 469
220 -77
-371 48
-126 467
-420 -325
447 175
-395 -376
-252 423
-258 -222
-115 -72
-431 384
-319 -264
66 -351
359 32
-160 -268
-84 312
75 -215
-49 311
475 -244
198 133
-246 480
-103 -129
-319 69
60 -287
294 -146
286 -292
313 456
35 353
-432 -120
249 -262
282 260
-147 -209
-151 260
-12 -112
-196 -446
468 -456
223 363
29 75
319 -304
464 6
-250 -493
142 -380
-392 86
-317 -118
-180 -482
-28 -174
124 351
-317 -348
450 263
-238 478
191 -395
243 -102
-207 -395
241 -66
305 108
-126 445
-4 -5
-348 473
-238 491
-330 265
160 -229
298 -102
-114 -342
293 321
-407 50
-467 -195
-49 67
388 386
454 -468
356 -88
129 -437
310 96
321 392
-84 268
-285 12
-57 -452
-332 106
-143 -70
252 -137
-127 -217
-276 -262
-32 98
17 34
316 217
-167 -48
498 -487
-281 237
103 -277
465 216
446 -118
305 289
-340 -354
493 -191
332 4
-471 -331
20 463
-468 -217
95 75
-108 -2
-270 -402
-157 -286
324 425
361 327
374 309
-24 324
-338 -323
312 -29
19 101
225 212
83 228
-371 -273
-408 -441
-433 96
-228 108
-168 249
-72 -427
-307 -93
-270 -322
-305 29
355 216
26 139
191 117
-61 450
-321 -359
-51 -148
82 128
-190 339
429 -236
-75 -170
443 32
304 48
306 419
357 324
307 -477
-157 132
38 -489
-310 -324
-338 212
-274 491
-279 -309
-479 55
-44 338
-480 -105
249 -132
207 195
-285 264
277 -11
-23 134
328 -312
-298 128
-463 192
210 -120
215 -242
371 193
397 464
-41 -328
-460 50
-112 -420
120 -231
-110 -264
-75 142
-199 -236
105 99
-64 -305
279 71
-475 147
-403 77
-416 -347
326 474
171 -209
267 -304
-191 -1
332 279
-390 -465
-45 -394
6 -118
-291 -306
-382 -279
311 10
-207 436
265 378
-481 14
399 121
325 381
96 149
-493 -356
314 -44
-466 -332
463 241
-245 -216
-118 -384
-30 -342
399 -419
439 140
318 461
181 376
462 -16
-367 34
87 -245
188 139
375 -160
427 -270
131 -296
-89 64
-52 -249
-62 401
-154 132
446 -228
-105 442
126 -12
137 -458
-171 7
339 337
305 -265
367 -271
-114 -243
402 -175
-376 -132
415 397
-465 217
79 145
236 -27
362 -404
-138 349
462 471
-269 361
-1 -452
-46 -119
89 404
91 -482
-111 -188
165 -180
-32 -27
-53 -94
202 -282
193 -60
-7 487
-279 103
-243 304
349 479
434 -398
458 -461
283 -415
215 87
307 -56
-500 -353
-186 320
-227 435
39 409
-16 -75
-261 -288
-227 7
486 411
-101 460
376 124
-350 -394
130 -178
25 411
7 -53
-53 -236
450 -133
-4 -127
335 107
120 -297
-241 -12
241 377
-75 327
240 -102
318 112
-325 -414
-114 294
-116 111
-365 -354
-476 -380
471 -76
343 80
-180 295
-215 -182
277 -377
-266 336
70 -262
-499 66
-376 195
483 68
-334 -416
370 -201
456 99
-348 -425
-25 -32
-240 315
-438 325
-180 80
-420 -298
337 -439
-381 -383
-294 261
491 -433
-24 51
489 369
-13 -29
-184 221
299 34
334 -490
229 185
-337 -193
474 292
499 128
308 154
407 270
165 -200
359 207
272 428
-116 -496
-456 -252
11 15
116 -245
-495 484
195 438
-52 193
-135 -451
71 360
-340 303
307 61
-459 323
140 361
-41 175
135 -337
-486 -24
-354 1
-195 -58
139 110
-443 -62
372 220
-97 211
17 -241
316 -363
198 302
-78 380
103 262
409 -420
-437 -433
412 -497
-361 370
481 -94
480 -184
-493 -77
401 -452
391 -222
-406 -469
45 290
-468 330
-247 -497
215 -9
-96 160
-378 -173
258 -130
52 295
326 -153
-431 -152
154 -436
-464 220
-441 140
-190 -19
-329 -438
495 -142
43 228
197 -157
324 69
88 -404
-286 -138
179 -146
-128 108
-135 -305
-124 326
-17 349
-340 -438
81 -226
-241 -492
257 412
97 333
317 139
-56 -270
-466 -183
-382 69
-74 118
-271 128
-167 399
187 37
-34 -400
103 -83
-478 -156
-433 374
-387 151
406 -78
207 -171
-492 57
-169 -183
-245 -203
58 -435
69 -84
-292 -382
-349 -51
-307 -414
334 201
-114 304
262 -30
51 474
-190 76
401 -219
67 -282
-343 267
357 -432
-86 392
56 3
410 -493
0 200
-242 -109
299 -128
457 193
-379 218
301 237
39 21
-478 32
442 -220
-70 120
-250 352
50 -308
0 448
-285 -128
335 -441
-195 -181
304 -249
409 -393
-189 322
-33 -186
-214 362
2 170
-161 -284
356 -157
192 -437
-315 -194
-142 74
187 -116
-288 199
-68 282
-59 76
441 -490
-198 31
-249 200
-325 269
180 -230
-82 -69
-301 408
-459 -251
107 -23
-280 102
-431 -166
-329 -281
114 327
-240 -154
238 -165
-291 89
71 -132
-220 -386
-157 355
-311 -334
-14 -266
-238 -431
131 -195
310 -213
-476 -350
84 -290
-80 -360
-97 -16
-84 -187
351 75
-298 111
358 -228
185 444
205 -393
-375 -441
152 319
-379 61
-251 -353
498 207
-155 220
-244 310
30 -108
-320 158
462 295
-310 -420
-289 -259
-94 -172
258 -322
-398 -456
-422 -22
-431 179
-447 112
401 322
340 -169
-310 -285
-305 -189
-100 116
230 -230
163 168
120 371
-139 399
-407 -18
331 -24
173 140
272 -469
331 -184
412 83
199 99
-61 -25
-413 -273
370 -422
132 -23
294 -47
265 326
210 -87
373 -447
-234 -214
-54 -191
-177 -467
282 -122
232 80
-428 -344
-224 17
-408 -380
257 -437
79 -376
22 428
80 149
73 161
483 -191
439 81
399 -406
-232 -482
6 -288
-110 158
-333 -299
-249 433
133 334
259 -98
-468 13
-185 -120
-439 276
-160 32
-418 257
364 -193
-344 -236
-74 348
483 -103
122 210
-312 455
-298 -330
-387 188
251 93
366 -90
83 -244
356 -42
-216 -60
302 -149
90 -416
385 -292
337 -168
-234 -271
-198 420
-174 98
152 -77
-81 224
494 -409
457 -217
68 -468
-253 285
-107 -15
-203 -112
112 359
-323 127
487 -142
-181 41
387 -305
467 460
-305 35
-308 -434
-353 32
178 -471
13 244
132 112
419 -416
-255 336
369 106
203 -136
-16 6
202 454
-346 352
71 159
223 76
-163 99
-323 369
279 400
182 -48
340 -197
485 -159
258 58
-26 343
251 -299
11 -364
-401 396
-40 305
-137 -305
398 -274
-358 -4
-255 -110
-467 167
43 -405
129 -136
-128 -355
-468 83
-391 -479
-470 -261
-181 458
51 -1
406 -270
186 -483
-167 395
-6 369
-377 19
-205 -39
220 -85
-254 480
-406 -451
205 56
-86 -78
147 -160
317 259
-164 360
425 -88
291 -322
380 333
-336 139
-332 -485
-97 326
-442 321
-234 -500
-19 420
-419 -27
491 290
-121 -102
-427 350
253 248
486 -346
-40 -250
385 -81
197 -169
-26 215
15 3
-398 279
-384 -432
345 17
475 -257
-124 142
217 -169
403 -456
447 -217
-446 -318
295 11
-186 -338
-27 1
-84 -179
433 403
-70 -30
-366 -361
-415 -67
-472 495
-223 463
-166 -170
313 -394
480 -2
-135 -114
-405 75
302 203
-172 163
-417 -329
460 22
71 -23
21 -123
136 -90
-434 -369
487 164
203 -226
407 248
158 -192
-471 -162
-18 396
383 45
-28 8
-139 295
-42 162
-401 127
-79 480
-220 -381
185 -25
97 -242
-172 -219
339 -317
450 -350
-240 -64
-13 48
-133 492
-330 372
-68 -339
-427 -363
-191 347
-493 496
-453 -158
406 -198
189 18
-429 204
-216 88
86 24
-410 251
387 -36
263 -262
-148 405
143 418
148 -105
170 -260
298 496
-379 -191
-91 -168
300 -57
477 223
-462 -283
408 453
438 242
-285 471
377 195
-426 -68
-60 -218
124 398
-435 -124
424 406
-13 -273
417 -177
-47 48
-66 -492
87 -404
-403 399
235 238
-50 278
-210 -380
469 294
453 446
-66 -211
11 2
244 -396
-35 -291
39 396
493 318
382 -216
74 -446
-465 234
137 -350
-467 448
490 290
-373 -252
-318 -161
-78 358
-229 197
-393 179
117 345
-194 -497
-10 -82
-361 145
-203 -414
-67 382
400 -217
-90 470
392 8
-423 215
-169 -318
-246 31
-50 -30
377 439
-282 222
-253 144
406 465
-252 -226
-432 131
397 231
-349 222
96 -478
-269 -12
-372 182
-360 -108
29 108
274 -14
84 -147
419 -327
449 234
-203 -366
78 440
397 411
484 160
-380 23
-63 -10
324 -20
-268 165
109 127
-369 -194
-118 -50
315 362
247 -215
44 372
249 221
112 -495
494 -66
224 -490
342 469
68 -389
358 95
-162 -371
-469 112
391 -32
-119 32
301 429
55 -412
114 -439
-256 -50
109 -52
436 -454
311 -104
329 85
332 96
359 220
-267 394
173 118
-105 -351
-407 318
326 -23
-282 183
295 -418
485 -431
465 -447
-185 14
103 -379
441 367
-26 -382
-285 342
438 -61
137 -435
-220 -112
394 -307
-213 488
-292 71
70 -7
-435 464
43 -77
-281 47
179 -146
-239 406
-223 322
189 24
-216 105
-75 79
-326 -293
381 298
428 167
-222 310
-31 440
-155 -359
-11 131
-328 50
284 1
-115 -276
-270 -162
-227 175
470 423
239 440
-220 427
457 272
-445 -423
100 266
47 432
-68 -142
56 -333
-277 -134
415 313
-144 225
394 342
-84 231
-34 379
3 218
-214 363
-362 353
411 125
251 -104
492 451
-243 -342
371 -182
-182 227
147 164
-276 -117
276 -148
447 -124
-299 -438
106 430
-432 -23
99 -293
68 332
-63 -115
-425 389
-175 -238
438 -377
-38 399
253 15
166 -119
-213 441
18 294
126 6
-251 -171
176 -93
-414 -374
417 -454
425 -437
-380 -67
360 -176
69 108
-305 -103
-177 -470
197 -126
156 311
277 -345
-387 245
-365 50
141 394
-304 -218
-362 219
-267 159
-260 72
181 60
55 -460
190 57
-209 455
-358 -184
-259 476
280 491
306 141
-93 -396
-143 -466
-494 414
-36 -457
356 297
497 -293
339 241
-284 56
-421 -197
-90 62
459 -429
-241 148
-72 288
21 -470
473 486
-153 -491
-298 -176
-341 339
407 14
-436 238
76 344
439 -229
376 -416
241 115
-26 -440
106 197
452 256
-260 249
-440 204
-494 367
443 183
-371 491
-296 -232
68 -298
-213 -314
218 -144
297 294
93 -238
-361 -373
12 46
41 301
-165 396
472 293
142 288
-255 -196
-342 -235
432 -165
-148 218
137 335
378 295
-294 80
381 168
-7 446
363 -224
-27 -165
490 -164
499 -254
-346 229
-485 -473
-140 277
-312 -66
435 -44
338 -332
-102 487
231 -69
146 -404
-401 -381
-430 -320
-21 -95
316 189
-6 -17
-317 -239
-112 -114
9 62
-57 -233
63 395
-135 23
-12 -279
-260 -44
451 409
27 -302
55 -125
64 52
-240 190
20 -300
404 -135
-409 -163
-459 373
287 14
-440 217
-169 63
-107 378
-312 73
390 -479
322 88
-96 -409
293 224
109 -327
-16 -170
-397 113
-231 -454
327 160
336 52
394 253
283 394
228 186
-348 -74
-263 -153
-366 -410
50 -37
-138 -135
-360 -115
494 -442
-55 -205
-179 -250
-325 394
134 -102
210 490
94 -427
-105 -247
90 -245
-336 -122
71 -240
-46 -253
134 74
305 133
24 -138
394 297
320 -369
-356 433
276 25
298 -38
278 94
129 285
-488 -171
483 -149
361 -156
-445 54
-346 -376
164 -281
-283 476
-133 330
347 486
474 313
260 -306
408 -223
94 -152
-464 467
-145 322
-481 -146
118 393
-207 -219
-283 260
-1 -339
-339 -90
-243 463
-52 452
172 415
-182 103
20 -71
163 313
-366 -336
150 476
269 -499
-106 -282
424 234
-221 -367
-119 -355
-271 -321
-422 -469
-497 389
-323 -482
276 382
-72 185
-167 400
362 -245
317 -443
391 84
-190 -114
218 42
268 6
-130 285
337 90
360 405
353 308
492 461
-387 -257
-178 -42
263 450
160 -429
473 -344
-145 190
-451 182
-273 146
-172 182
484 -42
-280 125
168 91
-184 -418
238 241
122 -277
-270 -359
-25 -414
-415 -67
-266 -211
82 147
270 -276
-448 410
234 101
-236 -393
-316 -493
126 -29
441 -256
-180 471
84 197
423 -9
-24 -259
18 327
-231 -285
14 -144
-360 -486
46 -447
-381 438
-292 -75
75 -274
45 -134
99 58
43 188
245 170
-53 398
462 62
467 139
268 -330
-466 -471
-181 -275
-158 -396
253 -78
0 331
-257 -420
158 -468
369 -158
407 -478
-423 -72
284 -298
90 -9
-361 -172
-453 -247
-407 7
163 -90
-215 -330
24 -292
212 -87
484 98
-215 -478
108 -342
330 326
-271 -37
143 -161
459 -420
494 483
326 -127
-177 -194
-493 -495
67 -459
-490 -182
-314 305
93 -53
-154 -168
-351 297
413 -452
-498 -432
-219 467
-71 -48
-262 -258
238 89
-92 -456
180 463
443 -467
413 -256
-305 469
356 280
-194 -497
-149 -250
323 -277
62 223
479 484
408 -400
496 -456
-1 20
105 359
295 -466
91 -307
-56 -128
-161 70
76 -143
-253 -464
-176 252
-268 499
418 -190
86 213
125 184
-268 -235
383 311
462 -367
-352 -176
343 220
-162 291
-224 -357
205 122
374 279
-432 223
269 459
-332 352
-6 233
-152 472
-338 -210
-83 -228
-136 127
378 -368
-149 -301
-342 246
-258 383
377 273
71 -220
383 -123
484 -109
-136 -77
-76 207
-495 228
-389 -476
-124 -26
234 -167
-184 -344
17 -373
384 -84
-429 -92
184 -236
212 357
46 -74
-141 -99
-43 469
14 348
-187 -185
47 -97
131 -431
-103 -54
-222 25
179 -366
-308 -29
-216 17
36 -189
-167 384
-175 -61
-15 -258
458 34
-385 -278
-15 427
-323 72
250 458
-335 -185
446 -84
52 -486
71 -152
59 354
169 106
96 -299
-130 379
50 216
-268 -243
208 -149
-433 -183
-181 -283
430 -355
-369 -388
-309 -340
331 122
-96 -131
-494 213
163 372
82 -222
253 172
-434 124
351 -333
-434 110
-192 -307
-42 139
120 315
-319 339
391 38
-253 319
88 298
-319 459
-2 474
446 1
277 218
-350 -364
374 28
-306 61
-372 312
-481 105
-311 82
169 173
154 51
-56 -242
-243 141
380 94
37 225
244 124
-157 408
143 382
-109 -54
-386 67
-443 466
415 -231
-469 113
-373 -399
190 131
474 -294
46 362
-273 333
284 198
127 480
-302 300
-179 -131
56 366
146 183
413 11
-266 -316
-181 -321
-339 -43
230 -435
-169 -216
-269 -328
402 -69
-304 243
-275 -466
-253 -97
29 -446
235 10
-303 -311
-347 339
-390 269
224 500
-403 417
-378 -276
-150 -248
-156 -67
48 121
395 -416
-121 158
-119 315
362 -468
366 358
-163 -453
306 115
354 -284
360 346
-316 -81
138 87
-461 -330
239 23
-56 279
280 -49
347 -280
-8 -252
-113 9
384 -10
-80 -430
31 127
75 -367
334 -71
-29 467
-121 345
176 73
347 -291
124 221
226 -328
-395 477
-290 79
187 493
-359 398
-214 193
-133 469
156 40
-21 480
-262 -169
-155 437
30 460
124 436
-150 -494
23 -178
312 -295
-81 -230
341 257
-434 204
109 -179
406 -242
-193 460
422 -145
-235 -442
56 -437
-299 32
209 434
161 -38
-58 -3
64 -157
-271 460
239 147
-134 429
144 -394
-453 277
184 -446
282 328
-411 415
319 231
431 -78
-83 201
500 21
191 347
-185 -37
113 36
-84 417
-365 288
-276 -256
-471 -59
219 349
-335 235
-418 -235
269 -75
70 -209
211 313
-1 325
275 192
-287 269
191 -431
265 99
-177 345
114 -475
-387 399
145 -479
-23 393
-113 182
-17 438
-268 57
-397 -36
-374 203
-23 -341
-196 79
133 -337
-318 -107
288 -399
-418 244
-477 -319
-406 73
439 7
-211 -180
-257 187
-163 323
-10 -288
16 295
285 68
-64 -329
21 113
383 124
-427 70
-120 22
-341 253
356 155
39 -42
-429 -47
55 237
199 -197
-314 219
92 -35
88 -441
435 437
486 107
-405 337
336 -113
41 -280
-54 -347
-374 -492
-410 -251
-167 469
-288 427
462 359
-472 -398
-265 -353
292 -165
-305 286
398 127
-39 -137
-440 -55
138 -201
316 -205
-218 476
208 458
-41 112
186 323
-143 -282
-387 54
-132 189
154 222
450 -241
339 -37
-187 -101
-128 149
46 -407
-299 299
-184 314
77 -172
-190 213
-333 295
287 -314
-135 309
364 -365
-333 -345
-121 283
-263 -250
352 -216
-109 -497
-108 242
-218 -119
-2 391
-229 368
383 -4
-81 467
-490 277
-358 -497
190 -230
359 -332
-397 -113
196 58
-111 44
-157 326
375 114
7 178
-62 -192
276 -312
-402 332
-223 -468
49 -283
-45 -180
-179 164
188 -487
-357 393
93 49
-210 97
-444 309
-427 -449
186 -474
323 -357
63 -355
450 -389
75 388
-432 404
-456 376
-495 385
-89 429
238 -115
60 26
374 212
-377 342
393 -249
-40 428
-370 231
24 86
-256 -307
442 335
283 478
-137 -268
-393 215
14 -433
-394 266
-117 271
7 -33
-417 118
-38 -105
-161 335
-393 -242
259 -246
-93 243
453 174
-221 247
100 459
314 -432
-6 -380
-474 212
-320 -406
-320 -166
-16 -121
-284 125
-476 -492
-134 -24
-291 212
-3 -107
-358 -422
-322 -395
-45 407
417 317
357 -335
206 68
-443 134
-364 -362
-34 -456
435 114
230 -402
199 373
263 -50
-443 431
-393 140
347 248
-48 253
0 -439
-414 393
10 -269
-399 -57
-134 -445
-482 269
258 -312
-331 -319
466 100
-234 -211
-17 216
-489 271
-456 -268
450 -426
394 -372
-330 -263
290 210
-229 -487
-15 76
196 -96
236 407
-372 407
99 354
-16 461
59 -338
275 -175
167 321
304 200
181 -119
413 -491
404 -356
201 195
74 367
161 -233
182 54
195 40
-91 -228
-108 194
-383 -479
135 -84
-18 330
335 16
-174 416
11 -103
-363 375
496 -273
236 137
90 -408
-461 300
107 257
471 424
469 -46
341 69
412 185
-111 217
176 -216
-469 -113
69 -267
155 131
328 395
136 180
403 9
171 469
-135 377
461 313
-456 -124
-182 168
-417 253
-251 -342
109 -372
-243 380
114 -165
-324 -72
-61 -15
472 258
412 225
209 -66
71 144
91 241
62 134
-486 -236
-352 -54
-400 57
267 147
-173 -370
243 394
-116 -497
-344 -359
-300 -106
364 8
-168 141
491 -480
-271 143
454 81
240 -333
-14 -339
3 -478
315 -11
-252 204
-189 -334
416 482
-311 261
358 346
-251 466
-392 326
451 -371
346 21
92 327
-51 -345
-186 408
-464 286
-140 152
53 74
-469 -477
244 399
-184 150
-143 -318
-237 42
-305 437
-477 491
-97 447
178 343
-12 -116
-470 52
-435 -147
-131 -55
350 -394
265 -216
338 -66
0 292
-308 305
-264 -307
-22 -421
-157 362
161 -370
-391 233
-166 -39
211 301
19 20
109 -223
32 149
-221 -488
-30 196
281 154
-57 -430
-250 -183
401 -404
89 149
-69 -265
-133 97
-49 192
354 424
138 72
-251 342
-149 -213
-112 235
317 -444
-378 -90
-282 145
421 231
-461 -391
-206 459
169 -31
-399 -47
247 -294
50 401
-78 -396
-253 -253
-217 456
-163 -430
284 299
197 -398
437 -483
-388 372
436 228
450 -309
-359 402
-112 1
-205 -370
-145 -411
234 -387
-29 -141
-170 -332
247 322
-105 -195
288 -108
-377 -175
-21 -332
-195 448
-174 135
35 74
154 216
-287 178
489 -230
-178 461
169 -349
332 -62
174 41
-486 334
408 440
-175 240
-473 142
442 -432
-413 194
-20 26
453 76
71 448
273 -215
-95 443
-216 -46
412 216
-255 454
293 303
-39 302
166 -40
-496 -98
-272 13
285 36
-205 -257
-130 446
25 -384
199 -391
180 -451
-108 -425
188 -338
-119 457
229 99
-411 129
-281 -477
-85 374
240 142
-492 -378
-312 -73
-304 323
-395 453
-340 -393
-24 -191
494 477
384 35
-97 264
-29 299
-342 177
-182 448
315 210
-319 61
154 -45
402 -369
204 144
421 -273
-355 439
-360 90
-165 37
200 -25
61 -77
310 102
-486 481
-400 365
270 -195
358 -211
457 155
244 342
17 -24
306 -484
-478 -172
-197 -452
254 180
-30 200
253 -73
71 -49
497 -409
184 -264
-60 -484
-105 279
368 229
-205 380
-293 291
87 -185
-481 138
499 45
-460 445
15 -159
-451 -268
284 171
-315 463
-152 95
382 6
332 -298
125 -60
189 -387
-191 -279
-454 453
424 340
232 147
-345 -149
378 24
-239 7
-142 111
473 -228
-146 -349
-132 404
261 233
292 356
-43 -46
-376 254
62 -193
-50 -131
-499 152
-459 -199
-169 -329
349 -388
-477 413
491 -199
-436 -136
-407 199
-6 -206
-278 -147
-36 -461
58 -321
478 158
-77 58
-429 101
-301 172
352 -438
-300 -228
99 -211
-367 -246
6 417
12 -45
135 -49
414 71
395 -275
41 380
-94 -432
-403 169
47 128
245 -355
-188 -80
276 -488
476 -314
-279 -79
-390 -71
-101 -302
-141 -32
-490 293
-398 297
17 -54
-86 -459
485 -195
130 -172
261 254
88 288
247 494
440 335
-410 448
-330 207
-342 245
319 -314
171 -184
-81 34
52 104
-301 152
469 288
-323 -336
407 435
-111 -330
61 -443
298 -247
127 -221
232 391
147 -290
96 -52
-441 -304
-499 -305
-248 248
-334 410
454 -460
-470 -179
408 -37
-340 -14
-378 -413
-120 -296
-229 462
441 -478
319 -476
-333 -139
-454 184
-231 115
204 -127
318 -28
-391 29
-109 -29
-427 -105
487 486
-77 -411
194 67
-311 -312
243 -158
40 -22
38 113
-41 -22
217 -51
-242 394
372 105
-165 -149
-197 -266
-207 349
-16 -92
-396 -476
-21 170
-123 -38
-158 -396
301 -429
-374 -175
490 57
-256 343
-339 -200
-383 -321
465 311
277 35
375 -166
282 165
345 341
-367 -437
299 59
-496 375
-71 -57
50 152
-61 -359
-159 -466
78 337
-241 0
114 -105
203 -87
-49 288
-9 159
-20 -321
145 302
-56 179
99 291
-71 -324
375 441
57 -79
-349 -253
-303 106
-354 -378
348 -31
-260 7
-343 -440
405 495
-119 -319
-471 107
-47 -18
393 382
-258 468
-420 -183
410 191
80 189
-187 323
-88 -436
-43 217
165 312
115 216
278 -241
451 -289
-384 215
335 -52
-189 483
-357 73
-231 245
316 -168
425 138
475 95
209 252
-27 -239
251 -217
-123 231
434 333
113 -7
-265 157
-134 364
-410 494
-152 409
313 358
-159 149
114 198
48 -73
-343 276
-365 -180
35 -352
-92 457
189 -329
-101 -170
95 -67
51 -187
-417 -15
51 100
269 -354
-402 -162
-309 -379
-253 109
-417 140
-167 -282
-240 -177
210 -402
241 -237
-362 -164
238 38
-362 121
329 470
-467 452
-46 -271
422 30
-305 492
-484 104
92 -418
-19 121
-131 -441
152 136
-388 -163
37 -98
179 102
28 21
258 -141
384 247
-460 189
-100 -454
-476 -453
-332 345
326 -340
427 278
-337 205
387 -300
323 31
109 -5
-316 306
-234 240
321 30
-373 464
257 478
-22 140
-362 -388
-113 495
-347 -127
415 -290
-339 67
144 326
342 29
-446 398
-459 -125
245 -294
231 185
366 -204
183 239
390 296
-188 -274
-442 68
-219 372
18 -354
-338 38
140 -1
-423 -468
319 172
-377 422
265 365
-422 -187
486 -48
-393 255
-45 100
-102 -66
278 -182
-167 207
90 46
452 403
-303 19
435 331
-81 -365
-250 405
-313 12
-306 -500
-7 -403
-306 126
284 -110
418 203
-204 185
-232 5
144 206
161 430
364 -115
246 -173
-255 483
270 56
-27 -289
-1 39
430 53
-54 458
-332 393
-54 -104
133 -447
377 334
166 -14
-321 429
17 -62
-156 192
-414 -15
-83 136
476 -265
39 -156
-473 453
60 -403
371 342
-118 411
183 -289
288 -288
-194 134
87 204
317 405
-280 79
-20 193
-211 65
-22 -45
278 7
-93 -286
291 -396
-220 407
-256 -452
214 391
47 369
332 242
-74 -125
-293 338
455 -57
264 15
-245 -143
-401 135
-162 127
83 193
-262 239
401 26
-207 233
479 463
-213 398
-49 -483
403 -322
20 -462
-256 -147
288 -360
-417 349
-57 291
480 275
-70 -150
-77 -380
439 -222
164 192
136 99
-143 448
105 -124
-380 -261
139 -427
373 -401
388 -334
14 -315
-328 176
389 -470
355 64
-441 363
-65 -154
-2 433
422 -152
-293 22
-476 315
94 386
254 -64
471 348
66 -173
465 259
268 294
352 331
345 -211
-216 21
-339 -48
96 206
-410 -375
-334 494
-142 -154
432 -79
-226 246
499 -288
393 270
-63 -333
-79 21
-339 301
53 305
-478 471
-145 229
358 -299
34 234
500 -16
-103 -377
-40 -351
351 421
308 392
-259 -275
101 -356
193 -16
-379 58
-369 248
452 134
447 -358
-305 -260
-168 369
166 287
-66 312
-409 124
-298 -196
193 15
-301 -196
-181 22
200 -473
-370 -97
-78 -447
-76 -160
-66 -466
243 -30
193 -128
475 -490
306 -464
-67 -435
14 422
-274 -49
-417 -384
454 -240
108 439
-182 -36
93 -220
-378 -481
-149 -401
201 318
-99 -449
400 233
411 -488
-108 -283
473 281
-423 392
-88 -194
22 -228
221 9
379 439
227 127
-310 395
-47 304
316 -181
370 109
417 400
-69 -67
354 360
402 -116
428 -221
-281 53
342 132
212 -169
308 -480
463 366
-112 429
23 -153
-138 -497
-148 -141
217 -159
-300 227
-71 183
398 -66
358 -350
-456 -376
151 -94
417 -388
266 115
-343 321
199 -422
-426 351
92 -46
-211 185
50 -392
-263 -278
271 239
418 418
-403 295
161 -228
-387 -315
337 106
-376 -328
-402 56
-229 470
-48 499
-170 399
184 335
298 -323
465 362
-459 -32
-485 -396
169 177
-193 -241
42 -67
125 -330
206 448
-476 362
-262 -413
-271 -450
154 96
-79 181
466 -406
465 -380
192 -163
-95 211
-207 -165
-29 389
-73 -396
72 -89
-225 486
72 233
-28 18
112 155
38 -174
447 184
262 322
184 -48
87 123
-65 75
146 -121
310 -140
-449 109
155 -148
-327 46
190 -422
-499 -105
-344 114
-154 -154
310 210
-245 -89
105 294
499 347
-49 383
354 -1
-93 -66
39 61
-459 0
302 -427
254 -149
-272 380
147 -371
479 -192
451 21
200 -236
-480 -166
-24 -254
-371 465
-107 -461
357 -11
172 124
111 -16
15 425
96 -433
-367 276
350 -65
-396 -286
6 -233
-55 -138
-251 -14
19 -150
58 -67
270 343
314 -47
95 153
-485 416
127 -244
500 140
378 -447
-378 -26
-435 -411
-477 222
-79 -207
22 261
-119 -103
154 -500
-77 -6
84 -485
338 -25
413 -61
202 -404
-263 -442
-178 166
256 -92
310 -11
47 -204
356 -243
161 -199
6 -343
-98 -197
-223 344
247 -237
-263 345
-493 -384
-179 -362
-252 -478
-337 137
-163 447
-395 331
78 487
243 180
424 91
-239 -234
350 469
-183 -155
49 395
-121 -242
-349 -140
168 -348
-266 -141
-18 144
445 405
-483 380
-345 -466
142 -293
-418 -419
-197 -147
-28 -345
-4 308
321 -229
-201 198
-158 -191
-98 69
-171 479
119 82
-160 204
-111 2
462 489
370 80
-349 -222
-443 319
329 -411
461 242
194 -301
-324 144
-263 86
-283 359
-347 395
-217 494
465 -480
-112 -217
8 418
-460 -349
468 220
400 -484
117 394
-417 246
96 -176
343 63
-186 -96
145 -432
355 453
-439 381
-288 -39
64 -376
-271 68
391 229
303 396
-64 452
258 449
315 370
-288 -425
327 495
-61 364
-87 -356
267 -362
58 -66
-287 -71
-248 45
-396 499
87 -192
465 -456
113 7
-112 34
224 -124
241 472
-350 95
93 143
143 -61
326 453
70 -206
353 365
87 -414
-193 -361
-354 404
178 -309
-237 475
-496 192
105 -384
-388 226
-148 300
-492 474
233 -411
181 73
496 -265
172 15
338 266
-8 -50
134 -429
-38 111
-248 238
-276 24
-431 429
-193 500
51 147
-8 307
-410 117
-96 451
496 -118
-286 3
1 -67
-209 -74
131 -239
34 -320
-385 14
-342 -327
405 -255
122 -261
-433 -446
-199 -346
78 379
24 345
274 -175
46 -101
-108 -344
-475 317
-311 102
-25 -132
-57 -195
52 391
69 -183
-271 346
-353 291
-192 142
327 -23
-75 3
259 -439
240 108
-315 -484
145 149
-323 -462
366 -16
-342 330
395 94
432 -284
400 -388
-82 -388
-422 284
-436 -464
483 94
345 159
-134 141
124 495
-398 -358
163 -166
406 152
477 -490
113 -70
98 -25
-296 424
33 -48
323 -111
-424 221
-79 135
-489 113
-309 -415
-340 279
-396 -402
426 460
-381 469
433 -349
427 457
191 412
-149 -175
215 -338
-143 -373
-467 103
255 193
38 -357
-114 334
167 -5
-256 93
155 54
-308 -259
179 321
230 -379
477 124
9 -440
443 -208
329 -434
106 -24
376 -234
-219 -287
265 127
87 245
-295 203
-8 135
-350 -335
366 -358
-445 105
422 406
-171 371
-478 412
-457 498
-323 467
-370 -113
-466 328
-133 -43
-214 -236
-392 -224
499 484
-18 -61
-462 15
326 48
-151 344
-437 414
49 416
-102 -144
323 305
-175 -366
-346 98
414 -59
-267 -188
-119 -299
-72 114
109 -371
-166 138
-221 423
-140 -239
329 -131
-393 -195
-93 -437
324 -239
-33 18
-140 -258
400 -125
-87 -482
179 -95
-94 -239
229 58
-487 476
-488 -434
-224 377
175 -323
334 -200
-69 -44
214 167
-86 79
366 41
462 49
243 -300
139 -341
307 492
58 251
281 -426
-378 -169
276 -27
298 -340
442 -480
-44 -451
395 -106
373 -175
176 305
324 240
-205 -423
-351 132
-177 433
353 -242
91 444
-70 450
-346 -244
308 -71
476 -360
350 -120
-345 -208
458 155
150 20
-236 -384
351 -160
-133 84
57 336
-499 -233
389 81
291 -235
20 -266
-316 172
-299 -189
-204 -312
-117 -115
203 -173
-413 -407
-484 -367
344 -214
372 100
-195 -376
-438 -277
-4 -479
-359 431
376 467
50 278
-135 229
-191 -90
-6 -241
-42 21
361 -327
494 111
-97 -154
-386 -444
288 338
256 -153
141 -95
-293 317
-59 18
-31 371
-63 -68
-44 220
277 -364
54 -375
-463 162
72 110
35 80
-369 -225
-3 -419
441 374
387 -397
121 444
245 -240
-470 -287
273 52
-260 -168
-10 -220
-398 -451
334 458
-88 -88
-249 -295
-231 32
-187 453
103 386
-452 -148
-480 156
218 -377
-337 135
-448 -417
493 374
304 -96
139 159
217 353
-243 288
-72 294
-166 -199
482 -331
-241 163
241 48
155 153
-437 -23
-119 49
463 146
187 65
220 -126
-168 -11
305 395
-59 486
395 -359
437 -94
494 124
-228 299
-275 -128
402 -341
4 426
-206 485
328 168
-389 177
465 -403
-160 388
410 -196
270 280
92 -270
-63 -320
409 413
66 -348
-431 56
478 24
434 298
-202 371
485 -434
-2 -136
-85 -22
-420 198
-237 460
-140 219
126 -213
-92 102
323 46
-381 -305
431 -326
181 475
265 422
-241 487
-178 -64
-67 -121
375 -296
-358 497
112 294
-17 498
-321 195
-198 390
318 -472
-207 422
79 -496
-309 -272
-426 405
-118 -59
-177 -38
-201 249
480 121
-80 38
-355 481
381 -40
-153 203
-14 413
-67 383
93 371
-76 -166
10 257
190 -189
-488 385
207 16
444 338
224 -467
-450 -67
465 355
310 311
425 -146
-274 361
191 -332
-175 377
202 309
-421 30
126 99
199 -143
126 481
470 -322
80 -442
85 10
463 459
-304 50
289 315
141 104
-48 -172
49 331
-444 247
-79 -174
338 288
-10 -99
135 152
287 -40
-390 301
253 -20
-226 -484
173 -373
-292 257
-496 13
455 -279
-342 381
471 -400
-335 -201
-365 -220
-211 -444
-274 377
78 29
132 119
-285 -217
-440 445
96 -499
347 210
-50 -323
51 6
-311 -443
-6 -191
-499 -421
237 129
478 -253
169 243
-69 -284
-200 285
-31 73
-243 -345
-366 -145
-391 276
23 -360
452 205
-26 383
-346 -152
129 415
-25 -16
-261 363
-292 -300
378 494
-439 200
-250 -36
-228 130
236 24
-244 34
471 -418
-171 -41
104 -117
-29 298
-341 438
295 -491
-365 409
342 -132
268 -350
-340 -211
-184 -154
35 453
-166 -202
345 385
-299 416
-332 236
457 106
-277 -498
434 -193
-351 245
-307 -112
-467 73
99 -59
-56 195
-445 -161
-370 -401
29 443
-221 -472
-378 63
436 62
498 118
-470 106
120 266
-281 496
-395 -271
-293 354
-371 72
10 187
289 126
32 35
91 -184
-470 -459
-363 91
-455 -386
356 -85
-245 40
290 -345
408 -193
455 301
-166 385
485 319
37 -443
298 97
-96 -455
210 -308
-31 375
-370 -476
427 238
223 60
426 -215
22 222
331 272
-495 306
-260 -113
-197 -285
-197 281
-213 439
-237 -117
149 -50
330 -199
47 270
-481 82
-481 65
-374 252
-190 -256
-303 322
89 455
389 -243
-114 -238
-442 -397
-50 48
-305 -414
-221 130
442 -238
63 -188
-308 -120
314 -2
-421 328
1 68
-32 -206
53 -459
28 -399
297 313
-54 77
226 -182
116 -437
-444 28
355 479
163 -128
-313 39
53 -150
-123 155
118 187
56 -396
-305 -46
-434 227
-443 -483
-204 -275
-196 -291
-326 459
266 -394
-405 475
-328 -404
340 -403
-15 213
131 -458
476 393
-303 94
172 -11
60 -230
-14 -72
-113 -393
-478 217
225 197
-256 147
106 -254
348 -471
419 -454
-90 222
394 -77
-66 -21
301 55
61 2
348 -396
23 -4
-357 -118
437 -153
360 -285
-107 116
181 70
374 -260
435 -346
236 388
15 497
137 -433
-219 238
-226 -284
-80 421
294 -86
-398 285
-75 101
478 -228
-217 113
400 364
328 -165
-328 -8
106 189
-99 384
-27 -482
-441 -89
-104 34
133 222
144 -103
-299 -386
290 162
-335 29
-22 384
398 40
332 -204
-112 -140
94 -55
423 153
-438 7
-76 370
-214 -451
278 176
158 -427
442 -192
0 -70
477 240
-303 -106
465 363
-493 -279
-448 218
349 188
395 153
6 391
344 11
305 -38
158 -375
308 262
384 -406
414 267
124 161
-443 -438
85 -316
-210 247
-106 -443
-352 145
-159 102
58 475
-344 -285
484 134
24 209
-124 214
257 381
-471 202
407 471
451 -426
438 -65
-119 -105
-182 -97
-178 78
-113 -435
86 -7
-343 356
298 405
-475 17
457 311
148 489
72 -390
-30 -238
396 -95
-16 -146
77 158
366 163
359 -388
-52 234
-97 251
105 -195
308 -98
239 -429
285 -240
106 -296
221 -147
-145 -14
484 178
-37 108
75 399
246 -310
83 415
14 355
-368 -326
-280 496
-462 -260
-185 255
183 -264
-173 147
-467 -469
218 366
-372 178
289 145
73 326
-368 -160
234 -395
-419 -74
13 378
77 300
-455 -220
416 -445
432 -475
289 -62
-381 122
415 258
-421 -249
206 -293
161 499
-172 -109
228 137
459 -304
234 -428
321 2
-363 338
-26 336
-280 -136
423 226
-230 -197
-244 -201
-36 268
137 -273
111 53
424 -481
149 63
-301 431
161 -80
-448 431
-438 96
-495 -439
201 -363
491 -329
6 382
-341 462
-319 -488
306 -389
-101 -270
155 -414
126 80
-265 -462
-115 -196
-413 -26
51 -331
-279 363
-174 -343
404 117
-283 -238
316 -448
497 -446
-45 -274
-220 191
-235 -349
44 -122
-233 -241
-307 -152
-256 21
42 474
-12 217
296 0
-177 26
366 -20
-376 427
-9 91
177 345
-392 -39
-166 -231
-288 104
90 127
286 219
-285 81
261 -241
429 -51
178 -11
475 406
464 -421
-115 -288
77 -364
-315 348
425 320
-100 123
-116 183
-80 276
-61 305
-494 -280
-34 134
-187 365
-262 -481
359 -188
-370 405
274 472
-302 469
-373 287
37 214
317 81
-299 219
373 -454
27 381
490 -18
486 -76
117 -418
35 -296
-145 73
314 465
-231 1
-44 -380
264 105
251 -210
277 193
-452 -486
-82 -298
419 -28
-471 308
-191 -444
-466 97
-426 354
-182 120
-142 -160
196 -336
164 148
-154 308
-335 109
152 -98
-227 115
435 399
-308 433
251 408
384 397
-306 -441
-277 -170
-131 -316
420 -475
331 -36
-405 91
-206 -202
-192 201
-497 31
-467 -287
-190 420
427 -182
-230 -407
91 464
155 -375
3 354
66 -127
242 267
374 -472
293 269
269 -43
-152 -469
464 210
-117 -211
294 147
-133 -254
-267 278
432 127
-237 318
-151 -131
40 16
-157 412
-74 126
352 -377
-368 176
-147 -8
-288 -439
322 -117
399 -473
298 -62
-57 -324
-190 -343
410 -269
-95 -20
-38 108
425 331
-372 333
-451 272
-303 54
149 -432
413 -120
250 354
241 489
-348 325
413 462
389 258
178 -39
-265 207
-417 378
40 457
-458 -402
-171 404
-39 125
155 383
311 263
133 -153
334 -391
-67 -386
389 -296
266 119
-114 -335
-160 -364
-471 -67
-29 72
-338 -208
-33 -205
-368 -451
497 8
-102 -134
-447 -323
-26 -58
-135 -457
-434 -449
295 -68
173 -325
-273 408
-35 416
253 -426
-50 154
-312 488
-189 3
-265 431
302 -362
-187 -370
12 392
-339 -319
-41 -412
-23 -80
217 -83
336 270
315 -225
-281 -30
-227 53
-345 40
10 155
438 23
-169 409
-383 -191
-82 445
-364 -491
55 191
-121 43
476 307
-446 -170
-287 215
-324 500
-213 116
8 -294
74 -249
-209 495
91 355
-452 -447
-161 14
-174 -272
362 228
-335 -97
-414 106
186 -343
-209 -303
-277 499
287 -313
-338 -102
358 101
-84 78
203 491
-80 97
8 -7
175 286
369 405
-239 -350
-28 356
-311 -94
-93 240
392 455
423 -49
-301 455
94 -407
17 -452
-385 436
-90 -110
422 293
-165 61
30 13
-283 -308
167 -419
-3 -112
291 403
162 -307
213 233
-383 -202
-84 -497
-415 -436
310 479
178 -334
-95 305
-294 -330
345 227
151 171
484 25
-327 -104
-11 429
56 345
326 13
-488 -475
-461 -133
249 215
63 8
11 -12
24 423
220 182
-482 23
129 362
70 -176
-243 -102
-66 321
333 18
240 282
428 141
256 275
383 -335
-493 225
99 -388
35 385
-416 255
-88 361
276 238
-258 -12
-388 380
-59 -262
-384 -420
95 476
-18 -261
-477 428
-404 159
-233 -424
439 93
445 82
117 221
-37 -36
-337 -356
-8 -68
-205 120
-94 452
474 -3
-480 -326
173 371
242 370
316 232
244 -416
404 -392
116 244
99 300
467 -248
-459 18
365 -64
172 207
204 146
-38 239
-171 -493
-427 -67
214 -84
469 394
126 354
354 -158
-304 -88
203 -476
-360 203
-397 -168
5 252
40 -146
-371 -315
155 -112
-176 477
-452 -305
12 69
-471 487
109 -375
-314 -35
210 -347
-451 318
286 -348
357 -175
-190 416
357 240
-335 -358
484 -106
313 -496
-54 228
383 -78
-207 -356
139 377
-29 119
172 269
-369 245
-107 173
467 -73
-414 32
69 -119
286 344
-434 -146
225 133
-180 428
341 -68
231 390
-139 -408
483 394
281 -315
34 216
397 211
72 -226
129 -198
96 -451
11 -498
186 398
104 315
66 -65
-405 488
-357 493
188 -74
-424 346
-385 284
-378 -328
158 484
297 -54
490 -161
332 -235
357 -331
-209 -33
-227 206
492 -158
-42 -207
-352 396
-379 102
-37 322
378 -19
182 -32
485 -455
379 -67
-230 -445
-469 316
12 -287
-162 255
363 -24
447 253
-112 -59
113 229
192 -368
173 -178
-365 -67
-243 134
-271 216
-489 306
54 15
129 -412
-324 -244
50 211
242 -356
420 337
-221 42
355 362
-396 -143
495 -252
425 -76
-303 149
175 105
-345 208
-390 310
-456 293
-59 163
-391 61
357 -469
254 167
341 169
375 -225
-435 11
382 -187
-391 246
-219 378
-179 -130
426 -173
450 -213
256 108
31 -174
338 -178
35 279
-182 363
36 -479
-445 237
-351 -87
331 199
277 -405
316 363
298 -113
159 -302
229 293
-497 78
-114 -108
286 -174
435 -438
-268 -64
341 -315
-235 353
-2 477
-494 43
151 -197
334 104
-397 160
-468 -24
448 -334
176 110
-230 -191
-231 -487
294 485
168 -66
419 172
-4 249
-426 280
-191 65
-353 -118
361 -209
234 31
-238 -444
444 197
91 -450
175 246
86 303
425 376
-65 311
428 397
274 306
256 199
-17 7
-165 -81
120 -437
164 -255
-109 -489
369 37
-263 199
-429 -57
-117 -12
-371 145
-268 -76
233 271
-400 329
-147 404
66 -319
309 248
406 29
186 369
81 323
214 188
-401 -338
299 -134
-8 478
461 288
35 158
120 95
-333 -389
-125 -304
99 168
253 321
226 -247
186 -191
-379 328
460 351
490 -387
-114 -247
-354 -474
119 402
250 -414
389 -181
371 139
91 198
-430 298
87 264
-392 12
-143 -453
425 -480
287 -78
-65 281
311 -409
-476 89
-304 -107
337 324
281 -138
100 -320
-483 -302
418 -23
181 -462
-405 444
-451 -392
32 54
178 -187
99 -161
127 264
491 6
73 -142
370 -470
-401 47
-498 421
-452 450
10 62
365 208
479 137
-314 87
441 187
103 322
153 -288
-172 30
-96 -213
-246 -342
79 -148
285 -152
364 133
-56 -372
435 332
108 103
-98 -202
411 -458
-297 261
-451 58
182 -29
335 -126
-98 -22
-204 -195
-229 166
326 -147
194 -149
-430 -58
-499 266
-429 -229
-251 102
10 -158
51 -425
14 478
11 -311
-171 387
150 126
406 -270
376 -182
105 179
-76 -48
190 -343
-173 67
330 273
-407 -417
384 -260
-23 76
40 -216
-350 -172
436 -391
-117 421
-259 -135
-162 -464
229 312
-96 -324
484 -130
22 470
-31 -151
316 281
-9 134
428 309
-491 369
-117 389
-390 -334
-163 70
275 -69
-396 44
170 -198
468 191
268 482
451 -221
-351 11
-367 -294
-320 -276
352 -10
453 -116
-386 -458
32 -407
-286 -336
-254 249
-443 -309
458 -492
165 410
127 -191
-352 -277
-398 161
-447 -118
131 177
448 239
80 206
-312 -356
-15 -257
-428 261
-400 -156
-207 -19
390 107
-174 -355
137 -303
232 -298
-287 54
410 112
145 -6
2 -405
34 -79
297 -38
-211 184
156 -219
153 -482
-279 -432
393 89
431 455
-69 -325
-102 372
482 -312
97 -412
-488 -271
331 -1
-342 336
-446 176
45 76
20 -9
174 476
-12 237
66 -329
304 70
266 413
-15 63
-232 62
-311 -332
-312 -350
-293 105
244 -41
173 -256
325 81
-323 99
-135 -31
-384 -249
-421 330
487 -195
473 129
-483 339
70 -383
-5 69
-55 174
-364 306
-151 -166
-425 -225
-431 -237
-45 75
-41 42
-358 19
-75 -474
299 -482
228 327
270 224
-307 301
470 380
68 329
348 162
445 480
496 190
54 324
-62 -63
-122 92
484 -269
-24 125
98 -458
186 262
-276 -207
119 17
212 58
253 222
239 464
-391 -199
-497 252
-199 -331
-35 93
382 -470
79 115
18 228
357 -132
420 -41
222 3
-351 -234
-107 -429
258 494
-249 -416
-269 -174
-6 -216
495 -124
75 -256
-329 -363
-402 22
-262 -385
169 451
167 -302
-401 -496
108 -158
465 -97
237 -341
265 29
425 -128
-163 72
-84 268
215 -234
-123 -189
-220 -196
-325 117
298 299
-408 -362
369 -427
75 -345
303 404
-256 -69
224 122
-117 -231
-308 483
151 -41
-348 -286
169 189
343 2
339 339
152 276
14 199
-193 451
29 224
-424 329
429 275
-428 165
-215 29
486 30
-279 290
381 -220
1 -28
455 135
446 242
139 -294
86 16
54 -269
159 -66
-390 271
43 -169
-313 -220
-161 -48
-355 293
-69 -154
-132 381
-291 481
-152 32
-141 -38
-346 173
238 -444
-245 -218
-208 -194
405 -145
-421 475
291 -323
-357 90
400 233
487 86
268 -460
-238 411
167 -461
-47 -451
-22 30
-402 -284
421 331
-440 -328
335 379
-278 -268
-156 -30
370 -5
436 -392
321 -136
-250 150
-267 33
-58 80
-56 -43
205 -406
384 -148
452 240
432 220
-1 167
-64 348
-347 -404
-174 328
102 251
146 -458
-46 -131
-417 418
-473 -186
51 216
-190 77
-290 -129
335 -74
-453 -412
-99 472
378 410
-187 -406
-492 35
-380 -196
-262 180
-56 139
-492 201
-369 181
410 376
172 -236
109 410
93 389
374 -214
367 -11
295 193
173 288
-194 -284
404 -131
158 179
347 300
13 -205
-119 84
128 139
89 -19
-476 314
387 -266
348 -19
278 85
71 -148
164 365
319 263
157 242
-458 -389
-373 -229
73 380
447 119
-339 -332
-145 -235
136 -323
-407 221
116 -248
-452 -267
387 129
-299 407
-125 30
-28 438
256 445
94 -211
-479 219
94 -99
313 -498
-10 -101
494 210
-457 -388
100 -408
-294 -28
-212 475
315 -60
344 -368
450 415
-480 -391
63 -41
380 -373
-32 381
467 265
65 3
-149 182
115 -274
-171 338
333 365
-34 80
-386 -109
61 251
203 -167
-294 368
303 -52
388 343
60 197
447 85
-304 366
401 -451
410 -334
310 24
-384 -358
-94 -466
-187 -351
-54 -61
51 187
239 24
-179 -325
-95 377
-120 385
-268 -447
-273 -472
-174 -40
-339 430
217 256
-151 354
495 93
-324 -494
-271 -456
-241 271
207 -468
-399 164
492 -413
199 489
31 10
435 -244
218 -108
-276 -420
262 -264
-48 -253
25 -365
-238 -267
-427 -437
-14 260
400 178
184 122
-195 248
-71 -144
-481 288
-463 -297
-213 464
-371 487
-244 181
39 -244
-479 -78
-274 88
-56 342
276 47
-157 -311
371 347
44 327
144 -462
-365 -228
451 431
379 -161
-413 -261
-393 -197
123 -96
455 194
-498 491
-485 -129
335 -246
-288 -67
10 15
-380 98
417 -96
422 160
-347 -287
-232 -396
-405 481
54 -215
-256 500
393 233
456 368
-440 -229
-105 -354
14 480
126 119
122 -151
324 -38
282 -120
-466 180
384 -97
-464 -100
-174 66
123 -238
71 385
-399 -261
282 -427
218 -218
-380 -284
217 -432
338 -69
110 -82
-160 201
211 356
461 -449
-462 -264
154 -450
214 45
109 145
-133 -242
-189 -437
472 229
-385 41
146 415
241 -315
340 -164
-251 -465
-495 -51
-200 486
70 114
163 153
-169 -14
-134 -142
403 337
-113 -399
-18 -262
-166 70
-487 280
381 -22
-388 -100
56 -473
118 18
477 -382
191 472
482 54
428 387
13 376
329 266
457 279
429 -336
240 -166
-248 255
-403 -33
-264 333
-396 -47
14 20
163 -187
-118 -327
-51 -139
-124 -465
-467 -303
322 258
-234 -136
356 172
357 430
83 -142
103 -105
1 73
-302 460
79 -492
126 18
-253 351
-105 -99
-447 108
313 288
412 -49
40 -456
148 224
189 -71
-183 2
-260 166
75 -52
78 -100
-269 47
42 -118
328 -149
-56 -427
161 370
443 341
288 161
-250 -32
42 -435
34 384
194 142
-377 -232
394 -319
-387 477
-134 7
69 437
-131 -79
349 -476
51 371
-148 2
-277 50
-127 -341
-187 -327
287 -261
484 31
-176 -197
-140 134
365 -412
-76 -76
-211 -84
57 352
-214 138
-41 -182
-216 -485
242 -386
64 464
345 -265
81 47
2 401
174 -71
294 415
-446 129
442 -329
-409 -3
147 -156
56 309
-78 306
77 487
-374 485
-116 -178
24 -273
268 359
-440 -38
381 17
-20 -31
482 -456
388 127
476 198
93 488
340 14
-499 305
-135 0
159 80
-373 470
421 -72
189 -211
-14 -308
355 -450
149 -445
-81 391
358 187
179 102
-84 -242
-22 -77
-34 -281
435 -209
395 -446
162 69
-246 -353
-183 -365
-54 -409
-262 138
-122 304
-81 374
219 372
155 -128
22 -203
88 -405
13 -58
-412 -396
-220 26
232 74
-345 496
259 62
188 -495
-134 -98
-405 -361
-207 157
472 -195
22 388
-432 97
-100 -129
-12 331
425 -49
215 -349
359 436
-182 -487
-29 156
-73 452
489 200
-301 -314
113 479
-436 30
-304 147
-332 136
284 14
134 415
-438 -156
-167 -345
-497 -499
-251 -253
356 -379
-215 -219
478 422
-74 -456
-258 84
288 353
341 -468
195 -400
284 -231
-298 223
-333 -118
-14 441
56 -447
-64 -47
-341 -9
343 -317
-364 -64
-499 -269
-50 -489
197 -223
-440 118
-186 255
232 452
177 401
-146 -329
118 297
16 -259
186 -492
-353 -188
115 -66
-462 51
118 370
-377 355
214 342
160 113
-461 -441
-439 -316
-256 467
-375 363
109 -268
398 117
285 -49
331 -486
27 26
352 -374
-329 451
-310 -397
-474 -496
410 211
-316 -7
-436 -220
-312 302
280 463
80 393
361 320
-203 102
475 -413
179 440
-461 322
46 -212
113 -463
-124 -86
-18 -428
72 -499
329 -449
429 -249
-330 -468
485 -38
477 409
-173 -290
191 121
-179 500
-302 40
-319 -308
-379 409
-30 -255
-403 -344
303 -42
-97 -84
-264 -332
-172 -69
-476 338
-274 -384
-79 299
324 424
-202 11
327 316
376 -312
-153 154
425 -387
352 461
353 -146
129 -93
-314 -350
-39 277
-257 24
-239 304
216 486
-139 -32
-458 464
47 362
5 -463
-7 110
-381 -174
479 -75
420 24
9 285
-488 249
337 -404
-345 146
398 243
165 -75
276 261
35 -15
-149 -389
231 366
33 315
-282 -475
13 -323
393 331
52 239
134 -107
-218 339
-109 454
494 276
270 -119
416 -20
111 425
-1 -424
-286 -52
202 -34
-17 140
444 303
-2 439
-226 -242
125 100
470 272
339 381
-136 -427
57 -237
471 110
157 316
494 140
-405 -380
387 443
43 156
-263 323
428 130
-447 165
136 44
-177 -116
315 -35
99 -183
-259 227
-134 228
34 459
-101 394
-410 2
-173 106
485 -12
-190 -157
-182 -18
-328 31
-389 -413
171 283
-58 -158
251 248
-31 376
-491 152
-158 -188
-23 236
387 -420
-280 421
46 -219
416 -141
330 -97
291 258
-180 -217
-480 9
10 191
-78 -283
144 21
-18 -77
-1 -361
220 -359
-404 -254
403 -432
437 1
-396 294
-42 244
383 278
-340 171
-370 -421
-331 -235
-438 468
294 -236
-121 495
126 -131
-311 139
9 -91
342 -360
-171 495
-251 -431
-288 410
-461 -61
374 -488
265 152
-307 -222
114 -277
-437 222
223 304
-79 -12
419 -338
417 -72
-2 -404
-446 -473
-277 74
-330 331
240 445
-51 313
-234 139
-479 -438
-386 -103
-242 15
284 105
-115 -476
-27 -94
129 457
-260 325
48 464
156 207
-286 72
-463 83
-394 -49
391 47
280 461
164 -117
329 -375
261 -199
-36 -443
-491 -5
-496 190
-295 -259
-96 -184
-336 -383
-131 -308
223 222
-498 470
-340 -339
-238 66
196 34
-448 -361
-414 498
490 -423
71 456
-319 373
-475 -194
469 -147
-104 153
121 302
93 146
-5 421
416 402
-106 171
320 -392
446 -376
62 168
119 52
2 419
-381 -47
-467 360
410 123
-305 297
-390 -84
-35 150
431 -169
-110 275
378 15
-185 -33
487 254
-327 199
-109 -54
366 457
388 403
95 318
58 471
-11 304
-195 466
400 -72
176 -424
-179 84
-132 -449
44 -390
50 323
-411 468
-179 413
47 -93
496 356
440 371
-320 -144
427 403
-186 210
497 369
67 -126
29 72
20 -233
-136 302
289 180
-120 109
270 -373
232 -140
-454 -17
-476 215
-395 -445
53 -294
184 379
166 -485
-406 -306
67 449
-300 136
205 -156
390 -279
-6 -240
-483 -333
152 -331
-137 -42
-163 -105
17 265
253 374
-55 343
-482 -171
-328 -114
112 -430
-444 194
165 -286
-459 362
373 429
-294 336
-421 157
355 -403
-463 -222
145 -495
48 -227
144 179
-97 418
-129 135
403 157
373 -351
263 -230
64 484
-84 379
-167 -85
-37 58
-386 -261
-115 234
-321 250
-197 -323
-426 -230
113 -185
-194 -25
219 -137
-206 429
292 123
-75 -62
-2 -206
111 275
16 316
-387 206
-244 -28
-208 -274
-444 66
465 -394
34 315
-271 -149
330 216
-199 176
-409 -416
-98 322
475 -99
-47 390
4 -460
-405 -107
-337 -351
415 -496
48 418
-378 398
433 368
-476 322
-184 101
485 430
-256 -238
-112 -248
441 -84
-104 494
12 218
478 26
-282 -373
452 -187
369 354
496 -318
-468 -464
78 -87
-368 -72
-409 -264
360 -152
228 308
390 -282
-420 -144
240 25
154 -346
-461 159
415 -96
2 -383
213 -350
-422 159
217 288
287 -254
16 40
96 407
-387 288
-61 430
430 46
36 -396
-273 327
-420 223
-410 22
356 113
157 -106
-376 55
181 308
82 -147
-265 33
62 405
288 121
-110 -136
79 -115
54 -72
-136 228
-446 -209
231 278
180 111
142 418
-42 -422
406 -133
386 -11
432 161
-359 279
-378 -185
229 202
-236 301
258 -207
-465 -185
-201 78
-461 387
-312 -86
-20 -161
-63 436
97 -45
259 256
-23 -175
-85 493
-103 -157
280 5
16 -229
-372 -214
-278 -6
75 152
-456 -402
128 -215
21 -442
130 -432
-444 -212
-428 333
80 -355
-69 287
-138 329
-356 13
-442 -18
55 -28
76 -173
144 -432
-87 -419
466 -431
-493 14
-422 -152
88 239
162 -443
-305 468
148 339
-62 -262
433 -73
398 256
-196 221
338 -137
24 -199
68 468
-13 -444
420 218
104 45
-101 -113
-103 35
-86 -162
-267 196
-51 -110
-161 -457
-29 -432
208 -342
340 -62
-265 -496
239 56
-98 -437
35 -236
402 -271
209 110
-138 242
-45 -453
118 -480
64 6
488 -230
-225 -277
49 18
289 180
-133 412
341 282
-180 33
-229 -12
189 77
450 410
132 458
290 -73
390 245
-124 -96
251 -193
246 181
-128 -31
8 -135
224 -110
156 -65
74 56
309 -21
446 -59
406 17
107 -329
-490 466
-392 488
-180 308
-90 -36
118 -485
326 339
133 -325
-134 -90
326 -139
-225 435
345 241
-369 102
490 -109
492 -411
-251 234
12 458
438 -298
-364 -110
-172 -164
477 -280
62 131
318 75
-70 -478
-405 -344
-170 347
-154 37
-213 -273
232 200
-158 56
-186 -353
-456 350
275 470
-327 -492
-489 -304
413 96
457 313
-124 -382
410 -143
410 311
-57 471
269 458
478 -47
108 327
-82 150
-24 421
-40 208
-230 -414
-407 -33
421 171
-156 78
344 242
425 -232
344 251
-428 -136
-10 389
164 -392
-493 370
6 -216
221 7
-89 -312
-39 214
139 -144
-273 111
-292 187
-289 223
-356 -285
-58 496
319 34
-361 -398
138 96
-177 -299
106 -90
-43 222
294 205
-229 169
29 -461
-340 -239
41 182
-96 456
-152 -468
68 55
-265 183
479 253
-28 213
-468 175
101 -468
476 -498
-362 -61
-69 -211
212 -250
-114 -193
-266 -380
477 20
341 64
343 450
-394 -59
-408 160
236 4
242 64
442 -13
239 361
-406 -479
387 356
384 -295
-1 402
439 500
-350 464
481 166
200 165
485 -37
78 -365
486 366
171 -327
-308 182
196 -118
313 262
109 -192
-52 8
-436 191
407 320
450 -159
-58 -259
-486 206
-244 -94
360 122
330 96
-204 -311
357 -13
-231 495
-390 455
-84 188
343 -454
-338 -31
-393 143
129 218
30 -143
-413 -401
-324 300
-118 179
457 -318
-130 -281
-328 176
440 468
450 -341
-34 369
-2 -280
-389 -58
-225 99
16 -356
-409 -14
194 446
280 114
-282 -10
19 76
9 -255
-199 -233
-63 81
-274 -376
49 -211
135 -488
-92 482
-352 -283
-207 -196
430 250
-340 407
-12 490
-417 24
-51 387
221 142
-89 304
-161 481
486 141
275 -417
-391 312
478 21
-308 123
-281 320
-420 -416
-267 345
-173 207
-2 -432
311 -129
24 -92
-472 472
-112 455
250 -272
352 -206
270 477
129 169
163 58
114 156
225 132
221 146
-160 330
134 -320
-36 -174
-403 -174
-352 -338
-268 -395
172 -132
162 -240
-387 295
288 173
135 -411
27 -418
375 407
11 -12
409 -236
-374 45
214 -456
54 301
-381 65
99 98
440 441
278 427
371 52
108 402
-384 31
421 -67
130 -74
-218 323
73 236
450 393
-379 422
-357 -152
-135 -187
59 456
373 -368
-378 -367
-335 -359
372 -330
-419 -202
464 153
-47 119
-167 467
152 317
410 -195
-355 -123
-131 249
-111 237
6 215
458 186
-471 312
175 437
338 -467
-248 331
-137 -380
-100 -193
78 94
404 52
291 -353
281 -363
246 -273
500 -32
-317 428
-477 -348
-111 133
-73 -196
-476 -14
126 -351
390 480
349 200
-308 348
-248 -307
-204 -94
240 128
29 485
-279 -169
29 -258
-299 198
388 27
-202 272
-392 -288
-400 -346
438 -121
-94 -311
-430 -282
326 11
280 468
97 -431
-137 134
-89 -366
-16 82
152 32
-67 -137
406 -56
373 349
383 477
10 -421
175 -91
25 365
-202 242
388 -448
-249 -412
432 289
-329 231
340 20
-490 -96
-241 15
-332 230
73 151
-434 476
352 -337
154 397
326 425
-147 442
192 -364
-87 -73
332 344
76 68
486 368
74 198
-425 241
173 274
490 366
288 417
-371 302
372 -336
322 464
-178 -132
118 424
11 246
-5 71
85 373
-213 388
-426 -305
-224 -35
-24 -11
-360 348
350 -451
57 240
351 -306
165 -261
397 231
-362 -68
178 336
-319 362
-458 277
-44 301
-275 236
-117 -478
-450 422
172 325
-277 243
108 17
348 -232
-220 -377
-356 -98
463 80
316 430
-452 103
376 -426
-81 189
194 163
259 -126
414 -109
-243 -52
-397 238
-266 -459
-325 130
-388 494
-368 106
-321 -184
43 -426
-408 -446
148 2
110 343
433 327
-429 345
-347 -104
30 422
484 -297
284 -58
380 115
-473 154
-206 -307
-71 397
-469 361
58 -445
401 168
144 171
-157 -88
-328 -206
-173 137
73 157
-344 12
88 -417
346 -287
298 -92
-374 -324
152 383
403 -140
31 120
-223 -69
133 246
-327 -318
-238 129
465 326
120 47
-400 -358
-440 323
-291 72
-4 -358
412 -237
385 -7
218 -373
-499 132
301 441
111 184
-104 234
482 488
434 229
-169 8
-302 112
149 97
-189 218
-110 304
52 -484
305 105
293 65
345 -67
-385 280
410 369
-428 326
247 -304
241 447
-260 -285
365 -467
-230 22
67 38
-14 110
492 397
238 -495
84 -360
-28 18
-172 472
160 -491
-135 -457
365 17
-424 -167
423 -271
67 -244
-230 71
320 292
266 -340
-470 -412
110 87
-474 448
-161 443
391 -421
-303 328
-213 219
345 358
57 98
71 -186
-139 95
-484 -268
-486 312
-409 165
438 -474
340 250
-132 -482
-488 -224
325 -320
368 -271
311 -214
-421 465
-275 -240
63 29
-357 -148
-187 -453
91 210
-470 -356
-90 -328
-138 291
82 -272
97 348
-357 -31
226 187
-369 -303
274 -356
322 -58
-316 299
-298 -411
-360 358
436 -435
-346 401
-163 159
-377 74
-256 -201
-39 224
-23 -385
-97 -292
177 -16
229 357
383 -133
310 -123
-67 419
-98 184
485 27
52 -50
181 -441
97 38
-492 184
376 -191
-269 -30
-404 -479
280 254
-123 -313
91 456
-282 -245
159 413
201 -284
-440 -286
160 338
317 14
-340 278
-26 154
-268 173
-481 -98
405 -225
288 -208
172 1
-442 -125
-127 -456
115 80
133 -84
147 -40
178 346
-319 -323
-56 468
-53 -26
188 276
-141 -259
186 -486
-419 -125
-28 -391
-287 -202
136 -8
380 -368
138 -389
-331 -350
194 276
-328 -429
-369 -306
-451 -412
180 -331
-49 150
300 -153
-161 -352
246 -74
-212 -349
16 -238
-371 166
379 -477
427 424
0 402
158 367
420 -426
-460 -234
58 198
-355 446
242 471
-365 172
417 300
456 391
-174 31
-478 -22
82 -476
77 145
-146 210
263 242
291 -235
-186 90
-495 -44
430 263
-30 230
392 217
-139 191
-49 384
-89 327
-135 -451
-469 -310
311 2
-488 445
-144 -377
208 350
84 97
-181 0
237 72
-373 -22
-147 409
149 -34
-243 442
420 494
174 -449
-25 107
365 -482
-1 -134
473 -311
301 223
-279 328
-70 37
462 265
197 348
283 -159
-11 -15
-54 21
237 -434
154 -106
317 203
191 435
-452 -69
-427 -159
252 150
155 480
-2 -432
-21 -340
489 -220
-248 80
49 319
194 -377
311 -456
-212 182
268 -489
-495 -260
-382 -364
-225 178
253 195
-308 371
405 481
-143 93
-326 181
-477 -97
-320 71
-107 -119
147 -174
-1 428
-485 403
-280 -457
-338 214
-213 -126
-318 -304
-168 -226
-260 395
382 -234
-40 186
364 465
270 481
-217 -219
392 -44
298 -216
-255 -248
64 76
-77 159
-247 -286
374 184
423 351
-163 -36
188 67
8 367
-380 293
355 43
364 15
190 -59
-215 -208
431 480
-443 -237
374 458
341 484
-316 -319
118 -343
162 364
-394 481
61 428
-158 -174
97 -258
53 46
296 -112
-344 -72
-295 -184
389 179
355 -141
-404 339
107 -316
123 148
-115 -331
42 -95
-132 271
-231 105
86 300
-298 2
-394 -434
257 34
452 -98
-324 -67
87 68
171 -295
-36 -126
-488 24
-439 -478
485 102
313 -129
498 433
-292 -288
-460 212
-94 295
381 -178
411 453
-372 -21
115 269
300 -165
221 18
388 -137
493 -32
100 -35
18 -288
287 -260
152 -81
-260 291
360 333
297 -165
-141 -301
-42 -187
-130 -200
254 451
-195 -232
-65 -113
-211 266
-345 -78
132 154
-195 -80
-488 -283
-215 -80
-296 405
197 -78
170 -71
-113 272
481 2
73 -294
-330 182
-376 -430
126 472
277 -483
190 293
449 332
294 207
156 -182
-423 346
70 308
-454 -70
192 349
-213 -33
254 -195
-427 -265
-108 375
163 389
109 -124
177 -220
189 119
228 -150
-402 369
-41 -467
307 -103
-350 -462
-55 227
-486 -40
386 108
-176 -462
13 -147
-259 29
-10 209
-67 12
3 -398
451 311
-308 -173
-265 -406
-319 387
208 -255
25 230
177 -33
212 -253
412 334
-248 -119
104 -451
-425 -176
235 -415
244 -290
216 -5
-34 25
-158 -402
60 -452
-127 -323
-410 4
-126 -190
-135 88
466 49
70 -449
-206 205
415 -345
-264 78
113 -192
-185 390
426 214
154 114
256 223
110 130
471 -13
177 -63
-419 -375
-374 -417
112 299
-410 -423
-147 -244
285 493
-373 -226
-5 -416
-228 349
-256 -161
477 75
-317 -95
-469 -223
194 235
174 366
-24 389
10 -404
-259 -312
-252 158
-295 468
367 424
388 106
267 -464
-115 -4
475 7
421 18
460 -100
402 -133
-174 -425
119 33
-247 356
-204 320
-61 -259
54 -352
395 441
-13 -252
303 -236
-59 -185
-357 23
-357 -23
155 -130
-305 -346
22 404
94 -207
-96 91
-371 -105
-366 39
-215 -9
171 -418
94 356
493 -271
252 -374
-442 342
-300 -178
-120 -174
455 490
314 83
305 289
256 -441
7 -48
-334 380
-392 174
80 -134
-411 -211
18 -325
-117 316
500 -348
44 492
-326 349
205 368
-238 -55
-142 469
372 -280
-147 -391
-26 108
-358 456
-194 263
-240 77
313 271
259 384
469 182
-345 -52
298 -95
268 -207
248 -343
-195 -312
-361 -37
270 -274
383 -222
-43 -219
29 232
443 423
195 -438
271 218
-169 409
235 -428
118 -299
208 -318
-434 163
-482 377
57 332
390 355
145 311
295 -141
78 186
-84 8
-137 -404
304 -187
277 113
-99 -465
-100 293
49 -133
-338 328
-337 128
119 7
340 -195
-95 -4
-396 -30
471 -101
-247 406
301 491
-320 81
110 53
-284 -40
-481 474
-265 206
287 -217
-420 448
463 133
318 -92
-34 494
91 284
485 278
-139 -390
153 346
-166 -64
152 34
-267 448
240 123
91 -355
74 156
44 -72
-125 -293
7 144
-40 96
308 -62
-469 405
171 123
22 41
-154 -471
-371 -136
-342 -335
245 -482
-39 -458
235 -74
458 193
87 -462
230 -332
81 -290
69 -192
-117 -415
-244 -120
10 -447
-134 452
-292 -101
-63 -349
-58 4
491 -51
-4 196
409 299
-395 200
-299 248
14 218
97 -231
379 308
163 -287
468 -272
342 251
-497 -351
194 388
-428 418
57 34
-66 329
-284 -254
-331 -256
255 35
7 398
-98 -268
-369 -6
-418 121
328 -223
-102 -325
329 77
-196 299
-452 -307
438 -59
-271 341
260 -187
-399 103
328 405
-158 -423
-462 -134
23 -469
473 -78
264 208
-478 -335
49 -95
-267 179
-101 -391
101 -390
-419 -322
-473 38
155 253
-75 109
418 382
494 225
73 112
100 419
76 -159
-440 340
126 -276
-1 -245
-349 296
-210 -77
15 -345
41 -324
-170 257
-147 429
422 63
-198 384
139 -305
252 243
194 -138
239 94
22 398
302 154
-301 -195
408 242
-278 317
33 150
-353 312
-283 267
206 -342
-57 321
-69 -188
-316 -27
-456 357
390 197
-141 -340
-262 201
331 82
84 -238
-145 -132
-134 125
348 -260
227 411
-26 409
-362 322
-296 427
350 71
301 -168
-253 121
-111 242
-387 36
293 -251
292 70
81 319
-32 75
-51 140
322 -299
-148 53
396 106
370 -349
-316 -448
8 -129
406 146
306 68
466 341
-416 81
240 -26
436 -252
-385 -173
-318 -379
249 214
387 471
-251 -255
414 -193
-114 291
202 -219
180 -27
53 -198
-95 136
-453 -174
-472 361
75 -135
-114 116
75 -50
-223 -124
122 -287
368 174
-60 6
492 -14
-233 -353
409 470
20 472
-279 -354
-28 218
123 -131
-286 -92
-31 -378
-381 34
173 -366
468 456
-315 58
-243 -293
-17 -186
360 222
234 -192
140 146
-285 312
-350 437
232 -312
-377 -333
297 -239
-39 300
-101 -152
297 -115
60 371
174 107
-58 202
65 302
262 -287
108 -457
374 266
-290 328
217 467
155 53
390 44
-78 109
-402 -2
211 -381
-134 386
126 -147
182 230
251 137
137 -330
-357 -307
457 26
-446 251
445 -267
-481 121
-159 -211
52 467
173 43
373 460
119 54
106 -443
322 194
431 210
163 257
193 316
-325 106
-491 329
34 -197
-189 60
110 -285
-424 92
-216 -391
85 -274
224 -446
10 -416
448 415
-359 -474
273 -176
-110 271
-401 258
-303 -462
-248 167
124 -62
27 -18
-87 418
424 -34
87 -64
372 282
80 267
257 346
401 276
258 -150
-428 -455
-143 332
-412 447
-330 448
359 -202
307 -386
-453 -346
421 460
-227 381
324 -409
108 67
312 -375
313 61
-336 -346
261 69
475 -264
-283 -83
147 278
-488 450
88 -203
-124 141
-395 330
-466 -213
-498 -218
-213 300
-300 -48
236 64
162 -366
161 235
216 249
237 421
-137 134
377 -164
141 -299
-469 17
413 337
-383 -264
-419 6
53 -163
-430 -133
38 389
-4 -68
-48 -116
-395 -52
-394 39
358 -223
480 -307
176 481
254 -81
196 -373
69 -34
347 4
-145 -120
-164 141
-203 -348
-196 58
326 107
-465 9
201 90
449 -333
-82 -378
251 -114
154 -176
-152 138
219 230
102 -72
-107 386
-30 72
238 -115
331 320
-219 283
-369 -461
-233 -131
408 -430
-124 -12
-2 -395
368 -158
413 262
-406 471
248 -372
448 -170
352 -116
-228 256
-470 415
373 497
-420 -200
479 -145
-296 398
-353 211
91 251
276 485
226 -377
490 241
-428 -316
458 -136
131 -432
472 -292
-232 -426
-40 -135
-125 112
277 184
263 347
305 69
67 283
64 -358
373 -67
-300 192
344 312
218 374
75 -145
-141 481
-495 175
387 -317
-161 80
-17 284
367 116
27 246
-198 -170
466 -281
-250 -2
-333 369
-476 121
429 457
-379 -240
-416 107
-150 465
-408 350
-250 -320
31 -354
306 319
-71 165
-267 -141
401 348
26 -475
-352 -114
456 -440
-113 419
-441 -459
453 -17
-376 139
-109 383
40 247
273 261
-189 311
235 -13
223 -85
19 58
124 70
421 -197
204 364
338 150
131 -465
274 216
-62 346
398 -304
-451 219
335 -500
72 407
-423 -212
281 -195
-301 141
442 -382
-380 183
-265 -45
440 459
-54 252
-61 462
295 165
11 230
-300 -155
444 -310
-174 235
-312 422
483 406
-433 29
176 -441
47 414
-480 388
134 288
-466 124
178 -463
132 438
-161 299
75 -17
-225 348
313 -230
-243 43
-95 347
-136 -479
164 -305
318 -94
138 -382
353 285
-264 471
-41 -267
-260 435
-425 -350
253 259
233 -246
254 -365
-12 425
221 -281
-291 38
-95 -456
-425 31
82 419
453 -272
334 -143
-423 365
-11 -289
480 31
482 362
-479 195
224 -195
-477 130
-377 -437
111 -103
-48 -428
227 -143
-185 491
-132 207
-348 495
441 167
-111 -47
476 415
6 83
122 215
249 405
-369 -467
4 -263
222 -295
-45 288
372 -483
-405 -69
13 216
152 342
-222 441
-212 -422
192 -198
-90 88
442 -230
-209 259
-194 228
328 77
62 -100
402 -172
-412 9
466 -213
-4 -40
-187 -76
373 -479
-5 33
481 -11
-271 -374
-305 -395
-115 227
-486 -10
209 315
-177 490
-283 -341
-255 -246
395 -15
239 -386
192 -66
-80 335
-337 424
-57 308
-245 -91
-64 125
49 -391
374 -146
-209 127
-112 -415
-154 350
11 249
42 72
-112 -40
-346 450
-373 185
-23 111
488 -130
-70 -113
-187 487
-85 460
364 -216
452 -283
304 253
-482 -294
234 -438
-203 170
-214 -197
4 -384
12 -269
216 299
-323 140
280 171
271 383
-125 -422
-322 -314
435 286
-129 -5
478 -176
-77 -323
335 19
103 29
-156 -402
436 -65
-204 48
-194 444
258 289
465 -129
-28 -143
-463 -85
-165 362
415 -395
-215 -489
-161 33
-252 162
-332 -415
-212 -176
364 -207
13 72
295 156
442 -293
51 480
-363 -301
463 343
340 -356
469 192
-475 246
-209 -477
-445 -48
-196 -469
-240 26
-438 316
-366 -120
363 137
-484 377
219 -78
27 -192
-10 268
437 29
-485 187
409 441
-270 378
225 -467
420 274
435 487
-52 -207
240 -221
484 -52
-25 -452
-66 -417
-96 -152
367 282
439 404
297 355
366 271
-343 -385
-490 -338
-3 -439
409 -207
-68 125
-103 -62
-9 75
61 -33
358 118
296 81
-94 -32
179 65
-30 303
31 -398
-20 -312
-162 336
385 61
66 71
-144 99
-54 376
488 366
442 -206
418 -19
-272 190
417 -353
462 -219
93 -449
390 230
415 -362
176 -395
-328 384
-124 -356
289 -148
-371 -63
-39 -400
115 -228
-348 261
-343 485
89 399
442 -128
-498 431
448 168
7 485
4 -495
34 -93
-394 -360
13 -171
-5 58
374 -94
6 298
167 -260
-383 -165
167 268
155 -314
-263 -387
-85 -83
1 -299
-419 -1
-411 17
9 -101
320 320
372 157
-89 -326
-196 -16
474 -458
-197 -268
233 251
-288 -359
248 165
97 36
158 190
-32 66
-149 392
404 203
22 221
89 -372
-280 -279
-349 247
-469 -474
-31 28
-143 348
425 -471
-200 -101
-497 -404
-153 247
33 -103
-65 -411
133 -345
189 340
320 31
6 -55
158 419
-101 -277
57 370
-422 -300
221 -66
259 237
485 49
-150 -322
-488 58
235 -23
-422 -323
370 266
290 -475
-459 399
-345 78
125 162
35 381
-343 370
-489 243
80 12
468 26
37 224
478 -279
-97 -106
113 -125
91 -88
-466 356
-260 -108
104 110
-449 28
-443 285
-249 -25
316 -291
221 -479
239 -357
-470 -122
-410 -67
493 -187
-192 334
132 315
189 20
-141 -172
401 425
-254 -452
-376 196
175 227
-184 433
-478 135
-446 205
-101 479
-215 269
494 -266
292 193
-185 -496
-313 124
-285 129
106 -457
262 466
373 -128
90 296
-443 -64
457 238
-69 -45
322 -391
-127 222
-193 -212
-100 -270
97 -183
155 -60
474 -14
-187 -180
68 -488
285 -72
-366 -300
-82 346
347 -228
-473 446
-255 -333
64 -498
1 -412
-76 322
-287 -393
-157 48
26 -169
-115 -399
-57 104
318 -124
140 -99
-266 -60
34 -473
197 -132
448 -272
301 357
-370 278
-496 20
-87 493
-359 -46
41 -35
230 -109
-390 -288
96 316
-231 -314
-319 -396
-381 133
279 -167
425 -171
176 245
-483 -198
75 248
-6 -488
379 422
-333 -450
-388 352
-179 416
-294 -228
305 126
-303 16
-56 37
460 -467
181 156
224 -294
12 242
-420 464
299 -353
-250 -306
-197 -337
-75 6
112 475
301 389
83 -88
294 11
443 143
124 -330
119 138
-214 -123
213 213
-333 -53
414 29
299 390
-211 276
439 -424
157 -28
-131 270
-24 -244
-353 211
353 -133
467 -292
156 -172
-190 -329
-132 462
-309 311
189 -452
85 323
-492 -396
-58 265
367 38
-278 78
280 297
411 68
-384 -469
-168 -99
24 -38
-257 -359
140 -474
-209 449
206 -164
-261 112
270 -186
234 348
-281 -97
-370 -315
-473 352
-332 117
-173 403
-229 412
-361 398
-436 474
279 -261
-55 174
49 -467
271 -151
-285 -114
470 -41
-55 92
94 -266
-185 101
-117 -362
-173 -215
268 446
-338 310
-124 -221
-255 -117
461 87
302 -478
49 156
-134 -262
136 231
358 59
144 469
345 -472
-59 -353
-96 169
-16 -63
-249 434
458 24
-444 -433
146 -449
113 -399
-448 413
311 133
149 -266
-479 270
248 398
-326 359
-238 13
97 -256
-274 227
238 378
-356 -198
65 -316
370 345
-340 179
302 386
49 451
66 220
123 -178
-144 -65
92 285
-375 -86
-358 196
276 -349
5 314
492 -386
384 309
-236 65
474 -194
179 50
235 0
0 162
290 202
-409 -144
477 408
-277 76
-201 237
349 -361
-136 -53
-106 469
-499 -71
-169 372
236 -198
106 -121
370 -227
192 191
-82 -96
-215 31
352 270
151 189
438 -499
-156 -113
-294 11
10 77
-328 367
80 316
181 148
409 98
421 201
249 -459
-32 157
-34 -82
-90 -455
160 229
462 485
-343 -123
-256 -341
-84 -332
-468 195
-154 -146
46 228
82 293
-476 278
-170 -155
-52 345
-69 -199
102 56
-451 -305
-136 298
-113 200
-459 18
297 421
-443 -328
482 -199
85 -456
479 481
426 119
222 238
423 -11
-415 464
434 335
-113 -88
390 -124
-118 176
272 421
497 -115
-77 268
-336 256
113 351
-55 176
332 41
-373 -327
-128 465
135 155
-249 227
-256 203
50 -3
-3 -108
-181 -451
187 468
-455 -481
495 385
446 203
442 -138
2 -172
190 438
-192 47
308 38
175 24
231 85
-257 290
226 128
-209 157
333 257
228 -299
75 64
435 403
472 500
-225 488
16 95
-358 437
-24 84
246 -206
-320 -113
-300 -35
224 242
-109 -360
155 -320
63 -327
462 433
-214 291
-421 -460
-76 -67
258 126
168 -52
369 -14
454 136
93 161
249 -100
-151 -234
-485 -204
295 320
215 397
233 -179
293 451
-447 -128
-443 -333
-483 -306
-44 -327
219 -417
-45 181
-125 286
182 293
-357 -355
-292 -219
-114 -377
17 303
282 284
-101 -126
-433 -262
-422 26
106 -44
289 -297
195 119
276 -21
407 -425
358 10
210 498
126 -408
-100 246
-201 279
-381 10
498 -444
-52 489
-141 -149
17 399
474 229
468 -240
457 -222
99 -101
154 -218
-450 102
-324 156
2 68
10 -184
-287 127
378 69
-37 419
-310 314
-307 -494
-307 -353
233 97
357 158
-363 289
71 377
384 -456
396 161
-315 113
-165 -57
109 249
-447 -347
-11 6
112 -248
209 -82
131 -69
-265 -361
162 -389
-56 -453
382 124
-86 13
342 -181
-408 156
229 -23
-81 -161
333 288
247 -15
-357 161
160 78
326 200
309 -198
-221 -106
228 169
-371 130
253 461
-497 129
-253 -193
-58 -247
468 136
76 -408
-314 223
-204 167
298 -383
356 327
359 -160
56 199
-221 452
260 -243
330 -251
-62 -109
361 13
167 -433
-340 -181
456 116
435 32
23 -171
-366 380
373 212
378 -235
-161 -410
385 250
-189 -307
-157 382
91 -425
-81 146
-84 -177
348 402
28 24
196 475
-275 -8
415 382
434 -78
-18 194
26 124
179 239
418 289
370 -491
-143 -427
272 150
-161 -166
-192 -141
58 -66
193 -236
234 -7
299 -359
-256 -18
274 422
-69 -396
146 -178
496 -351
306 253
168 -151
-77 -217
-333 199
497 217
96 223
308 -2
-139 272
-276 71
241 -227
-493 -33
-95 -360
-249 160
-440 -69
186 -436
140 339
-231 -6
86 329
364 -29
-152 -219
-176 -118
-294 83
-241 385
418 404
215 195
-249 -38
-298 -194
191 375
28 -4
90 54
-302 -73
-204 227
-161 -494
470 277
-255 -189
-327 324
221 -166
33 -386
-286 -350
449 155
-136 285
-248 -91
456 -176
262 -148
-430 31
318 67
186 274
-298 -44
123 459
256 266
185 -280
12 -396
-448 -408
129 -316
-67 203
40 -357
-272 -304
56 378
443 35
-144 -268
397 268
-49 -43
-2 135
-19 -37
-278 -252
386 -81
-269 38
-74 -339
-484 340
243 -179
14 283
254 -223
316 237
406 -247
-481 -71
-176 0
-257 -232
26 31
-262 -357
139 -498
468 354
-210 -211
345 378
493 -83
15 -194
-471 457
-333 246
-79 -364
478 -361
-179 -192
-320 435
127 242
-392 -429
-410 429
243 -156
-16 154
-473 280
48 -254
-489 -393
341 -76
21 301
-257 159
55 -124
-263 191
-271 -54
-439 175
-362 -118
134 -316
-371 344
200 147
162 154
178 137
251 -251
-70 325
-448 129
489 -424
-438 -196
-105 -233
-301 -224
220 -268
-154 -43
134 -389
27 -257
316 -228
109 136
-223 -355
125 279
250 38
-377 -449
-455 361
417 -300
-216 432
-260 -80
263 -39
175 -275
-164 59
-492 429
3 198
266 -467
-220 311
-357 55
-472 -195
166 -107
414 167
-252 274
432 -382
213 -319
218 293
122 127
331 -102
-60 324
-61 135
435 139
-129 97
150 392
-357 -250
-112 95
257 167
-439 -478
287 307
-439 -316
-49 -38
-62 -348
-186 -317
-51 153
274 390
405 -114
-354 -157
-134 -313
36 411
86 276
-412 -216
-306 -292
472 379
-180 -140
445 -161
79 363
-87 105
-253 -222
-405 201
89 265
-426 -171
211 -371
139 -453
114 -145
-405 485
-272 362
496 -423
-318 -284
412 -173
-364 440
357 -53
-324 461
73 -63
270 -387
-474 -493
173 379
444 -186
248 346
-366 220
50 42
-267 487
307 189
-128 35
473 244
-254 484
-265 54
-245 150
-139 -246
-457 183
-253 372
253 -216
-237 95
224 124
237 406
-58 276
-12 438
96 256
375 -376
-260 -109
-81 -175
270 313
397 35
31 204
-78 87
395 453
-434 -225
179 -278
216 207
-9 179
389 384
226 355
48 75
269 490
-464 -345
108 140
-328 -392
383 -249
-137 -142
70 -360
-33 -426
348 -319
-191 330
-126 364
-12 -267
-197 -170
274 206
94 94
-117 128
-452 459
271 143
167 8
379 296
-338 -329
142 112
-320 -365
-461 413
402 407
24 -175
-180 -104
-480 18
156 203
-233 -298
438 -252
-194 -313
135 -277
-28 119
-81 87
-199 385
418 450
331 471
156 -132
-394 -282
-482 -187
-198 -490
287 -207
-498 -460
42 -450
50 -216
252 65
94 257
-342 309
351 -421
-174 212
-393 488
-498 178
-401 -467
452 489
-464 -150
167 421
-451 -153
-384 -363
-470 -49
-381 67
-499 452
-430 -188
-395 -457
-242 -362
-125 462
396 463
-42 -368
448 -202
264 125
364 102
-10 -385
430 316
-328 -150
-223 -24
-298 434
-219 158
56 356
274 144
111 190
-217 -195
215 -475
-160 -259
466 284
171 215
-124 -479
-344 -158
49 -481
-35 -322
372 -60
-336 373
482 -40
-56 -500
-24 -268
-160 252
355 82
-216 163
-87 -55
117 154
-39 165
206 -51
-232 -411
389 308
170 -440
-390 124
-315 234
-116 149
-220 -490
185 310
-314 -118
198 -361
373 221
60 100
-447 402
53 210
391 322
-212 362
-54 -289
428 274
102 -324
148 141
439 -147
-134 216
-136 -450
141 -64
164 371
282 395
468 -189
194 453
239 363
172 -373
-26 -110
-235 105
-2 127
486 -417
283 -68
-419 -239
177 -204
-348 -405
-419 -257
122 -192
345 289
-20 351
-99 372
-22 277
-445 -442
383 -152
-273 -388
319 130
-382 -486
-136 -64
-210 409
-315 -109
427 413
-57 315
-39 -330
205 490
-479 -412
442 23
316 -436
-115 409
-150 -132
452 -202
334 245
-48 479
-141 -351
-325 227
40 -144
138 66
197 -396
111 -322
278 -39
-335 496
241 -367
-110 -337
-365 360
-297 169
-366 -399
376 7
-481 12
-172 -290
271 321
-45 413
382 476
-236 282
20 272
-462 361
214 343
-22 452
201 -386
-276 -151
417 -289
263 -81
-46 -477
273 488
31 -246
53 -239
376 -56
-419 211
165 366
243 281
-313 399
404 -425
431 41
83 455
-415 473
313 101
-219 -401
-341 449
358 413
-332 -446
5 263
173 400
-346 -89
263 488
428 385
-307 291
-187 490
65 -152
-451 471
494 89
497 107
-315 -20
345 37
-234 270
-486 -52
-468 468
-216 420
-245 2
-250 407
-334 -258
243 -88
-240 426
-443 292
-180 472
-424 -293
358 5
467 -352
403 27
455 424
-104 -175
-39 -358
397 -148
300 446
-397 -56
-238 -63
255 157
363 125
358 -172
-161 187
278 -196
353 -235
-291 299
158 -183
-246 34
59 238
-277 -205
-90 438
-139 -281
49 407
214 287
-186 -148
353 -472
403 101
167 -338
-448 -78
-55 62
-101 349
-177 -404
-69 -128
286 -336
-303 318
382 271
-358 -142
-114 -26
106 -478
-477 -70
-356 -259
-191 -486
433 -187
65 -19
-119 60
67 377
472 449
-224 -257
459 -218
438 34
-113 59
124 -492
-76 -360
-325 -136
183 138
103 -119
-59 104
365 -302
-458 441
374 247
403 324
371 -349
359 -43
-280 459
-4 456
-449 -138
216 -301
150 -20
190 167
292 361
248 -489
-46 294
-366 -393
-254 -473
-325 -425
288 -104
-296 114
436 151
267 -402
-258 36
264 -266
331 -450
31 92
-281 -52
136 -20
372 -371
403 -337
227 460
-54 -203
377 -125
-77 363
-33 314
-329 13
-121 -159
126 257
356 161
196 -13
212 -99
159 -427
-175 187
413 -133
-64 -401
-26 -58
113 208
205 -297
486 -132
-52 -42
396 404
-438 -64
63 480
-110 -80
-287 -8
142 433
275 -27
47 -101
244 -156
-181 -413
-104 -198
398 -119
-262 439
254 88
-141 -116
51 -299
-61 313
-288 -492
-488 -393
-269 150
-267 311
-425 425
-149 370
-4 -234
-318 214
26 -499
23 -31
104 103
-36 29
264 -402
424 -146
293 -474
-48 -261
-383 410
-416 409
204 -351
318 411
-130 82
65 353
-378 -53
394 -445
351 297
-452 -173
167 -374
98 199
417 76
475 -420
-477 85
-462 309
433 394
253 238
-140 372
-51 -156
-341 305
-168 307
129 -279
-10 325
383 -299
-104 -320
339 182
95 14
-347 354
228 78
463 414
-220 -403
175 -333
-152 -473
313 62
-61 464
-352 -488
-367 -75
379 428
12 38
174 -187
161 418
219 485
-464 -421
-292 -472
-394 -15
-436 460
-163 383
-479 -394
-217 172
215 295
37 225
-336 -288
62 -61
374 -183
-106 318
364 -66
328 102
-13 328
-346 47
310 -354
319 271
-262 371
139 -423
407 10
-152 -175
-54 68
277 -53
-381 112
19 24
-249 246
-413 -265
-475 352
-179 -253
454 -376
-482 -493
141 252
269 -326
98 310
-15 -15
316 112
292 -93
-121 315
113 -425
14 -324
370 211
435 -380
-64 466
27 46
-331 78
73 -305
486 -456
-7 -45
8 51
-48 -477
-117 417
-455 -147
-1 165
-273 -331
-270 -18
-312 416
-434 27
-214 -397
324 -175
272 481
154 426
-316 -201
-74 330
-126 26
416 42
-427 -34
-219 76
339 -10
383 -215
314 -146
-119 -85
-283 -239
167 -13
21 449
281 500
123 324
-389 -76
-142 -184
222 234
-349 -297
-100 -204
-401 -161
-24 91
-248 -178
26 227
-278 -476
-282 240
165 -111
404 -220
-443 -174
-360 -405
-29 -134
-410 -152
162 118
234 -220
-197 189
-492 -174
-337 117
297 48
-133 -225
386 442
-204 213
-163 247
308 239
-488 296
352 -47
310 435
-331 461
479 153
30 -356
287 -180
416 480
-430 474
354 480
-431 495
219 -442
-372 -129
-398 22
467 208
-349 -489
139 62
-39 -112
-135 -415
189 226
404 76
238 -119
-16 60
-396 -97
195 40
391 -33
-399 176
191 309
-430 313
389 302
-90 -348
-132 -459
485 82
316 341
38 319
-328 491
-274 -277
-266 210
-205 -156
178 160
-202 -337
-138 -68
84 118
-331 130
41 357
310 -461
309 135
-443 254
-440 446
-404 -251
-383 262
-428 -498
-67 -116
124 71
381 395
-183 -3
-110 233
492 327
-406 -71
-400 -220
491 -114
-237 130
357 -30
36 54
-105 -233
499 -293
73 -230
-125 465
458 101
444 385
19 -371
338 -284
-431 -396
325 -206
335 51
-373 -80
364 -159
-258 486
472 473
487 119
-417 -112
-280 -306
-454 271
311 162
-412 -335
368 -432
346 197
239 357
458 30
-184 -257
-65 154
-436 120
432 287
-321 -276
212 -313
-395 -281
-465 4
279 142
102 177
251 -140
205 -24
-166 -134
238 -155
491 26
-416 16
-250 395
-181 157
40 316
489 305
444 -461
-119 139
73 347
-66 -314
383 -463
365 366
-100 499
367 -165
-196 282
6 383
-359 462
-85 305
317 288
321 -457
-20 -149
-228 -39
449 367
25 -165
-36 -440
361 301
133 -328
475 -221
30 464
-79 143
-396 -496
102 -349
33 -332
109 -45
-453 193
30 249
-470 15
-155 158
357 -79
224 -177
-306 14
30 -42
-331 -11
-440 -372
-74 27
202 -434
-490 -156
316 -104
91 363
152 -277
-477 -26
249 -194
-83 -87
-353 139
123 408
-419 149
462 -70
-10 -243
-68 -296
208 306
-158 -209
132 -82
366 -214
-41 8
-397 314
115 -300
-89 100
-303 -19
179 373
-233 407
-60 -121
357 -246
165 -465
468 468
405 -388
-167 212
-267 -493
-91 -363
-458 -483
-6 230
-75 -75
466 176
307 -62
53 -450
-500 187
-147 -193
345 -207
-34 191
-52 -467
-209 -65
115 482
-330 -8
-49 113
163 216
279 484
374 -282
-55 -443
448 296
427 -323
2 -420
-286 -236
-243 -193
296 -363
438 -205
255 62
220 125
-295 1
277 348
-195 -228
229 105
-300 1
-428 -474
229 -168
275 -487
-364 420
8 -156
67 -289
489 419
-285 -198
280 322
177 16
370 234
100 -353
-395 -116
219 -28
-95 -347
68 2
213 44
-62 430
495 354
-250 -76
439 -169
-143 358
-333 -463
292 -357
28 -449
-111 -290
-339 365
52 389
-414 5
95 26
-52 -58
-25 -427
-12 381
-441 149
415 -105
197 76
167 -421
-326 345
489 -274
246 424
152 67
322 224
-81 -266
-6 411
-400 -76
-308 182
5 -32
31 244
77 -214
-19 -377
480 333
-334 335
408 -500
422 -369
292 -146
12 -364
-258 421
276 118
245 160
-465 -316
-149 -472
-40 -34
318 -352
254 -263
-131 478
-326 181
338 247
241 -37
-262 400
-475 69
-65 392
-147 300
208 -143
204 -421
-330 -398
296 -24
104 416
-169 -291
423 -486
-166 179
-60 -145
-295 -69
250 -191
400 40
-467 -25
259 54
22 106
127 50
-345 149
-331 427
-490 197
410 80
-281 -430
-168 337
403 -295
213 299
-193 78
-280 -256
104 492
133 499
13 267
-314 -450
49 -278
-185 277
-188 101
-342 253
129 183
394 -191
211 176
254 -273
154 481
-409 -490
-394 497
-235 -137
411 234
-394 -440
192 -162
465 -7
305 425
217 -246
-182 127
227 -375
-133 -50
-110 60
-5 111
480 -239
397 -303
-45 -117
239 -487
-188 254
-302 -386
-201 -19
-262 -189
343 86
-208 60
-109 -434
39 179
270 -489
-96 196
-291 -202
-261 241
393 -398
295 -148
98 72
116 -401
352 -148
300 26
344 471
-269 274
346 -24
127 352
-295 203
-453 -144
122 301
-24 256
-56 472
183 -139
-326 -41
398 56
-392 75
75 249
72 63
233 466
358 -407
169 22
111 -343
-268 -490
47 455
-219 -401
-483 104
-190 45
-421 -352
-77 -60
-412 -14
-199 231
-352 43
162 232
-27 470
346 14
380 -47
-475 -86
41 -247
-372 282
45 78
-201 438
-322 301
-155 301
-311 -102
-119 171
132 238
-301 140
430 86
290 226
-402 -237
-261 -350
-247 -96
409 422
265 -358
-300 491
263 -398
-491 248
176 282
-170 36
-207 -68
-119 453
474 3
-27 48
392 -361
-499 -374
-329 376
69 129
-57 -334
417 272
-323 -457
-128 -315
151 -9
-264 59
-103 -69
-332 -18
-10 86
30 -411
-289 135
-429 457
-327 461
-393 441
135 -472
-431 442
435 218
98 -158
357 -245
-299 -481
241 31
-358 -101
495 -153
-346 471
-325 -170
-489 20
-439 -479
142 -499
102 256
-10 -338
-308 402
8 -181
-68 -179
-330 -446
-310 -472
247 -164
144 -156
-319 -418
316 -257
-37 -430
-186 388
420 302
-493 279
-246 -168
-478 268
79 -429
-46 -250
-381 -341
-259 169
2 141
-186 140
-464 -433
392 -200
403 -78
168 500
175 352
270 -304
105 365
-350 -189
168 33
400 22
-60 -397
-299 392
312 -164
-61 200
-300 407
-384 145
-132 356
-302 44
-134 160
108 -231
-158 -430
-113 36
-274 -80
299 53
-468 -109
400 222
-341 -110
-262 -274
-242 102
-204 -330
293 -488
418 -317
346 420
124 -5
-375 188
-36 -198
175 -61
460 -460
416 -69
211 335
-240 -43
255 9
-134 74
450 -251
269 95
490 323
394 -397
28 -312
-309 344
454 213
-209 -361
-357 -128
247 -359
329 -389
-187 147
-47 179
361 279
317 446
-64 -6
-21 -163
-429 -53
-430 -392
-264 404
-15 91
207 -479
438 -326
-402 -245
482 -72
32 -255
25 353
177 402
-49 -426
-100 -23
369 -305
-58 61
-421 346
286 -195
499 318
-428 150
-177 -195
-117 353
413 326
260 -286
-403 276
-252 -480
-362 -405
331 -306
-271 315
154 -499
351 -198
-399 134
-451 472
-138 492
373 80
-138 -92
253 -321
312 -351
-324 -295
298 253
-161 91
-94 263
-401 263
-341 -407
206 -115
215 474
206 104
227 -256
348 -455
121 275
64 103
411 -161
-153 212
-473 184
-479 -111
-195 -244
246 -237
470 180
133 343
-411 374
256 -407
476 403
-200 157
-282 323
-423 432
-59 165
-174 -27
57 260
-375 -91
362 -138
379 -232
-133 -129
-71 -109
-274 239
-22 390
-57 355
303 -31
-68 272
266 -120
-333 -210
-193 179
332 313
498 -296
192 -230
-80 130
219 -452
272 -117
274 -137
-465 -456
129 -196
-396 327
273 188
474 -327
392 -149
-395 373
418 283
126 -386
-404 486
-351 -256
-425 -203
141 312
-75 471
477 467
-389 306
-299 45
-146 -237
55 -212
317 154
327 -215
-345 -234
-306 56
284 165
418 185
253 397
183 -357
-141 -391
-8 -28
-138 -325
457 -292
