907294836
317600
115234379
531965104
153880678
34092240
740760156
17430060
477588015
4212036
566074840
534526850
1062711
33661926
25429277
186317735
461861736
284932776
7482960
38531376
27837504
599187303
629246280
286493608
708860
123711400
339229240
410803725
3640692
78382808
11683320
51021085
252627154
630943560
176913918
95489197
507881574
33468202
15779047
478517400
292797120
548252694
988263390
977238812
830329137
146675286
287009550
952970304
711463662
172610535
431848626
226415839
672197102
46625800
140632565
149799
840966170
767200905
425395444
217487963
482487098
641696944
981769170
373240051
618719713
12199494
387370819
202450957
53780736
276049800
14540112
214185814
852009336
663416370
12689055
322635375
179088
44176899
551840
948806355
721656936
92810448
863003372
816110508
22551312
71258334
50918
37784100
587590960
171602172
397127312
158115250
894068520
21706326
99818543
197173984
243113792
793281591
229983897
32075735
559226048
171855540
168102676
325452595
347121276
408590085
544866500
8432606
807620574
381558172
6274664
109514944
192718568
886886
3372579
301853198
96234003
29474872
825620872
669297531
502908616
512344200
654912492
207095980
373071305
536870958
47598337
694545500
418441400
280883130
182547700
111519054
446496246
268272020
181811624
356120400
45437280
745777082
85361350
23973157
994680300
17149594
652470805
414835049
16710576
392679158
475833897
20176776
3904220
628301671
91084480
526475749
2913480
4968960
596019915
103690080
259167128
540398160
212244360
66492576
922880079
314749050
62721292
5619847
414042474
852351120
43155716
535888052
173767360
1789243
622804518
181060074
323906640
932283448
576508016
376776992
452328963
1347318
345190918
178386180
134103262
682952137
515596752
880850232
555323732
7232672
53057102
273639636
956144634
16893
221567034
435894534
403107540
58586234
13619472
962201686
105514566
162431110
79625200
367865028
56068575
18976185
467247039
116335275
