204
942
16
353
712
382
208
838
155
695
69
745
715
31
207
179
433
678
536
95
216
186
767
780
538
23
359
580
645
66
301
132
235
494
780
417
331
706
206
151
696
544
726
993
989
891
369
538
976
819
415
654
481
799
227
367
13
902
855
652
469
697
784
993
607
769
134
619
449
239
520
144
467
909
795
135
555
14
219
20
973
819
324
917
876
168
291
7
215
760
414
632
386
930
167
341
443
488
867
481
205
736
414
406
559
587
645
725
98
874
613
88
352
434
26
63
547
333
196
886
799
701
708
786
455
607
717
229
814
650
529
425
353
661
514
424
600
224
842
307
169
996
154
785
647
152
626
693
162
68
779
320
709
60
80
765
348
506
720
466
272
957
550
263
83
647
909
218
716
416
47
774
423
557
958
752
608
669
37
586
420
362
809
708
927
733
92
238
519
978
3
474
657
638
257
141
983
349
395
304
606
249
155
681
355
841298
924051
149664
205400
71303
326443
244458
833222
109938
622444
57415
961364
260408
591348
530865
11523
932335
261925
806726
723650
728244
409625
88510
370451
883962
78768
111361
91041
112452
976404
717416
455460
53533
5631
625801
424729
67709
572271
831173
614893
455156
538230
914973
748447
34111
156467
818491
498184
297960
201721
973156
686629
467441
868698
881144
636905
55162
444052
34281
844193
950216
747590
757604
7274
48558
975135
93993
751540
197962
430295
61044
429524
415110
450893
178386
681212
988108
414498
225024
628366
582205
521930
806549
134234
719379
619699
593534
19850
207853
978842
175740
428038
533475
931633
142063
750553
424254
584878
286452
779111
163905
217111
607038
804577
676127
781209
742561
478137
227962
383195
581325
36414
885721
414046
512188
551834
238484
692234
30820
12792
458642
532516
759832
315918
686119
808902
96592
470719
931852
941116
631830
977653
124548
804657
284639
531591
837669
417710
415929
530970
589063
755169
937304
675486
162467
748774
288991
202845
660319
100973
244874
222929
963158
627283
311122
162618
834486
511391
225175
411218
988690
463727
278050
652447
687525
150382
995230
931907
397494
643756
62112
633473
122427
292723
663462
897311
766633
344600
428801
104497
639942
773146
445088
747142
581520
78616
327705
86047
288487
687177
402829
998675
141853
759818
38069
641167
27592
937680
129978
614615
302334
527244
853250
964347
