166838462
787111830
3594956
830227878
938322
403137142
368755288
40014860
803588528
566755640
126687162
177322736
128707652
44885814
914422356
8941350
411870186
6158774
530015721
48055072
949893373
94670280
594284856
402190476
223786694
22256335
84018947
609996177
308270600
569335638
254768970
12453590
56266903
85510560
26488420
275818625
429354387
997251500
257622968
437523625
125548945
840247512
191037216
107078552
3177845
181544649
259023744
431215850
4470
564339567
811561856
920329674
529174120
791484096
476709258
21044626
750535338
76628364
13231845
874901664
19745325
188541281
964148250
221504244
407941145
53087571
782934550
205935264
731195640
398904252
758970528
620802021
98459784
941209855
515225985
999518000
135118560
42607695
7694
850825823
35314144
54931072
557486475
447493200
931895783
73404128
42575910
375577608
142216900
519519780
330022200
45695592
68590
533961360
61563120
20418894
142147360
936908154
119495196
314593980
512208684
817911000
876902024
728111322
467931914
232787961
58281678
91500990
881122524
368923200
689204061
37856160
519709350
151552688
579436886
70189340
29834560
21038469
457943211
144091877
347732400
180615022
315943664
92606193
7138908
119080
736923624
687487526
938315421
646071398
145498068
28997148
68999103
26565
778644864
30409830
681332665
34510424
625533530
726193755
824251832
998379621
318932978
79109742
870539168
171061902
136573173
547493580
402134139
194184900
979251216
283857024
33963620
158272224
23252862
7521409
19982464
331535370
256039936
998118
607627008
3728800
119728356
2209920
439252352
198143
83794683
111736464
321557854
27730895
311748624
38128193
271715046
89706642
550902530
832901160
743570331
15968260
990651555
21215304
412247927
58267170
6938191
11097285
187396986
586250028
696180907
90412218
372033860
26868584
30320244
465118080
10160721
449751354
917891565
632173696
116359108
837422773
970298250
116909505
7746912
107264528
615533356
95636640
685670928
884091358
6000324
14265822
244280228
134455955
1720356
487201696
71897232
541008276
43666968
168477610
816249747
35371407
690118560
498376368
967330631
617126096
434617210
818919900
13058696
656014125
716590784
334284189
705787437
4088340
928257932
77460530
17039320
28403856
47367189
207113700
178470
215703136
280876316
159228
966751270
316946925
890848080
32348420
771155820
307214361
622872041
187583136
66007234
37549367
495804078
356449239
943547262
565197200
17322
188656738
840690
36236
443634128
387408747
418089308
407832560
49712496
513822848
11204295
2282616
9682319
527083700
744478450
576121509
267388141
676825727
720506682
215819967
465638208
38398178
3937500
151575424
433347236
277353120
218243620
162449166
953780331
59818326
996512980
5839145
640478280
33339813
224529813
382687931
130189318
712579900
333582392
811322624
203175147
234593908
859832306
640724760
116572590
51956470
210644928
352339706
857306403
137966244
626742954
289293120
8059650
509954200
60765272
461358912
94728726
341197410
1000803804
11338888
340880060
52302672
107494456
760095360
601049025
385244552
311482008
797325432
299984448
5146930
123209355
13588338
2068390
214148450
679131
18974103
11449504
620845533
320908269
73735859
44166200
156634000
31335644
715058880
505124661
231784728
47818449
40963620
338976
168191020
40428423
858138987
815172970
140323200
301434050
395616875
250080540
149979570
34699968
26075586
485474654
925782
39450600
573869452
67955456
31777845
141458718
29449920
293271322
178094975
292345039
668552500
542626250
57575672
288181201
439022752
2959524
378895872
713195760
557299050
431601300
150032610
17414631
477291660
262190362
662327055
338891200
96693516
199907435
212053660
465601920
306231168
821399353
14116871
19313625
7380738
17365725
120820659
182413803
123093924
104704812
475000188
830639655
646534924
27782200
210377232
9158912
319011238
109782770
136067632
902200271
250198
147723628
93091792
812920602
104941980
355329860
468789242
433865576
248309384
161497868
297862107
60384646
153657504
112510060
355256700
775380375
56903616
996546912
263090961
603537727
457041592
1615068
102113616
113579939
46063705
1223075
704885272
549566630
845662192
13783773
5448832
515012370
9488700
749457742
421331415
911720880
450694648
97335847
675366738
945243467
82090897
708504696
5646095
524852185
62260308
588869734
713577560
315433812
121915638
716205568
575066745
800271090
841586805
758463084
241443146
1184015
561809970
4369552
678148296
131663367
46135865
123810438
378562688
193219966
393845088
26605596
303545616
55947096
233511681
3507153
766818
253263450
460487841
51255782
523618326
607091712
975890952
83598163
163490904
2468700
25171545
841844835
3336740
66703920
325664514
108891433
36341466
6542511
409279992
435623514
25496108
733699333
240495654
143527335
41238619
686593728
15394197
2895337
390732579
78254757
21860550
956513025
16118088
19404750
766772656
66676125
8268
134553210
347850772
1372449
146934048
878973702
70561400
2307998
469662975
6674570
772919278
104051866
98481694
946582032
9839608
739177270
204253376
392850717
42849520
970474290
612500904
24932420
385937819
684021792
611063530
129355994
3050355
578288669
345414091
312575520
9973280
780374771
621924642
272926656
242757000
639605330
5328512
613661256
407022928
117048652
708346548
934680132
454221816
483927948
159372344
50129286
64111224
1841310
553415977
309194600
602162558
243794794
74529336
969602892
905804520
217474950
466487931
413066082
211330548
398043984
750372224
381116749
448250540
517980588
500297782
330655004
68197632
7879446
337634250
363901485
389289719
22057568
442108226
18749570
2601051
536364057
313827150
1670636
190495316
896641177
570183744
87639780
326707101
894969708
48101040
20623720
431700
25146702
248307352
732153575
722542534
359308818
52586478
164493256
17488926
95634184
1063029
246708396
339232
715255827
88960136
138641052
493252020
74871536
332710851
751013
415220480
24588000
846982465
491513220
197528838
494852660
847410704
42058424
94295935
33164898
64754500
212711190
310783285
577255536
231206659
46973562
413922474
511028299
149490755
80949656
709731770
577325100
909045500
924667348
28092480
336439815
277007808
634217200
357004188
13227984
59183575
85001900
423157778
749456036
545682565
986230080
132753093
120785759
14529901
327722598
195852504
120992367
793613236
179658975
436497895
86609244
469962675
290745180
154123992
133974300
92273499
422052525
608815762
458006766
17900246
170392236
889860252
54799136
72777068
87692290
635495148
39058310
327893832
762792669
579890780
80298936
179188500
