684
409
881
58
909
33
634
604
188
892
740
357
424
362
202
954
75
637
67
717
208
971
306
759
633
478
137
289
769
550
743
510
94
229
290
151
527
649
998
514
655
355
914
444
328
55
429
516
650
1
739
896
957
716
884
678
131
854
276
99
931
127
439
975
478
635
219
878
464
840
629
863
777
313
965
705
1000
368
195
1
919
173
224
735
660
959
268
195
607
380
710
568
204
5
720
240
129
380
962
348
555
702
900
932
837
674
489
234
301
934
604
819
180
710
392
749
260
160
131
669
383
586
427
556
303
71
8
843
817
963
791
386
159
257
3
876
162
815
172
782
837
904
999
559
282
928
414
369
729
633
450
984
536
170
402
138
73
128
570
512
33
768
59
348
48
656
11
289
336
562
155
552
181
521
298
730
910
849
110
993
132
637
234
71
87
438
756
821
299
605
152
162
672
81
663
955
784
346
913
978
347
74
328
772
307
816
937
66
102
502
367
44
688
264
724
199
410
899
173
820
696
977
773
653
900
98
795
832
573
827
60
958
278
115
156
207
466
10
473
532
9
977
557
939
166
873
549
779
438
254
179
693
591
966
740
2
439
30
4
658
617
644
635
213
704
87
49
79
715
850
747
521
811
833
473
672
182
60
392
652
528
476
407
973
237
998
65
790
169
479
613
362
830
572
896
461
491
922
790
346
215
468
587
921
372
783
540
75
700
239
672
306
577
1001
88
577
216
328
864
765
616
552
888
544
62
353
101
46
470
27
123
88
777
561
269
200
400
164
831
699
487
207
190
16
410
189
921
898
376
545
625
510
390
172
151
686
33
186
746
256
165
379
160
542
425
541
805
725
232
539
656
54
608
830
735
650
390
117
678
518
799
575
309
455
469
672
548
901
101
125
73
117
349
429
353
324
676
909
791
155
468
76
559
331
368
947
13
388
304
897
324
590
674
652
508
406
543
238
396
338
590
875
231
998
519
767
668
42
318
341
205
35
826
730
916
101
64
705
78
853
645
952
664
311
811
967
287
828
65
715
242
758
830
556
351
832
747
890
915
863
499
35
739
61
812
363
205
354
608
449
624
151
547
228
489
57
29
510
671
214
714
768
981
289
408
50
147
915
55
255
566
329
174
69
636
654
148
841
498
383
191
817
107
53
621
279
135
975
111
125
871
255
1
367
586
39
388
933
260
49
675
70
874
323
313
968
79
845
463
623
196
978
771
146
617
816
770
362
55
749
583
552
80
877
778
522
500
790
64
772
634
347
828
961
664
684
404
214
248
45
731
550
766
502
271
978
948
475
673
638
468
628
854
611
661
708
698
569
256
74
575
599
619
136
658
122
51
723
554
43
443
943
744
295
567
942
208
130
20
147
508
841
833
594
217
409
117
307
33
506
16
831
296
372
690
272
571
29
640
144
917
690
453
692
917
194
305
169
250
470
551
748
487
206
639
701
389
284
829
748
950
958
156
573
528
785
591
99
235
290
646
853
727
990
363
349
103
567
452
349
886
425
655
292
675
540
396
366
303
645
769
669
118
413
939
224
266
295
786
185
567
867
749
282
425
370117
346091
757067
999518
218501
210312
196242
337316
998510
999250
186466
874168
870575
961682
26442
715446
204459
832758
790484
911783
133616
35191
947668
194870
694261
883340
233392
590780
488794
468173
671897
666409
841519
664002
57779
327026
273896
376938
410222
919308
124552
475944
18013
942094
641992
427847
635283
909911
811044
275263
209773
210979
333079
13718
374745
391585
323163
955490
430334
879456
242142
938081
684069
808518
474757
314568
187715
560492
430012
463398
151697
665438
786881
61982
900884
707689
695533
911653
121650
758485
477788
610800
312977
731985
208859
332870
17847
891725
548549
583393
878656
564035
366365
793589
278635
692860
614932
990103
9059
455635
610522
49374
101106
696241
766376
370877
171066
879807
622636
425207
835158
884347
785685
564762
223998
648782
83258
40918
257274
162188
729862
861287
429742
939744
349035
800438
797323
253717
384699
798973
806344
905494
666091
974367
293110
572167
241658
468747
349747
306223
359639
527963
380731
889823
155238
336915
693147
924112
266397
591330
384563
623184
7694
897889
355546
373242
268479
422986
992305
28023
422727
34945
423181
750595
905761
667975
439357
386672
158644
384295
431522
289947
860824
769835
752831
976757
428272
996192
145208
840283
707497
793233
343377
234249
180080
304533
85138
566836
715105
161930
485514
372691
730514
646578
562172
991414
893430
798352
496595
71632
228827
684614
19246
858530
30246
702663
999804
272338
312924
501984
119218
418214
678140
46584
120512
925817
943534
346191
197277
500078
809627
948720
172271
148168
968954
847967
940882
899181
570682
581641
816778
89833
541091
554928
440727
297262
154261
913342
642256
294864
127555
703111
635863
170750
647171
906266
618744
399138
273598
874766
661563
703970
799579
860480
274111
799029
772081
867398
410921
332549
124666
566260
741859
249067
277639
603129
100548
760230
575379
68139
145166
907953
791698
353659
450096
553090
864954
321112
643522
430264
665570
513221
301029
449524
535728
220831
692914
669592
654345
994792
269959
107462
600238
604068
569025
628901
212100
895344
859732
184062
252398
895726
567327
170770
28054
799389
997635
878847
733359
810732
182076
38454
456279
540379
664643
739070
8661
259018
992125
297084
444450
684519
38852
326459
239513
917221
523375
28434
179240
501212
204128
931747
83015
213907
582681
506919
344047
581025
242409
245707
330977
730817
200642
367170
525290
859272
148425
980247
564279
973917
841478
51001
271390
965206
913795
853372
581116
86863
302382
65625
686271
971737
972612
4470
602130
456032
39099
765886
400713
374255
366630
402184
393712
128851
855491
133252
228027
275016
284748
920049
388024
825175
830500
988870
669242
289267
222207
14885
631162
695797
589376
739213
649207
265451
168499
327727
635372
870471
834557
633828
678020
476049
348708
627891
211126
386614
374072
215909
122561
451561
957690
248171
977501
956890
141067
722639
376219
989510
923212
441152
737180
869906
782984
522848
995174
506159
872413
46040
623759
182372
54629
309167
130108
452577
775463
216796
841608
280483
950074
231007
187162
799915
458495
592477
309571
153685
486614
91922
154509
807920
625507
490354
162455
280531
155475
373200
878612
63200
534659
776873
766266
254248
191071
794898
457842
106479
551442
389202
952693
245228
95351
322142
634188
734059
171235
655043
160646
559589
583186
587155
708142
54806
663409
128785
860717
219432
769262
178909
578296
961143
919767
201744
231034
487566
593400
133655
433302
143871
21186
716058
362709
231255
192593
607515
879740
886149
747249
212845
104688
365711
346683
258513
950839
309380
998544
485647
25153
958514
538417
366050
915276
347338
867615
419047
259871
311512
210653
60668
773614
754661
156113
125441
242334
90914
875819
907765
336915
577994
678757
684194
286031
33829
176767
731718
878868
771247
888864
880336
354866
566475
176196
930843
311520
218338
160599
94819
314638
21585
218620
728506
443826
576203
175420
32213
303990
529584
791181
923645
840384
875857
323895
828945
305631
132485
246336
838262
139771
604897
568244
678358
712338
794424
602254
975347
587190
978263
714858
8268
47102
632987
741613
499547
139861
647766
44965
572029
477529
629199
397778
21202
686546
977874
394486
8855
224701
199786
61529
558816
482923
256513
300541
593602
653227
774220
570542
856130
771825
758230
245382
999379
817364
251845
369749
55461
336298
158286
488798
642427
103033
413193
981039
172686
751020
148843
524636
296607
647439
412572
160722
483854
855682
261475
716759
763653
357337
25897
452140
748450
134538
17692
285034
521526
728999
407918
249005
225053
853431
731611
908790
674216
429479
771732
729642
630579
624287
943386
786113
215598
625397
835991
378696
763780
692140
932573
331670
261584
149478
244639
436046
136473
97721
421620
290723
878614
