89
101
95
94
22
51
2
76
8
4
6
13
31
52
58
81
37
3
45
75
31
12
78
81
60
14
28
2
68
3
13
9
71
14
13
65
57
68
69
30
100
83
56
38
91
78
49
1
23
84
65
61
10
35
78
59
61
46
63
42
2
21
23
93
51
72
81
55
72
96
72
20
11
31
46
65
41
91
29
24
72
94
78
88
100
79
35
41
33
84
31
90
66
99
79
87
49
22
31
57
34
19
82
93
83
85
75
42
84
84
82
34
14
29
34
81
43
66
93
56
19
75
49
76
100
11
14
56
29
16
12
14
60
53
49
55
64
19
44
67
66
91
25
47
2
3
45
7
79
68
12
101
28
44
52
91
78
23
65
89
17
94
32
68
80
32
95
81
83
37
6
73
88
33
73
12
81
97
51
