718
983
260
598
624
541
441
961
264
489
256
674
499
999
602
570
533
569
686
138
860
387
640
639
392
247
398
102
407
983
67
48
69
620
560
28
671
480
542
785
239
72
783
519
515
539
389
857
532
720
344
698
760
275
836
394
638
74
475
863
449
558
679
104
467
395
451
77
549
442
976
394
192
662
861
358
3
89
861
920
934
136
903
570
870
555
26
53
201
640
62
526
650
194
974
252
323
635
144
726
124
980
698
648
995
13
256
507
662
990
219
969
996
750
271
640
490
558
763
586
367
650
891
628
771
589
412
418
167
137
689
442
519
789
105
977
614
311
599
500
258
180
598
276
460
990
463
999
913
484
765
79
350
310
988
889
271
911
729
219
879
604
503
875
867
447
76
774
262
172
828
766
66
366
420
12
752
394
770
365
262
512
668
716
358
898
48
238
16
545
642
393
985
656
31
469
728
360
934
500
158
737
862
882
972
711
240
865
155
531
695
183
450
416
222
476
677
126
704
796
571
53
87
97
72
82
386
597
914
729
1001
222
172
13
736
941
421
584
659
980
672
602
507
641
758
795
641
392
742
363
882
35
387
477
728
252
163
198
809
336
480
629
138
660
339
1
490
861
527
613
436
573
28
905
911
87
365
61
764
691
931
912
417
687
701
69
179
107
798
774
171
343
490
564
276
542
1
838
539
55
75
791
450
214
569
879
242
883
163
383
234
904
429
893
35
332
684
631
988
79
403
843
539
947
254
468
815
204
628
259
85
608
635
724
933
645
911
310
752
834
125
460
208
184
308
45
166
757
290
813
75
741
602
886
479
797
495
310
883
81
328
884
993
196
591
901
629
268
107
453
983
950
741
429
744
117
566
762
814
605
974
479
642
210
72
213
673
611
87
219
75
487
590
945
90
689
938
266
10
22
629
852
612
188
796
67
853
838
897
252
777
186
454
215
887
1
920
841
958
589
946
629
208
24
906
469
282
625
915
282
7
798
618
111
288
801
547
186
290
900
747
851
201
709
553
413
168
543
333
480
360
758
671
624
517
195
291
301
342
554
289
24
545
453
107
553
50
349
411
957
571
646
36
418
696
722
78
460
619
702
651
272
59
612
497
46
296
631
434
615
358
640
956
75
426
75
675
82
782
611
393
530
39
144
367
730
83
271
694
757
709
957
837
782
64
889
648
871
567
692
521
346
529
62
444
52
353
678
533
964
794
753
1
186
65
937
892
587
308
706
970
725
967
383
955
703
492
390
466
413
1
829
664
317
739
265
986
486
512
88
725
167
787
27
176
925
917
124
336
35
776
991
977
593
234
179
805
551
912
21
668
378
908
748
498
908
247
584
813
833
581
311
857
524
768
848
585
609
667
196
137
20
893
37
103
851
968
130
243
7
231
758
28
33
378
939
591
124
447
640
611
442
94
175
358
504
236
863
31
396
85
315
130
842
585
424
48
960
562
19
400
84
100
384
320
348
242
1
490
627
985
631
494
210
263
819
638
360
505
142
351
302
406
386
906
195
474
103
421
683
224
28
477
162
110
258
554
130
428
923
622
658
250
530
153
548
839
481
994
554
540
438
498
414
666
182
414
971
639
764
631
337
558
155
13
558
224
343
393
9
248
443
78
66
267
833
383
495
958
647980
925164
762002
678848
173184
90246
871095
294604
854824
260391
67457
69627
261709
907380
703498
379156
984990
248261
141718
131581
164062
148240
612845
623802
671300
676105
682324
912905
652272
809498
648307
663790
182989
710685
140348
622527
648194
302882
357571
140298
722509
438054
391167
230905
737294
232407
974072
928072
92917
495722
666788
109925
489255
892895
180668
217020
838347
212699
629728
936600
888783
299102
86822
501076
513200
712870
217692
786600
442786
693944
514685
70176
554528
828090
20612
170021
702263
427766
558327
243678
188015
44529
342775
239701
873779
694153
580006
823734
677261
854809
116578
805297
281465
550542
795262
46007
940096
78553
739366
740344
857757
423514
54496
305287
14882
450893
354173
949854
920916
331252
88571
793232
967166
500447
126274
828046
404888
779754
273693
420328
893448
803270
721123
616477
52793
595912
350160
535013
123135
927200
972238
650880
636225
44489
283084
644523
51270
583839
677046
373149
751184
633429
196844
225547
671895
388988
954911
806994
727302
804519
15867
867366
513879
947787
646350
792870
921288
4463
903650
485650
817025
598678
799256
408891
118423
277250
864359
65159
835824
812769
636575
385268
323915
486675
107083
917051
24137
417373
978665
731100
323684
402349
640191
796857
973621
966690
876186
685631
480144
666863
371604
575425
663878
647647
763355
357580
762744
858498
402918
146503
107783
434948
702810
37242
398449
472738
517253
166278
784523
267002
871032
946211
403618
56127
883970
396725
110841
541205
576834
927650
708649
186093
490807
47575
813138
627726
290449
835456
119116
297821
671257
94590
726505
769859
855409
418640
372963
361529
989250
728170
743359
150318
759138
888798
850516
982724
474868
119499
182868
163747
748990
91464
919464
284163
599303
33078
302739
828343
662319
276781
546393
951482
892370
475467
657986
180440
120630
573219
421402
972324
918053
963018
315712
117424
771226
969300
556059
891716
201038
634805
366207
481295
202128
335176
623669
854420
621373
780092
189199
811038
109271
284720
474280
493814
436500
309301
189260
754413
793690
658892
828563
165302
329468
742765
8571
987092
889862
74762
485952
140251
410147
377843
186349
277363
310638
858965
59362
623000
655390
358940
158334
182851
706161
318742
244766
803289
278903
934220
695239
153806
588725
387395
378420
7171
64417
818248
958407
808719
767046
73198
650633
668404
46122
372239
722780
918073
466551
23460
207410
812837
333967
405098
622030
147966
709662
462430
755745
405407
829946
120627
107059
920262
864664
100812
379189
582503
640355
248607
496347
643554
701165
264552
659230
987747
834102
656722
859684
814248
879167
409009
652738
612441
522859
925448
328007
838394
69322
456106
62284
2080
734905
582556
404465
516815
585891
227127
170405
96461
504068
284848
237012
827336
976940
305057
950802
635142
348374
370637
441263
905491
549704
741170
960311
344124
314442
594286
752540
34437
686804
191978
960961
643673
302301
530861
53743
827334
334822
609584
59283
544309
614749
7118
970215
346558
740101
506668
520690
341040
949243
437608
307329
785629
218712
805988
32205
948902
413885
645576
214341
936043
448114
546466
769277
566475
905150
760139
672011
954318
370053
679113
251001
956056
827877
586257
649515
129279
272856
846494
138352
178279
308419
107979
248783
926060
869759
343996
96463
262319
599771
763774
320010
247027
384644
299538
673859
14413
883580
631612
196689
952609
985470
780901
98653
692676
371377
309892
895830
884638
435629
424965
916667
66473
305374
136906
626784
334248
917783
667943
105992
196944
606093
483998
97514
811870
881129
105779
874372
294073
496254
256123
386416
83719
120470
374588
175524
528671
169923
484643
483518
185720
62340
978817
813308
398450
854556
59574
331224
909798
245593
650287
675800
703299
524922
319226
80412
817897
302421
6882
793940
427302
993155
251244
532481
64870
539833
530774
981210
858698
729023
739994
416791
937200
540364
262293
608704
404601
326485
520380
726022
909476
926394
238338
48352
173806
290689
869067
512351
372476
512645
818025
955563
54952
163892
864348
516925
246840
494192
227446
833380
346821
58695
146037
974200
216562
599987
85254
792950
680257
313282
770196
716909
732711
183238
742212
687433
312651
698363
310882
744918
822623
775344
135173
485090
905964
626309
851730
560538
640960
912813
582154
576271
949817
412905
398844
621388
964331
526288
672169
58154
956068
375076
107056
880175
279315
422244
75797
310469
159432
441140
100857
455180
19655
981788
275671
137026
95665
897056
197096
278639
216986
570007
30245
121323
303687
362036
994914
106383
824550
874359
748927
961389
424623
124896
994707
367037
430862
155762
829792
216597
931701
342756
289967
27371
211685
436683
877669
179797
58562
809226
140626
111016
964106
759373
202313
262314
768035
657423
451372
351285
515809
840368
148764
761669
739418
844437
411581
680423
628550
448668
98776
795439
5823
542698
112502
542352
250628
666476
35788
92383
828275
678716
670570
15963
515298
511312
904124
754223
305326
