957512776
71674460
380462550
410231952
299999648
186209604
918296043
73560696
240004623
67725312
487153720
255809855
993712293
385857920
349321650
290116697
346853296
502639746
20743884
743348740
144056493
434378240
430595901
146838496
61997247
154183210
12287940
162168743
957069443
5712018
2992320
6111399
404697560
335259680
1353856
481045939
232843200
302613234
641364625
58994760
6651576
637556184
273143472
268155350
296290456
144893164
740746236
288531264
546579360
113336992
518449970
607434560
79873475
705949332
151549736
428743018
6875858
225283000
751754985
195597421
332518896
494427430
12617592
212569060
152180860
197361208
7605752
316372779
187834530
943489440
149400466
36859776
465583938
748266687
123150568
25713
10375442
746802126
851975200
872561480
19924408
818085492
349091370
760703640
325169505
1156714
3523069
41689410
433447040
4538276
279232886
451063600
38157666
939258394
66097836
100986273
426275500
22800096
553752144
17391124
952793240
518063976
445456584
982808265
313781
67153664
262080975
465260220
972896760
49740813
930541359
985293000
589950000
77193808
433309440
243164460
331611588
612909507
365547972
131231860
450239400
795569445
415936332
624122958
369730614
164323728
169460126
28921728
20308880
509423174
187683366
272434518
645421725
12929175
947006100
399276218
96376412
381308425
256939500
70396848
32938020
379814916
81164148
206387280
971970120
208763459
992161845
840199206
235200768
616580820
8373368
116986800
95609890
969435480
793316930
77159120
836346283
559897515
49394793
773673825
388706616
258886555
767960375
758069253
194421756
7497628
628387380
72639500
30925084
691757568
618157404
5307192
129627318
171734220
235860
596298400
149387464
623104020
128219025
72516622
266434560
474737580
541113420
122713450
811903352
2989632
58451134
437936
310653815
436831566
148719060
962285900
456076784
1636583
218812419
556027472
124855560
870208734
256600000
25921796
567634452
749732258
779317560
936053496
536387643
59286480
755818835
25403260
287379855
514539080
33986760
196507350
168314016
51260910
226037168
491843885
17683848
527288960
658557864
352008367
3453427
9658392
11554252
6585408
8778838
143351522
378978585
841717224
559176534
995908914
50493012
30663988
304980
566616224
884630336
172671887
363555768
462067735
950810700
484594656
385493710
262025205
435311433
604017606
654868530
435141568
146274408
578828264
126459762
777155778
1964445
143810748
229028688
555722440
65950668
27697449
40021344
670129487
107259936
232628640
419409652
20529432
463493580
109728876
7171
242903780
744475704
280617487
398152695
183263008
356046729
1332100
823075780
836100313
9643167
127808400
4247247
615246908
510937838
863642150
838551168
168838296
504879735
521094659
5990718
32733372
13832853
660780708
627743412
30014604
112506401
242154080
338270844
80230164
301383978
7118
713749740
294545174
3710135
7313550
647234168
196425000
46442280
346352576
772787793
60162894
781135354
27103314
140575171
57020652
820271520
179053017
801071008
1923320
104394744
500072400
423129670
967071196
8356541
157640301
720616632
294505827
898610194
66627756
213457608
679204700
43183740
413996440
70886487
9288035
391869984
426248195
550340636
865891176
440098980
835433461
95271990
596238240
700866912
17537250
206132440
44582928
34241112
94040408
2667735
28223486
601012580
87702090
674620896
7234725
577797714
385394982
787475028
231605122
659386792
249513660
94665940
780545510
8617023
102756496
785684172
978571710
39403448
373282692
815847391
419213404
75866512
13511318
199836420
955794492
901780850
574529904
178803339
580990344
16018002
339592642
612091740
675576044
389422165
939039244
230540305
436724994
45485370
6497712
46218018
486248557
395915780
9563475
47897928
7234575
238267185
370844500
894169395
10568160
507995566
878530800
74297790
159630
757614
417579262
731610696
396763884
35580880
656341800
5609173
732697145
712732408
810574050
65618532
631574349
35191014
200333402
46803780
789307594
6882
851412160
718681596
914236644
369175776
896606502
417523910
44241392
893808
827008578
216879670
83985522
411241250
842978520
83078328
104174
660645846
402243840
15004203
86141376
663300090
313550793
34970790
87667290
814635000
586038681
730581798
40664913
534744107
321931162
166405134
29199408
304372134
105132096
232319040
124760880
602942762
478335770
409794528
270318103
38404080
88097049
91409787
110778930
323446806
86566482
858912
308728875
198438462
13363872
320743318
3220850
116554483
163762950
910568274
351021679
442917626
2093544
169330964
515854320
548267306
7866846
203681560
403756368
522932436
451893603
78871024
4089998
396694728
251813996
2730652
89653072
421762924
181689760
400139295
122706648
432707200
908060424
7174875
175897530
7094250
490064850
8778592
636006856
395712317
148492299
286392920
2289105
22429728
131228557
561572210
8887889
77008173
513630094
600823330
533550860
909917514
708515478
635873916
4784768
792735524
445048992
763158006
343654731
512075848
275437591
114603504
283021877
4350912
189928104
3373240
118317128
493110756
289258034
921637984
653162662
597303696
5823
34660914
4926805
877072291
796955616
367643383
94028396
530335904
932132170
552451450
924517756
140257281
907075235
526495681
244202724
145455570
210339352
166170137
4463
692898096
467122672
98472246
569936014
73909295
964963690
236524050
264833536
9900176
552210025
28457635
643684939
1202283
31797568
857660000
848375388
17155648
107097312
1907360
630708744
976125090
944921182
375623397
56090034
32730329
666761375
317835534
837282576
694638
474054216
136657962
832333636
587650492
255150798
828917740
61905116
363265520
673621719
698382202
361026428
96192611
736749188
278125576
621096192
725386832
364846365
393155784
472668883
38630816
20271342
644100
799976190
2166794
12424890
729951207
927737976
18984810
60454269
100891
55056078
602808596
1291416
1773519
135679320
880030800
372169248
16991224
192595314
432512000
394919850
187193188
11131762
31577000
122092320
259710192
57764776
751700616
1589370
153020736
9178215
97797735
18423340
719749178
364455000
174510344
2859552
916714560
336808286
574655
155595200
9053772
11949900
142100352
99482240
115275696
60079162
2080
241968860
413125284
959587000
421472033
247220818
45478020
72946469
683129538
428669010
123884640
260483545
21840452
117522522
92127214
161070350
143065882
824276988
38384580
224077812
12424581
172192789
497922709
53090688
1288196
226797759
26778924
14473910
68886516
322736024
18281380
177142780
855061662
407652580
459522854
64030750
286111490
24393096
315332900
716858380
233597650
981169448
322706662
297292680
184574076
254633376
167448510
470303226
33349316
167097852
933508719
429515991
614652516
420790553
107843370
328508550
25380785
267956
327131406
52059168
111984355
147404868
142803
62308512
189294786
7863336
5184498
75151155
698343051
138659788
248032620
912599422
