266930272
402185961
789756888
73064310
160052400
637228000
98439360
100014850
801076900
970945626
133788
46769570
472889340
744013305
637363200
32324292
630339600
213188942
342620982
848694525
856040680
463020560
554683356
788511345
528239961
893336520
650213902
290436850
27847400
194497809
408599324
909665724
284908015
596059527
119849775
2755
203163039
886958280
424571072
518209527
969722054
29330688
543863355
332273112
97901419
419872578
11815965
997756245
466162931
206318
84227196
890084673
202716296
32750490
298965648
8949420
598421970
8560552
63697232
645958524
321035150
329631648
536577930
196489656
94678972
205482920
7416024
821897100
89322464
50186160
371270193
991956240
360965718
780768288
602565054
385228858
458934245
24759374
490722950
2530697
737203429
193581000
217264719
725975442
446185978
731683482
40356120
2785428
102591412
598258656
174791560
2413728
35027265
887077152
68677560
569843045
814975365
304904670
214894968
360477888
190555456
257807872
92901217
562095750
830856065
526547112
751563460
18703575
659432210
771002172
151548956
38862816
66319416
169821387
294612962
147026900
890634927
329847036
42130898
746195744
4722060
896128368
294836927
487232428
500151997
107823690
127323677
126776544
16153625
824639970
613710496
540955789
1960746
3865302
60562128
590294784
86637385
1576344
134642360
923445564
186352380
930082461
194846432
55937658
368656560
546136266
372726068
5051965
19449720
36191658
35784504
136761348
18164906
392815710
943101104
95980
796725332
564166192
7930572
11435112
705392970
483953886
1695980
320400925
581744250
418754238
167928480
478297610
514254240
986475552
549456648
8729298
473806292
906232998
211751504
324649627
34069504
685095675
460663870
621556990
623078610
779136750
564282752
538563584
397399299
9608774
805645104
798511605
379202946
220340625
131328230
16906752
186267767
685927275
569053315
436435248
245362824
4702250
841856470
638730216
134745720
901988224
14995530
209384
687219610
52814478
919343544
5242200
31657508
316315157
50437685
30430288
947694058
279118101
792817452
776092772
406224858
208918710
5996718
73351875
22794399
802230297
222268644
496379044
44153340
149252000
94342432
826224784
940879170
4253832
616978094
677330466
539898688
100430
9299084
4154410
502211400
287343420
829680352
684004048
82466592
439857292
100718800
415273300
3526020
675381693
5073573
175020
257515520
77818292
674301580
38323558
274500564
417188068
198762108
785870582
107822338
375348512
4992032
168156241
761809719
15497644
653341928
779375625
426128886
720
142693488
789346395
284036000
857392977
959575205
17957527
756469315
446435358
376563121
390429106
48469356
85352979
1683616
62618358
3019520
104857296
765057990
752711169
234008294
452078879
253253748
584655840
40857276
66362940
163283328
9850166
173654152
163496736
474237960
720669741
676354578
103364680
62026188
109120230
583399710
107494912
90821641
953818125
473727176
144834794
42873849
179636605
51790464
961493056
365522370
445564550
112878784
10990000
881515194
147440304
13355784
499101259
793936205
177821910
32373243
559429948
315755006
173401632
270729830
251361066
87595866
141884125
208793508
236504704
350642
79576456
12350582
61372086
1216152
15961875
65296656
95414464
143936643
816214045
2851090
17807592
152661500
359087664
153629865
962546262
79025909
817423488
606812956
112156198
157574523
248077632
678603744
6918914
360599694
6938020
206702258
769362112
14397888
807901864
499945678
547789381
763172700
813725058
27519975
955613312
401002778
164330430
239338863
880169616
614304
155725032
295970400
785231398
466025131
170872848
896862186
710703396
254936760
280002100
129136567
996092822
570880548
281243340
49225848
105530360
623949480
116328048
21531058
623947104
426360
699709504
416208387
264103236
927740480
3840228
835275555
508831180
332601942
384355530
84174346
428340
242866764
664128762
507245312
260531496
2597371
126337710
136749124
268448400
741222027
293600520
44685537
523680637
146317480
183470222
191507031
140266620
44850403
355979512
842946650
429523976
50001840
33251136
65909074
14625933
871196454
646858200
7387380
460925540
846051536
221053125
903638295
61107914
36179444
76792580
892282780
315771565
124912506
874228947
775768
24418387
8746653
5572413
656226013
669734933
736383065
10729400
72381660
837437510
60528336
230734208
380673239
10100832
593295294
348305698
186791244
877665180
336567342
3447783
140472
691137396
53956059
166407107
532256232
11480248
272329370
266137725
758898972
190734208
356673562
362150161
401548906
1370343
376098520
647470044
309653335
38643108
59906562
204314980
32040
25480620
516517911
235613565
148428130
243775077
29975036
431103834
6879800
81121560
6342240
987509703
82902534
5630
700655459
46349325
179104770
117646425
429823366
717598388
19022039
244337958
481562070
541331659
696974720
46494675
22471216
350129000
541247641
882229872
328645032
391095180
446395592
46544850
916242852
41270970
4051072
240231500
347422956
352928836
559068664
337866047
267304258
567663226
937269244
596316163
561070657
798464700
409132556
320785600
8526232
135941943
130714120
605727460
27961325
622162130
1117340
120976233
940964178
39834080
673768580
20635820
216364356
396359
766996350
804459624
659196209
284263392
546010296
715560447
19194522
855474880
242305500
442153437
195875388
5375328
28299999
8021052
4431424
495346544
4859208
858569166
9064328
51038526
489525210
12839750
208778262
503074760
155298583
593929827
53033370
323874432
530590280
94652744
181634596
835847316
813205644
191388944
399656676
505957880
569389290
269575755
101683920
54613082
728068495
404814080
252032742
731631693
505696576
13763864
1327682
162385290
239228584
10231657
247418690
130588046
594944116
9401463
275526912
78653120
169449993
58518980
654063556
88134481
196734276
28742372
65058444
57063390
34028570
734017500
143858436
346832068
861644958
188061450
6326640
42596157
844920
102968580
396511200
117244050
206354664
56540385
757410528
854329051
3561540
867636924
871264125
579397995
989516555
315552301
601761616
218482299
509683168
8928180
172351506
759985212
2247679
585910
387289375
97520852
50462267
787054126
749805620
447224612
668013120
566458557
951106527
387523125
20550125
32011136
506494728
268933632
113170840
723740810
133364826
448771388
1418157
831032540
709621044
366139690
5345612
523835488
191432946
291324720
150604476
55288596
583989525
13570805
545172060
1215756
690176158
33152640
162237906
359866705
278312104
115916391
277166380
89419176
945568610
520454640
136688004
539546880
2408679
24985292
224829120
482354600
104421760
4689300
464044992
227108
143202126
41058945
2091504
428203035
673976860
7223075
30170661
14820240
94540248
157964562
708213220
488201472
398085430
625718808
592079950
12806420
101433765
885955510
29134440
81531012
469648500
628252500
773272374
423893730
467633946
478424795
973584260
271142170
71321172
950030856
19164382
193307850
145798124
469277970
412489674
238276991
952213568
1903250
769584472
477406070
2345643
325831323
8875530
45508948
587433028
69987680
85904742
34730865
26340480
493423400
379932186
82286594
310868650
87268125
442426534
552151535
917411936
30880464
285903730
915017200
12511368
607919915
156804465
40299000
922086586
385364454
168388633
904844115
22083737
55012356
503091090
41864508
501969290
876780750
611210583
329385573
872839680
73636875
768295164
119067606
963875724
319569908
863501574
433521477
232019900
718835608
132117376
2672737
924817884
414861850
200538912
978172146
150915222
79372821
6753699
33424512
232567551
483855606
278251536
3291094
670446540
117165650
725297796
180656960
8690583
14238900
105030308
677367456
1819260
261148632
742786142
123749241
301328088
918756160
7574350
300595076
159410700
443152556
16405326
306728895
120248085
2906904
640584
134837300
620471967
653378333
451089672
250347042
115136505
929090512
351188656
198358956
672240933
323007552
633862680
316471040
345840920
93801330
11951394
21636
985199840
456296874
198402540
75090240
129123953
1001062
310405350
480629538
534393104
894881590
30184752
229805073
527497880
812203
712508662
733030845
777752498
422902715
933207
102160848
944260461
423086115
57407488
48027
471602152
70405393
7743526
365009360
3924081
535911285
443021040
342053712
241038500
343880845
283477494
399010505
18361485
435061766
470872276
76070190
911948700
296674928
990368275
2515645
334115551
344875090
292653181
716461200
115907716
174382065
75506688
125777730
848014680
284888395
317766592
641611228
76520560
662374677
89336632
20369520
643464778
288567115
411663455
321730325
717787613
41669208
26872821
525233800
119931780
130319859
110915224
403745760
110903562
409418492
651152160
453056120
15946250
121680178
189244044
993308109
26668070
118681728
28911901
327817902
641885512
132544529
201223216
37417470
640467585
604318743
572399152
702916050
533561695
209574635
361145094
14018589
164504318
