927
526
639
879
285
414
800
320
325
886
982
12
226
693
855
800
189
795
466
594
915
920
688
747
879
729
940
806
550
175
451
644
948
545
773
355
1
459
936
656
723
982
181
739
582
319
654
105
999
689
14
302
939
458
190
556
90
774
88
272
804
575
579
735
453
316
460
84
900
308
240
613
996
606
876
777
622
685
163
706
53
851
450
469
846
674
849
210
54
329
774
430
51
195
936
280
755
895
562
466
606
448
512
313
750
905
728
860
135
811
873
403
204
279
423
553
395
939
579
218
856
70
942
553
703
709
338
367
366
125
902
784
737
47
63
264
768
305
42
380
953
443
957
451
254
612
741
613
73
138
197
196
382
134
630
968
10
884
752
87
104
835
702
44
575
765
654
421
695
720
992
744
89
694
946
464
577
194
825
685
790
791
875
752
736
633
94
888
885
618
475
374
128
443
825
755
664
504
70
910
801
380
944
121
14
826
246
952
75
188
571
241
184
971
537
882
874
642
462
78
285
153
887
477
707
220
400
316
902
966
66
787
822
736
10
92
65
710
546
904
824
299
668
325
650
60
821
73
12
512
292
820
203
534
652
454
878
338
616
73
421
869
124
809
875
657
1
392
879
544
921
977
133
865
674
617
629
234
303
44
269
56
334
870
861
494
679
508
765
212
279
416
94
428
416
694
843
821
331
268
342
765
337
311
975
694
394
219
439
244
977
610
674
344
100
933
396
114
709
883
435
189
748
571
428
530
506
306
391
462
496
17
293
107
267
36
125
277
317
393
895
55
132
404
604
405
977
293
896
779
343
411
506
822
82
606
82
461
872
118
889
709
743
870
894
173
976
638
418
499
932
27
408
555
878
689
424
942
837
510
538
371
998
756
540
237
335
792
348
146
792
20
832
651
521
955
63
909
715
582
621
302
20
501
814
713
516
53
366
382
528
853
552
221
727
395
442
449
390
221
601
910
658
240
192
278
119
927
804
84
685
913
475
945
266
197
290
940
571
366
929
28
161
89
77
809
817
851
100
284
910
264
488
619
96
771
598
444
930
586
59
12
828
249
419
732
104
530
525
867
448
602
607
638
39
617
804
565
204
262
460
6
165
721
495
398
501
182
658
82
298
80
993
299
2
833
225
438
351
658
841
137
502
699
737
832
225
151
598
737
933
579
630
674
225
951
214
64
500
597
598
748
587
526
754
964
773
749
885
644
575
88
381
373
778
175
790
35
357
966
208
820
145
468
19
870
888
811
544
741
839
137
920
500
671
453
76
177
87
68
706
72
922
91
242
705
110
462
710
407
771
247
576
730
316
442
909
894
449
636
712
755
529
327
251
847
640
507
849
712
116
38
414
499
97
505
373
772
93
534
292
423
260
809
307
453
178
276
255
194
850
393
596
922
445
80
219
30
330
633
350
461
255
866
919
60
924
927
765
995
571
776
471
716
90
426
868
49
26
625
319
241
878
860
674
815
753
973
625
145
188
712
528
344
845
378
676
39
905
836
610
76
727
449
551
402
253
765
115
740
36
827
192
414
605
536
347
535
308
970
724
382
736
51
163
480
700
334
70
688
14
393
213
48
657
820
83
183
120
316
411
836
704
634
792
770
110
327
935
180
298
690
794
874
655
689
695
982
530
281
972
137
450
394
690
647
499
974
46
872
694
51
577
90
223
767
280
303
195
170
706
618
299
565
305
671
745
952
186
545
950
108
779
409
210
953
622
421
945
149
252
710
217
710
930
783
579
928
285
871
353
978
574
923
661
490
842
376
53
953
650
457
986
402
293
81
192
491
702
536
58
817
350
846
440
89
117
334
822
45
516
854
363
557
952
85
557
414
671
126
565
355
56
28
380
789
809
678
506
345
956
598
454
819
576
799
571
596
315
106
6
992
682
454
288
371
34
565
698
734
941
183
487
728
29
838
849
874
655
33
328
969
655
256
7
692
281
86
610
63
735
671
594
500
595
543
635
135
662
691
290
950
556
995
53
583
595
551
840
347
429
288
366
915
545
572
802
290
813
308
144
803
547
647
575
841
216
171
728
355
373
343
639
343
644
807
680
125
359
446
997
170
352
179
578
802
377
458
202
801
777
758
834
733
463
606
117
418
571481
364382
89110
384342
183714
707340
720544
681506
582451
11149
877210
782794
235719
420660
971456
98082
919524
206866
290008
173183
34939
942775
334028
72369
957507
190504
136011
379333
629387
609560
20861
489938
334053
409195
950358
929629
14956
51909
605661
562651
439352
852873
939875
682604
22752
278723
346384
202197
930937
663538
262176
623517
567608
47749
415091
506929
21417
800356
438816
963176
896417
99438
556742
300992
127695
208341
272220
49007
796704
338727
511589
574347
218532
345185
354594
796535
952083
754158
522731
628363
639337
815883
542883
349383
897055
67489
351577
309904
661075
595049
912303
909626
83379
223778
340907
982165
260730
206643
705433
192855
950990
773155
287083
724585
608036
576803
632522
53920
319001
104789
502960
558322
783962
346931
401469
733997
192172
426519
747901
706999
202943
370424
522543
645933
528720
50429
10043
927535
920261
971873
507472
91156
37532
947605
110387
638249
710615
814729
947546
863405
299534
672995
861818
736719
914235
926792
70728
60956
92196
269360
264802
959946
27706
943726
575581
522058
647166
620037
314462
135019
97279
907258
657282
887978
159128
56743
807592
524594
204076
3606
273594
250553
205997
703951
448378
216691
701624
693076
20626
484611
665324
648598
437010
770337
6861
207704
665801
873911
985558
967562
553015
939001
711652
179627
917788
944388
993145
728056
637542
189427
527545
682718
452205
446702
151898
564699
479637
853493
504906
518068
977398
312026
800014
910587
334983
221727
894341
811157
863550
977632
351145
853724
337164
676579
737026
366052
290054
939802
408786
682380
503531
299617
138847
519239
955496
657193
122907
461148
974813
929864
237704
140940
708579
451901
283514
636265
79278
753713
718860
723279
214693
968988
977499
787710
585500
47229
956231
554240
752269
350440
315016
323334
266501
806880
951304
486831
533280
768935
140106
823818
658469
978275
154428
171287
930479
711369
376052
842825
393551
819749
194503
275206
620786
372935
45993
138545
793320
874531
168391
105217
659354
568887
890715
822319
915992
614981
553967
694362
653227
473510
819648
171028
651755
76881
28164
985206
116422
444163
904150
385050
790049
479416
183652
307623
689393
998755
182574
451934
865315
618930
786781
286261
752869
164698
594821
687905
472816
356803
581933
193261
849108
328136
987497
188786
777759
292031
678714
172670
348043
129229
38545
552631
676379
375411
319065
847145
112533
825552
560777
570916
882296
21318
218303
275808
904431
313944
632749
338942
334276
672884
63298
403002
870191
787547
647212
824048
861757
804550
898472
627895
433752
442612
754759
269713
841123
913219
874229
408915
780385
787812
312280
161858
926315
595949
947907
575848
335175
994471
526270
386600
47465
741143
522125
738517
875559
775502
580270
905923
281693
463251
59359
214710
884751
262311
533588
531131
151667
724609
590182
620714
635299
577951
426256
775466
995345
358014
399421
599217
148213
918268
107294
592481
680113
808484
475987
354322
457487
148816
510811
979112
705142
130201
99202
432396
343655
112749
533159
975998
424314
542535
988743
392235
626400
830419
655857
14585
164944
765884
225073
731744
164867
640297
868959
357982
406485
147473
552986
822633
569684
156871
780601
374638
720
357822
192723
688381
69205
297782
456361
531885
688930
891288
957963
229729
284057
874608
162048
549390
192924
381679
22878
959563
277266
609332
742548
662367
278898
539668
772944
674484
807637
5340
172371
515968
991430
734393
995940
871724
974083
159779
337302
639859
681436
83900
352817
307738
974469
175616
509595
801326
683340
778964
157151
296809
2815
666259
934539
812819
735945
463875
760450
410938
850249
996297
963668
994489
191900
319005
764256
610313
87945
207134
210903
820807
232782
771431
64452
519126
471879
869773
41375
338869
569312
579622
710248
359658
508425
965080
105481
425746
298552
337836
984128
750221
902220
520821
854887
432032
209109
557888
791250
635743
602380
476824
499876
902273
899135
28007
486577
234181
557219
882551
898886
63914
537708
600229
806717
689253
497106
35137
399973
698900
642007
688198
631840
9598
473701
730038
992061
901273
628391
567159
391879
33782
797416
36363
123502
540984
669977
755144
372324
619339
447624
908776
220227
831985
875316
68384
245277
663863
948493
65168
770653
662308
821923
434292
383385
496761
522767
971852
115426
400591
655173
175405
792880
532754
519773
895069
109953
581948
166024
437802
944818
134906
318976
669057
484764
69896
350102
420469
121700
736856
122016
237083
311466
871867
614777
918073
881605
341291
40428
695075
452645
383393
890442
787815
224248
477509
200697
762614
67175
729131
658947
117156
866279
14737
249956
949237
174086
859585
879377
62287
594848
573097
840997
940560
31924
689078
88286
562282
354835
98617
377875
494757
733558
708556
509344
882084
118654
397153
29443
672502
430180
876651
431259
513829
148983
22535
506916
498531
41718
393021
856498
974278
463869
28279
473661
312640
755133
972271
258375
931203
253812
805311
323368
212256
45871
159075
925117
237860
634471
58767
726836
16222
305708
778570
941043
58437
178107
465375
70337
628531
191510
528067
139886
67458
613597
271592
462317
660436
311828
47328
66990
848829
910207
229402
727915
410584
965697
195771
592312
381569
918895
96889
159887
702092
101091
90041
747418
559531
688581
257375
123930
514046
638882
963452
520450
429573
786403
254865
61354
99608
750376
465972
858127
366251
161519
911971
206945
844782
935538
830102
165382
326986
947732
84610
757383
185235
771099
763385
587272
721475
142316
436914
334759
373130
231441
310960
192765
734507
716391
161474
370046
821669
813110
97647
973995
680650
154944
109900
627803
769514
716749
362875
660240
468394
480463
135559
235728
348077
970428
87025
426354
153284
51838
290322
482077
69501
442621
652772
852930
306901
398880
595653
132084
420701
217582
857326
594516
170272
548059
619663
889877
256366
405734
834707
372220
11706
124981
333729
310195
799585
596623
629399
834554
118007
404581
645653
98277
116725
926672
898005
711848
506102
824003
43573
393135
693468
101077
270897
51582
33771
820620
209285
727126
337605
737267
192913
228651
598376
229858
367601
714242
831427
486729
945584
853268
38264
733080
209387
508183
392508
711424
127570
141455
749093
619557
406492
263864
422610
299178
425347
994431
115846
328985
79083
998089
102221
661997
405144
141725
550210
84377
351376
768613
749461
364014
286125
119817
720331
229274
2755
803431
883164
837710
490272
555536
