95
28
77
22
33
26
32
61
33
56
27
88
11
66
16
27
2
65
78
87
10
59
79
24
5
43
15
11
12
14
34
16
88
47
85
41
66
15
99
81
56
63
50
76
49
28
86
25
73
34
37
35
35
50
19
40
90
41
79
7
33
29
32
79
99
41
67
25
27
61
77
58
44
75
11
62
63
24
61
91
57
13
55
30
42
25
93
23
54
95
54
94
94
82
64
70
101
17
42
54
31
88
88
17
23
62
99
75
86
76
94
14
1
4
52
64
6
2
14
72
74
92
99
84
39
73
51
100
96
78
45
1
65
52
66
51
45
82
4
66
8
20
96
72
12
4
6
92
68
28
55
51
23
74
70
30
58
34
36
20
16
95
43
40
44
10
28
85
1
32
9
71
75
62
88
78
71
34
40
42
35
100
100
97
45
67
27
43
21
98
35
