13611580
117481980
122149610
124223838
386314464
169998270
189488040
633397854
298061429
441103305
312124647
767018241
11021500
102820
500052996
83628314
542428346
14202120
88910733
46645308
963411768
40675194
779664043
581395087
725680984
996808576
751256451
314566760
951519144
663236288
686139084
16761780
869403574
749186081
23571504
305969622
785100708
734348172
294935256
789478560
264904584
3052168
687834225
828143488
616475574
24301628
225840650
356560096
129885120
104338476
37779780
177427104
275345526
54222861
138540584
477698
2414531
924218424
851479818
405568852
353510
48313842
15715242
45252844
894724220
89974194
5994243
588411168
808173976
629714080
434720988
379317900
333251009
58124621
12936420
219547811
990966270
388457616
635290983
431510611
824490744
928392192
562501975
187827464
376237224
427985243
4910482
643264
33361512
800490076
24567026
800780636
476250047
55251966
539302452
71270874
27310464
1558191
742889736
450954121
20353368
705378960
360622725
15274494
417125800
798970992
128491596
203022160
105109862
465933348
75574343
254591820
650398528
17705
4986160
856677931
258371730
46273201
395054104
515428741
7192608
7843770
209783552
274252917
623667681
620674083
610223037
185098004
734790
80542386
63374640
310865221
411447600
970953390
99183384
270555920
123281934
9030960
129798612
59756818
93091680
142970228
348916498
787214250
547932672
240104401
553211340
238316106
1900624
278969812
124842564
571879728
159410538
602607111
408997344
25844000
84067013
484525170
585153907
113623800
22194261
665813568
240697716
712977984
147085603
195245468
109411643
984222022
82552540
