169
146
308
317
318
656
390
420
822
571
691
589
891
125
20
719
257
766
152
267
222
984
214
899
793
868
997
891
590
984
832
844
159
949
889
176
582
903
876
567
905
534
56
845
928
814
178
475
641
324
284
204
404
543
231
329
38
47
972
938
668
29
223
159
221
955
267
81
794
916
820
684
650
611
241
140
469
995
656
823
679
924
972
775
418
648
679
79
38
202
908
178
908
707
231
762
246
192
43
886
697
168
858
645
159
676
908
324
440
286
697
247
516
832
5
80
941
522
221
664
733
96
99
451
541
819
817
809
412
42
251
245
587
675
990
279
535
317
108
324
242
270
337
631
905
768
491
772
489
44
548
319
782
371
809
672
182
257
711
793
300
171
833
492
864
343
428
289
994
254
770557
552958
449267
533164
54503
545419
98838
332999
79230
559105
592161
325010
990163
822120
842729
916126
325402
234731
737899
594961
646993
966991
761499
355496
910391
165156
799296
396579
320886
881597
468119
439176
838297
580613
133929
385330
204764
142000
980761
93230
505712
378746
836038
825206
105420
999808
465152
708131
707746
892396
529583
759699
258672
216654
138017
617050
381435
367389
713454
882286
210114
771921
12190
43196
757341
744879
93435
936884
867257
246929
190071
336982
142242
506937
681470
630317
583566
391356
421096
83620
487354
344784
493395
731304
92403
489011
907761
449348
703177
121151
400613
327109
525721
797159
494965
869436
390641
475454
428821
241181
17495
979077
872352
435893
812961
635509
400880
289719
520168
881917
879924
509069
424244
507082
239186
185195
74003
129791
489223
869850
716595
388902
451162
725809
607139
695484
608627
733159
305969
638355
456181
529923
754293
673621
843161
16928
955136
5141
378587
496076
556256
668484
781729
62158
36237
609552
209381
814005
367517
62327
521999
12571
635557
995946
74923
88172
136526
892306
51373
588894
429678
741072
950842
461414
767944
96066
838476
860851
3541
