346
101
745
14
808
465
714
143
861
78
899
701
241
222
244
878
335
50
246
29
707
311
959
328
15
842
298
828
351
218
36
223
981
369
212
319
668
69
63
592
402
935
870
246
800
240
644
720
516
654
737
526
815
911
741
543
464
522
586
304
412
107
419
751
148
87
122
441
433
393
146
572
221
168
370
609
563
428
951
430
145
709
53
152
21
251
255
348
94
851
665
466
82
974
528
367
807
108
433
90
452
754
20
379
663
859
810
119
367
772
299
95
756
153
732
451
305
956
22
620
987
569
395
557
533
451
974
870
67
27
671
783
79
238
432
425
944
507
705
412
733
79
678
4
1
543
302
512
650
791
393
361
17
790
284
26
616
726
680
954
114
792
643
93
261
767
192
919
814
416
351
554
141
791
513
564
179
932
151
263
82
42
360
752
666
47
583
924
966
917
795
911
18
922
178
492
847
841
879
638
292
409
325
151
909
560
6
452
642
63
586
939
872
348
553
625
196
510
652
309
232
508
497
521
124
762
348
377
912
787
404
696
283
873
157
465
426
30
582
496
786
786
729
458
625
578
856
629
606
789
404
514
864
867
807
83
912
302
407
670
65
906
261
804
101
756
291
437
127
174
849
903
306
402
337
104
955
859
936
528
570
436
531
562
865
127
749
556
397
868
112
345
723
405
363
616
97
309
527
840
674
345
114
266
621
933
176
303
204
491
702
958
52
103
563
883
90
895
892
395
178
608
444
26
523
451
108
291
612
858
651
125
10
247
733
944
359
878
178
67
793
261
331
410
721
827
877
597443
772839
777163
165311
638858
753624
41869
248255
387371
206617
976582
255540
23684
297398
543704
924187
621030
279733
68226
362680
466
129958
514533
86821
498229
378690
740650
29153
16790
371045
840216
305321
87513
651992
356227
583948
509420
133842
312512
114486
337498
210964
211964
317584
110846
8487
122135
797524
522572
492569
31491
408473
266641
442367
391134
93997
861644
293967
88142
145142
500771
572090
544584
830719
261184
987590
191085
385294
360956
483857
131644
601221
519476
887212
327444
304623
193930
663713
969571
5252
873410
849967
700361
134451
706278
531059
611683
318577
733533
423748
715943
301268
514439
933347
509292
338240
30622
34661
685580
140058
983416
190613
765594
938438
168453
74613
477681
434149
846326
799962
84672
376518
999798
934953
817602
615934
682103
510957
232058
852779
171547
351728
759752
264451
828273
918482
132584
706582
543263
405303
829624
152243
315589
579075
276754
605115
969167
684808
358296
88010
897809
799018
454759
826169
302927
173999
341854
328580
172428
424917
712965
872048
148742
784006
85418
417669
304770
301773
814041
861210
500377
120016
567160
512946
753450
29629
133034
124869
276486
639634
186582
50238
508080
96426
494790
918920
741083
101781
197996
150328
582283
16664
648459
870055
960329
953089
359813
698143
782931
924437
834728
911986
844429
85820
552128
15969
743456
157373
178262
495649
391405
177270
465643
529330
231000
889664
90
544280
954255
619323
5165
757298
943975
459390
150737
623675
997018
660727
388792
599489
764871
81463
219103
431125
840635
32186
322201
943262
780211
316394
189107
598689
855894
762639
497535
177709
197134
952849
951543
16827
307596
100030
347148
707161
331605
150971
97605
852223
577885
195159
516892
924529
516511
799719
844866
961186
189602
807433
980577
507129
795325
504950
236122
953974
922468
46238
123116
263224
986752
880166
96904
814402
835699
785248
978695
122145
475043
701006
505393
490363
732553
391041
651481
870945
413072
251325
805429
926564
227578
834839
800194
859813
775064
670008
968319
762410
94623
260029
625101
360788
735223
762419
840987
794794
532263
5565
273281
298293
110459
7353
470799
625596
491967
566569
277995
899784
253695
712338
421843
952320
991508
437604
80037
967404
601022
468650
639777
730547
888277
944284
250128
597401
629983
327899
208891
32191
234967
558893
918941
278686
322676
333151
524836
285424
635847
674500
