11563086
569828895
77910
674460224
231353775
524949222
21555391
749117355
6693960
831068863
499788465
55671000
46373802
56622152
800723708
105722315
2093450
58086012
888038
517914971
94737753
943095944
100891488
110295
712606492
82842510
696337236
115331580
43163128
1158696
47044972
978074658
129787632
41792408
97221630
466359524
5893842
4700619
358228080
154888188
892228425
772800990
57801882
660935200
54618720
419882848
533268000
265450524
441123000
561902803
273244376
684776040
854917018
565115499
295231272
229582560
269618742
352315506
90408992
168290876
13069515
176752217
580402089
23291204
8232201
16328724
206674650
191544911
141789684
22227478
341713372
45662357
29781360
131803990
377167707
322086670
184521500
921677817
186684070
21890795
520074897
2662614
26075144
352590
62782128
64087875
112291248
9402820
725714929
455397320
232174714
7216820
961912660
277113408
127403316
669506568
13485852
196910647
8678340
221644076
585980902
333280
136369127
452234289
740152196
676219590
15831046
125460418
613580968
83327114
9669195
589839516
26381484
554342136
215434131
90979365
935632420
370194
387869520
986800626
331319027
146562775
311303401
283696179
214244393
965728792
771874440
5458021
799983
470375026
622739475
6858859
52146514
189044928
180092900
913229376
257114403
515035635
170185664
556898216
6913527
479062596
1864
90
294991809
86198048
260823040
429472550
638679503
141855708
121836778
144279
632153260
75726044
615784
384183800
547004700
480869480
924970734
15007416
644720472
418902283
9077265
67867569
602285216
36688320
874468017
680258986
173750304
115092549
301699536
21196248
637094339
262120941
326598300
34119727
888278948
24961961
68691392
7227644
1352022
119934360
582848128
456596280
1629067
349502087
880432476
953202432
865908428
649993590
851742183
287442
878039040
33661046
246379332
719922049
710532306
807730680
408177726
80812168
160084645
99229325
25436403
848412423
317278640
30990
222369084
416310678
4298238
352198892
902553654
775787008
112125948
300986840
397404375
38010280
259738920
436845216
93247857
49175648
258104640
251180321
268071693
16671924
597412572
113950512
135077592
860254944
629378853
156497884
495787248
74839633
783787257
27317843
230476785
181014642
944730
348436998
250455200
628028148
626853864
549391896
225596602
399286250
345322054
732645264
402329786
370679898
631170018
157071968
263654244
752496480
757246470
670390233
7801751
860905200
84479366
159191538
469241870
5202405
839466984
66695940
665931492
11195446
591895836
79524771
203485991
18890234
30921366
723537327
834849687
92188008
152233380
106624778
12702040
932635810
739779390
898867944
279486240
332850360
200294040
281992329
318743920
754321520
18433034
573429906
306983168
149477646
763984088
14555296
109909065
537518688
158371605
122781120
385062216
10714523
93604443
275395444
709320360
476031372
109566480
15114576
70017584
391219443
890057742
31374112
89072001
39812436
245685107
502591986
939392766
2404376
12361648
325349255
811424903
8721360
827147365
822841456
143258600
33211596
374487872
209034756
757978
270334516
218219507
13296528
80457426
380070360
737719554
432077163
17507250
52520
61318985
558846530
914093136
119046195
806427196
33749156
5673024
645820786
66214395
103441472
166174230
534320843
695205145
789110568
