629890083
86270151
42513944
70899455
879059874
143798568
88377280
2944416
426589898
854658375
41774112
597855700
171142936
62263
293427120
442321515
40741254
6568686
1390998
794425500
202470016
540586243
606303178
673499712
962361895
39794232
8354320
2747994
436930126
10805800
525291894
207266073
361950666
736176168
54004184
689533146
986575744
821169360
23044705
124868016
275625045
62387800
279781293
351606960
715983855
973449724
85670004
213598688
1089270
69680000
15102647
21485786
106784925
977210235
831909765
764087592
567078840
31795950
38459330
79957260
897732045
312818067
17460702
434378438
7748598
174037087
173783449
324832106
5032256
101030190
256420822
20060636
354059424
287917199
495598096
732757788
49124424
420100060
183211820
485189936
87947465
151679066
841297982
179745876
253230736
73830290
648871643
254912876
23846618
959131647
701051160
125349
316290909
695797173
54961
307913165
345722990
216482053
235588570
219438300
490687365
248759526
453555125
30486542
14135180
203926866
388007194
1835460
198944370
532346620
591538464
25983336
5532
819627168
3886532
378820044
189245445
321476220
76064736
5753580
758190888
809142408
961402475
246143226
953906288
580198644
52914564
99802596
556812288
114033426
123015443
747720110
487824244
885248272
315282204
195008112
722210133
126279050
602773590
10232640
245028
503009416
291686200
16025724
720407640
138250500
198149208
230641506
2531
775371361
9272648
187616302
17037104
785945216
169430608
66450780
682917672
63217380
150056025
184684500
410837983
8899670
157779774
704858580
697963512
154400400
199841896
61769515
942807990
131957540
120787952
357875925
94871392
221715392
664186952
206985213
364536990
167813206
55751487
573782040
297194520
257831936
444428310
247560387
740904392
828175650
846967875
210784420
748971125
726495
12526580
63791854
762011388
586858989
11851855
920061450
48562269
556035883
156788193
146496236
17833213
474793194
1042080
36012600
441462078
23775370
796007371
714827350
141832840
59224770
124310076
397559460
104183805
220204746
702500945
465875520
51835560
49716452
424692
768624066
997138142
240842224
306434314
936005550
262950
17376786
109599232
3340926
286347810
990784944
2188
164699472
906092829
460871252
237910536
537236898
756238
78939900
72310692
332304235
505417786
547835526
60928452
37945180
533832565
373345
645447036
233321949
361867743
300257864
134753337
163253577
106289820
333480
557601900
514508892
482166342
703895836
1735272
261503253
34011108
36944091
947466292
615598033
250135054
5551452
13832646
952002112
560883996
861713244
108443900
339605300
56354779
611914656
13185012
11147988
874135080
28702275
262773852
61404560
498393636
83522760
805464480
654667103
868164524
213133716
38969118
783969536
253832085
4057792
98587892
771602300
657879432
273220836
417521664
44810766
357834543
217888020
275160130
92182153
46441005
232547862
33509673
32191092
159260580
130594368
266254040
