307
821
291
188
253
939
376
295
48
679
925
186
796
424
19
560
687
186
73
42
900
448
761
802
841
979
184
80
46
683
100
747
453
633
871
214
846
992
912
145
364
535
235
543
620
865
988
289
464
39
250
119
139
325
991
915
888
774
170
182
270
945
579
126
683
78
427
427
586
64
318
511
137
621
557
721
868
204
673
428
718
295
391
917
428
506
262
827
508
146
977
852
21
583
851
17
577
610
467
490
470
721
501
691
163
116
451
647
45
445
754
792
152
2
912
62
636
435
585
264
70
884
908
979
497
976
782
212
316
768
338
361
874
719
944
582
438
867
365
799
96
28
728
559
121
867
375
444
486
1
893
88
433
124
896
421
242
843
237
391
429
667
85
402
855
852
396
446
235
970
370
356
627
308
472
836
453
635
418
219
780
565
512
690
499
872
915
923
460
875
37
110
238
886
789
107
954
203
767
401
382
127
709
39
180
687
146
901
865
376
230
363
653
319
471
853
704
210
206
36
889
1001
496
577
969
30
126
328
54
555
996
1
412
951
698
492
759
38
270
258
599
731
763
234
182
755
35
827
489
633
568
373
409
324
35
769
732
714
854
44
517
172
181
974
809
502
68
114
976
771
927
326
610
221
809
114
102
936
161
519
235
724
282
905
829
932
463
183
896
507
64
316
892
831
532
672
189
627
469
535
301
195
489
171
171
405
368
520
460342
566759
226138
140419
823565
252356
521800
751075
644099
197739
994532
952779
138577
571802
635986
11797
254573
99341
89982
819206
849661
868277
334144
39438
746892
403639
126913
328055
200070
624220
690947
505809
110765
406987
19901
595629
929572
642594
477141
288124
137911
971967
628262
845208
702881
800832
964425
675303
239223
121855
399756
387926
857682
727476
204111
2531
675752
466890
188252
458227
760937
860058
464580
789707
299584
570775
643845
994764
105371
108058
937763
687376
448076
554765
855515
531082
456921
81639
208490
496526
933905
923955
877171
882695
540273
898714
780468
981711
986085
340763
435047
33119
238159
399153
743801
460332
163333
977363
246836
428065
512027
883471
390993
19635
678476
392487
533645
187034
266740
817623
109294
296180
342452
296436
528623
826390
832999
669666
917446
278720
82194
361269
982025
10667
59739
433294
419967
515187
170943
62686
475558
500655
265480
735618
377215
514318
570144
78629
855967
864594
983005
661755
755989
996142
810104
824396
219039
754410
308024
824234
146428
241342
306253
339292
506308
710363
356642
874966
815051
567108
549532
249597
368668
274590
9528
446282
756384
26720
905110
115658
844191
725016
63403
104429
467526
794482
495258
503578
328569
480793
703202
639722
237094
691406
162845
483558
2188
732660
767223
2766
718002
972758
599702
383775
865025
985273
556730
407581
500456
315831
688389
822830
224592
389900
281795
261296
8751
3277
178275
383498
496113
485569
154574
890016
401467
452166
975412
936166
132444
260378
262849
656375
257499
61342
523977
8765
121339
501797
451942
254999
216273
498277
725100
741942
317705
513573
332650
40788
445224
526008
354876
608820
195963
447066
211315
240806
909191
106590
5969
891126
706030
541722
457541
430500
469736
900405
113878
212946
393236
104702
280274
931507
311987
296138
463559
501802
474571
554321
137396
827727
27930
158929
707822
917625
345970
515251
382443
791672
298127
660274
542523
571671
187035
784609
724949
343044
680565
402448
574074
949981
3233
280235
860459
268033
615949
965950
292370
707063
61869
326595
621312
570709
296461
516907
337377
830920
515942
