293586093
38550330
260854035
128321367
145752288
75138048
689912952
96670587
640592040
866153150
397894770
1737820
66317335
846910022
355426736
339885581
854552934
150033228
150964429
279778503
133998684
871081455
959826700
973236145
49884660
343842323
203869548
5302564
49425484
178355008
94465008
1694350
372999102
247688280
275117351
383498974
465865
730723185
22482900
510764670
16828794
509482818
944282878
803938941
656700497
546510850
449710497
6990828
902006876
46814118
70363854
111478976
905782932
993071820
25890180
239424
694023362
27651900
988097628
714838226
15406380
349256974
831552291
47951757
53746537
184361166
200186217
19189476
111468672
641879889
26531001
358261002
23170262
83148417
216437360
67143739
198222548
139417061
74750
838386901
324774
364281125
13280305
645495656
285548490
463635384
658122717
156168045
531432008
178929279
657943741
125849648
147520216
12154110
228614519
262743330
755846832
22782312
868222890
145130326
12856700
10314720
57939990
741533184
483120942
188474080
757919728
86543381
851635806
444237955
797031969
14513908
111006
902430961
7667029
554161335
462367982
226419813
283470348
218335593
10188364
341474616
413720346
1154130
564946286
442577031
1913984
69455736
198525
892045035
10470420
443331552
685774050
291178580
46582765
835945584
9354994
346588528
419716664
540892362
1985256
939733800
222529375
385582626
20252690
27466958
759906342
245176287
68941919
999389391
908396936
367108180
125314021
651414560
171706738
468658752
514740
574630420
101778789
300372935
110899401
995404202
231394696
248226650
8780520
91784019
423906276
319986528
720996045
567900088
243947296
275071327
325703002
380016495
886259260
579346196
158619418
883690083
445015872
69864938
258731968
508206774
56713796
6690453
58564224
286539045
940785393
633080556
651239440
35757716
138980082
598275040
12954
615559123
89566272
612641280
99346
42151217
24816935
309456
190880418
578568
238753008
775943520
356822332
18124328
561935340
40881352
22252185
542920563
18230882
623986600
196104187
29580408
59110506
188008954
296178264
26728208
808718400
627757150
224439225
60474665
566933172
14688000
409988480
122266720
934917363
639559455
190290910
14457091
733003241
17815005
3803744
942355944
181595820
232888225
25534645
415120468
163328616
650365432
68881930
783513952
1358247
161260260
2589620
667898348
552705670
717964636
981097928
43865596
512408967
556223904
895481306
160023024
95465194
105632426
881563354
41104098
104827143
148033197
157039896
93284730
71347215
88503912
79870320
787616928
27887284
12851400
402203536
768466620
6301996
131453317
216842160
103769815
730030635
170704140
106024298
51339456
772139091
291720960
212928170
252090825
685400040
891526230
6724025
800607035
106370460
75171975
438007680
25484040
22481280
454195203
23799024
525088452
702738792
126115560
33534101
509666040
78827912
16784676
966081360
687530664
861997658
21429276
256125420
426739216
257636232
930853968
9528327
36401400
8243050
200728554
889339528
382340
98395395
129150
660084876
8568090
100153460
33004452
22003738
76790210
748005768
184748634
23570124
430118850
812125360
909373938
1048020
120375389
44380908
403090864
2221800
123267408
666845095
653367051
57376428
508278977
139414125
204515016
586869114
155958678
7307737
71993600
570002174
610911744
30563680
285098862
36646544
113852571
783
4834653
400143870
175251204
45399870
3948276
605235452
550675046
17398956
62952190
500285496
111779724
932309784
812512790
27695700
461270628
18520446
312186803
85794834
752380664
380834608
95315598
13332423
778450719
766454500
106771028
595692560
146491500
470320840
276841252
47743722
117361015
617108800
96100693
436946655
63817041
584280688
780669077
61268904
65551465
310976490
873788756
969044184
75901035
823418775
787111656
241515450
439619400
469481980
158662
465664000
850722174
97714834
77704186
17225505
132672375
44669928
1479000
281261894
98841580
153873335
2130000
1091944
12681207
448376964
49412402
807666994
45838446
794146518
700908416
990283700
20067397
60902600
722422393
14802588
68842272
562650462
26079396
16259936
2892897
11212110
27110699
152871936
356439847
74749648
873563662
198949960
860854048
41150403
119898240
515420565
758987073
609661455
4325
420038223
518630664
897885911
35771902
927082255
394085072
134756753
13948646
700870976
907856796
374041020
112722840
749221632
980086140
341195155
630899614
91858515
360706803
815451296
62131012
54590177
593937720
275692128
51875424
1375704
29839891
107647612
235572174
271963640
237446880
764932666
302966343
19227114
121211870
506515261
35186157
24143280
230341664
207408815
186607488
52626189
158449425
921788
216655400
521982309
192597264
565858020
134467399
915074923
45496149
381123512
277391625
64123593
3489414
51899400
79303890
842759184
1548925
335199168
432905552
65242672
673022140
209842356
269851252
256540072
952086948
72557782
191966976
616818510
806012472
532479896
603106483
789122628
164653335
119448605
549546959
999934936
33104716
274128822
756905968
402429160
873666
505648500
195651018
130538655
923943609
282588111
1161694
913295019
162477325
56135010
917188800
630349868
6320160
514121250
1105522
723580592
304855857
240649640
485015880
21658784
15806733
4708704
603878639
122420400
200958394
5822991
250495544
85424568
582569250
826336862
527139774
76326095
189359742
45297963
415801820
67759623
271912160
313776203
336370228
1348941
154590298
799432795
309289582
104107536
162301550
642726216
149221396
196421012
589447152
126977156
34563880
432014704
211548610
63765226
109926124
14513587
14862
103355874
294506540
284673264
2678310
539163174
160193152
191046784
29026695
573497520
790309443
821053105
419451394
489381734
2350243
269729757
682745242
56795156
764743008
467200120
702812096
107515840
103004940
73814193
13750214
161150334
910497456
986082762
40284438
42932657
678203955
342569274
566933913
65819250
154996983
471803423
499905480
950438076
590672628
1277664
467337
333312550
39723200
108223166
866625082
912319686
7845280
334161250
539600226
49449116
841645018
323313916
44072249
71387760
396513423
50423916
769210
190155
139817091
473018148
55300672
713958540
558459136
1007550
774020720
83487123
530119504
435655878
10440630
512467316
823351805
136195914
901045152
631809747
320531916
601587570
6876254
455403648
244663680
943391610
303373311
959678720
3968283
381957552
40641271
165425600
850812432
417780045
4992764
373618290
6389244
478862986
332316726
119270050
254210500
197495952
877235329
533142095
41497520
347802000
609125322
408490984
746824544
91343040
27926091
885187660
4497792
286535300
412520952
789591131
84223962
1542135
8891232
368101156
99423996
17460088
854224702
617610070
896865828
124841024
295385664
26298104
440492383
70821296
564044706
345393945
284638020
161534090
13468312
701164672
366064416
115239192
179905893
338561080
446156730
116302816
5460120
428337309
20503552
599361317
308038754
716872
223184000
691109100
341687843
507520495
407549934
370071845
51620640
330996888
148658706
32767404
740393590
707172093
111944
952871992
963727926
215052984
30128862
645829509
983408288
16405792
169229136
26921767
677044176
322645510
479943009
455181216
55009696
4740450
180983698
261985863
603696
807045785
70206235
694621283
50186208
616722260
321078996
814072421
710833200
317861018
97351500
348013092
858631620
137750635
3156441
737998714
33555310
118403145
35800793
300425255
423118101
92624332
1970982
11906510
387008223
48486880
651260932
742405280
30574240
414110004
296029482
60139555
143608368
23103817
437745660
637536128
376288260
162375020
560616534
301897505
460158300
222027960
342580332
184030803
141236030
47243216
183576078
39097976
559522293
594091240
442444431
233529884
522132752
262851960
961000353
37123858
7986357
502440117
378492559
350931501
108922468
416957800
596248880
4582890
680015670
230246320
84992103
809604900
14202940
571023734
856623378
421377528
897921973
220182732
90916740
9811894
260641602
232900575
82938888
55468672
535746382
544892440
87965878
4571580
118350531
391690704
268616275
101064150
5974982
94362246
797526691
456810191
36115614
388988125
944134009
5491944
330407792
48601904
2708280
706293764
12051035
89828064
194937780
8251988
362368644
13748306
518979492
639301452
2611268
453006862
697411650
828370791
20847690
897940953
2050240
975949548
624369450
41797910
879885272
942125580
649406252
252746454
743717336
278878914
62356628
2278042
17403596
114329320
430193520
177691380
30556640
98907718
388008816
654917802
265071204
292447829
266718960
650822336
576828918
313067574
480699408
202838570
126577395
891856035
775143600
8985648
133096652
2908783
501259399
651750472
514278465
491914745
636486250
10057890
38112265
122131740
6192825
39482145
8577884
124546044
404292036
257688648
585556143
97237200
707432400
102158672
574961200
234980732
284546172
817582521
75823920
81126045
660951458
665087159
547700288
665700
26733980
35038071
305951250
199800342
223308352
315003767
15983072
56532
11015550
954560100
115718400
477892982
3590114
227450340
435676934
131901274
246323481
560677788
492119770
173472230
622309061
471511099
31535790
395238080
243121114
661835812
11554227
462738978
569659370
832910
157199752
238583215
66817044
766468500
26922810
859812475
