965
541
182
507
349
374
263
824
299
790
929
630
35
245
917
592
581
922
381
383
527
358
933
980
985
212
583
447
71
211
416
297
35
609
489
523
619
23
855
135
702
114
702
973
897
799
730
669
78
953
206
253
322
954
997
146
16
827
150
994
841
110
589
909
207
221
423
441
123
322
791
147
594
137
279
460
247
439
367
13
913
18
601
103
793
534
678
799
387
718
417
799
344
376
95
469
510
871
136
930
374
100
90
230
864
691
428
872
283
921
665
893
107
14
953
79
735
677
467
532
461
89
581
643
31
739
663
38
252
15
945
90
664
822
539
205
912
86
586
647
727
39
971
463
621
127
149
873
489
251
1001
956
604
343
796
406
681
23
745
307
545
321
998
472
490
84
291
652
564
847
742
488
523
566
615
940
748
389
939
666
253
506
701
226
77
232
535
971
783
796
173
366
760
6
769
288
768
13
191
143
18
431
24
481
880
593
118
738
188
135
729
118
775
437
156
234
427
543
148
900
779
465
235
741
108
640
340
969
789
430
107
857
117
56
972
420
475
145
644
396
796
251
884
33
394
44
806
734
844
991
197
703
736
947
392
298
314
938
189
313
377
388
294
255
287
270
888
151
100
632
876
76
353
460
311
855
404
314
214
879
540
455
497
822
945
77
895
315
263
660
145
135
671
139
714
833
344
167
702
268
114
984
822
926
132
502
652
504
968
87
175
82
442
943
20
301
14
801
83
305
166
134
266
866
423
138
655
901
957
30
337
198
632
40
341
805
797
228
701
367
447
754
387
79
256
742
768
160
534
176
327
3
67
630
412
201
57
764
733
116
238
696
322
969
901
150
676
119
557
282
868
616
298
103
881
875
316
760
375
682
524
207
331
770
299
659
241
752
881
236
245
555
934
984
265
905
888
485
660
682
14
680
921
301
266
115
355
199
34
529
302
385
40
31
99
668
211
899
202
891
832
995
127
235
847
108
251
738
146
112
47
91
149
384
593
262
934
440
926
189
336
705
873
767
5
647
709
949
173
965
628
359
106
832
956
610
324
866
990
581
782
291
597
902
236
223
760
523
216
33
157
316
477
520
480
874
547
123
338
701
171
140
472
449
424
217
389
28
460
713
432
740
359
959
201
616
525
241
53
216
269
914
35
576
656
244
812
452
517
502
974
257
432
770
898
719
763
889
399
335
733
1001
166
522
871
632
27
700
437
351
963
531
31
959
395
226
960
782
76
705
31
848
549
484
692
133
111
66
763
340
442
73
494
282
750
907
714
265
429
201
644
249
520
559
577
33
386
895
553
312
395
792
379
437
756
346
169
656
455
241
319
107
6
311
542
534
45
726
392
431
155
744
889
905
647
694
41
517
821
226
874
680
833
316
310
261
106
394
957
993
186
193
817
582
741
245
387
683
696
973
756
32
23
575
185
317
929
958
80
575
726
211
914
566
197
255
629
213
26
15
367
684
224
841
736
30
880
279
718
658
90
703
905
361
952
783
564
762
77
672
488
973
547
980
57
617
187
400
921
645
68
610
76
686
574
335
500
438
937
719
190
588
767
638
866
290
151
940
64
535
642
889
279
35
84
604
303
116
922
770
948
343
542
146
661
254
739
585
534
394
104
832
603
328
417
580
666
329
72
653
128
761
551
26
464
825
581
701
638
605
215
573
378
166
863
837
14
974
982
458
158
793
992
113
402
149
816
565
687
672
224
66
419
509
24
899
253
827
213
770
564
901
840
562
300
588
924
365
51
862
167
333
173
545
651
293
39
94
623
208
796
865
160
643
543
235
372
137
660
788
610
395
738
547
675
462
582
423
370
206
423
184
737
760
663
476
713
510
981
178
81
697
613
589
317
644
760
65
818
472
281
900
106
743
923
649
949
462
290
89
507
475
279
224
722
730
286
65
333
626
515
306
74
297
893
673
174
625
973
72
572
208
45
836
95
288
436
82
599
106
709
789
44
671
830
909
129
949
40
987
775
190
938
972
796
498
866
527
236
41
116
328
655
415
160
302
624
798
513
541
513
796
747
558
688
446
345
945
880
84
356
47
697
796
705
695
787
89
181
340
75
185
83
343
633
504
753
300
837
308
745
476
534
903
265
273
802
803
731
25
148
171
550
441
464
559
112
12
90
975
328
686
53
468
658
353
489
738
695
410
773
683
165
628
487
803
93
677
742
26
388
481
246
875
149
925
839206
765364
581150
886387
326895
116338
612478
984801
264223
662123
113010
522908
464253
444368
128935
187269
726020
553869
748645
809056
142403
515396
436758
587255
104530
251651
252432
189618
845200
708086
959443
828379
949458
230646
393724
341398
951408
881754
409290
422923
806777
40877
595809
29585
153596
494681
374298
946492
869008
821903
880845
127938
741505
551239
499222
267557
156012
191126
901360
240096
946197
37474
643422
422535
849986
161610
923566
251913
887652
521956
162343
762399
843624
454137
100634
981393
810595
70278
109521
98597
604956
511328
379883
813992
829711
528365
625704
441398
261
818140
671223
128514
184941
197394
89626
523007
996060
140058
390644
718255
942829
420968
331527
317718
410890
336409
941097
759189
259614
744006
894533
354565
184346
379875
933573
60184
34934
2477
71344
533893
823683
514707
32035
124239
865152
962136
898406
988804
440360
50538
324505
367683
656784
790441
515183
772194
181951
5750
481268
949641
345481
738291
308376
170798
810268
683514
217333
365842
235305
373658
844849
225363
771316
818167
617913
178626
682966
810876
932350
286128
808750
877245
19117
279793
746428
551143
528323
392661
914799
672213
888179
903521
408656
837273
843712
666403
901790
428172
150518
519920
61551
507076
854647
70506
792193
676893
530889
411335
217482
533096
373867
323313
856147
738328
824129
442878
667668
294134
637802
567352
587736
774527
540569
970486
722355
487451
67738
879569
276146
933635
271614
285825
795458
493862
496368
635149
114608
476586
69619
654508
776969
270683
278824
48410
313506
590417
302463
909855
467974
294810
282326
315409
129441
979613
571226
648712
53250
905407
577636
217727
206692
688192
898576
234244
108779
603133
961626
154499
627524
575447
749248
817616
529182
184684
264801
805144
862384
252609
366986
55562
875209
853837
644028
875964
742031
41688
729473
955405
425367
318064
147234
514505
612489
991339
103348
61891
824204
777631
731093
167517
340657
823459
274272
457528
217454
543370
480625
490609
663251
286419
545448
950206
464942
59518
802091
26628
897715
41159
834275
366891
581943
781699
299237
663648
932858
7929
173545
352800
556275
698691
681716
744747
824076
764474
998391
346176
73423
131591
484839
818360
59347
164207
67924
449476
555293
507523
990008
245579
377274
250946
246878
642556
723995
560318
180483
560479
198822
324124
257339
348173
200930
190063
870454
172452
204901
405154
893221
883599
540220
629360
998936
924686
770830
356563
236732
794865
456084
920837
554613
926847
668027
977502
20319
490317
129719
213417
719167
943763
327290
305807
409011
728889
892533
600383
346208
698607
935293
315665
952341
72159
828658
929527
155634
678767
149991
11333
159470
18043
759643
967800
51256
907241
781313
470990
784538
794166
37230
753961
578949
636755
288685
409985
740156
837708
379727
17192
393277
353504
147621
811523
565589
451532
797710
858272
351339
532839
619546
243197
684800
332334
20255
677353
800467
801440
375367
911299
848940
70332
638692
404742
978308
471396
724974
869401
317295
506585
61889
818782
532858
650163
334911
57323
123210
443264
488012
2159
402994
301878
544992
65838
638793
666090
604199
135113
482665
601079
579674
607072
204520
842746
207561
320353
110246
225870
946476
292121
149787
98066
282813
281225
302924
700890
413564
516708
156318
511287
266073
399671
589781
337883
366615
480580
606125
359608
224472
233110
869174
12677
208219
496015
806074
969502
277495
330275
222668
853279
667337
647450
175752
819783
106972
356840
525151
116007
640268
200803
348565
979264
988057
656670
945598
943096
152265
244799
935534
525949
447105
886117
400509
805638
609439
683828
551915
922056
929255
285304
939833
852919
755739
392341
540224
622381
649272
857930
360060
247628
412665
359211
938044
833820
224146
964827
164831
363108
619056
865
946139
688390
55545
725077
316124
886328
511183
727585
909781
275618
763254
218408
264505
742649
840255
208561
169126
180683
743251
206774
765093
583726
620906
43500
893087
177330
669905
836412
618238
431429
371905
521585
347910
268650
696637
828253
274669
343604
407325
668192
24107
142706
591859
223717
80743
851235
499892
180690
442537
645655
532181
448751
158011
621201
490291
272127
58855
787204
267388
503729
324634
904048
486005
453937
429087
487810
69268
168641
490243
571054
899561
577656
407762
559294
817042
231651
210565
310994
469548
4711
839929
805057
191023
764673
941689
667537
897564
240164
815837
259160
527136
340240
50368
923694
135644
946937
234356
677684
227233
779692
705161
831602
222449
878429
994062
278118
297165
9225
510210
288023
92503
506520
535580
133990
82921
328132
333678
373725
22380
86889
103230
805850
206941
411076
319851
501383
75835
886956
14964
526037
74684
863748
831315
122395
844889
126853
128567
768538
13235
377399
542673
588607
591500
640607
208008
358615
212489
970333
199426
749723
114476
765092
440112
888987
355407
380973
514086
355565
314976
631579
867792
447714
718801
162848
989986
997399
511036
842438
242517
732093
858256
344596
563513
611689
214720
675122
725759
82571
408222
44061
559054
255913
789485
279952
205767
394163
771760
35662
751262
263267
190689
357197
473613
698051
372389
84069
33585
928086
126665
145184
363968
814413
327509
150031
129701
776759
690353
767735
481000
531686
184638
454795
32921
954197
461935
533030
180635
450904
333665
659917
129503
561317
454657
918277
783806
875948
211815
911066
781497
365347
846230
787597
497210
806909
521721
393788
381719
976812
400493
49652
271837
35224
374561
235616
588626
649209
728972
969570
356030
176101
386044
616866
435061
361488
768197
740584
663045
592966
44255
534735
759726
896253
100525
591448
332274
758776
347142
97051
936217
855313
588103
732304
180596
820699
328372
39927
946061
470516
105848
778341
89302
25154
800938
304237
828845
607795
220687
707791
568319
655953
753005
239904
428738
136000
950234
388049
233663
735418
145178
601724
412446
295816
440302
943963
842393
561053
83160
432371
7996
331684
979415
321407
731496
433986
916607
403535
791453
761430
662091
930883
229336
180124
337684
923792
569289
184342
808532
658559
398104
216583
943414
969265
582964
630387
952317
166540
76277
981790
234182
251306
227253
636398
722561
431942
891298
995260
993034
968883
190979
297272
647721
613182
307573
545174
687059
979036
874992
866798
497970
858796
811479
226923
501360
423103
648302
248385
191089
946177
166528
621809
830115
720861
128093
535587
445827
219989
731988
699162
50904
337657
389712
649951
508421
617443
453062
7642
452159
960707
240275
850669
618707
135641
926491
929648
507225
32358
79767
682353
585001
71825
435842
298023
690781
801063
644597
729250
689620
691547
493657
285696
137061
226349
274430
171216
87325
27572
160184
264586
311903
