731
293
864
470
335
242
515
88
100
828
862
228
886
962
26
703
272
593
965
955
322
681
560
150
325
75
483
678
680
655
689
902
576
617
169
345
592
867
944
86
947
59
97
825
499
797
14
884
611
39
807
277
569
788
795
88
73
757
484
636
913
142
574
806
664
951
551
535
902
160
177
336
939
520
152
828
90
697
438
738
809
395
971
879
840
429
108
762
458
441
961
101
55
449
728
398
511
168
814
454
140
546
907
45
388
781
400
886
945
786
239
415
729
926
288
163
351
659
448
985
756
966
229
629
59
446
608
573
680
910
972
290
246
194
841
864
78
230
326
256
513
97
679
321
113
258
453
869
990
375
314
625
616
843
618
208
394
538
204
910
972
597
67
569
986
540
654
237
629
591
114
249
730
856
801
273
950
367
985
436
501
275
852
435
496
918
736
619
793
608
121
607
246
434
21
730
206
565
180
970
523
757
995
559
936
785
415
974
231
641
583
351
39
779
96
844
113
43
874
732
569
226
132
914
296
445
61
266
446
873
674
842
639
569
565
490
748
634
557
467
194
308
877
478
174
298
104
975
954
696
507
239
448
933
226
75
23
236
237
818
412
401
992
558
325
87
972
469
763
807
560
599
539
821
615
263
596
833
534
809
394
366
712
804
851
168
301
28
604
579
13
304
465
313
836
164
971
389
850
24
837
272
26
684
962
522
949
101
633
342
471
454
47
878
80
965
141
778
558
92
432
126
620
892
954
34
108
232
353
957
922
293
690
910
513
578
947
549
924
942
579
108
149
251
722
154
433
875
431
264
18
535
252
986
33
474
385
534
87
986
973
591
304
137
934
169
2
609
631
364
586
826
333
515
980
489
726
552
964
783
464
599
368
9
983
463
590
431
18
891
673
781
210
872
189
976
897
335
625
815
882
749
700
184
928
886
680
682
834
73
662
560
31
781
258
504
438
681
314
752
840
400
75
843
280
676
824
848
477
552
528
854
284
323
25
909
788
352
662
214
929
411
932
114
996
579
964
184
595
890
875
397
359
142
989
487
748
934
106
883
830
722
976
215
858
74
999
572
821
207
192
743
761
153
960
193
404
536
207
706
363
331
217
508
927
428
705
256
668
370
725
550
78
823
396
862
178
93
344
607
648
43
101
600
770
529
493
506
288
636
561
309
145
176
611
818
987
782
686
335
638
455
485
747
350
952
514
130
61
690
124
59
343
42
944
548
465
387
575
813
558
879
181
667
110
857
749
70
777
881
795
42
180
802
310
181
457
478
873
860
226
971
930
611
424
228
978
738
947
896
799
973
537
627
408
69
355
259
562
323
168
403
139
785
278
880
372
382
601
192
289
767
137
477
570
344
584
384
769
817
174
883
453
795
75
894
298
267
100
950
701
375
943
47
661
966
340
326
1001
872
560
360
858
124
453
52
748
358
446
182
23
384
658
150
423
114
71
662
248
430
412
936
752
355
634
320
121
216
83
386
381
283
437
243
763
656
53
980
735
979
145
79
929
464
548
389
651
410
830
878
976
416
936
908
62
239
792
323
289
109
250
616
427
21
993
742
976
610
897
855
802
278
408
467
957
735
494
500
351
145
818
733
979
175
760
261
980
377
828
250
774
373
946
526
661
593
366
931
385
164
360
536
632
150
974
351
917
989
87
565
638
461
174803
531883
377941
805018
82228
111749
540238
359963
359389
379226
445886
131562
284191
875440
831312
945815
842383
919710
833303
360967
624773
813894
307612
192922
589720
554111
911652
213778
273094
629030
409694
293737
871590
40874
982887
449498
48177
685289
6371
344196
555817
918201
431341
304720
34227
190242
792610
18103
966663
495674
315370
462736
895050
700933
377467
193380
696845
17718
162487
30230
835900
939529
275158
363503
343078
430671
638907
321319
667652
351317
352987
29284
248360
343720
524957
835789
591353
701654
441457
213021
777745
178507
862290
511079
796253
267563
751406
545256
782363
275320
367542
619896
834232
72288
319864
515359
641294
515876
414155
65802
784911
275249
744088
869646
205957
571585
44001
157655
518768
137642
919507
525632
363280
980714
467958
183913
349502
213234
584079
254433
149535
618085
790113
417883
818643
787983
442134
613866
497186
319604
884274
907603
61286
666871
846613
114225
237497
693854
939538
477277
640708
675643
622449
386333
138386
12908
94773
342682
400403
887013
946073
489845
811691
556929
90558
610980
256917
318825
622418
209561
344373
285861
503119
390923
285224
451665
506218
60884
369917
335289
501270
419406
5743
897521
904052
79306
803535
297957
904620
859225
454635
690294
813219
332612
734875
105121
88438
59204
946772
702214
984595
187312
782853
943434
952984
396530
465255
428893
948588
614869
200081
857526
479062
326984
939721
228561
137125
81287
297232
488191
173746
956468
652712
564908
35609
991365
743549
580381
503556
844803
68883
141015
548151
899807
121911
401638
155884
682966
464110
234157
311936
710164
753627
257424
217364
158654
223333
815127
409562
760328
343116
213560
712134
141057
685149
970767
305470
786875
963206
989874
224160
84421
994549
521434
36682
242524
898460
503028
198311
90898
866150
299395
680174
898460
471128
434674
935839
566051
521457
808794
622700
939938
371855
28133
425384
708292
110707
677186
427239
204941
769166
668135
586438
345270
789393
935794
121696
892059
908133
222701
338827
361055
144932
230636
460338
313642
413497
329747
481731
751056
745369
461817
995353
156593
334054
917197
863370
969110
230815
122089
808365
748828
946423
516380
519280
916183
529044
977875
189343
621386
716740
806209
783141
218232
982156
753584
809470
547456
571331
727636
870937
86581
398635
707627
679542
401386
963086
577104
668540
696437
500043
455902
226188
877094
182619
643489
753714
682164
322814
916370
730194
52603
786696
498986
931172
911672
600739
444001
887287
111562
14371
590788
638672
967012
80362
383589
477049
39848
89374
390254
290727
463834
430354
376489
517839
958826
858173
444731
789985
88612
931929
52475
485109
187310
101362
138962
299718
908014
559641
981233
355694
747301
325489
651130
187368
129808
942223
660931
865895
983177
628075
307281
272949
639926
850488
45795
248067
738496
160990
231980
386148
990286
536804
727008
883015
370920
368479
509154
931235
488614
401166
250655
973649
81670
989738
956266
968627
2590
84471
785843
835999
93223
435252
237484
672659
683435
617447
563010
581447
595689
605098
695927
979375
161182
389921
479571
828709
548606
203604
618296
646263
151229
704842
572690
212648
334168
564898
683225
876154
189651
844166
249476
476929
900921
715107
49896
169959
469348
901022
270756
80455
976982
859811
571612
349606
324498
874860
533361
121549
846978
361845
215766
559818
619861
742439
997324
364457
782082
772871
970325
486839
361292
583249
49247
49462
436565
732582
237116
138703
353566
897948
521705
868518
356699
786870
848597
941384
260581
628295
444873
614258
565045
347010
519729
817983
899900
873616
421036
522007
205473
27199
6707
819195
910360
144578
134332
673523
122696
175842
271072
762373
237735
658368
364318
806767
612344
378861
198667
84593
294237
441368
791592
835345
886599
383808
332866
879243
113914
669311
586735
741885
649642
352786
56779
422278
970218
853089
592177
565479
240230
474851
601064
468000
83408
159993
313891
453390
553408
418787
586272
677140
369325
884073
261209
229538
412886
247376
692037
460561
709853
178179
229926
501485
670419
139572
640178
533315
685638
711504
699280
60035
490026
195962
629162
752522
187693
265410
101091
946070
33847
745135
538525
302121
376051
366660
334281
748834
322863
276443
135941
364794
578413
826215
608255
581005
941768
299238
848581
615790
578407
411852
259892
16894
595442
851988
602381
889734
672584
982087
364646
42937
229891
435357
256681
570721
764108
322529
692765
325997
37899
844823
224762
706275
296260
618738
932029
567681
962608
12051
755613
183540
539223
857691
235872
314336
611202
882928
692187
110637
9844
444491
538665
688858
618207
730158
117694
824963
697659
450077
93067
323743
257340
729599
561648
376375
998807
593659
859626
942655
363749
920234
541616
965179
507262
416414
863258
307640
498120
319919
407688
19826
708388
823093
533352
357589
772743
708042
884371
38398
717653
744766
435957
154866
885619
248060
745099
150094
825489
359325
175316
650105
542116
758509
851638
626356
952285
16663
276531
727448
722361
772477
275331
233825
45092
820585
12922
698692
662239
507347
271934
149962
