86211441
721738080
213093300
108453905
57474274
256050790
7864912
10136200
654213564
719107984
52111908
764846588
905980816
515476
478162322
73731584
338965916
912711475
893726245
101072902
454999935
300610240
23998950
103871300
6027150
224031822
442538736
449433080
411389125
463410376
789646880
322455168
371669077
31018260
115248630
338378320
724725300
860618368
7264506
870773129
2918258
9805827
649171875
238047451
599760034
93898
760072924
361820147
1334853
615235011
75647038
311502464
587350772
597367770
7797856
4473878
537594148
224629240
394231596
807342162
21294604
319677246
612824368
425819216
885604485
287322807
270826630
789123720
27193440
33221661
109364304
852625146
259022400
24470480
653617404
8150220
471966580
183428706
514872342
624933893
145883375
921078948
748897452
677684280
172194594
12710952
546155880
202187306
184958046
903280418
11174337
2518725
193371279
501488624
147998290
249465601
29541456
629116994
197652078
20290480
282740094
794671678
1793160
141482648
573937375
150550000
763988940
865792935
585647814
56670724
161955410
503224326
823893684
79640928
28320598
117332631
414617758
192144064
966003290
536648868
913903620
52645039
386368282
2842443
188335988
358549760
318483141
453472280
803543650
929490552
84310830
59660904
40654834
680195754
722121696
6370260
52882980
104749994
65134848
250658982
9192981
447031872
100679082
13796057
66393720
195397473
726483131
979975260
134986125
96590168
382715000
370055224
685543617
373950564
44465824
144811548
277263142
43380192
804506430
926300448
345312561
3804193
310250664
969126582
278845200
409636824
55495209
386752601
337296111
14998068
61766940
505296510
706168328
603655227
74237982
874222300
129758722
966514505
180571580
240010062
75060975
697954140
179871195
236556784
813897882
512877920
376509845
593820604
356734880
16448861
355867104
59096580
179192524
271068
505187010
43882326
305234470
34137180
918030310
261522489
538608528
989576255
298123085
846192672
584109080
161817215
938045764
53276916
398989809
329421235
117686439
1320033
570681378
8949408
686926536
13864648
1651114
739939762
507103980
311897919
50796212
18423504
808315094
87692960
187361020
3043656
70599060
189721264
737530479
438170770
681573740
397725102
312156814
306013040
229980520
525256072
391943238
292401049
210185959
39955658
93053268
744219569
220748526
32000862
88575136
11621896
941049525
892747476
470247528
245950263
56373408
192798592
839606700
51118488
5421600
330533
54747280
55416525
640609338
159169196
150972089
982363712
293302656
103955800
7694106
929686896
211830885
547569239
616635156
298677120
347648219
278057164
645177103
366348735
68532803
344730572
663278749
268665546
622255294
145180726
129193242
486456200
609841236
696665193
29934072
90070638
761572
352783716
327081732
82823
91016080
207336990
96178953
672995048
28667692
919315612
141904866
695285550
405456
674796933
73645632
470678
457808724
905611408
260470692
872804790
11267762
391247805
111828528
214133085
197924478
2018039
746728464
6672640
910413810
21084435
568090932
296790714
8362616
176987808
17476578
378807600
774718056
889155666
1027820
12336300
53549080
121119948
899137866
817825986
86064941
464730870
803464480
251290485
324632544
869536347
285331221
819853188
855461286
325982790
13127292
23332357
62618476
493440070
25022998
178331916
741105750
175713528
68959176
216918
271385170
63165060
968405816
966372
216097548
140043365
268898904
7359591
968337782
936617584
337656621
91114272
19319055
841460214
30862611
5180
359789892
388563490
127879388
331705886
650873958
107497062
255272110
954176020
228852000
497773188
288147864
908719420
582198867
206243824
348021995
130895392
51687
962725625
205572463
334931790
176521222
177192
771739650
437209066
576765376
45310860
736112752
37815309
945379952
783633552
108706830
382001250
633862175
756908586
530323458
474030200
36554728
830606400
764945820
450322520
455944280
670148190
4803546
423631012
298682160
872123
579412185
66284586
241703784
183032754
454671012
96598960
532635584
679026600
150420400
5947950
684255513
77089600
440163880
648380880
691227696
219687597
287981160
264784080
700779590
78509812
102980475
442950
799231887
587166380
120763456
424148696
46515896
834193692
157745088
838620124
15313848
991371588
327075942
908302972
36489224
343376880
770646550
742508375
147255240
123951930
21313348
978850882
227895546
527221816
841554548
12074884
759049758
657866300
494677578
945851360
46919880
708892470
5097342
996326676
316951492
644411931
44139438
39091968
520793219
544196427
24660846
902132160
39656289
152688164
272906544
44206920
482173996
126906978
106757099
48463261
247314212
826938693
171699048
480925620
65710336
431703684
131978630
496834525
286788700
6340386
647450808
146487132
718307186
33703054
8655231
114418528
355967866
403509600
1629657
11181407
348868200
560279720
266101812
232266104
243755886
81847008
393517368
302191065
94158480
22603180
32976768
363815062
640373754
970395699
580587298
459907434
108159105
395493648
198637075
225648675
524135538
116958800
887196408
251873364
18065060
3200975
464134710
17159864
2905573
113103221
1540644
860599488
284284864
206865945
141044859
321793575
628240059
295206552
749865231
34918882
429207163
13410210
707444073
530012623
4202450
567332766
755625771
597089520
1495578
34243560
606001626
94695700
35001780
201705176
221187808
737513019
714928320
50660160
924668735
835567800
362725649
169021240
52334664
948873204
515634696
868585559
780359552
602113616
932937698
274449423
384893982
154724208
4085076
122189580
66672816
303043326
101864510
29989176
152119201
20096342
584641310
76493924
754622880
133023108
138013544
350532649
39348672
82613829
557615136
19324809
219581226
315442560
114505904
330239736
138948480
559407512
638960994
32591940
758695675
197169156
595323030
6034125
777463524
88791186
71439321
10512100
884613400
476358942
134770875
858469480
1921078
422162192
913906518
110838980
104293594
999805807
734557976
301574000
125820720
711032322
17067608
196907322
2288052
528293700
123285534
190548594
35665084
383249
139499520
413901740
23798100
167732190
14798112
4322764
423797836
61349248
172704340
159092976
849516408
532707776
122020600
391999664
99819520
16592125
48103416
7006943
140626748
137561955
77918673
181972918
57769605
551161443
412161520
2389876
958317500
511881195
950380893
22455570
6496012
833797009
206355184
284565440
142630740
406727223
157271490
657021360
747738164
943463088
162623968
846724320
796401352
3261386
56758676
591862392
101530528
82429736
13264864
62016750
370255424
170972081
271362
984425445
518865760
943803712
360725330
781816230
703744515
604478628
76519222
154575288
209915566
899129253
511506345
234576394
238638500
120281382
21928205
639972934
508594982
949948175
32779600
541221840
67831812
957442360
136084559
654107580
62090000
564709626
134028225
866886020
263668020
422317527
339605170
129119676
836466260
139948655
28751824
124923600
271937992
390226504
23648250
938162644
118928277
812112623
973764455
7532547
306295540
396444268
203823774
