126
32
349
232
572
124
737
286
147
426
841
196
531
4
420
615
856
41
793
583
565
737
718
394
640
953
829
73
836
183
182
375
241
806
578
619
139
128
412
247
667
111
204
393
634
408
712
606
924
866
41
408
37
761
106
460
811
681
87
617
335
501
948
162
347
15
169
578
545
572
372
249
237
850
889
767
902
559
42
154
777
403
625
70
246
763
367
801
151
734
414
89
925
266
469
614
513
992
280
843
364
334
722
108
431
212
740
604
512
746
475
118
305
612
706
603
946
581
31
186
31
512
94
276
478
716
184
359587
591160
263348
41216
481457
890640
274631
232089
476390
796403
786738
164199
463697
869561
182250
30604
683537
462686
244279
119064
775790
471580
17201
544767
762124
359295
77416
169717
12791
519913
288654
470111
69214
810152
295442
627749
684497
43086
783645
315496
716026
143081
68757
865021
111865
643047
766556
74301
765939
648417
396500
268341
751889
379850
721546
173220
366778
167390
507806
212014
552309
400265
295103
576951
196920
749451
734052
18561
603882
18865
570046
503707
880743
480273
4672
391535
474616
293066
265028
98140
817428
635873
22989
741883
453956
251119
490786
699237
134416
877316
792812
316092
427077
194132
665004
63739
322208
715771
827929
943455
155747
649826
497577
272543
790386
53347
653332
222512
868892
851211
65949
513640
173805
611634
126888
713515
717766
808275
343722
931404
527802
862621
394648
119254
567222
651765
