603680
110316108
51622784
311606724
14763936
546767771
82555044
19759152
197104236
681337832
38049872
267468417
18688
190661520
395473905
728636616
1689856
621430485
336362433
293750845
540996324
514106668
149660900
425602560
887628012
660218087
4652947
675717900
31699260
30888494
134845125
58871239
637051116
327854316
402242294
17637432
15264512
164909180
65046956
455919179
10893540
40171680
144143754
414212488
161772000
508022680
370650204
803474364
747029786
1254764
161016384
850593
579976364
7875906
216251060
642970532
466142457
5737563
400073289
98973070
240616773
844326720
26600238
109477112
191865
28288910
319234602
276754270
301902744
133657740
65991972
55005093
703739650
769003669
587948452
783740584
287124760
1809612
23985038
602788830
157788605
407353125
3734290
61775274
584411457
126145974
630177138
21605231
529614764
176809878
6119373
811517300
71378706
221171020
390426022
255257001
935907360
76896680
689091804
117283712
98564402
518227052
8360928
199853407
44946968
554593740
364744728
251282432
560909194
225442600
13200070
89385130
384182388
493661322
356469480
833182878
331196726
575391
33898500
533231
246505984
6506116
75221868
227714420
512492036
31980120
