304608598
56378855
44336205
261646758
147238728
201357744
180163008
479019807
210262190
22746554
632996043
759576
252777420
689287
300789096
164724604
21297192
723097615
368496336
645563945
56376
292003600
46460790
17415816
718418158
2309688
589346874
147973932
155621283
875715900
158338873
151948177
428592864
109911825
174346038
93209130
981492501
399269804
229088780
139527819
54795114
100274141
370571968
683129408
6192648
210521933
701261792
297027178
98566712
89253
122570304
356622462
69857304
46783836
566110930
356763366
689930440
135600136
358826860
346531965
763546842
258488109
231118758
882956679
135780919
757076547
115092402
1461355
29545217
176298906
662916618
582440122
36578700
88093473
279453001
679761324
588433886
49020972
13228380
424436544
666040355
965961678
112828375
26976
18332622
453546035
196853888
36974861
300014940
5100291
91980368
668428255
828376640
936358264
948237312
462588399
131741250
168692400
214957765
584997
6838390
553386400
573387176
805726800
116575824
84232656
78674120
388417190
79747519
25078500
71736952
97269978
909360468
564154549
11232768
838456020
973072635
34394272
203229256
554332186
221016996
9985920
782547767
322492743
2887124
449682120
159098784
10551222
281970
3514860
444964620
535356225
318737835
200622695
574171920
686244559
149474320
540857310
308670925
1852483
691229880
734649993
31620069
439949588
18499074
85995162
170142800
68689551
178883991
146714148
362012420
48766320
815464826
383335948
577100940
260298
786776910
260419640
419422273
767694564
393286400
185440
40117559
761342560
208283400
35176360
2708328
1962
843919685
190769533
49624101
164315931
232713
160531400
75024
918989416
86399140
189700560
152261013
87117836
69178731
712386739
507328100
101432254
394901157
47279856
493991355
219503712
11685440
9731040
201813028
82676542
20532552
100963167
2495124
324891420
31087550
55458675
639741570
227470320
7954228
377772295
942664110
54226687
32858
324253314
818579232
566947920
303379090
181443720
96362448
555405036
665523946
94346868
142108200
852219946
591578355
602931384
19957182
961416300
421015016
121469760
751410969
364822282
63500400
867902760
594791595
23108832
11473245
42360892
547101324
10266676
52237325
7640815
153505416
265770384
487206
161829507
283396932
145403700
6645321
224548597
62623225
561976298
677096570
75182400
856434163
270132395
167422131
264229262
596913216
1955385
111330990
344280170
244072788
431931552
27391670
1240000
157709482
529567400
5201164
136089046
619427120
549147482
571838166
21768651
163
745828125
812946171
255734018
43968672
509919252
678476860
730726674
669754616
402941172
73557504
549762923
227841548
50557714
699303410
213256046
919832608
445753994
749045700
140661640
625379808
23994352
65541927
431227442
862030092
181532460
996340662
19104280
124672776
1480710
940062470
326510256
162242460
600676699
28893382
5605125
415508067
391508000
16231600
519529605
194279384
73329840
794130366
994348318
77736584
533920640
90625368
46193352
926145600
313947249
985716270
880902213
85673056
1616482
827127279
891437438
11648870
780608785
177130368
381559041
338982920
751751245
464096330
672246708
26245375
481422474
485411535
128412566
4067245
192603110
860311452
57529626
16890148
12165984
185620557
516455612
41753684
363076344
858215553
233133670
887785305
294790445
564992759
343204910
38583616
43730454
496680240
160003254
347804598
27316146
59574188
354997120
781655445
741116288
457218
845772025
93971779
656164782
903489243
921788142
83336289
159772169
536438628
485476395
738936
198599203
165932760
36680940
696283480
145846519
38034768
838804100
652165152
704298100
988917777
81702192
11852
556554327
957854282
654125152
229922010
78720
469492349
576684420
886907340
215373395
310608530
105164992
541727134
958853553
238908804
1363395
725032520
48234274
554278155
110616206
443590710
74128508
521107872
979168268
715365294
550810554
137284688
774295350
352557360
397744124
871823520
601783776
216432
225880142
970962984
298008963
3826875
15647862
154818384
863527896
375908544
423192990
26004440
112121460
456852939
39035871
557595822
581135852
289283618
286046432
816902562
53512277
40537965
77182172
7133030
609894400
457808272
45100179
26792521
241866960
819288
29961160
982629450
206844520
744960
315447016
45706465
418310604
4711070
271365375
305246800
776545905
33035590
215246371
124229940
131000980
62159244
495168416
330777600
617414070
472235841
173809275
470717492
797180975
854925
94801784
404882163
14013555
50128430
721004544
24319050
484409024
106869510
51942384
123520188
12046702
500917536
80683017
56970391
374683680
162461880
239611311
520246965
16554240
83731876
306467525
359625420
3190543
976519610
385339332
411876416
182993625
931375253
