495
574
227
199
522
392
456
432
699
463
142
811
24
510
23
571
418
136
865
624
815
8
560
205
123
863
51
783
393
401
930
407
397
672
335
426
306
989
652
485
387
223
319
626
832
77
463
847
566
317
9
362
618
264
206
770
618
835
379
620
613
881
517
486
933
379
879
346
35
163
427
819
781
180
299
547
831
782
212
110
672
821
979
341
6
126
685
448
181
570
73
304
823
910
964
968
689
375
423
467
21
82
760
776
900
348
292
280
646
281
150
271
314
948
769
103
916
985
176
458
761
477
96
887
591
58
684
408
99
18
60
678
747
585
455
777
833
395
753
575
43
836
869
169
676
127
297
425
263
429
391
620
211
902
641
780
18
890
520
667
882
650
16
193
880
460
178
56
1
917
443
213
417
17
410
8
956
298
441
397
299
263
859
730
322
651
208
715
474
106
96
457
289
134
321
54
595
169
225
813
484
92
635
965
223
7
594
904
770
574
435
312
762
821
308
390
919
785
792
133
975
668
360
877
622
248
926
789
144
105
196
756
98
217
91
398
528
18
413
551
390
81
481
245
767
830
276
923
533
423
526
789
45
339
611
498
674
158
32
406
739
74
379
806
757
774
139
1
875
901
514
198
732
830
867
824
654
272
757
484
214
845
466
956
679
876
388
807
148
253
673
924
435
999
130
366
35
965
596
414
791
161
75
663
650
119
735
446
272
894
998
278
745
302
204
960
583
990
933
296
38
909
937
106
887
428
639
604
877
691
826
155
702
705
367
65
443
924
231
121
108
437
734
196
621
923
490
935
565
769
610
188
197
717
409
614
158
236
617
887
872
18
917
307
819
943
957
291
409
747
705
24
451
420
180
842
391
186
916
816
850
993
286
4
763
973
818
485
8
691
780
935
467
578
326
754
973
492
33
866
209
761
337
677
274
736
988
861
758
382
885
615
652
928
792
16
482
984
567
65
118
399
924
632
671
154
340
687
189
763
781
559
556
903
221
195
277
85
800
688
201
157
496
24
164
990
460
24
584
203
666
70
535
575
885
170
467
365
374
244
716
600
805
693
425
691
895
25
308
657
115
214
864
150
704
330
216
363
107
723
283
229
630
414
493
735
120
292
575
620
59
986
644
658
435
961
959241
226638
507225
435604
283799
799664
605056
338592
207887
330875
153228
388447
963206
226438
460913
971326
685293
688527
49778
328095
827578
985461
594792
248779
360537
799222
25401
231120
221982
577287
156597
733621
416979
732694
329769
163
278636
941630
272400
222064
964735
430160
289930
104762
30789
38750
949503
818004
612377
205232
752473
82041
395078
826264
288468
243169
986068
463088
915345
759389
718124
463348
602320
43081
931073
469980
920305
580041
650813
573264
2963
526342
835951
240474
236251
984434
245718
547836
394043
46206
230786
389039
13689
286753
566457
662111
681437
289546
440929
766974
681212
738901
430631
628094
939465
31040
204488
792103
472348
594917
350270
532987
694970
382741
640754
375609
499977
466837
979584
29969
242137
630262
826940
475783
817442
441574
718471
246483
216127
990385
946363
895252
497537
485587
141592
502337
468631
285099
457631
362530
730794
540149
637787
575360
597119
692832
391206
594736
42539
364380
563470
315007
992555
728355
655230
525589
503353
269595
227307
865162
395797
986751
726663
160187
454691
578753
530677
27857
13527
48363
289436
626709
340356
408963
874910
101365
373009
340276
902271
424761
857185
736296
231231
307798
506815
640848
139588
706843
34197
910304
417112
252433
349898
181259
441604
690897
227106
996341
870402
378416
304605
828586
67301
310936
762368
866682
932933
337416
359384
443732
688619
170653
207863
340636
707819
696611
739873
524783
9917
461185
544851
726239
753603
691576
255605
375228
811255
254751
439406
591968
132609
279628
786890
716600
240725
45288
716672
392420
112648
460295
286078
249046
234245
400336
110240
58581
183950
927334
849904
823823
173365
703618
545881
656290
842822
545673
929811
490106
586531
232977
958101
606607
4496
86459
948564
834496
70286
521753
716675
601265
510883
372830
14461
976854
997338
391540
855075
351310
583891
521435
452790
881235
187101
302567
725426
391890
728140
598028
752678
625952
753855
112586
890705
598353
162124
440353
829321
15665
195422
121857
904063
882241
224379
270432
449662
813858
31649
203215
41753
517502
328410
4694
551296
41315
54077
905508
314339
434770
213029
264712
915725
774944
328238
388016
729429
962168
837220
156609
671391
259059
815779
536819
109056
172887
904654
832466
961286
809422
417044
537385
145662
388083
357784
74735
992409
109269
376524
718270
561230
861293
761277
987891
314527
852375
413856
263037
884019
708027
334988
412878
42306
501239
909931
665419
812185
308854
394078
7047
43453
204281
359074
514332
270542
630690
584664
83918
169325
83965
735209
487635
610037
728426
500807
137952
664997
9378
306321
286379
1962
417316
744092
454130
420675
734711
616118
738960
34137
146956
486027
145497
332637
565305
222795
109895
944161
877453
285672
474066
685787
385692
995673
83395
62573
590539
723679
830854
974158
248365
826830
306097
27067
739339
745762
58875
577059
358261
888289
280979
530864
197620
179462
69867
812809
969173
780513
616259
194327
390641
106578
256050
203783
261177
475553
728878
300084
322592
389948
264611
160478
391839
810626
323847
562631
688081
880055
679439
628819
167190
768520
991061
934554
11590
225155
801178
291364
309777
657430
927881
294627
383529
162127
150054
937260
120258
526776
995889
409263
738809
168860
845397
756544
136400
9840
986682
206539
759828
514472
398800
656486
182690
856797
821069
827936
671630
80424
104020
922325
528535
538503
951374
692720
495642
546036
631602
470747
