511
802
538
515
720
470
493
13
137
458
257
857
850
340
297
514
922
180
680
871
579
80
889
212
473
571
942
700
380
431
114
50
822
504
186
82
986
684
393
766
554
295
353
995
798
854
647
864
413
538
119
747
606
837
751
760
33
330
758
400
237
535
518
743
528
856
853
968
324
702
874
758
414
971
842
621
981
818
713
849
212
19
243
60
501
621
458
11
744
760
626
831
162
972
632
703
956
152
323
134
842
10
678
696
556
623
322
494
746
649
731
118
785
929
765
961
870
400
625
23
939
436
983
871
154
561
355
314
276
232
453
496
688
154
359
861
757
62
868
300
548
512
280
155
589
609
481
424
95
747
751
780
573
906
71
422
747
685
518
483
854
734
836
54
669
493
176
243
210
731
357
319
878
407
522
991
771
127
677
276
246
274
20
585
277
285
190
102
191
217
464
439
506
886
922
50
292
261
990
93
102
228
398
575
345
917
572
85
843
941
447
485
890
849
282
555
25
701
512
80
489
235
966
879
628
609
327
226
358
625
525
642
827
823
500
828
38
962
360
681
207
602
948
139
634
459
105
654
630
868
451
179
762
898
246
66
338
554
344
338
81
300
194
534
856
940
779
239
391
483
990
968
226
761
578
636
254
413
75
545
462
843
343
557
991
44
411
203
130
62
533
625
131
301
128
963
201
988
246
261
719
886
970
956
128
862
875
424
912
222
276
137
651
839
362
719
66
436
621
835
745
425
399
207
22
439
352
402
337
991
151
824
419
875
153
124
549
442
117
430
752
405
306
285
154
727
662
3
331
164
709
210
925
515
862
227
368
682
387
99
398
268
338
848
962
590
314
440
257
176
612
827
302
978
476
730
476
887
174
527
406
707
593
716
279
445
658
570
199
94
832
769
304
755
778
82
381
515
650
537
695
701
613
216
766
376
147
486
621
850
103
311
840
482
349
201
836
729
256
832
173
427
245
594
757
699
361
15
564
632
267
250
149
51
586
243
130
657
519
331
912
356
73
361
882
774
536
8
655
833
874
780
570
561
728
867
517
11
704
599
535
696
114
576
418
434
128
366
678
358
626
863
902
674
647
921
782
212
171
221
523
20
66
494
639
427
286
796
920
31
518
395
125
359
119
794
331
127
287
753
786
1001
695
351
324
607
79
736
839
692
416
493
823446
478641
895024
465805
405001
438758
744431
564869
160140
925842
229089
637419
151449
263437
847989
63019
478819
152428
26126
80774
179450
333438
54009
686358
151347
792583
661955
510789
18222
244963
63469
156962
139890
987064
176111
317232
37112
62204
76848
757836
607311
906754
227736
579836
758074
131692
564812
250688
946489
855310
955717
435211
901691
497024
817888
428736
50472
453642
476192
352714
581656
372788
439689
856894
198260
414514
711329
583742
919219
626104
417542
639570
529834
138601
291585
820191
527341
144297
154517
974930
48778
671426
571377
34541
730637
694975
227842
795189
239049
627809
76224
559566
545104
938808
206210
314935
955987
747345
416352
775685
209270
251955
950633
860190
329345
174205
874626
743914
679829
180869
517747
524408
260626
802567
257894
366246
441484
130823
754936
540674
29735
78754
77998
267251
826761
689665
786163
561650
779902
15343
518112
632432
932847
589214
289814
544592
518324
541890
402013
859551
703676
736456
320531
99179
918409
480651
435164
422145
483060
454130
176602
140803
100515
60820
430051
128587
675834
984680
20816
805105
548153
38646
739548
314551
681557
324330
607616
691
742050
194010
962085
711951
17431
772051
394716
313328
360444
99301
23522
39161
736587
430327
408361
383192
599103
346496
594903
324657
699840
357917
721842
864475
274862
850848
306403
368466
11325
70766
382435
766483
815712
616365
561635
679508
965121
489841
299414
293934
175647
931058
1614
894051
906976
111799
982819
379554
856041
323197
381262
430385
513913
885252
248944
955144
478842
581203
374998
392670
750806
524646
567953
458892
64091
877231
163426
975268
495412
705420
186103
575944
647083
74292
902494
569140
681841
532761
931965
857558
736007
194150
436746
989940
33988
714651
172312
969382
133568
932645
64520
767847
283718
757993
247900
716998
556919
594983
659358
554578
166341
863775
21696
360421
943683
685526
524077
801436
688062
386239
291291
748328
715313
666901
430057
448758
593907
906640
640854
825812
596798
514657
666978
605712
374262
994550
689325
18972
349107
754226
61641
851290
659872
50029
904452
497145
448608
49883
46676
61532
141567
240648
400025
877288
795057
122834
535878
426802
564303
824721
391460
665849
501892
571251
576018
758083
470838
11119
975159
225167
868586
949259
422422
565683
33601
720983
982651
744090
72198
305576
434369
444937
853519
924495
549389
682702
862906
26016
486101
32912
165811
363496
738142
77723
687029
713314
385274
932713
520116
551037
207134
377554
76616
625195
808588
923948
477063
910454
484215
372662
783504
99890
546993
324133
101306
720823
816538
940904
142928
39059
33787
804970
701643
469707
617358
804191
767498
267448
950101
839912
721733
954363
501662
225200
519318
130823
658520
729935
584568
932455
861822
53010
577549
812134
105046
393420
105194
577666
474633
711520
289284
355323
87641
538852
861788
76897
59735
818599
104386
450426
232284
690413
803009
619051
865670
316515
715793
46673
296896
740860
496482
870128
972543
550688
353519
546901
698112
414130
492027
379773
898801
540073
602079
929383
867621
646860
653209
272592
266721
690112
175243
782216
529913
434832
182546
223935
459509
46508
833524
709161
142995
275853
350348
728032
292647
232167
652706
723968
108522
516898
655158
407814
674995
567174
642071
25134
746543
464220
809274
930831
941625
627651
577993
143967
632946
620254
309904
576164
247307
586744
528273
829685
57939
360705
168000
756634
257454
268101
254988
245152
840885
471555
116142
171072
956323
95789
129392
197067
557788
118735
668776
767641
745615
