630502726
295571282
269899655
512604720
223810240
245032832
226603
14411578
215125806
62955491
734927206
723220800
117808640
84264246
266418536
858435476
25973460
458996600
757881488
333598956
4320720
806002960
37237164
225650799
324301163
884357136
482765500
145612960
189104698
8689536
1699400
653536854
259387128
28150542
4987240
961280980
465003036
154319310
579581644
309014552
81376635
127228613
984990300
625236192
730434740
418518420
745550784
174460286
294906314
9249037
550132632
355566864
684572256
554344642
567982200
981255
104686560
565176170
163125600
48871770
291630640
273645414
536328606
285158544
733501264
726150370
925134056
102038940
487872450
766699894
564278698
176696028
928589633
695333704
377140131
950963742
648332894
502964460
713911365
37151516
360468
54715581
2318760
257470413
376147152
213338690
168773
538632192
567372680
391372070
668930070
21638016
935146620
399697024
490772736
902160948
18670768
101204944
13987724
694415082
111190
455226828
478891152
312269060
378544768
99789088
247821028
544531510
419956867
526921613
9068064
606060035
866250695
576982890
909575929
754830270
162000400
386906875
578082
875753655
193992532
956009769
756538406
20146742
316859532
127957620
95950864
71057304
45719544
210291660
248938432
469106608
20146742
133830892
740073411
563276130
2427982
751401560
86944200
301968276
265273344
73762360
20412260
340437877
362295927
230323002
184172456
5986805
549797229
553176837
598759980
327326823
832078554
3463238
181597994
545785839
466866545
273162638
233875845
728905226
529201522
682625768
2004048
445452981
244765626
25167120
54416205
36185520
524125538
129768072
97742557
784976778
169455264
276614586
978180424
584412603
11130407
451544106
70376688
56355894
68688512
433920
337866165
71436638
76222680
28775310
6581040
29113748
38322634
220229712
197004762
261550388
799609684
858226182
1689350
80259704
64547127
972824490
5732613
6537282
44266200
159209950
328541775
121686330
847761915
325548080
5230220
699424455
877809027
205124724
235758985
807011060
713085288
75215322
310559130
650400
483979513
265086464
4240800
240601203
46591100
921914658
786726096
393193312
361689363
103500405
42059278
131910828
385848750
281335950
411428268
664088443
654440547
255394500
665870148
1250656
913997162
134734320
460242954
34776000
351909936
891976992
15084558
401287764
216114642
7580790
428473332
395420130
750364300
207238559
25770093
572114172
814464448
56049132
3080616
112702044
308533126
120519712
111318610
4693059
86785200
29976298
289369260
732771096
876750220
597090257
49505026
153060860
233317980
965515320
924579392
41255396
569477608
332938404
405398484
59000136
174345885
3752175
300124960
217858410
696959523
119743701
312839050
975817880
1478444
171609762
33659633
13066950
2421658
288179242
385228125
13271086
87678591
12710528
915459579
32848626
963457092
56023056
63984672
511582880
798898226
927307390
900193500
12694912
742861256
774595500
182483240
842640576
40152918
69539580
14391302
425239059
688140249
137398548
511445551
3080418
192487024
373891059
678131890
542383840
184803600
160403187
34432587
517484
196938912
125986784
164161122
109299210
973973629
17928985
660383264
180193883
767627000
19673811
9671752
304463322
200509764
8964072
187800780
556140096
167722650
89943804
76166535
19926368
518579278
438214210
2073
107288023
22730564
498906284
35925120
862067625
267859740
741483780
44040270
140304416
463424456
149474493
6283431
157096968
66716992
109734066
706828352
913187158
342103240
94015996
198187440
61846536
25155328
364129596
663722909
88058670
943888338
227917844
522528890
227833116
802248924
24632658
283975004
168292684
496061601
344653379
507759276
72714654
202087850
434195776
323289180
31235438
5847176
672745216
582775884
88964688
560247750
589788574
4898270
146789394
267448770
424258900
293735241
477018810
483768512
365837174
38039976
578280976
143795560
16434453
238062726
372042963
720790650
7288898
92334656
691694640
231673782
123378131
32188140
681935232
521463177
61196544
669847360
24358919
185835097
55174000
345503664
563142898
481838175
136296994
273330
318586116
396775288
66189300
58041750
17305158
1761591
338512276
50852610
12985700
433198206
274983846
106978207
838327728
128410980
3641459
135374278
792742482
586749276
293138936
12912
431330600
674125242
764423124
598648440
322439310
316573983
520265928
748892925
271118936
124575
492687360
349661458
291356720
478172184
8469288
331743744
179761318
190825026
12260992
138996918
453430128
131116068
388279004
743752386
821229508
449491274
415419937
855961743
600456354
36931460
23921190
39658450
278634003
416320
3069528
245589630
408685230
185815028
76676886
622643936
851774640
809906
271766628
155400900
9844250
133785658
9150743
619242188
106095761
10258298
78233904
557867580
609688410
995544550
476440570
124718373
101914524
357652898
3987288
531195488
686804561
472429784
178354176
244238116
