92
52
25
68
89
53
22
75
65
95
73
89
95
26
78
19
32
40
80
4
16
43
37
101
16
60
50
88
38
57
19
88
29
64
16
33
60
51
3
51
46
96
31
62
14
86
3
84
41
45
53
18
88
23
100
84
21
59
50
5
7
46
98
32
93
58
70
88
9
8
81
11
66
12
73
5
33
82
81
61
30
8
58
47
24
66
1
95
69
71
4
73
53
98
92
15
80
44
63
8
22
17
33
90
93
34
34
41
90
86
24
89
29
53
4
84
69
67
95
97
77
18
66
21
33
21
25
45
51
61
67
69
88
78
64
25
72
66
73
100
55
74
82
2
11
77
14
5
73
87
51
24
70
55
51
56
61
101
29
27
85
47
11
57
74
29
52
90
56
13
17
18
34
56
13
39
40
32
86
48
39
68
5
23
43
