959215389
305872554
262149516
510994989
266271134
322540230
130581828
383989476
36324544
381225625
502956265
109495986
867915360
5705832
6703820
26339770
41359032
435582312
336391675
634963812
595528110
129854205
21738780
37087149
653238
656959050
985448235
13291008
185211580
94644860
43208220
56108500
313463172
285539100
961935660
18570448
6026658
9591995
371569815
2552738
754615308
172242504
142583091
707563098
417793320
440525736
23376060
859506648
375166
804460
761210484
802026952
212955732
135716506
458589600
5695008
205800216
458409642
6540450
25934216
265621516
369273753
354416025
203441991
380570132
403789375
885681433
18127064
174966924
620922538
29520164
277557280
134576138
777140001
877121856
7954273
439094124
793212615
377986329
106697760
30028238
728933648
220480300
123640803
113750
798614963
341683244
297086940
154319489
330756048
81733824
805721640
6541080
76713868
54077277
127367738
148498434
24048600
83342600
477786130
9989320
205458780
535074456
178997868
304854186
91252511
348946592
198411828
983080919
554558256
307602504
176061900
851385537
93997365
509579780
129906855
662124578
639492000
840354477
4038430
843533190
484929289
864541125
1730824
20166330
67070806
2706390
168478908
489348783
12118590
218245834
918376312
32492687
666142980
514097850
515246875
13894480
503882184
964480138
612329460
678912866
694514979
682651760
115443372
11926134
199738576
546052842
966770670
520656
230697552
645810588
308842050
34609680
615582085
251781000
426385517
1742376
132007174
95200140
347275600
572995665
934315119
931538
648480196
920513646
758051152
760093275
447888330
355660850
326240040
5545345
132802038
655586940
79583650
951022366
410102339
679993053
60144924
447210505
1678384
575133800
90279868
153439883
197174190
944205255
108485960
22386868
155672016
38393101
72521461
315038496
16020
898298896
942262850
821266047
103498314
288100806
59387915
827535896
669917768
112688420
972270
636810384
66706486
568152
257814102
44339646
442770900
66932921
571471412
846817356
367554988
140120048
192980931
868
580413092
194536300
949833112
455706966
563550750
41579802
712510799
871156728
62070432
576277143
295086
139566797
657678626
202516886
366158240
184676702
148467060
5098198
187587018
975053472
11753238
405426396
39646810
599129110
524835099
475927040
170011688
936961925
28046010
9121285
523407402
50605430
766512874
987713944
19142110
701709196
221589060
10480
976778205
260371838
453749919
1292904
155425605
335098995
113449952
182745780
83464425
567632484
285788424
17572026
95715522
895915472
40586715
162046000
500754450
585802330
290445932
15009198
474285445
589026816
189299040
46486960
599042534
451583012
570680964
992079805
195787152
553399848
25877698
136968249
204632775
33937505
573966426
81345799
2236143
177030540
144930984
226585044
294575444
242215246
464728649
576071673
122542120
791291875
379272528
15066807
668210983
364732038
375214800
462849582
169843198
114256230
18025880
14624830
9262680
584450340
587661312
3654200
249493179
175447728
679371303
469354446
482154750
131212928
67124948
733448560
272892276
867852648
160654400
34700220
534062160
167774139
54394816
723983624
285242962
34164656
357520530
4691798
182007420
148770
254083466
32870862
69161286
752315602
303947826
998942058
913660600
674883300
7299496
234516632
191937781
270157086
286471930
6369873
945724896
28563840
290315060
80870670
691749070
415069276
673415325
246469068
229466019
224568960
8378880
311987640
408719355
1029930
35365482
206515600
224064208
16494426
216383440
100018179
327841350
549423360
25134228
133743860
622976253
65741004
479088
17197609
16929840
883029420
213432762
102142277
32249968
69791020
167238149
626682672
902738148
711197949
682125540
72190432
218596353
854131890
607488852
28383680
21429074
166212
983149298
48674140
102133374
49393240
41257854
219436960
213935139
21978939
13008500
259095000
252866602
319863600
636369090
29148174
559270810
764292690
576961282
36663115
756517740
333896818
501489450
909101193
860671329
376559555
302127290
776496
2224
489243447
121076686
390224930
396747120
957627282
234507588
4689792
389209890
267409877
302261905
2459268
513509514
887892462
292866490
345894822
808501716
58763152
272937
810642424
8879672
22839120
73279536
412833960
86886240
49687992
23055000
303160065
250077380
282209108
470175151
7453061
92183486
158506220
354316484
774089960
847721028
361680066
215421115
318700026
685572992
804726510
117024880
414177750
401879
79331328
258526411
73931555
116790715
180092224
829968128
61424724
89165934
55583892
914311350
143948376
323999181
4223928
3175056
533321210
130654836
38557934
51392445
290586380
7255492
878144219
947717584
6813864
105478152
558332632
150784036
747126660
993389240
225897694
131068256
54509280
443238180
968353300
543310048
385085124
27760442
789357300
179589590
492146472
338163250
857367000
277727840
11058000
759041536
448945694
128721720
70437640
574753040
232727200
88256124
38593269
68031360
235860974
429369068
108132885
40255020
247555249
25673956
390668400
689495758
618488
2165007
699680727
954420640
275365830
78387195
310143574
450669889
27049464
159218706
4967413
22224138
1397786
387232160
72616141
517529883
2845286
47089350
42242562
730072301
651868560
276319160
39964388
737094351
497272576
75524470
100612752
284460750
255711196
57123378
540467550
171946296
496537300
926376
863503592
197899964
947684468
178251840
427621152
5238450
31236570
300595904
519042505
205226124
539415132
222851623
210568290
721056
743762368
168902010
525995412
209247010
173995800
464339582
891825276
976744715
20159094
494345856
27333696
27299376
261193110
797237216
160832800
30495360
315839609
553039008
13472400
715725500
271833995
29126466
264656028
926619752
2011347
112064225
169377480
149888829
168373868
331947772
808423800
705431350
632642430
493531063
221059642
392159963
190779840
52722865
386222567
602801456
807252760
48118972
895731392
988852890
271161214
826363200
618955038
783403896
92713000
287523456
778724028
284094300
738391786
126341415
373144226
58174494
655692630
223774208
753326000
65850876
344902512
321586518
855440970
790273365
31772
64233783
445488264
6215608
248665768
244736820
30547440
124771518
1180212
85591061
604205240
298805841
265515852
359962812
666019830
37694376
342278306
157168044
935527296
263995886
362627496
281607781
103039244
188428734
1558551
593202610
923034240
7696304
471866942
795001196
195214123
333105720
84759876
93162210
9535470
591188
564358500
606318740
420238908
403205000
422194586
209756922
120564192
11020946
24687468
165431347
45255184
378906507
289298889
509409380
418497694
1136512
835363476
12792500
213826872
323766662
8003174
107459278
593904850
279501246
23024695
174043360
783970058
533289820
519929032
739756332
57663125
49380555
27566688
4828200
487477006
119069385
352901136
82420611
505830378
273488772
1936116
900333612
508172205
547930072
232826475
701808788
