720
979
547
503
711
509
562
351
606
184
605
707
318
936
66
71
155
198
654
575
798
771
351
140
187
27
814
993
102
422
293
204
230
554
526
980
127
66
85
597
43
876
408
371
846
634
658
146
931
22
29
879
901
452
361
674
66
444
674
70
154
508
597
589
443
604
625
941
124
412
787
164
520
358
891
936
79
657
897
603
312
166
856
460
341
14
899
577
540
391
567
272
904
70
266
223
347
378
150
275
685
88
444
731
414
546
287
586
436
991
744
549
413
927
291
710
351
817
800
921
55
922
691
933
38
134
253
45
404
693
99
457
952
173
821
714
715
106
708
982
782
829
837
830
332
99
436
738
983
24
472
804
550
180
785
492
643
38
353
294
584
759
963
29
806
954
878
879
666
590
565
65
354
813
269
974
629
829
241
665
38
760
287
389
435
971
316
142
393
191
263
556
12
946
970
909
309
529
239
913
824
326
30
798
253
26
498
206
660
253
757
924
596
368
429
4
764
430
974
671
750
198
847
936
248
761
22
367
814
442
595
421
378
62
422
984
98
626
194
773
723
685
406
965
159
83
722
218
883
994
130
844
462
10
985
502
669
36
393
573
328
420
275
753
526
122
294
944
195
400
705
766
532
111
683
768
424
208
773
667
756
997
432
744
154
363
443
179
759
271
39
414
374
466
538
481
679
761
340
895
603
111
823
594
600
678
406
330
124
110
84
766
768
55
489
412
829
682
690
352
253
859
516
936
400
180
730
403
224
854
526
179
590
59
420
18
494
174
258
874
546
999
950
826
76
476
427
513
527
69
972
160
532
270
835
631
825
486
471
465
80
552
627
30
183
445
464
117
455
303
566
740
153
356
789
252
24
121
120
940
453
307
173
260
403
792
949
847
830
262
457
929
778
160
139
18
991
212
307
215
198
458
453
141
100
500
493
560
798
162
749
882
761
185
877
571
706
949
931
601
545
28
8
693
337
610
616
978
476
59
610
511
545
42
714
942
535
582
906
238
21
908
83
144
264
630
280
216
145
545
490
524
683
77
289
397
589
890
924
594
455
558
832
903
335
630
23
269
499
265
335
416
913
246
286
228
950
372
563
57
51
730
351
191
221
532
76
937
974
72
312
748
383
868
998
466
352
224
660
983
736
606
158
894
415
696
575
930
520
97
878
667
348
260
760
475
284
191
254
478
646
315
195
487
154
610
833
26
39
843
976
519
267
551
667
156
398
61
141
37
608
263
717
47
210
201
857
810
520
194
861
701
265
304
525
494
234
735
408
700
29
932
436
974
414
644
63
171
544
719
444
734
463
447
28
866
405
724
445
410
679
943
985
134
697
156
156
502
898
400
168
557
744
103
850
515
162
507
958
39
325
405
381
404
569
906
845
798
697
461
611
426
221
607
776
905
211
944
995
514
912
787
893
290
528
892
525
862
345
598
237
813
464
875
252
582
561
930
895
13
249
663
68
488
485
168
342
33
277
776
543
508
594
821
188
578
396
964
506
594
523
308
423
37
770
955
77
683
898
431
570
276
290
85
26
750
778
636
625
638
446
336
97
153
401
208
603
531
710
634
32
918
100
453
563
79
314
770
522
145
410
893
730
719
862
235
215
157
60
691
335
588
273
709
516
39
948
709
739
475
844
392770
177398
113618
660753
242499
970213
418333
318974
694784
914895
449839
668332
114000
834830
730534
73426
860944
176390
661747
817050
887792
319700
927260
860745
444519
948868
791266
713442
200502
663119
919829
552566
507138
571185
257967
232545
795694
657796
458116
951252
396112
245375
979169
890152
577416
377323
754935
112847
45852
554362
601725
738193
120466
418216
618549
547538
135218
926625
424380
786474
892778
734898
13413
422163
508327
926506
698775
268067
42123
25752
35914
683858
985100
232135
831409
719201
119931
961748
976409
970945
797455
937187
630083
545951
142129
9234
764755
482897
583344
79488
277574
462745
311769
101306
32409
633646
160110
284998
192779
100687
995380
109895
759703
746690
215241
96793
534092
394447
187819
27732
370105
24194
250284
471154
803247
982159
424496
435109
891170
708079
59366
640440
565818
179793
762990
664658
972968
530017
470307
678251
646063
981567
479630
386958
338071
990908
550287
509561
630125
396889
592172
131080
861433
223495
543590
104736
869764
526622
369955
885302
144033
19962
701779
493433
975188
74104
359278
766962
594650
303507
55513
417042
831527
573915
12997
416767
818954
517634
478329
726513
735330
512914
827726
198179
716745
332682
260877
821838
923208
756993
300169
372236
159000
92317
168404
720025
471070
937096
784181
522004
863384
85313
584396
208884
249694
229736
680133
295850
705979
372028
514339
173394
432746
492682
614027
369890
276107
783030
455073
135737
939393
635454
45548
400047
554609
636895
544819
906392
697498
17053
822472
458183
862620
155879
321249
671928
774958
477562
217
201874
518089
265316
860773
670865
464080
343310
49644
93435
754869
147247
449503
32122
707107
248485
332711
972982
847756
317953
756254
559182
224235
57337
945732
452933
193254
414983
666028
622395
459237
430560
921900
711395
35764
798008
81433
367054
675667
518190
229595
34331
310308
228052
198327
538447
438662
190864
723128
601556
288398
453899
37778
375911
718699
743817
841217
829767
991619
1335
60538
730577
530570
625358
343279
140978
882950
93444
94637
181520
941213
799365
482272
405115
208137
595472
323020
853840
342227
446460
677036
60142
721895
918431
344327
486234
186416
655292
680400
113515
771305
756755
479522
957957
776806
110270
924459
293585
571147
930723
461925
528861
962433
270914
366207
765184
179927
387516
746434
919410
992078
912437
903483
275536
243789
671573
303064
588110
527551
605967
79522
345670
246904
510211
866545
538567
278987
325563
743332
584758
865996
192276
395485
145370
792785
473453
916469
717478
983490
402082
884125
181830
770393
741448
789577
202059
349328
238565
991653
157618
80470
751401
510362
310761
856603
813007
168037
471141
112182
99952
628369
23788
346231
592177
323810
706131
91313
775070
488766
130085
626555
384321
757263
161356
806380
267840
966528
330093
348629
380761
851558
1048
210162
804776
778615
720625
503566
155277
174996
31944
688397
362583
521172
909982
562874
651865
401636
754916
807075
542287
393409
453211
657425
314564
882987
806510
533764
864512
742464
268427
364829
949063
851893
684431
710325
672505
546215
638049
154166
432914
132953
392853
160324
307101
973016
166714
141082
811230
21694
489952
758162
245462
479305
150441
544552
175584
393692
8125
230037
592616
527833
623987
445458
639713
820257
992009
175699
567037
201011
475568
175216
44168
164276
479120
626843
856091
694415
556257
308993
426300
94420
27740
710290
417027
892386
523307
300492
884295
150495
585029
658980
432362
636281
243950
807959
243345
481321
993676
602815
753828
541830
217573
828442
561531
21852
999942
229677
560296
542850
872211
358822
725913
189595
452410
517699
610484
518669
873009
721799
122410
345884
673082
484759
877906
58554
745374
979791
550161
425844
531383
418748
375685
811921
433351
972405
472263
705466
645128
2444
265102
487189
709339
711698
669492
739909
779330
964681
544614
180893
541132
323015
868078
992395
197416
330963
927193
679146
35516
412547
83150
717718
158791
839667
416313
66440
772410
641833
731592
521731
616703
651991
188913
470218
858848
360418
96046
949719
86288
664008
375147
301907
891992
558341
824006
556681
977890
672497
584815
264557
522669
95467
682669
158605
249564
888337
504612
472024
299521
756214
447840
157654
819507
788974
949576
492663
709248
62256
877272
964899
373958
372764
211805
647646
334946
909056
178524
355431
605998
263662
344813
575074
244117
106984
892300
275747
86452
130800
709376
482944
261313
490161
347721
547414
644070
17473
169934
917447
583388
22738
375946
752478
543324
146186
511750
182670
660091
566616
242834
206436
906100
204365
209999
780834
573238
816261
690874
811380
522877
278
180001
82229
993822
372353
91406
535443
565195
731976
421437
594321
810434
970464
424677
427610
942561
394679
294912
836363
615392
399260
453274
967244
891285
858186
688203
971405
206002
380291
520305
545705
628976
608889
130304
341980
8265
804566
51573
462221
523126
842030
995065
463514
724941
600172
579225
438890
208373
864725
334543
146224
127925
575487
829989
