617
425
459
172
532
6
703
165
864
513
425
94
500
631
849
383
648
347
633
716
412
584
469
411
862
759
286
664
544
947
779
66
782
304
725
124
840
263
99
284
594
594
384
755
62
986
473
624
703
189
847
625
423
326
342
180
409
690
602
813
782
72
869
769
296
951
699
895
726
389
162
279
763
87
530
405
854
696
999
549
227
702
801
906
101
5
227
982
717
589
343
344
516
773
440
277
612
354
964
82
668
806
554
161
138
290
870
696
342
607
950
506
459
363
394
111
411
38
710
230
116
960
658
1001
417
856
112
140
406
684
505
723
524
669
181
201
121
570
313
544
54
868
42
885
550
522
268
979
579
191
441
341
133
783
71
404
740
712
454
844
850
469
303
972
183
160
882
97
878
279
482
984
526
186
733
307
727
322
41
649
763
931
416
63
468
793
286
105
511
845
828
148
445
996
877
951
356
618
739
305
586
968
10
8
785
291
346
99
685
882
19
737
822
16
717
151
967
368
618
882
37
178
62
363
966
649
694
541
400
801
190
780
477
829
57
262
535
313
657
422
302
534
429
227
704
259
208
684
514
523
33
667
898
45
430
76
768
801
451
261
335
352
498
400
798
492
865
435
296
24
450
168
961
893
725
173
667
142
98
829
158
956
932
275
576
922
519
545
369
419
329
417
25
247
892
483
180
486
648
247
109
849
157
981
326
851
986
616
298
848
231
707
625
428
420
93
925
261
465
282
605
142
528
261
363
936
920
708
400
890
701
448
829
154
247
81
136
412
249
818
612
820
652
84
227
137
517
13
510
642
566
199
174
169
102
499
480
97
345
495
463
628
491
142
729
200
783
353
439
928
436
155
756
462
681
241
97
919
809
722
953
947
540
793
888
848
199
242
366
17
716
789
202
694
357
474
560
413
443
207
458
784
82
339
747
349
957
493
146
623
726
265
915
604
980
3
199
314
352
120
214
709
440
936
257
486
512
357
822
722
438
754
43
134
283
245
686
318
339
755
537
397
319
428
331
431
701
195
378
29
686
599
52
130
234
210
604
505
864
777
487
242
793
937
499
407
937
904
594
50
783
878
176
458
921
698
513
721
836
355
196
238
766
977
983
351
250
315
731
362
45
335
993
17
190
690
633
736
286
8
679
391
594
618
809
804
684
499
25
564
321
305
653
600
797
108
676
675
719
120
798
697
650
362
802
699
571
697
129
367
238
856
668
163
791
328
281
408
773
4
631
781
222
213
95
992
140
642
734
193
632
843
717
157
568
735
992
399
786
700
899
853
915
450
763
200
993
507
993
185
839
588
714
229
201
698
91
563
249
83
371
899
779
302
675
494
713
355
43
673
782
574
429
94
962
643
755
892
471
717
526
187
416
230
861
44
144
881
268
645
314
403
944
302
617
758
834
180
371343
364852
671343
36625
291378
773733
471036
222330
542910
486979
635841
242419
344748
602866
153031
630645
86602
480126
302720
189870
444835
734867
539477
501318
605824
69303
331949
311779
321627
502023
593454
748149
707712
759030
660933
886502
777843
854692
329654
12697
183221
65147
785346
152776
753259
553439
244062
97716
998827
187398
1965
25504
837935
505427
166487
671335
457857
705185
56205
555911
896872
172965
111065
810494
37103
164531
351358
421564
497892
418899
436596
485926
3323
893827
226743
563602
852757
789140
549652
657931
243304
412656
671415
68548
925006
756244
531562
436792
300162
439780
883214
445083
513514
687580
814247
999931
345468
792818
754023
505537
703286
516598
963016
550988
36931
813946
440065
715630
891614
104430
983626
4849
330585
172596
788183
211723
200203
822630
339776
948405
245675
920010
15906
282505
100679
853043
37026
289225
452109
645502
712584
216881
855266
261407
864793
725738
753134
336236
29647
24960
383801
743565
701852
377639
921307
487171
651948
448769
627223
186450
798137
445829
670807
228612
98882
187654
378166
373965
681977
757657
981802
210626
676932
639592
556193
985569
908164
462310
790215
544517
523401
999313
613516
696291
551684
36713
436323
847198
503464
811756
911181
513832
294729
413688
703511
772012
933888
71334
750511
31528
169851
783863
997873
155649
52490
598862
889280
855648
261396
984981
487416
958412
993017
545691
100531
182440
339651
991348
677292
61871
977198
851909
145685
960842
284870
377140
900559
567400
11313
722016
89273
388037
30807
270444
451335
283924
446843
91890
20030
605742
58842
680300
185056
148897
444469
839275
782875
725313
359333
128478
372378
458971
951672
982753
39567
507521
623078
639084
715040
919598
356664
895210
766849
173867
40168
454321
570865
401656
917669
793109
361969
896121
533913
228696
960726
245478
889212
727142
891228
956197
670972
112502
735597
836675
536928
852549
893089
274657
814495
86139
217111
689237
33852
599718
492133
551202
926344
713258
786231
561763
242288
977001
504475
841123
464301
765809
800339
305991
726990
227710
225129
744013
231368
311436
670625
615256
370585
538434
971564
275553
223228
872332
789014
43606
519777
866926
522644
707411
412929
392568
928088
837553
636147
899753
379246
497727
352804
104984
406155
613202
684326
456730
341791
142331
537020
581847
180885
489946
426840
896013
156928
891519
290455
149856
731372
269267
872396
368742
96089
584801
152960
793375
794335
448792
605592
31499
581869
666703
673255
628490
68508
402499
101203
354387
392652
727044
827977
742056
247797
190022
961129
267360
41761
891230
188910
768725
431350
184713
984985
20514
428199
261495
186053
300137
897169
36678
160548
532683
812231
163924
62706
327546
370404
458296
105270
578370
472656
638333
994424
317395
369902
212549
340515
437953
8590
364530
598079
804959
164922
546833
784989
989448
971632
841081
661321
57422
683619
19787
130970
696575
411574
732675
83278
272995
437871
305353
173648
87916
612959
253979
787517
377826
130595
740065
181365
293689
62007
655768
41942
412788
159207
332206
129858
882805
97835
518816
539254
537077
924311
912155
735315
826257
184907
642012
928266
205381
585797
115842
939678
505724
734711
735194
787809
899493
464141
439605
607438
324145
313871
14539
331337
152449
507621
734436
549694
543721
59748
285574
144796
169408
893348
8052
39017
693013
296911
334993
933292
535133
378069
610294
287226
385773
88700
861045
279827
583897
326488
915073
840849
957143
383043
886747
864528
803043
338923
208158
320203
616737
772366
382961
536927
574454
380720
914501
880755
882728
846458
772693
614641
575206
266557
876644
372127
209721
779080
236398
545180
955260
32096
765862
859036
199842
199859
189204
119107
427871
212441
176257
184636
538914
47516
35472
501198
830880
544488
223546
592578
262862
949280
839702
309717
797605
300374
252476
974745
628873
290761
971209
969173
197870
295217
346129
75417
956099
958485
484784
108423
372822
303982
826000
77027
78203
777257
113188
718028
673532
125795
906491
869817
524142
997547
686559
688418
519023
640527
44043
493056
333120
582221
185448
698133
127508
923753
823224
468592
20329
899993
101345
5505
819824
873909
871361
973438
905972
788286
817664
354979
112058
819844
917658
395970
973814
147027
527783
688663
54924
82992
