181845175
210667689
26309120
286702248
33030
509895039
24726240
770272416
268504713
181407000
6123818
253760500
396577190
747760995
142224369
416023776
116242571
402487353
526398904
165482272
335481136
221675664
161379972
768238536
597725403
78551902
445295000
296577920
905518559
618786965
2768172
627979626
88391344
546112775
12261368
726426120
64560714
7625673
76471828
347371794
346834818
142896768
591070625
2490416
971771034
229302832
383535984
507577248
32690385
738865204
385460625
178321572
100967742
113060070
29615580
158707133
475573530
357259308
688170354
633806308
3171096
776319412
607675335
83621480
911449812
498096216
816378725
549033144
144855042
23818374
72932553
601462218
5198076
285370020
155099205
757072708
485900568
998313687
300211317
44916490
504055656
670879953
833155788
8382192
24245
45446081
965920732
527220855
342707883
113648591
114190456
272336028
612848314
195727400
72406692
370714104
120994014
936587696
4608810
448457124
677724294
304530476
23455285
14527260
79910370
777629490
488488992
112741668
365939662
909285850
259998992
210357864
130437879
147342210
9845700
161345448
1196962
519274120
48235830
10659240
924495360
438690574
1000930931
172132596
759055432
9998576
15179220
155515458
468078984
259324570
544515882
281349748
449176635
29850882
37396653
11838035
317030010
92402921
296217248
2003562
775201252
1348032
796493805
302308600
278702586
66409596
956676842
330530835
33665087
196281603
111693186
13459999
637319718
3096026
153810880
575170180
521664600
206261734
734125548
750318800
220915884
88007865
947452140
30467121
23167360
793352826
6649156
786794238
72957105
234934512
969225240
282472520
31592286
562100317
90481803
551814810
98529102
1292648
418930798
601383629
868894852
171214784
2630943
219301056
652345590
77346984
9044595
265220753
736300045
706319604
18617660
198845135
994831692
785099170
911519235
123221924
378958836
571788687
88870290
337070716
942651952
113130
64416
639378575
81429657
115259520
7742097
470992300
791303058
380570
569474741
700795278
232624
532054152
19253708
941314546
135697056
377161692
793582146
1139859
28338846
2453154
131394747
938596512
423114252
483423050
294568008
151266400
670176675
32993120
622546860
232288983
709015514
2223969
63944244
288620195
92933143
434487897
176775378
87345950
287961636
187182567
45367993
510919552
61227082
39032032
469606356
269408988
279874559
978351
447428269
821221898
1652085
187820560
3611216
606059520
671185935
203901159
63271359
107268005
119557152
251228550
151130400
663042240
246589416
771246110
190509555
84041504
487896
203100750
25611432
931375253
813684633
546666675
26474363
447538324
15975284
7390866
708539668
22488298
918564952
870383616
69844225
326822400
854089168
276462477
297401595
136493838
173017251
103263559
172077552
512850
55606863
810082288
236643918
28898640
239176638
415061496
56005521
9582844
744270756
20503415
964080693
101528136
751267055
975595728
373187584
84891260
739791808
48654606
513981930
384535000
183269172
173748960
5766651
858481400
63237168
215899965
75169074
362829390
15912236
283576656
63502344
129469032
879538608
850366120
514747152
151227600
806315080
501243040
201048512
709332192
19785612
55215862
4251690
14202480
163139640
56699790
693007964
370622304
698565380
428971012
4942728
45364134
14382808
274817554
165061
264596160
408406374
313246474
36742564
27082926
25819144
8494356
252208073
233842080
6919398
114611070
249214680
214897283
391292984
244464972
16072696
558274761
37011200
635604948
120201795
193188535
861430848
191667780
20127990
593721576
213587220
464426337
52268321
6722391
848929007
680434529
540163578
915571878
905425753
293609340
655018000
799696392
741074832
36460979
53803860
133417980
270402
526164772
646841136
37662900
483225954
125951028
230328924
308553280
166232087
197502247
38791386
209182340
638369648
4503768
110679432
581048721
117346364
919800453
247149774
17389622
382220468
550058982
65103875
841809150
361712648
962165960
5895
36757887
94250868
119601152
11725920
40632180
515543678
195566360
887707080
59461576
239625216
266125824
125434806
700966254
541868942
192623640
587426320
1455636
13580230
75662880
54690860
472422818
96264960
109885155
591816565
291542670
149724580
96970258
184617800
105057745
188722401
501656630
35366175
140081130
739616
472254748
350892403
1925352
13088270
49543182
39671100
361239716
256348605
770022720
616452375
242393049
52540862
652816632
889475360
252262963
156207007
891716664
829572776
345839274
1846550
635976873
786699414
27619328
209698506
851930526
493772878
268116372
536433373
719833620
122385540
35758240
50586662
604384724
954529977
968236323
118961973
57174000
94617810
559845122
128288094
1650510
107745045
990887889
336379
33034730
478178970
399198285
568461376
78076570
68720
461923700
145773402
345630186
378808662
680468507
675120408
467595396
252356276
624000
311149776
98018313
89575145
431589249
355546800
658526829
9353016
457849392
456929100
534623235
11530680
660725646
490190342
426249200
128502398
673098550
494690688
320766673
490347167
12968499
133900684
50560958
761165472
448451780
24270211
648496604
102263512
73864222
157395384
613073257
13292
395777713
625064759
42184884
40300452
6508260
985072864
15549100
409809786
564244150
34910805
397447736
730818618
527423049
20562290
315757448
567428820
983417216
150677961
642683904
499280600
824974542
753381542
842995905
201956400
601098267
36981400
990564171
261915186
987463032
31340480
725338992
340081560
524583654
47032249
37275048
492219130
5630261
310326726
56924388
4766026
137419884
822650627
621334295
86742252
454634100
247999362
523652868
122641140
1525296
453100615
629477938
323507548
187299684
5894364
934303058
410931012
592666695
808589972
226139346
530626605
282424128
32275452
168960480
47876340
765670080
1611500
16681248
790144232
67663568
412536840
94243018
152836138
901765440
86243348
374789246
595963098
716436024
29506320
