416390082
359608624
2643936
3804858
50089104
294748916
110761392
938797239
2451340
272533590
771505332
903424644
84616107
217386834
190968
57543745
51752360
565074054
141448920
11465033
662534
388306704
295448580
877140
160765560
26446212
553274280
65452890
78763428
220129546
979109976
136499
457292694
371801864
36726840
22307320
947722454
100266354
1387692
742095154
641545555
329786126
916059718
964736982
909654076
882207261
26088
2577950
561014091
585314188
13811270
712202648
90671040
426425350
206460040
192127911
372773775
64125982
497923672
686414980
46105428
25176216
3347960
56508325
3278605
103149158
857481864
39496457
1335888
338537568
448387652
201343296
137255040
253965417
2725576
482549058
219090795
16648576
61464576
393404121
246654832
985763296
734019838
460512998
4388670
43381567
57217095
89052656
56371554
86145516
958922668
202257438
483395500
47111337
423636480
6305069
257652012
403615992
382491771
469257270
62772768
172637365
174619053
27290708
189267246
978271164
730722900
144293624
45585477
652566780
809259570
21509959
74447216
60495886
365737722
3734794
18203875
563423092
157283600
12337936
348516016
298138608
221957064
95428620
302110395
185488540
341884040
10977892
102508700
189696
131011530
259836857
27548499
497074968
18645505
749748960
7469708
725523260
17246372
945266112
249555956
728241200
30435612
649889116
213087218
394061880
4815558
140898177
131667856
3210955
182135088
61160064
209972040
478143320
925164058
350482275
99599190
266327724
19345614
118050441
16017651
684633800
601583998
367020
15115374
582666228
571212
590965128
269733123
909073784
598020540
1317564
61740490
637866264
38386446
6930640
595517456
342520488
2066924
44497600
25440381
425908600
323428056
84126100
799587000
599552613
140630224
36968345
613887190
14762832
305108942
5199685
178060420
741922040
165730705
215177743
36686880
524299755
3873645
579208704
160374735
493956024
63314973
7638075
342860
275230476
869870705
156695200
601203164
663326937
105139084
514480512
13772770
747094005
655042836
970753392
839465040
374720100
62651744
644751680
239730165
69273937
24733347
475464528
121425975
380791908
472112621
212324942
26655146
14486304
946599591
659997595
387400109
384644985
172633576
2838966
353005800
163656033
244915710
15425564
231690863
64713352
737610902
24543300
27820480
15755220
300728640
711114732
148798335
25147792
824102127
968313980
822509076
151697380
648447478
884388222
315091658
572964345
95116455
187689716
397760400
74229616
558665856
126361913
258177525
528120180
377699328
941413630
52836282
710621836
933999375
143517400
127413864
944180388
369625592
155055893
282075540
827907487
663290901
84549759
705944400
489041964
409092372
86489214
348351912
512894200
534703128
363462890
499031552
937499288
10233403
9067593
405307324
278425694
413801600
42368630
67346850
327981935
651040740
72987501
446748138
40356581
539431405
666154474
2717491
418961040
333975540
455172750
806276068
337290271
830827572
46051164
25953312
581117460
19334520
319830732
10199647
765269156
874882918
236133246
441254
332579904
43286219
41599614
179684784
318475710
110736
71811136
237806982
687959970
22886721
636913101
1889328
241244082
94498143
34278464
541548256
760719993
912252594
512609552
111554414
15654132
91454220
1881474
795471261
274635736
756768
847169575
14120421
27130654
8049415
29063076
664996043
305040020
58184
67680624
440739740
713294075
229220656
106227225
308685660
753339768
17576296
16521008
242463664
232533600
983489211
294201292
9614855
914672534
413144320
743781324
67008000
670714188
795005718
149574704
928691572
452475744
999641000
81370368
151064328
813383088
291341832
75091926
107297000
1812077
226053918
11344420
619103865
593473960
80025374
588897126
93816882
539318165
212150825
320726560
125243253
385761376
65927680
53836228
276699675
428177673
745525400
956601360
588024828
4956520
365225496
793523584
1302372
526892886
121915404
77386120
104893281
93477892
83203900
961228100
938480376
565042050
753053658
81355104
291181269
993817764
775083960
901374498
781792043
363317710
867972699
343611024
784581744
229176864
1706240
50358539
778190504
586181360
928196076
301301615
964442682
376970336
237754818
590462280
511825
2004316
153686016
124361190
639452555
17168690
631984000
487165888
368313000
23306140
73322820
188791429
549688688
47662659
102162423
96369256
798280535
392659542
31037820
676301542
696612110
520947498
501845832
239077608
530434476
6895040
104738887
16948833
713048180
966833010
681433236
267781184
607203780
498677904
763482216
284210847
1035072
152994996
116851845
836009520
309250602
587969874
92998450
462234204
162310968
88612200
238890300
28206395
12317240
4060526
494856476
42717285
280781952
717867
21030904
423468000
630624000
148338537
893688635
211797564
106082600
3449040
103535066
79833468
872102088
453731889
35119632
152615232
167108202
808483893
822495456
716485860
465457614
29971951
43250956
469189650
878855172
35465788
45196894
877283286
155483078
49656400
127818108
643595412
359555936
756852074
312479263
804838072
248977325
197173715
659905500
578512896
107227792
76870638
59805600
367447565
609926184
40719552
863113635
19121670
236685456
58691038
430075595
102157608
183417068
289899915
20191661
736639904
508412877
716010408
846408300
94180320
695219064
337053877
684278560
401551994
962834823
974753304
251343834
437811660
587428848
616851454
3610437
421235282
777645076
783582744
560993598
990414642
930641175
729364863
481211670
261196515
329270500
367063007
471481047
6069294
96909436
678333204
989732758
7760508
625031140
70357848
910627608
8599950
243122576
58556092
13572353
311683619
556631460
19681309
45962424
788020002
436415501
2254140
683784710
208893600
252717552
65096898
983178037
425607000
970232856
130229810
789058740
779799165
41498734
422925624
227028676
356272530
449681730
7202115
635223438
845152308
751069985
3572076
51750160
726902208
91291122
36329940
20000772
332570816
517410572
888447488
648378713
709834384
23802534
803547840
926328960
1676880
643397697
10454640
2922296
881106180
146435905
2979342
545524628
262605195
574575807
629122213
50840434
108473334
606235840
492064956
277272484
163125151
55485045
145266048
51389226
405171648
769879568
690549503
587260890
45479714
11215410
142018893
852547828
1485217
378463050
296766091
128473800
30385428
599098071
279101856
365163408
235410246
109584064
417690
536444700
57848792
444396608
24348600
571710510
269530713
355521369
319731230
261955474
314973316
186069254
441889500
590460728
32223924
994830528
101634057
658041595
17505170
27820480
72973513
411976080
380120208
224464515
158700594
12867128
391680660
120929232
218933160
286773910
44803503
379422440
435383507
32955981
998168832
175574584
400733550
5535200
340058450
129306725
20974600
145078272
115423616
13732290
310854500
8896566
519050494
416294275
2177010
253796079
1934957
634432050
981177120
12608488
512379504
622499064
170896608
72116210
259202706
48519872
11448
139655815
13414140
384427275
625946266
43691670
364263876
348095536
336784936
433516851
225388422
410443943
842102535
510620484
755699780
755258328
8596800
699092532
431435952
5119940
85967665
32656608
43647714
138777093
577677312
672445800
3688336
132901992
833247486
3977460
466849280
421955931
33352320
621426852
495588520
33571650
5366088
56476
38327886
214593680
189804723
62295870
5172
42948500
198511478
346142370
251864994
20656636
263993856
92457126
70942355
116500760
193793160
93852
703275578
16302880
962275653
126073835
545249364
55188270
771334806
696059340
165561375
620899900
49145064
273935371
361823814
11868064
134688510
856554208
244868083
647248540
390740036
613374622
562898763
26856682
449347230
464362318
255038102
64107408
5836600
113692810
79129216
68912812
220692058
491561568
919378915
413031680
675472238
447687065
14268464
943267680
597063480
313648056
569452079
705681480
299299446
178736993
195841360
