824
643
592
48
58
216
539
336
969
46
522
879
954
291
463
12
235
220
762
380
103
29
618
540
33
405
156
753
255
283
466
988
11
678
604
180
140
974
318
36
857
805
566
958
981
956
941
6
47
759
772
110
844
304
650
452
439
605
251
712
830
204
152
55
233
55
322
929
187
36
573
668
448
376
501
49
699
465
119
244
621
491
992
851
682
65
197
235
301
233
293
979
449
700
207
648
79
508
633
613
690
248
421
423
158
438
988
850
382
203
810
903
137
272
242
597
58
125
761
400
104
584
541
469
315
545
433
577
101
322
12
366
511
159
712
127
864
82
847
121
972
494
848
164
809
457
622
67
379
367
55
432
244
456
695
962
585
318
516
129
347
117
830
782
20
114
772
27
776
519
956
780
36
245
804
183
80
779
578
43
200
153
650
564
290
900
781
379
181
791
112
547
71
430
857
413
461
180
735
59
768
405
708
249
83
20
524
935
400
782
819
323
728
110
861
812
984
920
606
248
808
485
263
151
693
355
612
691
457
157
112
973
815
617
615
421
51
588
409
491
116
479
253
854
150
160
117
544
844
389
152
909
983
908
395
809
942
553
765
315
436
626
272
756
361
509
738
608
971
223
844
965
382
362
972
602
397
530
913
819
291
840
706
636
294
584
728
744
595
713
968
97
93
634
527
640
194
257
565
810
269
666
191
745
821
49
645
570
675
901
571
916
204
154
770
129
559
97
874
938
482
22
568
197
194
432
558
9
268
483
831
143
803
42
486
313
176
746
869
957
728
337
117
306
42
897
524
32
925
111
158
85
161
821
547
7
258
662
845
476
325
548
867
122
119
487
480
991
539
95
958
640
858
256
822
897
391
964
672
1000
288
394
907
537
273
328
41
474
103
795
778
286
774
311
745
457
560
359
616
256
227
525
651
860
978
774
68
597
896
36
738
356
280
323
311
290
980
969
762
867
288
537
996
882
954
887
595
933
579
888
476
40
217
884
773
964
545
981
608
483
776
25
43
396
359
805
121
800
704
600
145
270
437
752
209
321
316
899
621
165
826
835
733
716
484
741
80
323
121
845
982
828
517
785
713
872
531
36
396
345
920
549
774
310
684
408
300
484
161
104
61
709
195
528
31
136
648
800
389
947
457
325
56
323
286
936
673
177
396
414
903
908
846
687
163
197
690
939
178
202
939
398
215
363
807
592
869
551
901
493
445
815
768
328
279
240
599
788
192
933
129
483
238
653
321
433
535
133
854
723
846
925
312
834
571
830
631
981
987
497
660
774
794
57
646
884
888
759
994
965
849
698
513
566
599
691
77
317
828
994
84
796
264
957
90
488
238
109
551
756
131
204
891
659
45
830
456
499
254
991
650
984
365
892
885
194
648
476
591
669
81
801
924
865
57
220
848
306
180
132
568
731
944
809
844
147
901
963
40
807
98
52
940
385
53
748
515
767
799
218
331
784
708
526
409
231
384
219
634
878
833
774
203
102
381
926
37
609
541
364
164
781
528
597
482
334
21
745
236
664
150
765
519
591
559
514
553
434
663
776
171
997
321
815
122
160
269
639
611
473
403
106
620
354
465
535
201
610
659
173
999
424
630
74
575
365
136
384
343
110
550
93
733
643
45
501
43
801
990
106
728
796
417
269
511
211
3
379
108
615
797
198
596
584
571
657
474
637
921
726
869
869
90
837
654
70
293
172
198
377
768
824
58
369
918
60
688
647
174
796
710
175
72
7
183
460
439
247
3
196
446
581
498
134
516
309
265
344
440
9
838
118
981
361
748
230
879
835
413
796
213
523
594
104
370
928
491
809
619
791
761
158
669
686
503
251
77
341
284
262
467
708
959
640
826
667
112
972
780
552
763
840
542
431
442
56198
48378
611181
858775
674330
232067
508487
815954
800060
859674
674473
824432
785378
273703
382515
698012
140073
242525
654780
615566
934274
146815
760905
428380
393209
666500
381333
973021
154639
906799
618350
38547
694296
769289
55624
612793
984555
428731
954773
590701
261750
865720
563295
473256
979492
492354
991002
23157
787387
759722
275522
986009
707812
932711
834266
807413
863713
547127
266507
401285
95662
760903
472381
789980
968504
867765
792050
788280
612626
400875
613435
275062
456770
91094
496387
715836
111311
724069
761553
301957
267707
55459
132591
227591
298337
220211
443087
118948
364023
94699
581750
390661
255784
869620
240195
691997
241938
653500
843842
752184
937521
300572
528322
669272
305708
930343
509913
671195
105151
759651
136903
527134
645362
585512
914335
354265
298260
36177
773508
692694
768802
596774
678560
671239
219548
109955
256287
671670
839231
148230
445093
972867
766693
748973
633501
460465
220665
931733
652663
780687
912462
279138
36599
915036
600350
652173
44999
978120
169979
596054
295374
166277
494289
703334
797271
718687
222903
730969
535237
204245
906603
878780
351972
809983
471163
628328
674193
398839
758320
631244
171713
557660
368109
224038
622209
951544
516139
157007
703199
151817
380353
142532
793366
865922
54850
631743
505722
613996
868289
118435
71874
105499
61590
938841
97501
28752
592520
987592
633540
183877
372753
655244
653760
476907
616155
607358
887965
20057
490032
271277
301662
914667
542237
506448
63592
811394
234654
565669
846910
833596
980845
58381
243477
412811
365040
237164
602830
223747
65655
74529
894868
660673
679985
545828
990153
525249
657723
138832
725936
138160
168528
125207
548551
199246
767673
764464
699904
114116
110140
163797
484445
683231
341608
823837
885629
356794
505753
63341
554331
213911
249190
680083
498713
958685
423596
219063
970440
672170
189864
687976
255408
991088
463452
272903
639286
108692
824860
251904
497872
536026
690342
723917
507246
647574
219727
996393
754749
324269
747334
328096
715610
169527
169778
203816
127397
507189
740372
985060
304966
352950
882413
675239
414091
371763
877514
658615
360168
595770
56214
862576
704134
493962
992421
571970
739683
675781
827870
637624
652067
923016
342459
403643
185277
879689
149966
252628
760849
282536
377732
125557
646565
299214
313205
875594
129342
524114
846348
437649
778747
877708
415937
349235
346410
245122
662239
621216
728943
225306
481556
134660
659843
154225
753272
299995
866878
776891
794351
255482
95520
443080
997824
983422
159338
875553
329647
326914
3816
50092
884595
191680
809879
801542
686096
509155
758179
66566
703818
75800
698139
968831
12304
23649
611664
18351
935948
395987
883538
254277
263399
880306
141890
17143
348867
941152
235228
65601
252002
4348
884422
371056
472574
956221
946986
720060
384044
293405
333410
190497
713947
620017
41922
857196
797960
331022
695007
552847
632302
542536
222488
279809
519717
302948
828991
816075
569786
173878
557786
458100
590287
160047
713333
551088
132979
819243
888430
410056
249983
943705
44797
236934
532218
622128
228051
400137
15914
697678
44984
173878
316617
338701
498202
797516
999641
66291
517952
997809
505174
699331
294181
585922
758952
198416
165633
866890
73142
907017
44197
896190
869112
676913
165446
492246
271329
803754
225741
639072
809923
599115
180516
670793
822987
644339
498810
185583
22846
809700
19890
55666
78822
754178
953242
59611
610862
645538
868904
881129
835236
393798
886813
385392
483697
736285
64393
421609
252210
1724
601559
659688
780025
569572
60872
593456
592596
893272
131811
301911
793167
21156
372234
212081
967875
738976
710706
734760
175195
649552
999168
352116
625439
286910
507034
410065
842553
971379
336512
67518
636374
677522
552213
689415
862538
796951
160732
986538
793038
972496
218395
298870
414703
818767
124839
567113
741525
527047
133796
388096
867705
278624
276379
506917
870946
782034
775442
73235
440439
194764
704525
162324
220443
8068
572726
106680
326408
541869
607447
682317
338665
875397
383412
101209
920678
531784
396952
622004
357955
10428
315303
172726
762820
271566
358768
589816
983122
609131
891840
765466
290777
92025
121388
42656
840410
204038
464225
961920
895331
118634
475503
470824
801457
968491
505025
481464
246601
48068
572148
623967
665770
741567
749121
124205
230960
697964
951521
656039
257530
489903
209762
905832
859087
324747
886294
841036
253116
230728
163622
993713
143485
647425
191838
488403
627877
391738
318263
86633
409824
340203
585528
476951
805638
493575
546844
15808
318350
263026
40141
55082
161922
868574
643227
79811
226007
282483
8312
72890
327714
12409
568203
233213
432117
995707
239949
980913
925095
74800
430481
773260
318248
290549
449427
268090
342045
876856
37108
231894
930303
294012
961709
386351
729311
20473
229952
368485
224559
235238
46612
937347
767091
896784
92387
188444
905847
613855
397821
621450
151521
86188
962859
507225
565190
511616
843844
375700
803324
432017
145631
944837
466508
464606
806703
262328
53290
262050
466274
964395
636085
708118
907677
950914
992107
596493
201833
509641
570745
758735
88915
432357
663351
625085
188108
149880
173261
785215
610618
981483
591406
881389
214431
690565
246034
290090
267952
502352
469518
519327
908706
301860
523777
522095
809813
211291
635400
209442
580499
295856
552810
582661
963373
706704
754698
474555
841969
528602
844135
506579
746333
466763
124517
563298
382544
244867
673327
95555
833604
150239
320542
969530
626236
377808
127211
573454
219125
154154
817763
450462
326853
739122
840097
699408
776090
390569
325508
414094
211211
923011
278316
327125
62668
856580
700902
590816
915859
378297
774018
26580
739149
250656
350033
644720
611768
144068
827006
256678
320339
139904
