530504172
52717546
119106294
58115391
135838230
586568146
1335438
245590618
34240150
117547584
217646160
588989457
42552
986053944
403756704
671227728
259946847
726778119
24966627
926549760
160970085
581265478
31692222
33037029
6803796
537477253
356751040
25772100
51355975
45579078
33524978
657572682
136079262
7953450
732931200
92271168
250815129
400788
170109472
197988672
888126528
173934045
865680970
35529531
14943918
651355056
920574720
79181784
411141780
830378640
776210460
1543915
480162720
35058346
82191240
782986830
238474647
542419267
438983112
230528809
385745472
658709948
556779249
914938745
105162720
93368690
374661352
184725255
289170
791511644
110759284
82872884
625941237
550516224
830503310
495147978
70934000
741999608
15884715
377872200
114386580
460128530
34778022
260289531
352981710
90528825
236653810
359029473
894866808
2321748
934519275
113431256
9341680
71464469
1260384
817074132
79615540
232780454
48255801
809489577
679320369
378726761
119583780
655727928
681841321
4790240
439949090
355558689
559904750
165608340
59816665
609688560
795215834
525552324
204645040
151802672
211356189
31615364
31278052
619423090
22850319
977776470
22503405
345072870
73521252
2172121
488174618
996941000
138315632
7959485
97537328
29490853
804775224
924293760
314834850
375912633
12686415
19595030
327375555
177505016
7239862
74458659
760519032
572642642
854867658
597155415
673053587
881099382
43097925
539910024
433084480
846945
349890884
636167886
671383584
86509152
328579082
161046630
19458790
25570350
466437296
547556768
416348496
12297480
32635580
28908640
40644263
959679700
803362446
749078847
686080528
240869968
1844865
2506248
999031033
631398020
19038720
448779068
257026167
37223550
9202739
298282654
140779365
39520995
53413706
4980244
325177290
17050110
949621648
83727189
667618527
211261635
335519706
115082411
48816548
714587076
34527856
610804480
170857410
5632
857329039
389790762
342268863
815229305
585051040
818933600
551568
389556
915028891
956012101
112334058
576015170
788285784
610764649
143267330
526382625
477335066
273678336
2476818
634640279
353511736
83850312
150418345
7443386
427521508
62845767
122623207
12850486
463786814
951193522
191230156
37097424
293038020
50424392
445626720
116212005
28119312
3969984
218739720
484009911
710590804
853439840
107227260
10964977
27811960
533203440
130262
362248266
317755488
55143024
753378444
361063900
27447420
962634699
12007740
4181625
229773905
60778774
1426513
117440
608030280
770566545
4553536
344090760
536547810
294073534
341393741
840796200
27090333
117032585
799964930
2756106
817253829
12357280
64337119
147258934
286166763
613214684
442743854
193076208
645075047
676297042
968396840
244650536
81639886
223918810
16153258
453367248
701987250
195779530
3739860
226749276
604381392
560866545
77759991
291708980
353957374
720070072
168712855
108649531
91848
3674
43685932
205325575
281765288
115856380
252942604
156796800
407211528
746300176
314221600
319423860
1157940
23120582
315684430
209873137
53812428
696592398
175051800
93755550
806164985
241516611
83288848
199131500
320097967
781341858
122216196
267297990
144565102
62287932
498836800
718599246
247781338
462655869
876139838
258834432
17560341
189149880
367851539
838781734
41179698
579289536
653753617
227459925
263200293
24910620
28046928
9192092
36345240
5938200
5393290
120176584
560795770
93435680
629103860
159336931
274273229
944337852
129448265
490869255
23313004
19510270
161480816
163731624
123210096
825745498
721103880
51159035
434658408
50360834
554114220
996132000
32671790
376959000
499966720
890410185
351462528
505965810
540570288
991120596
220670109
709414552
54633040
7734552
838691868
628138680
289948317
14192750
57823308
864157348
187782141
19877154
20608396
455848362
702004701
6728746
85720080
13173412
225941694
313237989
980933
389641190
396416885
3334215
5423670
383508063
636159946
994234770
662229602
29960118
439098870
610948
171980666
42514812
66369888
376055195
565326432
347305614
957668740
398528613
242148200
103608936
138135088
949765120
254214980
849870575
828128088
3191664
1592272
416633424
57500462
646116800
879444864
30845284
8346712
300683585
606920458
372852171
693121284
716869575
38705136
11115944
151373502
178042815
1445865
398529234
5548721
20072052
10330775
551275263
7189104
563064388
202741436
559945725
901336878
21381165
388560471
940422252
687071550
580450
343855920
590535328
4872384
42540095
813377700
39908718
408622016
781956458
17905724
287127456
973567296
132899623
202363564
909843364
787105317
246306060
293137920
14700
10096545
878495156
915565931
419132623
246821504
59411196
994365639
222997306
4785170
472583808
432174813
472941
572197028
905776592
235332185
489448768
255642582
458379596
79622695
897672576
456993882
216087102
7834680
131707407
449817654
82805676
927739790
962261919
852212421
4010532
569100290
37987168
474537756
68533064
18769203
413342670
467827458
5230821
105123408
125701664
171478323
140020986
507184046
269811960
51974136
6049725
228196304
100156546
118140068
390613906
126947940
86371264
185360530
633485160
424327332
282854994
271550104
206593205
2914780
761432
395193696
549506432
542189105
833410224
135828429
426427560
16715342
13431204
149748
32586960
650260567
95686475
305891586
252384777
689143950
530434476
173502420
410273010
85255775
94889780
66801776
47710000
189985750
302141658
292275445
46301505
127315746
135273970
570088192
37433578
212682380
64026470
450957351
334549495
48291122
364675460
90192436
391323885
78205690
903895440
402291659
243042054
271184914
894820454
296060454
167683782
206622780
2608308
291080596
26892963
849710550
803066863
996971000
869291280
61199558
677330199
471004204
835764342
625005192
484718748
954638514
19497530
18377730
222500772
977853690
546258615
65293614
183553792
442575406
69825250
352245229
152231260
513633750
64777834
130051428
620658680
42594328
132389640
7954725
8088472
38114128
567341285
75971256
210041
56421675
435048956
948135
705449742
752766273
175560018
436373780
502442925
8931013
211735323
106115986
8359912
501596220
4601856
24032038
196402975
772470042
55816544
254894970
239716984
3824456
75264780
179412050
264442206
20817000
70868000
181567232
70093250
511370397
775330080
158407698
539609172
1227970
383162073
421077996
567441651
17345214
212456980
220915751
126501786
172995882
743524245
57172576
712756044
644982363
418440204
825764545
482737816
760427024
374533380
684794433
167256756
73383408
156964800
24841236
958464500
77789484
85103150
37673478
694000620
110365500
103898160
344437320
364981670
10633440
203895940
551542057
475496745
813502800
664587180
118230047
353389200
646124800
193849712
858179042
905001664
469547480
149243962
101219271
642200284
497387263
811925557
172855098
52974691
345853558
478163100
492541527
13824797
734271734
30553861
743101020
17420244
465612975
208609989
277868655
515098870
134505712
336147651
96851538
946169525
343312140
309841586
89284488
11645199
186511680
912774159
199753650
163219617
611401945
690909352
790420050
201671415
142634736
32107488
966601896
706364075
94210086
627320496
762706527
344096
321976490
22674120
333326820
995789000
769461520
2846030
324867600
22213584
283976930
90858570
330224
144074112
88202832
339464601
26628120
420258256
203233014
698192904
49380752
239826072
91616954
441700443
155061324
2519532
312204222
309239886
17041570
3147648
31325362
312442488
17192
50151114
17836904
999422424
334409375
55197636
1628616
300083456
123715963
95026144
508868628
219770260
21436
325207422
258641920
370276324
984088830
961530093
577762240
197367039
104032266
5456500
975024596
13331844
855389756
87259482
127695942
157457462
133267121
14784129
444457937
29465
762562273
15493164
320743840
102210075
596345088
648505620
689373300
33908424
114822576
315719694
401050672
106743735
876770174
861188856
107810036
42098304
35286720
232534634
73962252
105579
279978330
901044921
430867605
562212015
829545990
495314352
704019113
14769778
23701265
264113246
26209523
9720168
288886668
139590600
518952960
12127632
113040957
427151996
908856310
393130188
4539136
5187627
660982784
406156179
34005342
879508716
940816635
165000
20232226
759113988
202169656
460931372
40409578
242625
248390448
14047000
110378702
326028924
930048112
686174464
64721690
93028520
422958081
639155355
13053893
397362340
20434785
736661889
81086348
47768032
40505135
