875
726
217
339
229
363
761
39
494
175
336
464
763
6
996
624
816
513
843
147
960
405
758
166
171
79
731
580
150
215
202
173
806
363
85
850
288
501
18
416
448
944
421
935
179
114
803
960
264
630
910
876
43
690
178
270
879
487
733
654
479
609
806
741
959
312
290
598
429
15
886
323
271
787
736
910
702
250
854
119
600
330
670
177
513
578
285
485
583
946
52
963
328
92
251
38
903
265
482
209
897
819
601
340
804
821
65
655
579
745
411
235
780
889
724
454
388
459
166
166
785
141
990
139
570
252
49
697
1000
364
85
296
161
894
960
550
599
105
130
559
422
82
253
868
754
929
769
817
939
195
732
652
29
574
794
816
278
559
405
130
150
676
736
636
104
170
160
187
980
893
857
824
488
45
54
1001
790
128
662
509
182
91
542
367
185
218
67
558
122
976
273
813
459
566
331
209
837
176
781
417
2
931
613
569
901
760
904
24
18
959
979
326
755
884
781
370
725
689
522
54
793
578
273
385
82
646
239
347
106
674
977
439
182
540
214
660
333
156
62
465
693
836
928
315
97
155
726
11
587
552
222
861
586
154
981
103
63
479
238
41
10
780
873
64
570
730
541
569
918
153
335
890
54
903
104
241
379
537
782
658
442
799
818
985
494
269
470
121
664
831
445
60
474
776
745
261
538
578
839
415
317
8
2
197
455
532
332
503
400
628
856
550
553
36
142
551
457
218
831
421
290
895
489
272
449
553
878
346
514
373
238
704
838
497
673
938
512
123
436
593
917
189
756
803
475
513
147
156
91
180
75
70
341
745
290
790
403
523
972
355
699
143
130
406
408
348
907
840
215
652
214
740
1000
170
600
704
945
576
705
732
996
467
836
220
84
917
789
537
110
228
934
433
131
134
666
831
79
276
107
473
549
31
613
619
57
70
607
794
999
809
162
654
26
418
193
247
599
748
573
980
621
490
309
364
976
505
925
909
56
44
636
227
800
939
164
88
545
779
597
828
837
184
98
387
423
41
621
71
132
95
737
82
746
452
745
951
135
613
969
825
25
570
764
66
193
900
186
628
878
124
537
988
361
452
956
883
495
540
4
93
938
959
637
496
234
999
469
65
684
651
21
754
952
485
698
507
668
265
948
666
462
84
359
663
271
961
981
927
62
751
184
686
248
127
633
678
69
312
352
417
366
706
517
216
75
476
301
337
614
354
278
430
792
642
534
518
455
55
28
618
736
733
912
363
645
122
108
12
170
803
293
546
503
825
726
420
630
275
292
248
208
437
546
539
205
354
362
752
182
460
241
663
565
209
590
284
615
262
952
623
491
518
946
542
413
455
54
538
153
925
893
1000
936
238
819
682
914
786
694
978
130
126
468
990
735
243
428
658
250
577
389
714
242
356
785
193
360
85
86
184
749
257
13
225
652
31
834
861
422
653
705
91
459
314
88
705
64
146
445
874
224
506
487
61
255
425
514
135
250
427
250
711
876
402
732
38
607
639
749
123
460
467
353
419
855
226
836
799
637
907
692
868
598
823
412
252
400
147
980
261
275
183
828
322
309
570
590
96
454
737
687
900
810
337
578
800
443
931
952
680
382
303
797
703
899
419
217
571
690
701
109
851
163
855
123
675
457
527
715
361
567
294
973
570
547
284
101
432
957
450
407
781
826
885
451
369
168
984
835
291
788
869
16
554
140
564
1000
872
55
558
138
535
285
16
372
282
567
152
638
453
831
211
487
286
657
396
54
549
547
122
56
166
549
4
214
124
1001
565
222
44
544
349
292
708
466
4
558
512
596
995
981
755
447
309
70
988
108
929
279
354
401
361
113
659
5
869
118
554
305
768
801
825
174
331
551
622
315
938
933
316
192
178
482
252
9
530
951
651
745
910
702
833
113
145
514
151
92
537
365
720
103
327
646
955
617
64
69
808
627
174
939
969
12
133
867
452
671
187
15
498
110
322
559
961
824
242
290
641
795
107
620
133
853
268
208
187
471610
652606
162821
411219
492456
194876
244123
953787
757790
900743
409730
970425
690511
36188
342750
374183
752841
702627
161958
684457
405963
989034
680177
674443
77950
923032
996941
283472
899291
62331
206452
350564
306693
27194
647777
430595
320386
160968
52996
235628
686177
765248
910414
903892
245017
141018
203832
29205
394049
395377
193786
755784
217349
485221
310688
915900
617118
337060
341171
862834
730626
718741
550337
131087
945899
214563
996132
605391
460265
494180
391992
633408
766841
267677
342908
392662
809789
995361
447707
796092
20639
354052
32315
814139
689797
373685
631809
344583
196181
129025
188081
823811
117744
616150
751550
250763
406014
225861
635630
422146
627805
575644
279301
366873
93641
73824
369161
771939
312776
782845
497147
631239
615831
201918
572427
340404
660946
86124
253779
284719
312758
641753
978025
220696
947778
420905
658964
382440
358362
954055
601527
336674
240621
970508
397736
303494
220415
198489
408917
899622
659841
705576
300463
233572
818578
291751
925222
521880
986867
397646
192187
11842
661128
711484
820478
900196
265670
447165
353381
671405
710180
191688
758096
221015
919323
431740
342743
351346
230889
882665
307144
213627
990014
658712
374210
320788
779526
904844
692794
868852
249181
120823
374874
569112
219262
789074
995101
73696
687453
22982
487946
268704
651227
914604
431071
671678
188707
542848
379988
66375
476423
210354
621269
571312
811152
216605
216094
752746
529634
754647
317579
611400
359649
598703
636179
40997
528261
640415
626524
807646
746612
354487
11481
351717
322192
193199
821179
357107
324965
137011
568678
912641
863613
391340
497588
701216
390697
412878
329427
830501
4298
171814
848582
262953
712685
238865
161895
469065
13750
7092
645733
890770
962806
85174
972973
64032
885080
751389
738484
30585
253611
875564
198240
70924
635874
454116
918606
748803
505536
822583
64686
139685
663863
152122
113428
758882
954149
719227
318802
177061
130706
401031
497624
479695
560241
921782
493586
973586
734997
903143
919655
391569
21506
101129
977213
995230
582200
858457
462353
542663
309466
276343
141628
678458
443500
686759
675192
583236
353226
603668
311184
925862
700394
815582
827021
995789
815847
911032
604276
692990
441355
965156
779102
652990
325432
572930
101012
162059
871846
379492
501759
790648
77481
757599
747984
918779
225639
893130
413101
401303
149981
34242
416019
529691
77047
770786
253894
460471
451265
971541
778842
441537
293501
912504
470408
877683
844771
782029
478863
443897
130833
492232
267445
910435
266959
845945
268698
108565
481271
737171
310580
914702
874293
507387
448543
142767
459241
719375
772952
348985
630161
335304
904805
677914
191116
37014
672863
280373
648426
641754
891726
737582
766256
345827
220284
606118
150731
360723
51039
80663
532899
489681
221756
493899
578960
179432
654636
869124
650672
546237
936562
936576
624543
35905
983144
837103
592123
618094
255373
987653
735263
629787
56208
51746
661798
803969
505160
826769
190454
205679
71149
717682
585645
862272
799855
743209
78151
610178
5893
498554
420628
153645
145855
482437
179788
98143
184939
332746
105654
951446
858248
234351
542210
261714
845161
614091
93570
976519
807656
482947
94849
368143
204525
883833
542255
934723
121231
3675
690622
33168
2816
612383
530798
71904
123443
386544
479404
304412
391146
88291
456477
967792
205866
461297
748361
450760
494994
672299
615088
832622
587798
835326
838165
757465
58495
807353
372592
116580
647046
524288
582755
934051
734440
382571
248638
553373
478374
500629
31643
118820
397457
300436
217882
894506
976113
981279
996971
951719
334057
94052
11731
113041
698442
391244
636299
751605
44649
305556
720418
920764
22266
781652
461863
252976
611612
349844
610477
835604
191974
973120
196957
388546
19278
347681
168988
799238
246846
972425
513061
298495
248392
62696
254539
762934
829451
689996
433677
75809
158379
725901
295608
769804
543574
305804
123116
697598
891399
920202
692135
195433
283736
74332
998033
475429
12479
730722
297931
707521
93585
234032
338869
498776
477678
514479
151734
874071
980899
691746
473053
524423
143846
79176
294303
121999
229375
342791
920869
985392
504963
170469
698427
609566
415800
809620
402940
853748
876174
795351
412542
425216
844750
551624
618613
620323
336934
180679
147789
686197
987731
346626
801219
506719
392412
565338
537964
940812
16175
832736
688111
150079
195658
572994
911589
94999
133498
441939
101540
784162
124363
502868
817258
21642
796120
163028
708575
439954
139755
882410
979265
291204
640907
110765
475474
448638
913827
454051
591875
965390
599989
838258
541042
836452
406537
551713
849989
805772
801209
345691
776535
237949
467721
982319
754778
776491
938338
800303
578839
336240
914403
639472
413145
231058
661855
175771
196486
951682
539941
257141
958932
495244
253306
387209
326575
383595
335115
889911
852579
320339
387296
435604
434750
503396
45867
582809
148740
365313
739999
11744
782080
348965
428864
682782
447278
183173
759473
661226
637164
44329
314382
269362
980153
603256
152061
876068
832071
862133
633867
108745
898837
163457
367749
56994
329518
87672
581185
886085
321961
942233
207142
433830
667253
503745
949470
411437
905900
35265
523523
118245
890611
75183
520035
936644
644776
242938
947471
90773
690912
950632
666654
317645
524228
796334
702245
190917
131298
720768
795172
295156
358610
695888
23218
686932
527265
626310
1837
954709
46658
175185
390691
149683
928730
364643
169460
164603
747999
127700
126833
22521
577620
822774
570561
180252
504226
115299
664240
73618
671228
869619
832814
352424
690011
905043
513839
718391
903753
298044
534688
92078
154200
153794
299931
856475
627567
845863
310021
945948
133485
32165
656892
5359
346896
818048
323746
187447
998424
668260
302561
323295
472527
602302
46412
48302
437584
235331
23498
743963
229654
449110
605698
877517
16157
350831
592791
349351
188422
807237
34793
705339
840184
875004
672607
566438
436824
592853
387574
610695
337949
902441
857517
144401
739685
726045
893354
657979
169841
173573
946912
306209
970915
93270
248332
591005
655084
628265
178230
