107
481
454
419
662
881
372
180
496
83
45
991
130
997
371
496
563
858
360
6
748
110
36
199
389
937
480
545
536
962
880
976
545
84
473
686
687
427
208
139
175
720
893
231
640
214
930
140
995
19
813
276
522
414
362
929
214
356
270
936
113
738
464
733
332
270
642
683
693
608
696
926
780
579
652
702
458
601
386
291
900
934
483
301
406
138
594
291
517
810
78
914
282
519
415
230
890
978
844
427
803
147
997
184
861
187
654
54
605157
193331
737128
892218
40133
622805
865810
803009
174134
717282
905666
967101
632394
293425
974718
173405
506722
162733
108106
755979
866090
300058
758696
549928
120755
149919
36365
828314
989027
345244
891928
500502
867999
1639
875018
643314
372253
307438
633785
718168
403865
517842
887654
945205
685676
254016
268134
422523
669794
410510
158819
516809
90151
493111
118013
740718
819112
433532
608983
422072
96327
33682
518082
754380
517228
979520
1511
523737
351315
325156
244315
490821
948648
607360
804698
369476
34935
571891
548844
140073
883806
500494
548028
304251
303922
94127
711054
883971
114647
327019
833961
897272
401083
172572
821758
195824
512425
711218
51075
816702
360598
816877
631265
59047
500356
897886
429380
