243733282
222832734
177037137
443403628
762778610
137445072
26985420
256545088
4239225
1572075
958397091
12522510
986059919
133781858
256337264
321974633
705068364
124287840
9066
567504608
9916610
1212552
34341828
156021287
841319182
240240960
299710760
293743008
871250692
733885680
922520080
299119980
4959948
236733662
487783044
488606766
185118164
36068240
15935933
24512775
533316960
775123107
56436765
404009600
41372834
829493040
16521820
969844410
31141
664121001
80985300
273390714
169951140
127176030
824630566
37264676
116418764
68584320
839846592
10636351
557912502
232165184
552960540
107951792
72396180
405996948
468316708
497076426
378665440
499844928
818557146
626347020
350385903
413227820
517463856
225844838
365998783
143689658
88441302
787516200
833331612
247501275
92538838
163969190
14918628
360771840
88537041
267724314
661528620
3130374
807798684
84616356
268884558
175159880
45039520
770820100
927777744
691330528
183345260
646172494
17750985
976581440
29222696
713178354
30431071
420727356
1963710
