641
133
576
533
576
160
720
777
922
932
221
971
848
358
953
351
232
145
871
609
345
881
52
707
566
262
486
756
320
576
145
729
808
978
866
312
352
750
820
664
265
974
830
998
224
195
766
795
884
474
782
375
420
197
960
35
817
591
975
892
544
804
512
545
481
759
281
572
986
426
123
616
881
831
429
492
439
174
56
644
991
512
773
335
783
810
3
659
968
401
412
946
432
552
780
388
338
523
441
842
657
202
142
730
379
839
272
920
400
613
512
635
771
129
800
796
996
343
424
879
549
457
439
661
555
39
476
182
494
439
493
402
718
798
540
516
721
988
530
878
178
76
399
127
105
702
236
555
289
634
706
738
844
254
569
523
965
1
441
418
833
274
250
893
369
453
138
20
151
49
128
757
834
121
250
204
308
59
625
292
102
381
877
169
459
211
946
908
776
685
328
629
428
698
797
825
970
556
139
717
366
460
362
133
626
814
886
770
124
292
540
56
477
215
862
33
763
756
140
862
923
410
65
190
482
916
749
510
572
535
37
777
651
55
370
346
581
451
212
539
163
934
868
856
932
956
602
416
911
446
354
762
744
767
739
824
973
989
724
166
536
155
526
37
165
237
706
587
652
737
492
49
895
665
153
543
501
644
667
854
900
297
884
135
113
890
353
88
377
630
647
865
796
638
229
716
871
716
738
946
183
937
92
250
172
530
880
179
340
250
806
136
529
931
777
475
966
850
474
893
14
890
107
84
990
827
154
162
463
262
116
564
438
602
144
583
173
57
396
258
659
359
761
988
507
212
837
791
140
930
588
187
855
882
388
846
512
62
775
81
531
824
142
425
723
617
24
642
397
319
826
829
6
507
693
592
750
515
627
470
585
189
786
178
256
996
408
388
833
570
204
36
723
878
778
701
948
858
238
180
160
437
119
109
276
917
688
498
740
759
677
717
121
517
224
857
979
11
86
273
97
682
723
225
333
88
768
382
454
244
495
862
650
203
973
465
214
515
827
979
464
1000
122
80
489
532
576
492
690
279
328
193
899
354
612
656
574
911
584
539
963
992
159
936
837
357
345
944
725
894
752
928
615
558
512
698
522
999
874
350
724
177
319
453
903
798
400
694
828
766
358
807
589
281
899
697
751
955
568
387
545
736
776
459
388
440
288
621
60
423
646
514
209
375
356
139
309
81
317
412
90
247
642
238
837
273
415
711
576
670
828
999
454
550
293
841
493
716
854
247
484
449
654
385
748
302
304
267
309
942
828
342
68
622
352
197
358
396
485
328
450
432
711
607
30
150
273
468
749
390
896
44
196
745
10
779
849
49
491
874
146
902
543
165
408
509
439
361
162
620
789
652
79
861
310
263
797
217
526
647
339
941
799
359
715
150
555
371
657
68
742
193
935
363
6
58
737
348
74
269
236
653
343
472
72
773
811
594
246
77
635
744
467
543
517
127
24
402
365
153
285
332
364611
769600
505129
481586
924416
64343
51768
879101
79354
695269
226273
512365
554674
685995
950136
796273
751292
764760
455321
449596
834631
27140
235875
8883
212567
894167
472997
645255
913145
944376
18293
800779
341870
25337
832238
247487
675590
403154
374700
248169
397374
954761
896010
766715
96727
764117
584831
130393
772795
88594
796744
122861
397833
725725
716711
898499
526944
203355
418082
458187
774611
479749
159756
667831
691680
207487
788475
585960
396621
715860
221872
314525
2126
776180
567331
315325
535377
949866
89091
604015
287171
576298
694438
442107
765006
759511
374047
165732
875503
295289
27420
943759
160081
318185
753826
609029
147994
266569
378008
716510
445966
409456
153272
618017
594289
737612
176798
192104
376108
727282
844577
731441
384719
678179
613165
859622
333065
731044
763280
47453
564593
420565
484413
447173
231681
528805
353307
666097
91280
298088
27865
458185
279780
892549
764557
938780
514491
173595
718397
943390
343755
527184
475734
385737
54852
184623
532330
318501
66630
398741
163672
951209
254393
377513
655816
229556
579878
668688
49039
204455
150579
283609
728539
70261
520168
905747
882499
211273
769023
153609
133674
417901
523476
433028
589219
176914
656678
117517
76587
266174
392014
618980
16586
189855
990223
129199
386872
197992
708010
345595
484309
352155
617110
657270
265333
533628
162384
252980
879062
677011
905414
491600
141731
18124
986095
758794
292196
50235
521450
515778
126692
208731
662000
348497
474340
475206
93229
547599
444392
657975
739667
181070
294467
841342
791693
626217
533415
444395
221692
750210
258254
290450
821938
409591
309879
196549
506195
120898
537447
935744
830930
762724
30620
649489
907287
68216
152333
359550
812555
598952
381741
331035
231324
672994
332273
448239
879639
557064
74974
277092
770705
413719
953651
55837
16649
200070
898949
708486
628770
479068
414107
899931
734091
926876
647858
366978
975852
535172
759981
253171
982096
410356
149280
824943
110984
78081
470975
821747
380884
165776
779584
681977
389146
12462
37808
182405
390132
111998
453870
390760
269729
129341
374096
370082
878275
383687
990690
124787
82632
129276
414631
257014
771569
519594
352499
313469
188067
223901
67639
745319
525774
785120
424864
829756
860261
654517
333887
659554
209821
248252
619930
300046
168004
594828
810132
991618
95859
188066
844729
419272
386113
84785
380349
47991
892137
114228
509658
484213
512608
320467
588928
982749
602049
349159
88161
747482
897997
336881
765080
581670
376631
642748
344591
231305
247049
39573
222949
770588
391108
713213
599185
367207
694787
100917
251795
444369
858204
402485
554814
616843
420191
447657
513299
901106
600279
383927
690957
26286
196475
318184
857066
245902
644216
217999
510508
689143
852398
595418
374454
177281
878170
427213
991226
521058
217972
871283
633623
658383
504680
900737
646982
81104
406612
547517
637179
89103
578594
228541
454120
459933
49772
422947
412650
226737
69213
669598
979415
673027
691644
144101
2740
303263
828538
487297
536692
541349
375167
497037
331692
973863
875210
110435
976856
333501
203559
61669
840104
641310
846962
212591
835926
492538
77428
285028
918238
645921
796271
354061
783875
506985
192061
934201
950048
445098
960263
242975
712787
707572
962326
159650
734917
455941
944430
201413
510113
719787
586154
613004
961426
466350
190474
642128
401892
252158
838054
314093
417996
214526
93594
551193
672301
532936
795127
123987
865482
793185
895778
617019
674427
866096
598332
435328
277806
335423
170102
382108
42601
605848
954754
441802
945496
664068
330781
697040
516630
758012
627884
415594
415002
811480
598130
57106
189007
297818
76038
341137
889022
197311
912753
87386
478795
28033
862195
254387
727582
360985
370430
541381
363235
622331
422773
821735
202479
267281
201908
215914
981872
968170
628574
566602
944856
435955
272363
958264
284224
370267
156617
845459
125226
220961
509195
125933
763819
211990
705206
23291
294346
98109
812943
984257
375457
43946
625841
835632
165316
991876
102171
847276
638171
427577
501463
495065
819460
748660
340389
381504
950507
290581
643599
639755
952882
498988
385171
684314
79660
254581
283578
662887
160866
691676
725423
824729
655647
349547
490659
369342
98376
297700
627001
319276
229668
133641
454936
324903
231925
759764
902318
932372
611191
692426
46445
96286
33559
301678
150465
949734
574136
354795
736306
904852
491578
827841
516422
576171
825219
616519
599713
613449
146395
405615
718725
