14760872
304591680
262011074
303657984
24092640
474035760
568329657
834273544
851051140
44986539
927066134
697003424
118419598
901057688
110398275
49015336
18745020
736394789
343837137
104625735
762489642
2415140
456666147
294090204
60601910
210451608
526962240
90951680
306622080
18754445
488136942
618124848
941154828
728602172
86675472
110994400
519319500
631882160
411633520
61395465
935296162
658343550
988708620
45797920
36673065
548846660
599291670
770214172
198170868
582839458
129221625
159746580
37523378
912046080
959700
628763200
323582547
937390350
784123304
275799840
614350068
232927232
277763610
203437507
537379590
70856398
300742728
962190072
162778008
11897421
354921336
759593795
660750537
164704683
217516644
169836808
28764984
2746184
386215172
973904259
234591744
562188986
98605910
585278406
619714800
8220
407273203
922389776
148542430
154956496
893379696
166393872
282825480
576940260
139505400
99529846
250409785
174909861
689985320
405265851
38796322
17882486
490779730
132331261
681733645
66089200
830132560
148106800
347773903
234590720
377715780
559301133
14246115
611055200
604000024
986262108
102915778
161757696
755607738
280052037
187121392
171543640
409145780
284497440
1308801
200188940
32177236
219878412
171267948
219086735
150386592
472426050
606464838
269453520
244066452
475538434
967662020
256683770
752503948
29508128
5184416
147367458
12493752
9256905
451806498
50165812
285542505
73519577
376779226
455550030
499634118
693544340
57591198
296482002
250552564
917239255
2126
172878174
158007344
663295409
67998306
56568250
785037193
125879553
182325705
16683924
365860
21401381
1939077
13077888
535632004
664484496
11324874
55975250
40080900
82322548
3054312
365519375
74337652
8913372
133177407
747553046
27186354
188002269
41776312
893430780
815837092
567290144
430573190
94192088
370435712
164218036
447634380
605531908
637555875
925041470
286772568
17234193
471262590
124582374
189819000
120867094
14895734
366810960
625984722
775695658
554235990
12165516
75048088
270790020
2687496
201662721
43532985
720314784
895620
546201180
533135736
17470180
720568212
835697122
153818470
3711890
34656950
204784448
825075092
518068320
231601200
299428272
263006000
1037221
570388707
396477879
2609915
126491900
107218134
310037868
181253292
42414840
267902943
25528571
863404544
733092836
710271136
855797816
908071896
333913748
157045408
819837141
177228804
112749354
543468306
512722392
551010499
501174281
635772856
928982453
971071408
483509644
26573446
264000368
23138400
252347974
1132940
26342250
50384067
454816496
315481389
398496532
496020899
217366584
2153354
795674690
413850115
22398435
274863885
224276157
385875140
417435947
706976214
806200200
78803901
773685640
15420780
10068639
781571300
112319305
6983152
131383369
371207970
390797705
726689960
603377552
381606940
48049009
468634172
735758959
469443252
498585420
892796014
32375262
875346337
7602144
55737250
27930048
256738890
757029680
30448258
101218000
55468000
616232942
15982312
256148677
849773043
571030509
199590725
918867894
701201550
198734928
785517627
253736
781664750
9479558
6503952
972275040
644715968
22791076
24884658
191551897
60173016
10588480
291379320
169117494
333998028
18604656
312005276
28315256
2837004
144385956
59225448
406675490
119286007
542430907
965133728
227257173
42699556
679208760
594271972
17531640
843776910
318313212
33151547
708399990
763896672
137375668
695197962
233124352
3461894
563876050
6159078
258754707
635060920
17990264
162239925
480121164
355575866
558984
384527184
145781179
90461382
639828686
656313497
53298
227945172
441565047
324178608
520828500
240170250
367518558
196413470
313964820
34222230
588446760
29904712
58506496
982150620
152877600
137660460
663293743
297226500
40095996
1003140
478626000
753503112
572846068
450566348
895723488
714060204
51387532
31247100
24373280
168567069
11094251
9710919
68517552
826314202
432593760
222692154
504662980
537740874
424479677
470838126
11598939
245233780
46477088
712107010
953411877
183139
6714966
67131246
8224145
428216888
479267301
46964475
97301268
7010080
551980800
134523210
184601848
53185168
220753170
722402548
393801200
38997112
932390872
192803415
43208312
242552125
641900860
947838430
192145648
991876000
11746892
5997920
212875392
261030588
306971136
218629548
437199870
70250805
93489184
35632239
803856133
113023704
346760424
404436464
302465856
818942539
312660168
266840035
914980968
976382944
23923935
872700192
670252023
115990371
104078910
890560160
484798800
788954106
522842288
840533216
353093640
288163476
233441792
448205344
248333148
990234774
740519224
109932550
482254228
29334564
90471271
182628762
810891291
608653752
148032800
442890674
649048500
549000626
118510530
617161320
318873409
71087380
802401551
445909235
521785037
906995970
295455424
136729809
277511275
495323584
565346264
188353404
140062180
172087520
73263456
360104238
3291120
161113932
387780234
236405562
41237999
129598125
114086252
17077679
83346261
6203547
88690260
154688284
7299360
54757924
384129144
51057188
678080484
67563951
156301865
460627038
307247040
419565390
650079360
990626382
184149210
280779400
75668422
683685063
219085256
469564256
704737026
54577367
206771092
178627017
401195646
135712115
517349712
80384548
81036976
61923975
84160167
884330760
652857300
101853756
4375324
361798740
112000768
37401435
118745736
145323288
207374845
95267600
179433450
166198608
460004202
338137848
788580
20046150
67444377
194497992
518065324
141661650
799354752
1663552
37045372
514762965
165860
574599748
700194921
2087449
214053905
740244788
19037378
808201020
274041240
26359740
152777232
231019830
170835094
120393861
24830064
358728280
591915690
399678608
5550619
718617291
85898520
60838212
605330267
44128035
253314236
389525703
100102971
880535104
609860720
119570335
464384635
20051100
284880945
127533105
405381483
4193492
507760988
36296738
866629060
121758549
74772
2913630
497052699
109087212
5005286
63450375
50029640
400396745
102244184
197294112
4797360
560985425
621805865
327408642
53627754
5329401
378090430
510380280
193805934
274285047
245681502
12816459
608088
150366894
122961565
22047453
72153735
96472892
