330672732
900926730
7484749
233124775
666736284
10701840
234600488
874648644
424700640
1796652
34167960
324572704
61126517
37114068
205900560
976120280
775187980
735277122
16349312
520673424
101516160
917118362
4250661
530527386
1645420
45616176
476658307
50138660
944238025
792785760
50806032
604424379
881601295
203315736
732388668
651004240
686918592
28402416
162622120
125816326
362896820
992949305
748655350
300190671
189749043
316437324
22624785
400463175
711876060
19362420
954829937
465577860
837718265
286439283
34399557
5126966
346155
13817034
594363044
192790044
249939131
325595535
155500533
512486896
618544575
73643437
31063194
416506188
154168740
487094862
541853640
592796043
781771430
658537168
355295512
640349484
570816701
58476460
75336250
2759464
856524572
2413972
10149300
427825440
110620602
37134894
26858672
514967716
24461920
198600588
851746908
364582414
243151200
170383070
53442
55899472
553086
118797030
260547361
2077460
771264317
79749756
179992656
288797340
107910400
4515184
41513142
719823936
447578154
26295308
750096
334515262
408159020
928379375
148314537
52798240
21829024
455770492
673745878
955836612
809769081
56440800
20618069
146773998
860981166
952022990
48794286
105346008
69361236
11880696
6446303
1289824
801301728
37664280
796492899
299572224
749680791
31331745
309625836
174506377
97567528
393621600
313305011
345665448
14016
355020
624284160
3941875
25367315
375311904
751996270
654694128
530633539
17716048
714011820
67569768
122601723
3309166
583871691
69811
123850512
352996440
159416800
9515394
264201355
65021040
563586984
694930500
558260112
33700968
183428028
706813
494591069
125907670
348297894
143165373
768654744
92571648
787513832
210582900
438554820
964950371
164066715
295644160
96244436
133665665
15621444
83582520
306131785
30257550
396532644
417948930
220557760
579994200
138556986
80378835
407468511
295884288
295490
19323095
552815724
892879840
5747632
131091304
33067169
42582345
549015368
38276613
479077178
72624082
186186858
202961
160475586
681235464
920705184
804759660
477134791
386635707
684137664
951486580
207779804
414327490
504492486
532437312
236928348
126393362
227637872
284623050
464738662
225718743
728930136
362535316
820137940
910635297
566724550
568468729
12803808
827444079
93600675
268194895
84731010
294459904
