242
551
935
71
475
802
86
478
914
630
36
170
544
241
178
444
986
862
838
112
696
320
947
57
703
35
207
673
220
965
870
222
757
919
443
836
790
816
152
404
346
572
995
850
513
431
532
135
609
830
121
971
660
901
507
171
62
15
99
748
436
491
545
397
692
765
271
159
629
396
678
708
747
865
796
572
786
731
235
275
47
908
44
84
630
333
178
151
692
140
438
906
574
480
418
6
232
18
335
499
38
859
284
421
507
325
58
193
832
643
148
24
557
620
955
381
229
133
653
806
972
879
234
127
378
909
970
218
324
258
92
71
34
876
180
873
512
851
159
524
419
316
600
529
564
4
15
768
53
145
586
853
792
703
118
831
252
339
49
741
7
342
570
400
81
505
245
729
825
723
168
423
23
679
346
567
377
858
312
868
450
638
979
405
512
316
361
108
285
521
155
604
630
464
738
366
285
619
512
13
121
716
928
68
356
167
195
712
181
674
269
429
11
402
813
948
879
673
597
816
970
446
626
683
704
478
347
473
505
659
471
836
572
887
943
730
731
96
891
315
505
287
512
963558
812870
808555
971208
634435
679088
787951
280809
269978
265392
738642
785900
293272
929765
903782
139566
657575
379749
23668
921239
167591
3504
824056
144643
772089
911248
585102
959305
361657
364246
614282
687390
208506
980914
596641
577899
467962
145976
74375
241200
899290
30727
708967
67534
458952
268134
522139
985649
208623
120825
405103
575117
177671
18451
826634
621146
129138
273950
754662
798447
880941
509041
49907
195366
453426
295230
880771
907274
506565
981467
22730
463740
965679
268842
619292
490796
399193
943309
105419
972125
433636
434002
197055
895868
835913
983347
940118
647631
30731
814694
186858
362136
831342
215094
220368
962155
728411
282031
200988
859220
31254
592259
159695
90793
227903
564969
201167
780871
398542
23077
200601
612882
587585
928669
776335
8907
82693
594807
248836
368234
912363
133373
230560
84524
765330
754813
195210
662172
705218
744173
162347
793569
160020
389315
440253
523171
663411
389277
388291
756303
897863
633803
915540
924620
956946
590889
997939
656036
718429
658269
378571
177872
585167
841812
794603
77848
771089
407615
74573
391689
481264
37936
427536
495666
978485
857682
308758
710797
490789
370265
54670
47012
661865
597423
748094
475340
656511
442179
577430
881590
228856
772144
914728
777659
124440
117474
209246
600566
317238
837928
697964
740588
827308
773096
354618
968446
296704
658321
465874
531079
983371
640464
705421
58712
198007
402530
416483
600132
865173
479233
223827
363895
871926
332194
174728
363631
240946
150136
164128
211473
253637
9973
218371
569620
708259
54863
271747
947174
989980
877419
674128
332032
842340
563610
876063
174947
696078
838404
297145
635161
325142
304571
