625
596
223
836
726
429
641
406
333
571
926
968
85
635
514
857
612
263
308
775
73
46
52
826
987
98
506
777
615
959
960
457
210
103
311
461
955
565
163
712
215
492
65
884
774
613
810
987
569
867
256
921
897
857
959
28
399
974
788
321
839
579
598
316
198
517
745
105
171
670
101
120
949
956
626
619
80
414
904
395
387
329
792
900
915
989
896
662
418
453
465
202
413
241
111
991
756
628
721
397
198
495
549
449
939
201
712
257
769
806
757
186
864
802
714
571
265
699
147
713
519
204
757
416
111
428
671
805
106
627
940
56
65
58
84
106
711
763
175
966
961
613
520
183
255
945
95
108
210
118
930
853
115
649
916
913
532
995
623
220
54
693
609
923
58
630
371
792
308
39
839
977
774
964
28
620
227
91
114
236
250
5
585
135
494
307
155
958
108
542
903
444
569
78
386
760
744
26
568
479
544
910
130
2
137
815
54
150
587
155
94
579
141
785
519
498
733
993
363
770
345
19
171
644
450
914
450
254
109
592
454
908
899
477
789
712
18
357
71
628
358
101
371
927
649
924
553
879
29
477
675
305
298
183
481
278
855
342
209
563
573
92
204
917
45
453
636
477
531
257
202
804
756
187
369
463
785
943
340
654
524
295
701
187
152
417
599
706
641
145
290
776
533
130
926
519
364
533
779
865
381
228
368
441
828
877
410
691
337
46
754
327
114
51
969
396
579
142
428
438
971
452
2
80
240
65
318
642
297
879
998
698
521
577
703
340
596
347
989
908
72
509
174
407
622
537
16
756
480
342
255
711
364
944
586
427
687
338
182
698
928
210
306
275
809
714
766
980
941
161
115
58
511
480
217
847
799
372
469
365
606
465
748
615
268
802
935
827
672
81
826
494
321
770
426
381
125
482
227
607
716
76
329
848
683
354
655
30
49
714
749
837
623
135
351
749
86
606
296
20
98
553
699
257
717
356
276
425
808
947
909
301
501
795
195
451
108
372
411
577
995
7
156
349
145
489
836
134
233
712
160
946
679
899
294
721
760
926
737
77
110
506
782
64
734
587
859
141
593
897
903
642
576
802
83
120
771
424
617
611
689
704
843
245
864
648
343
98
185
502
495
942
436
433
4
213
448
153
464
743
958
219
121
29
342
160
93
71
153
991
968
205
697
938
119
514
790
478
795
454
88
102
206
132
194
257
364
135
205
160
64
747
362
322
587
852
939
983
470
865
111
309
505
936
801
664
164
169
13
592
497
584
986
614
879
127
2
250
511
436
762
701
758
416
556
340
293
272
222
196
312
745
691
971
220
250
311
799
644
66
25
663
30
496
308
38
957
306
967
248
370
383
669
179
411
368
224
377
851
631
856
172
361
475
725
83
207
693
965
612
932
881
652
253
791
567
936
586
258
994
445
772
859
574
394
681
597354
466391
605405
580864
35510
278599
6031
316693
356137
393327
616880
375891
825865
547696
605763
620623
33720
921671
33660
161386
214322
102696
32970
106159
701370
49273
154620
968337
994564
707234
125470
432664
128169
523157
305645
855751
654079
292369
833216
74845
654106
709468
118199
312868
922726
570546
580371
565621
527173
749410
318502
248313
882865
559779
745967
544600
47046
949909
770121
82766
645801
394848
298280
41536
828434
816965
367493
925149
274668
969758
709126
825941
126734
560231
834923
901833
134065
331241
325288
645350
794900
175248
872784
655977
544176
940924
553090
633251
901133
804876
529374
820849
702863
114043
544626
806176
638135
580204
123337
441357
634633
135922
546180
219671
329893
157073
563752
961939
128257
707278
215182
855122
258706
805741
784977
428203
988719
822912
968809
284684
812632
538463
693593
210735
889269
552220
64931
944065
651144
101972
365047
304722
846415
123214
415165
764798
696995
710852
351858
418930
988448
267188
408775
417000
888104
405167
346443
617885
679552
326359
841033
948433
434577
15888
666098
959510
244725
785582
601676
989962
369793
448763
959222
700748
186783
344106
363559
801447
194185
1922
280585
304580
198454
825304
907849
762403
472466
717640
180364
816247
516997
679143
829212
353789
611363
940653
886268
78363
887502
397369
32753
749841
893930
967085
297213
48621
75291
198117
306699
338804
319834
533685
293766
82058
252522
110616
880437
433695
242044
64342
356692
78608
57538
545716
480011
627993
536474
842474
697482
214369
212116
713332
879861
477914
25790
538872
320402
872958
934953
240038
867993
347429
656675
523310
562797
344605
799357
101602
338532
851081
499065
815804
447464
531275
808405
733200
184126
887388
456528
545808
454573
872195
290778
564360
500841
512939
675465
522726
219523
649082
244578
743942
953107
689865
704032
966820
595350
831872
433448
323390
506737
555794
478881
957091
338750
680615
116680
609597
492004
983695
394198
713964
42111
682621
288077
483229
728556
836957
44270
631776
896795
932345
305741
362124
957255
99157
79111
589191
512742
71096
276277
882070
458537
361479
800362
618410
682238
862261
560553
722398
654016
35644
533696
108999
982617
342
883968
886640
77347
868844
196648
248184
8771
270739
530061
485913
519321
947301
273599
80741
671557
884066
778524
250725
505679
244009
703276
697012
651781
168189
231710
897886
600149
533993
975332
357356
283954
63739
161407
417760
4206
497337
735203
951738
495124
723817
395752
129859
259979
800138
158665
780205
93507
976677
836985
420432
688007
229970
798600
644490
257164
172535
907065
389892
179406
309972
473715
749422
541247
27397
882814
596632
76275
153401
956420
469279
306852
557655
506123
378912
350529
262311
862445
956250
987391
125007
364354
105827
155808
518156
630068
881336
320504
706399
284746
415809
419783
666284
742186
782115
480704
9624
444974
996253
966091
261571
584458
337082
30015
189940
710162
618275
856042
511561
450423
682405
48773
348848
263921
669007
225739
794372
651797
791971
359520
218183
618357
191638
582921
128622
259941
950557
811908
852937
569703
515731
266346
661811
141321
697396
228099
489133
430497
462084
233431
281776
20361
823968
762015
883428
707956
745429
105840
785151
726437
799274
724354
537606
773481
874404
227803
349675
415034
127569
646568
435406
685350
548540
773084
564022
883321
188390
751885
529672
372514
820937
839636
531555
622112
4434
305795
440856
387223
502789
591927
989911
737241
888843
88577
855090
134636
184938
755003
815367
597852
912517
966509
792669
818708
436002
869892
453319
75250
289415
38808
495019
675305
865371
378206
347070
857845
529632
816041
836760
833206
922079
601834
29974
370758
711792
154434
64691
160636
233156
741630
496697
696548
102029
757494
327254
31633
231284
888838
588837
157756
584206
332386
883363
447983
247652
26454
689824
317369
513463
116306
748627
658998
920747
634827
378200
26091
466285
92276
822004
865519
109051
588488
976873
113478
923517
654811
716308
157916
140906
123550
599165
944609
760287
67259
276847
928419
310036
483336
456691
264419
79857
841364
511451
747764
290575
830724
946539
861627
419327
797983
581683
492816
305941
901578
34839
579454
65953
503037
135402
491442
905256
849725
87648
221773
178227
612082
319958
1952
637946
450771
589136
393053
617342
453165
995846
928188
384923
754898
945938
334038
