364800872
61250964
699696052
541181454
201320691
422417718
178987536
118778436
333581626
834861228
935176088
7450080
415804985
279924400
733627994
385601616
80702076
104335000
619501675
5496243
1633460
2189772
688228156
969842979
10064208
272462278
621881274
390418605
914029613
918000000
228072705
54587610
11393448
107016966
230887701
903944745
327391510
32293071
510959680
56743015
259369116
4220515
777797124
618116400
387278688
672886440
964173651
330977627
753287748
78008832
823309530
790558392
735173165
912716742
839272
173964798
943160238
637023140
111980208
705904396
342725733
369170516
109674120
47924712
282135172
558631545
11915190
36649062
460964690
10722059
16156320
897695162
905619756
407616144
398939310
6288640
186475122
799107072
171309525
167440968
116396581
646116768
794988900
813286770
976529699
788871552
451641556
190011514
224243607
235347195
49404756
185339119
68623786
13927170
979551968
576376668
409328516
534715230
172856182
47527524
262380195
309648078
218174937
867182463
49045809
515357704
78550765
609025699
665708446
585224588
42426414
745152480
660822336
518676018
332847891
82142580
494387322
25761456
516464402
283467420
50521008
585525117
188516640
14067474
199615348
462871904
664821325
12328436
408666687
872496720
2722776
4286945
3337204
6952344
12088558
507628404
599070213
38182025
926608452
919119620
388182863
285240800
40584459
77667900
889173180
9692755
12765492
54595590
15323362
844299570
729391770
14749555
438376785
814180188
810289326
296672460
990866770
402811864
59562580
2540484
487370268
377959407
827741785
2857834
412069770
154265139
646304472
103821256
1315080
705626687
946526393
618638076
922635724
767116
400117000
63241973
8509137
14542866
67013144
72643750
22170
349743420
21204855
261510756
102549666
28951365
910633606
12601440
305035974
797735484
213432576
330511616
6112314
166171842
592955800
557569968
687804
329650728
247641563
306681088
807523080
19942130
684
21737105
677975680
2390580
26734050
355372735
28665390
9585368
345449928
22755426
632848160
284254224
265775130
546793811
982981623
142777701
610355130
127911510
386859
36271836
429086896
220109850
811727056
221148900
75492102
13443733
358611696
225790998
802731928
793695635
244671903
640595412
514347376
285984
137417511
5047816
410722048
138625834
11008899
154707000
839172312
438272945
829646664
312091080
767177136
870435
244921851
468175275
100617365
97254982
41310237
251431206
88543556
731129310
125682606
54069554
321217398
334894434
9122444
50629536
815459673
1567755
224291172
417201372
244577934
295126614
78575437
49434450
663544416
582211476
43004390
153147546
232791307
632506685
881660679
122902860
444427008
289819160
94548680
497097326
43250108
27269712
189034023
370113115
502525152
420928675
25017575
92751860
620907088
298603123
20076420
835097358
283274352
143488072
298362207
624327213
750813945
159937323
63973380
149101456
211684851
692837280
762895284
182439340
484646670
120428972
1639624
574559310
115057566
14611266
2118336
936547221
172092492
344707650
22919794
199569980
209749878
939039535
222752832
3904
6328880
68324160
4204915
110482422
424882662
96610536
766659405
994260494
493066502
287706620
339963207
499243886
123122160
367660480
129262358
972874355
804731344
5418000
274285848
37441668
179632299
401688222
301016961
153984
578187288
249274080
124846074
76061400
507179052
143724672
887976432
351687314
197309868
479111052
121517760
39980122
493649332
841756320
54929910
101710116
87090575
670832508
523504800
601755812
950362840
873642279
31660328
14791530
2828834
276577217
248714880
57378923
716913505
655858351
155841960
237659653
145039685
374724342
235140735
564742244
392336790
83089648
659247208
860898445
690481321
463589280
6468417
688236416
261638208
112245675
611666440
195336762
160184592
17613250
252161674
62844269
375374870
526405348
5796900
117169073
720566800
476059196
133884924
445802825
989100
1901592
520188984
567363006
702775332
404378086
21297060
132748200
569454963
7617622
374674650
95723440
515800
10372320
312788413
494861244
78626837
528601797
134892672
87593844
194093675
669374672
894544723
805955760
98503454
267381696
648916365
45465420
221893804
13307112
155406720
183907704
339931472
989591180
42217
29388840
131185959
24387405
255898590
699719460
20878272
65653808
510011296
31069600
893085490
472956092
793649786
94198188
535116106
594407400
834449158
551738099
5955719
13590500
272028636
629413032
4117888
548858776
353276558
740137593
22649676
362538259
791216790
797676789
427634916
339170112
659975424
6810814
16248240
612867900
193567872
393729295
380110432
480565098
500439808
710205582
70578865
747680544
435168936
126838999
10371046
42143555
268064486
262187640
878268990
206539740
204577778
16824
55872243
216534528
27595692
233409168
556811630
910012822
58329774
16446562
917357
124609068
30662080
9448986
5313995
28171278
979820529
931156952
51398625
490710304
865516988
15953735
279937764
641979280
246519418
649487175
225500438
8120288
11123202
52019532
20409840
44951740
78589315
144053728
21318660
50904165
30390400
4079296
563908806
142285186
112870338
353183812
726702324
868714911
958751356
240381970
748673935
13875777
104690436
270919370
863065944
657570537
453260344
32546456
35614215
114023
360881424
264182835
348854736
963003522
389664662
767330082
17947767
3844
73092250
278073936
208370504
598152474
497337068
590121192
187520736
316754868
123610060
93747694
85100096
60738978
45752476
108090216
560154325
484216868
938782220
58781360
72694500
107172155
654147692
430840508
4439094
652275
452434515
982590
263512400
104267856
1279080
907650381
101359746
927846170
71774920
153611050
164001749
458499150
39294617
184121013
150429200
61886048
158086279
724269931
412740886
732522856
36871468
140751012
242991475
539357950
6701503
53232948
487084059
923751075
384331716
850465844
770349924
442801236
74322798
644955297
328975668
862684056
351110690
79128342
984022228
215036905
616042876
740682199
337792112
170778512
474653595
