400
235
767
984
9
25
618
798
614
385
964
384
306
246
145
127
558
141
237
412
387
722
248
778
160
443
425
208
457
331
319
62
658
678
248
739
692
491
892
598
264
863
186
595
200
726
36
247
416
91
618
145
814
48
891
671
497
422
427
570
977
139
941
90
414
790
56
761
46
344
87
171
365
547
658
531
988
347
302
74
126
254
689
823
576
520
590
743
498
285
376
805
797
321
562
689
385
837
366
263
910
224
248
420
936
159
65
374
25
559
722
930
107
282
189
205
570
121
131
741
840
828
469
204
599
424
886
977
300
177
767
674
95
320
123
494
44
81
662
529
399
259
891
183
641
916
891
106
514
400
58
995
21
570
50
607
635
702
231
369
638
769
866
425
171
297
968
117
722
980
214
53
25
18
241
258
794
223
352
98
642
389
814
772
737
693
890
875
467
909
722
539
221
147
249
692
950
524
594
789
633
946
741
389
445
847
707
720
722
455
160
282
824
720
746
942
942
838
716
318
133
120
345
929
302
600
335
777
495
841
540
225
845
14
998
250
76
656
354
957
310
225
995
179
348
582
474
616
84
112
697
295
922
966
425
616
170
287
10
86
713
169
326
475
687
150
88
696
247
174
705
500
158
357
441
349
586
151
512
363
515
600
784
930
535
335
531
61
896
682
624
847
248
601
840
414
241
492
137
516
924
830
453
634
379
917
940
212
716
734
920
801
500
429
883
164
79
613
713
899
261
757
361
964
765
678
867
656
599
329
508
676
19
269
415
124
275
1
840
466
765
738
198
596
83
517
387
955
635
16
819
315
486
448
661
947
494
366
328
449
754
394
851
265
835
337
921
476
744
739
419
696
556
383
297
742
55
960
248
962
749
7
495
508
583
239
771
80
853
55
205
5
843
564
376
996
807
139
174
385
418
944103
507164
460293
21010
314792
299244
152243
905337
809770
441610
152676
463940
698359
436890
635500
415645
232577
189118
264612
269139
8127
70100
808699
148394
316701
953173
384846
550061
653134
422020
126202
885003
527269
489547
455880
156695
425343
352989
989183
648966
645172
116549
168879
483543
43933
689883
448364
535353
573135
28901
432814
509058
770168
297282
387509
602021
392670
850240
481634
304084
507667
475771
637585
638098
911045
976893
29195
248696
818760
551694
558831
359439
540152
504411
361600
308813
856293
352341
605799
7699
608919
103568
14943
103422
977125
418163
961745
115454
670314
472560
752641
480921
957036
568835
821870
661461
890265
906603
267251
176840
352101
837078
886231
226581
990777
780993
840616
653804
413160
363881
784591
482838
197519
81044
781500
537191
456875
654040
439124
803203
639486
967523
955396
779024
19825
533992
622251
940136
482067
843221
607833
211141
426304
915948
896221
688356
300181
448004
391445
455082
35356
174291
373427
208508
152893
140841
37199
644938
93024
256675
821802
700869
771723
77571
330279
433302
45074
160433
607498
193086
807420
54464
972972
582200
569948
450264
463414
911489
170722
915134
557033
518701
674180
853901
848355
150647
311141
444849
155228
777700
943114
386239
435334
47824
198134
526711
7079
924204
820208
512891
183786
762286
400168
619876
496715
978209
931155
826509
983086
324098
396339
621574
118209
845427
388415
439641
813713
775838
21932
976298
540942
72474
84893
307333
394812
431256
745989
67502
624394
653659
610682
98511
719189
536256
842887
262744
886381
894807
717305
720455
871353
715219
849262
811325
423579
110330
860760
253214
989176
353985
681497
581930
660816
795503
190171
649744
676024
758808
819675
739759
796620
914545
976390
534976
62729
836006
483463
402173
802198
381084
538017
40161
713718
28301
794035
95755
448049
281598
625728
416351
420287
857251
764425
95307
291924
113421
423687
448568
384699
161804
278048
320350
462363
514450
844277
399257
124457
414110
238157
108616
786642
17770
864990
71379
894052
846296
595165
538606
339691
416781
282676
835201
743485
986411
532194
991126
376258
41946
621618
330944
183040
80177
100711
547326
538316
820096
429241
875630
991338
752807
49107
573962
535819
923096
310175
478110
191349
201350
287004
429442
699122
874897
611618
352817
365772
560583
433489
689328
787467
217668
606668
433417
386234
826573
82945
854205
13577
367979
438808
186220
860176
291725
269906
975053
565417
893576
936864
223804
152703
428572
673952
586529
606002
310467
579002
979840
207400
495159
151630
751746
867471
362026
158041
240297
763105
265628
351288
410104
674213
75569
639440
149071
414610
832898
87274
1218
655600
243994
219121
149094
382991
759968
426472
517780
930358
515730
696854
376542
466256
796420
