60318625
610150801
970628424
73143
722525
383083368
654436608
373209462
163077915
941151272
161390208
108319410
66208194
22138020
17886807
301404816
21466263
62270328
178319368
164607741
534105998
69836304
629167822
27020640
201601326
189060825
45577168
212020580
126138804
116078039
4346200
424369204
443439120
71176992
563329354
466532560
237073458
797069792
348155600
81963288
742835880
36738534
344506190
41480000
546417366
1272816
68677856
181098944
8964501
377979924
22141935
672830422
2013408
789765471
438252914
250692267
185528502
191451428
317508810
957303680
20939933
884667976
8617950
179387028
642833270
3049984
598634562
1847406
132864496
8093088
31299840
146793145
294458852
424523176
284272443
977305888
134465623
106550734
5363076
15901452
76245974
461846346
687370423
322895808
276740880
338149650
576447634
252567672
94129515
156282520
661550610
653280975
118121259
307597212
464352928
162477700
705775977
151216560
81576025
823856670
53826528
72397152
184432080
871561080
25508847
4639635
155064140
707525
302386578
542760612
859509720
11621912
91395636
37447326
44621940
318533670
14102429
19439614
570694488
712618200
693100584
223136599
42535632
356503835
187242640
775808180
955710193
105702300
33660267
610854140
440566166
9567545
117047040
14539707
238870242
1636756
6564564
430130528
283002304
171347358
79599247
793226115
35334738
408691985
830448348
789631821
10978208
266138920
172502400
3638282
984237085
460572
314465580
2196650
368247476
397337280
484297866
58492434
152806590
405449000
612600780
749081340
190401700
31427406
104573997
945857000
13270257
536796170
963424280
48488334
2388922
729875
356850
64016348
78453672
650095440
53109011
138219840
10135356
409658916
166714508
672778326
620072716
559241496
468484632
787652670
762433875
220685520
814664889
520168510
289545949
51399517
22475271
74023218
466555396
909184200
279811808
340933428
640135425
393484194
901701658
566438925
165897608
202866600
723511635
493739813
517816080
538604058
210853370
25888640
90338700
688868944
516459600
581151904
888413388
889345026
707504126
511022088
115124268
19826443
13854480
133252455
857556184
106602678
363479400
128874165
627365340
245103705
714229342
290529180
54898650
721546345
209202
989355324
74811000
5743244
419472640
139763448
925919511
111426090
55956600
985823115
34251471
135168420
329072694
226624140
376180112
7131012
12356960
480461616
100208845
843753548
943678638
190420825
375094104
30062800
94980928
135770
7505564
499719597
29455179
121737202
228437475
454423707
23284200
8387016
479095776
66666782
32906532
491282070
254529000
24970478
141493023
198566424
136614305
333989528
23660945
264053760
145260984
267131015
361212600
634859680
865232940
286896960
128301985
284519889
4117622
801070592
450676512
387862176
725280171
70103648
364207202
710888640
179434638
64407491
237863796
20425878
271782876
846335952
697711280
209450439
394507134
157959999
835428265
880652160
47446448
512096804
552560338
838569880
656986608
253833500
192435672
772534051
27998408
6128109
372396274
498473986
804431493
80600193
593935387
144131777
941239960
602412255
444496800
752097357
419502816
351330871
123882318
261340600
441971504
399190
84679048
179897935
15432668
87092775
1218
710158680
217275296
607436775
560856384
39867300
346830280
6884435
272598073
164979648
918466475
396490190
284320
682143462
113904000
234284562
204680000
428966526
904760012
241836218
150098064
123412624
206671557
589251000
169120954
729520601
82452365
703810645
129693102
842295945
229257784
578608800
563934595
183860552
474321912
299464936
160156429
104332536
572618466
2630320
934053120
72347800
938000986
584963757
53893
245873925
260548628
331630805
63242268
618494658
6414160
733730128
2700885
43283905
35395
716752320
310234404
156547976
987161496
663249090
21076570
32402280
163119495
182620020
