869045012
411441525
500044204
15191640
84996735
502779525
33466492
2456823
18146048
10090
462664280
139777382
153947836
88227715
977306220
45325962
430
513248076
875671075
524452704
257510502
703150515
39989608
657720252
628611548
26861580
1528720
383915984
962658024
30793560
13046385
109417520
980876935
348890382
35135451
492663598
10614018
209974380
16289632
20979364
55891460
140471424
182595
209208237
487187190
89986072
617398430
1806473
285168133
161422740
87403365
564843888
56632572
350193584
993349320
927997560
132846280
166353666
149175576
325538496
65861972
648603450
63375260
631762109
448611295
361093152
59825358
670908885
23121483
918967392
340359466
645743096
3735232
700891923
521261480
92080114
22651608
55032503
20384211
45736029
577788435
478813629
914294349
79106568
709236
696484976
200025315
582090240
602932757
66577464
139277964
268375454
519393044
599173656
559297527
44385912
121842688
843660360
830392764
226534634
28624430
750507602
121122400
160042636
33694781
266447778
169262154
815630143
167320576
762519294
180821027
7372293
728814225
168239650
146750902
711824768
440459120
373694202
953273440
474303808
237156955
75160766
445266141
20094318
997359642
385161
8633980
272048308
544455480
662223984
416254080
825555599
9562656
17966592
591925998
1654422
81715967
325580
568405233
761007103
300941110
425160873
126018148
387477000
245225286
7889760
26217204
221617355
925864030
225782690
640598322
796605810
114838416
36336035
41725782
554769200
301856318
115212549
943237632
46629
215894560
529705484
992651718
105112734
446563764
345534552
573931316
482291208
348450393
823703808
156855590
712610864
112504894
162628540
260281410
287875794
929947392
67143884
24991384
988665080
460827104
442500180
784612125
9814406
3768128
97904044
41720463
15437664
166522044
515659608
214420536
336222710
614602964
329170198
3490542
730418832
322924938
16555364
542031131
96310974
892117450
197596656
727572432
108557022
980795673
908468857
734158953
128092614
248754270
210975972
429633778
65497824
4004286
561621095
425942
48704688
45037162
43601498
30388126
573019867
684589858
145337400
2860440
179435022
136844316
357601206
348077865
81651726
146481112
172800830
768817504
51009162
897387732
63453312
299464700
813487220
14878738
161409906
856906848
6027680
396161076
69001875
147602
853991334
946028992
110471460
124437348
395452160
630007778
510947910
421207165
69410
313165512
51015600
364716504
577779255
61360250
314805804
57367035
287339853
2795202
2533908
362618770
392792661
804595950
266095464
930734712
23847301
457491740
2009160
336988200
31018429
916499100
25011904
478670815
186494140
17514443
881455105
692842164
142716552
22045945
241512540
321017840
58891034
18249088
6876818
184956226
53234352
596833722
135162478
164515604
525303248
29837775
319434270
911543100
229365675
704619
205558658
425654595
713660061
835306245
774345394
29449365
384710408
772331535
729720420
7800405
151447274
75441920
576829890
754448346
528718112
21518354
693913390
878957592
243473104
275060492
414278774
157828270
455802732
92808900
26625316
12743060
370301274
6786604
567415302
25550
341038451
369391113
471714817
188601280
846858160
527396256
671873208
202680768
470332800
315384678
4177852
59071957
280778505
738201284
783918
690475968
349940032
447647500
453056223
264382272
308575116
26935682
2105098
995808392
7677140
12878997
175302582
434515725
134288206
717451719
615793986
377043125
10378760
36181375
196013592
15965248
760280947
61798555
954294237
208724229
122745606
371065740
240181384
116316616
165046614
153567672
71810600
734455308
54405856
353285229
208857425
14423092
19930760
954801414
938230800
222110262
53468065
838679524
893099750
16144180
56140090
218413941
935817675
109007085
93272368
113936515
448387985
206364031
494582400
17161637
610587130
630118561
42601200
777581640
79732520
935923950
4803860
669001920
291103575
547331994
426982798
747075090
6349424
20819778
722839356
46579312
285965567
87329236
342358434
6247530
38699390
410424240
342524754
376808750
203346608
194264191
122960838
58625826
128484939
463730880
234815018
23672748
903589830
70053984
190476450
624790660
158710116
144584708
206499928
847844
39235968
3963762
444242524
435823284
195514800
86121020
551390581
34401420
60595590
132462144
296579112
86532156
608381604
27995646
716059550
40552
926913687
581474304
672157620
663022032
99351521
474113024
10039986
212475384
469704900
940498650
888651408
104649280
917846832
636116
15769953
70028640
21701376
293052316
851817700
862649934
35536038
2237664
6970
31369590
3208359
402286164
443171102
23120013
127074240
367146390
883168640
714409728
231118916
380682751
779766380
464324568
478691318
74050858
3389520
802133664
102053780
612642984
157160295
172223170
47237135
942479280
34021440
827008222
53148396
867983391
223183384
430178235
543366302
760516860
7185816
262809103
218821570
2008125
860721603
549495760
60620
16439424
102709480
484919143
390549786
314754298
139128220
70792100
718301604
699825000
320224223
580497047
3091566
3864705
25070272
52642435
406041350
43379500
64372476
679026516
94839360
1784973
617582500
660107620
28789386
316918440
51808064
160697887
566179982
466191238
414961778
159023709
650390
696152248
595073812
957839571
655275068
59036824
49557592
19215198
80734672
634884052
32718627
545503155
296214792
90403830
191735100
858324467
14806286
910710008
813289750
176964525
680680544
1169260
126514472
171006264
257551661
125675542
70443890
27755756
204963576
764357304
51504992
333676628
189070336
34539480
398380260
642723045
4601450
602090310
476290950
887651510
116368330
11832588
497875014
251975460
308902104
217010196
5023787
628473840
200612440
329815326
27069666
20242848
196680120
269393170
192469050
58278822
667644820
44954968
107803150
346126970
409846758
146514738
283333602
3486943
254873094
202357360
695288635
517883170
120941100
502799825
688914789
945266736
105904512
37216927
202922976
152491170
968270734
611917506
547284250
621699312
42171483
265015344
275945826
64404099
106891812
69918024
97243900
377924338
752033728
714188139
89362696
619077970
437166657
265924068
294767550
256015760
245198097
577072395
5426883
388192776
364051260
91244036
229387455
100350004
330226800
877844785
394636176
691574926
3567356
40775848
76137424
258640551
827211130
217698408
797496986
783539044
664780420
122339916
171025998
54084261
788844225
64815750
83253247
792676800
155654716
506270400
346215625
251288388
94851064
614969384
682354800
1352364
119501248
244273152
358452317
191808450
134016662
393528150
251906
1000414415
215422475
756992250
60154805
358959162
363264551
40271400
307809897
138925760
277103814
101705625
2352800
324740
64252956
105535491
279106992
13016526
264625680
244147712
43266178
25357704
1245716
18401979
108040075
649373760
167482
534480264
194965680
411520125
106337
5232375
592106412
5898640
137916820
644432520
622984765
83150214
905116484
551235538
365734190
454238488
650716393
339146736
11390124
233163738
317895968
123340326
286156540
267863911
623920505
585498624
101189970
139056404
33442106
376839375
13425324
540024
138448923
19374255
810380772
303071625
616233459
762907370
48454518
439583280
492235670
139268796
19223774
23680444
787411072
242916060
11174800
754498980
516076596
113584765
324211272
589992330
34924344
359650535
310965105
37550180
197131935
729831960
379109907
600788832
982790272
408507005
109862312
8135218
477009606
272136088
634571272
587928953
386468648
198098532
9691852
454477920
16398132
127187640
496825920
922840716
207480312
235314
246664488
5528562
261316125
172825397
933517606
488641010
741738526
353818316
483351880
526596630
273700700
233330903
362305840
326786258
199828404
64685750
754082559
16254788
901641378
468266562
20590080
177735836
826835476
10034046
140893445
11559745
278279408
2116460
497555611
183105
248207340
76285936
484286712
152096298
780052070
210631200
532077336
964574055
293246
228063279
142235940
682768800
36850506
475224990
47984776
84046176
289433024
329826384
9209395
14729822
4174301
981709375
626525550
24661950
576912510
94120704
48846356
131730246
427585356
599424304
2560064
554878992
120344274
184137642
5672753
674534092
912524340
239208177
613653019
895272224
812381570
991367947
638342232
114567936
419508600
556032
748547852
235678135
490346979
22814253
137631060
39566158
389975586
533701674
213155085
2352950
37676892
744339441
36605580
538283889
4389070
84051360
775548450
159795848
651733387
707174699
266327166
50368780
37969155
5779120
174836740
871480266
852847852
