890
937
655
722
120
291
725
178
51
128
5
695
383
404
295
990
207
1
729
941
733
521
843
194
813
796
158
40
632
984
168
111
328
991
597
183
718
102
470
124
142
235
384
15
469
714
296
790
43
541
414
293
756
237
598
998
972
370
422
396
576
253
810
247
799
685
609
241
821
147
966
593
808
64
841
731
301
146
233
139
207
765
707
963
278
27
836
459
768
779
254
382
529
731
776
753
204
352
918
914
491
163
871
350
412
179
529
426
911
424
878
439
87
857
425
391
848
680
621
980
704
503
271
683
138
999
21
95
532
744
816
660
913
96
128
771
42
283
20
759
877
554
669
358
635
513
90
156
485
970
490
806
902
336
185
197
752
554
337
976
9
476
737
998
321
684
594
764
711
597
912
409
848
334
415
523
543
972
254
152
997
694
681
893
98
64
311
197
121
422
729
474
590
788
581
61
858
574
124
743
309
950
456
857
326
991
961
859
362
515
471
673
252
66
755
22
214
206
202
166
763
829
390
55
438
378
606
597
283
391
431
883
222
954
247
554
910
118
414
928
80
641
261
14
927
976
330
357
640
797
726
667
11
564
222
612
765
245
566
237
543
54
52
610
639
906
529
972
149
694
45
591
169
965
152
707
443
127
943
834
386
145
510
572
239
128
86
442
228
774
374
418
734
165
570
962
495
27
466
669
849
915
886
165
632
885
858
89
401
272
765
873
736
143
835
942
511
532
658
410
693
303
157
110
618
86
758
7
593
617
701
448
920
736
822
464
700
567
67
239
537
862
27
832
598
685
691
528
558
158
46
998
89
111
434
675
373
851
789
625
101
185
454
124
877
245
981
469
354
619
508
338
419
404
268
859
232
601
469
116
137
981
975
486
229
916
950
124
235
479
975
327
304
335
685
467
720
127
785
797
200
888
280
975
71
820
545
746
671
870
82
141
852
208
541
293
594
81
190
654
594
625
464
451
354
238
363
696
502
148
957
264
450
794
411
388
467
29
192
66
682
676
453
292
749
180
242
369
552
292
783
161
850
8
971
768
822
816
313
704
99
473
700
975
948
320
966
26
123
264
144
548
925
933
183
48
5
170
57
646
682
147
360
615
944
849
497
629
890
696
707
269
60
904
316
786
409
430
209
976
180
914
228
937
488
673
743
877
86
527
479
45
931
748
10
124
316
713
638
566
382
265
852
840
571
767
57
65
152
227
650
202
249
826
308
43
790
815
163
568
224
413
757
697
658
411
26
836
772
981
812
239
217
134
281
802
177
745
552
297
450
929
118
962
910
435
827
38
359
429
521
358
265
161
466
879
224
587
448
180
642
807
70
778
705
947
338
108
721
517
558
477
73
796
460
582
158
139
455
530
450
238
820
206
325
595
654
391
541
61
518
464
835
730
350
725
831
976
322
187
464
403
986
786
746
793
199
528
533
249
324
264
310
626
872
849
296
790
677
529
550
520
513
765
77
636
612
299
495
314
582
941
639
833
62
197
272
521
914
478
902
892
818
353
429
231
897
250
287
900
406
725
595
516
308
788
828
39
347
512
607
450
373
639
17
1001
475
875
241
607
611
195
557
382
534
315
50
20
249
321
536
111
528
512
202
152
38
129
325
810
14
738
452
655
11
75
771
80
380
808
793
287
958
749
613
692
811
592
106
499
568
354
541
529
793
768
315
382
178
625
114
24
381
135
909
555
789
878
213
680
718
382
134
148
896
510
104
873
729
335
574
771
182
607
561
188
455
858
627
777
992
653
329
91
706
532
802
769
634
457
97
692
124
360
720
969
468
17
514
78
525
431
973
715
866
601
712
735
532
499
610
577
459
250
873
124
957
698
140
436
914
99
385
107
536
46
721
15
515
272
713
402
890
471
738
985
19
493
385
828
186
705
211
288
544
582
95
118
67
991
794
150
765
306
214
367
671
776
52
752
349
442
79
823
962
507
787
952
910
997
804
336
665
24
871
503
717
147
380
193
638
738
473
50
188
867
185
741
70
288
887
412
811
847
529
220
189
80
433
939
926
322955
718732
291827
843069
60057
912903
200895
715672
814201
250395
783643
599193
47059
328771
227416
437334
693489
450645
5069
142651
755267
431748
497670
742759
566558
892727
430
630641
16279
117266
420985
905045
799187
172396
566354
772131
999415
145632
919020
289722
380118
238894
11963
426078
883155
124829
895313
409669
213006
471811
280463
363383
250450
346064
386156
824600
665704
117766
48173
793958
923923
205006
839416
150704
594541
39391
596986
364602
610366
431340
117535
833116
537281
723173
304007
306817
588716
590101
461374
937330
443334
605219
79963
178481
968511
954730
426241
215849
328896
564828
637236
507326
384947
147742
716458
73733
618036
834105
747148
937396
729517
989703
262116
954597
973294
87664
58877
468545
184527
823072
868915
400987
108035
252239
436114
14818
950152
707924
332431
333355
636255
932885
344132
131368
997804
603713
206984
246406
487380
994641
476306
677247
777818
233107
864260
757128
678865
791626
944798
479892
647734
522865
359294
946684
416601
656760
624679
791236
291845
556234
238956
703785
244869
693517
855012
168059
920498
990716
307958
585608
790691
284759
602894
457017
811549
195575
214189
346144
841472
581708
962288
928094
503016
920884
126597
143513
321238
264841
24466
599460
594457
18341
615850
656414
400930
854667
546075
612147
358976
682335
71807
880752
567400
690091
581875
557955
832681
456830
264346
327454
874350
945337
45763
453521
940412
102760
812527
644709
565171
398616
511369
69765
363680
935560
765230
393578
540550
381059
654581
770821
990625
352408
305914
26097
800745
817364
433257
921002
372660
904223
463409
157279
995340
422032
483018
891508
298305
211806
359044
130195
865134
364578
467262
649811
90884
553588
572883
453560
553002
664016
433476
535941
476464
543215
944190
191892
802363
655653
949740
26268
341781
593944
566712
187877
796435
348564
173886
407651
378390
783984
334762
518921
247016
248238
594855
455436
786890
583045
498689
307584
878625
940105
772454
100147
258044
176622
49232
949423
388453
678328
972728
84739
265356
364954
236191
164417
622734
959813
132243
817710
438247
6310
418453
279917
921242
978311
733625
403780
152041
13842
157289
339059
824100
611247
362187
29236
873979
500724
284556
528587
394624
170479
48729
602943
57163
478022
991640
353953
147658
180835
228376
856382
653500
671904
833403
155199
353299
164413
501185
264375
554305
420980
607462
773895
197868
888075
361397
462603
870688
496431
301901
199735
819604
229933
229800
101354
109561
265826
299077
956736
220947
670869
683887
850620
32782
267950
948570
508289
789075
346572
159951
332997
51763
629603
442184
675590
340976
957546
296343
75346
142571
850425
840343
786785
794787
336841
375322
206132
492338
875655
830746
116027
465028
446754
107454
731795
12207
29034
432264
430741
940658
77432
377674
643727
307920
494262
987178
203681
751219
1394
473554
223939
576641
843077
217578
83556
22501
598689
544867
467759
166827
169588
972777
454948
191997
218228
99916
878807
211917
757930
864202
184851
735962
171327
46618
817185
514475
423281
188239
840589
773983
715488
431600
520722
70879
107450
517031
288749
596630
54238
677045
861662
734620
52008
587829
639195
815856
60671
529171
982019
636338
234131
3650
573962
206520
893942
170010
234508
183295
101414
397329
570200
259912
502692
566693
530158
979263
685565
25015
364210
601762
806989
344285
627560
155148
720972
194186
887316
552621
5181
305164
275282
858523
200409
126091
942154
127584
595942
471485
476851
23168
994351
614699
933076
204354
267140
930575
348419
227592
926343
713080
317417
965655
47056
143397
608719
923391
779444
160003
534135
879425
288522
447932
709429
99611
384255
829019
781031
536621
389910
635517
773216
19361
329913
314804
34676
649780
59457
686920
86260
831034
132576
683414
311686
976391
527113
726429
927476
352984
446073
528940
227486
333590
435785
364022
679224
131087
751009
191886
9667
809948
591366
620530
406815
561220
389879
133511
657724
30770
38218
481956
830222
952364
344826
477096
590531
710524
673456
249605
246327
903184
825802
842423
989785
732219
411893
568444
344384
435356
57222
801696
378349
6062
668854
400519
716571
904634
218627
866911
322875
822066
904823
258524
501923
258743
762368
394602
519178
789540
327029
260324
532046
638386
884143
756841
790613
403923
125477
698304
445325
781517
862424
164552
667133
362939
265260
779737
858707
277346
511534
365957
62303
969292
445041
196411
89398
523722
797565
776988
58363
164936
135131
394203
631495
77130
10543
351049
747926
294935
869576
560813
675651
436115
707352
872691
393906
771103
319586
115846
72239
460781
628155
68819
690036
754026
457343
954499
290081
646446
231905
56492
242055
652871
506359
737725
779953
472798
581726
237836
389099
666280
441893
352006
231286
809004
651927
848403
736169
369444
674078
218966
704044
146649
228949
56287
259263
258651
467597
778521
374632
626677
789713
104059
70479
298052
868473
617894
659210
781750
62701
325030
360022
748569
755279
128752
939071
486993
292085
211779
331702
137909
87645
959422
851304
449208
353847
362022
365811
690534
150478
44648
534767
477969
386919
754343
569869
780418
812690
924598
575107
856511
78914
141766
383386
503682
603269
583669
628275
441113
277360
287312
433326
959922
680111
654907
145611
198121
383510
455979
345546
686161
247163
214750
369732
559676
748887
16237
398662
376706
834917
395858
188014
966432
867180
630840
876142
790474
233484
924513
374718
226015
96941
867739
15434
229771
41511
387854
832718
604641
304390
306300
964614
62356
233485
908526
754134
677074
850490
372641
833125
731314
341877
128211
147072
436812
576361
347347
175610
2018
492033
140364
145480
191119
584406
718367
556103
876463
12173
57538
517722
692582
915589
452364
44625
673727
189008
124337
555258
803617
427709
183541
724228
199021
767738
65735
829899
256896
228254
497745
503454
893725
585184
609572
358938
998358
42011
447200
951312
671007
463365
494341
625585
592505
617584
878407
456943
743869
610200
346739
651382
863783
562587
785605
256580
340109
391876
560411
645741
67660
841211
733689
672917
859412
556194
46010
934735
848976
764537
630688
313690
143461
947550
767972
439836
592928
737871
183061
780474
160049
333928
