352
228
528
941
847
682
668
53
618
868
869
568
79
538
543
513
358
644
886
126
451
104
863
820
94
237
560
364
551
455
223
748
556
535
467
80
900
166
515
613
371
141
990
984
798
902
178
353
71
672
599
547
869
729
322
847
802
881
637
289
663
602
805
516
534
627
348
502
791
137
447
776
683
211
417
964
260
633
146
95
787
979
157
303
191
1000
344
916
636
747
709
569
851
610
979
437
640
725
30
596
365
500
856
295
134
203
977
597
374
539
776
150
118
238
135
84
780
863
170
327
142
139
490
808
174
583
480
460
63
755
842
230
309
251
981
551
323
537
544
408
669
761
53
740
242
420
701
533
99
168
867
230
487
395
479
905
191
883
809
452
667
506
334
199
554
364
388
300
287
64
49
145
126
702
570
106
953
779
983
711
89
981
119
745
700
261
498
485
919
268
333
100
928
181
850
286
252
989
339
295
597
157
216
18
257
996
125
564
551
365
261
204
155
252
36
598
704
745
924
401
681
546
531
585
710
980
179
156
420
47
79
949
815
557
789
107
790
670
984
461
354
626
50
45
231
29
101
907
294
843
83
223
719
692
979
187
845
602
14
982
472
401
793
845
570
49
318
655
545
485
572
483
899
748
726
480
254
386
724
1
854
230
488
12
403
519
158
40
824
471
529
97
625
254
632
773
585
304
147
370
571
652
363
760
203
138
516
636
937
299
599
557
393
318
425
287
23
343
685
80
566
163
841
598
49
703
764
525
274
73
29
876
277
676
50
757
218
246
952
510
66
611
863
449
943
547
199
10
259
530
463
528
500
800576
682248
21715
716841
162057
443172
996767
746296
995836
165393
761612
466437
521743
28356
472618
985185
202509
184336
876297
854937
994562
400037
358778
611945
815062
559655
634922
816755
146535
109775
657032
521579
67026
636602
237481
410852
436452
956905
574598
986791
871707
214120
469826
107795
538087
566643
69749
74313
855106
38077
618344
172592
90807
536051
775387
631659
295319
373543
30303
98937
123648
146753
116273
752037
444297
968187
832729
853895
228919
920022
326589
853400
789473
788678
53763
715544
212879
568861
56914
923716
392877
649035
692847
458153
689635
909424
171683
299016
883862
123248
336061
265055
244335
818113
222199
853311
696244
56098
695858
956373
565065
435190
975081
50067
791099
888902
862931
792620
508808
238587
673762
263130
867375
383078
860916
852225
736948
215497
525930
113544
618792
970444
755366
233546
617613
836170
213524
52407
336370
89439
592655
147107
811096
409550
697687
167277
771332
197403
470696
280267
733109
635755
346524
698714
195009
304963
516280
87471
391155
188685
497409
825442
733642
777449
798844
289724
283586
40534
608893
947848
239995
619806
435507
226227
385190
248141
355702
263920
802796
214594
332876
656197
520650
787542
360253
582426
552214
416394
868316
737249
794189
837186
684596
825761
883188
50067
298206
435815
991853
89560
40288
259302
188642
798394
946070
849320
218654
80822
524051
446797
567820
766930
606582
633250
512915
56302
96338
97578
124332
531776
422851
919433
244312
812988
569453
771580
830470
379599
964619
230451
336065
141218
399172
437220
974404
481844
361277
565470
432894
550743
807130
391126
695309
491179
479101
813696
604583
455609
331601
283456
54933
530301
95889
874774
371491
580011
762135
685290
607986
324944
535360
282565
142031
511444
859007
717135
976713
234511
377963
180577
827339
240902
802650
332990
124652
867907
756471
348322
361395
387678
582059
828748
698819
12982
945959
364130
587995
544808
627891
653112
432777
665969
445659
726435
463035
590902
121413
610518
526109
784934
277936
359305
464363
59363
222937
440134
436657
576238
101095
868660
265272
926482
128181
865661
683287
761301
87697
557634
887735
287951
617787
787697
405986
564078
890985
928186
65040
828635
524873
964735
656199
886815
101624
665515
834294
393641
910051
456945
721634
75383
576306
117360
636364
180426
334176
919718
303109
789335
74021
66699
654436
489275
772004
883206
34324
303733
755084
537474
59079
556045
970503
444100
