55703136
284109936
871819562
723249065
502598536
478849788
3535047
411568842
753996880
757513383
346774224
6910209
304222860
308326260
269893917
140033490
448381136
783101732
15665832
205479659
11416600
748544625
684121080
9055772
62549040
339685920
145298608
319586061
208459615
53518885
590525804
328541512
301781730
219408742
7155120
798961500
32371494
273105015
407960695
152426092
20692173
984616380
971002344
658957278
801789604
38007272
136850334
5276223
488164320
388771965
315202186
760178606
572216886
116331194
724131639
663525878
778088628
442911833
96234110
463316997
393970472
667051175
276245760
298855770
428420949
134046120
263073602
647127383
19346866
199209573
626332880
503541067
49481821
182320740
921943572
77533560
433788570
24147378
9269910
640378752
944475565
28350589
105541566
42440009
996767000
131778832
833606716
440650692
589633245
540353715
348196705
731014957
400281390
944362001
194157789
445349120
562155575
1502010
377417000
146013505
260871500
738668936
99139175
16703368
46781553
934896185
379545735
155731356
305420577
622969696
25752450
13848480
63083090
17304435
7627788
634130640
747065443
34426530
119070510
20889194
20368365
252977200
669628384
37040946
361346898
234852000
212996100
4222638
598428100
715127440
59639460
110862402
70347017
952063443
320714509
116730585
303439905
309460384
178156056
479763315
607920284
3447120
582781080
64195824
186132240
529511566
297218922
10008405
33163704
752829972
57072430
249073228
171900050
229489379
806341425
41762914
779870898
671850230
206539140
477267848
265585738
124763362
45019173
325749230
143285324
167917476
103957200
95169487
4463936
2788786
23498265
15579648
531042642
352138590
12035664
903299144
631843784
960108879
548417052
8534121
955890324
14448147
586834265
528558800
78043176
259283700
246771880
844958927
81400444
123706503
10162400
853780416
38841514
726840100
93404454
71206380
980942617
128129457
99137995
379048434
28940752
51295896
617832
74459068
991852656
15406000
342904104
320916726
148184890
79111449
47643384
26751760
71430912
1802412
380687996
536174848
587565110
849819432
174638307
499610202
313730508
295259895
367316235
544520300
951035120
38327480
28146456
184856280
2581851
6384938
897715091
678674135
330108835
643083918
12441211
645236450
483494780
969422040
214071343
138458604
427087248
2968150
2419335
60783030
1175486
10887295
824847568
98247744
718425675
7433480
53721146
554766020
520409604
947855073
40297939
721047795
395030594
424242
957529542
223075696
174761815
654575506
721123000
352039410
2758798
114258990
457657670
310351885
241243365
353949024
237239457
797246685
591742052
564427974
231285120
72030844
163220486
558930896
12982
735222264
56197050
250302520
340272
175890156
278210469
29805436
2096280
689004080
221697816
291343047
9596889
421101250
73139554
432664672
620448450
369520515
108133408
24589719
151533500
353074424
454891924
142614351
606779440
46470557
19600278
274396416
438607860
865521892
100574630
391214088
336752731
170127342
114560454
188742500
95535412
875771
130202457
511212760
7015760
344633438
30755655
704073426
380545672
2748802
535194603
611640064
282173850
83559862
5502959
1168352
767636172
90009488
495581684
2953950
601201073
52011966
68372256
900658640
268224300
4885386
401446552
749003741
200611853
875279398
315239382
44364463
217150
76487621
292673420
215960331
287658624
260789500
