576037770
429707808
228502049
62714124
445650296
13617479
732361649
549585
706763904
164366975
29251026
14398234
1806597
304426680
788095764
517705050
504463652
288275570
467358016
786425422
174541824
368653068
828072255
960910024
4546398
69456488
65549544
540970000
619753576
748304604
636576126
151531083
202683780
921591405
49257801
3762513
112289005
333398118
996299703
684314230
5469143
382610340
221364738
107018640
431413246
88263
703516580
2351160
911215206
264432824
166613128
250832790
38871690
924816559
682286143
144509610
14191408
452524016
1329174
814103127
23294304
146138776
838247832
566532740
770939402
156865406
690439932
64953666
67206406
1117760
130867423
6707730
61738992
26756679
733347648
221781726
843521204
543405728
406758271
343382496
458103308
511069368
662333117
294150248
717060000
48079240
36091374
377935606
7516971
189669252
524831895
59049354
349981200
307354212
26085222
83280444
2110926
335253376
802601751
92541267
80269680
51291108
5464989
878496094
157179518
436111891
39821166
117491892
628907994
130503002
814666707
86148300
278239612
254252156
197555740
783436416
1061856
8641728
140514808
2604228
33306660
146364568
631673484
12331384
47421540
688289373
758278899
376663248
510614266
6318936
251051580
427032452
246022
423754484
965365947
322509936
426436
322928956
384299192
724668200
204099380
19133557
461737150
318686940
912189398
948121834
41441784
672357616
8805
12988920
50053275
50091525
73192119
53806584
750448900
3263936
183431304
854286176
526346238
103469105
619345512
724214520
152183109
365881208
168834120
609933720
10386524
75070620
808772255
3174852
42522
79254510
680569887
513401616
218295231
31209150
336338730
874284716
390500660
9687294
255736824
76669040
518493183
561794611
64882734
645805737
324645696
394345028
976860720
3953280
766104880
142908394
259223029
221737014
2680020
224007128
230624888
310115038
916251128
154110600
4953130
92208792
822393407
180757782
61783848
699445530
762137200
117994545
31727168
537616772
24610280
580273321
865214751
63317760
868350564
571533885
736452462
82894551
885095664
126719962
20311822
2877387
930080620
6884516
355031766
16784896
407914842
55349520
129238221
10886905
29327718
493752804
739044712
11564300
21959500
123075656
881245866
555787617
214041600
288822205
473370100
4606972
6178988
26394159
66351138
240774405
295629672
942623564
302440590
54897822
848973468
130544032
315633056
775529216
47319080
537878572
9764279
587795650
360653436
386394594
58725904
46231235
138487606
56975240
6277752
12126
990055872
475854210
98057628
116988150
191011784
15251992
985603584
429612915
686715480
402045116
16478658
190034898
909589068
479619688
861291600
11833836
574426082
458809840
489655216
10900680
111636312
155191949
17829900
157720216
160850156
22430597
470768112
219450440
10188906
523394114
255164
594980100
325977881
125915346
284593600
643345214
156107736
19980687
828944250
870030
36312200
184460770
672992752
345120534
209275539
565506688
634022974
498673882
2038602
470603847
660938142
35933546
547208112
172410217
233592192
906485045
489426096
754503377
769196576
170601064
676082660
270017664
14204288
115278151
676352085
964873434
375948
74337450
109115252
17047479
50896668
869776292
89385354
942651810
780832640
176181638
5115110
892346736
10225852
21447984
1756284
863195100
185653716
938180222
279586080
888277568
106015470
2362836
551540
109738052
38002466
520509096
53563785
640428858
97060138
291220893
711306640
850756944
690414792
19035
57869630
465552700
104504400
74514550
657736760
833751989
773639886
499532306
107670968
81684010
931353260
206109100
669104480
181822825
196575012
616514004
371453160
246490310
616718062
261805955
439227640
5715339
441131922
875480424
438442920
19664120
490591476
412889
119972415
149373576
328304
454116464
291745737
34933053
41096538
435145135
760209944
789228000
196765038
129952248
180262937
216091174
971353350
216689848
174457152
28053668
25189980
181105116
7313556
47056884
15561480
8546067
27159573
187759310
935157312
110875700
548532639
878349766
612747432
224828019
956947216
747978732
87387324
461605100
4059672
384615323
281983630
228297947
896236549
747022500
279693540
375229785
29071248
317055660
93635428
33847450
253227060
23707503
397766340
418201950
501418892
955690200
199329438
163768464
17677440
801699654
627052522
139446528
930281410
538662075
373345548
18371802
317634738
686182112
860428560
981987
1158976
595858483
29781360
545719632
509654178
812747168
24289496
41903902
344963124
404880916
508464250
372974214
45743615
17022711
475527078
329804240
207388776
119560642
81162
277572615
160357404
282389588
246150278
381414600
20771856
351897534
113969100
89150652
354578478
115615266
816945220
530800088
137094834
88823930
3425708
725370976
300783360
892517196
221351
493329184
27355482
593015718
871020755
821321410
555134877
182797146
568375875
293131300
456073440
95067652
70550899
4335120
719345304
584032536
357813800
134482572
970329690
61164180
213855840
23503554
844850728
362478547
43665395
743559632
476586196
215086560
712573552
165117056
449052856
44826915
894698700
313581780
610030100
455826420
412423209
981315720
505457704
703887535
270494868
297615448
342148670
560120292
336797955
697522877
495395314
323658875
114294600
256540570
235242572
87623186
105252514
296919525
137348864
9717376
263259675
124349643
103453695
18407178
140240
890244652
16317625
338847348
423175996
441882804
507730340
943246924
84684712
396637590
451140
934920144
45150362
28224814
650312135
10639014
113400000
576288790
20810880
266616768
136250
176983464
431819668
200365565
122536276
623714581
483168228
15261393
733269888
622210974
882425000
467777610
76966743
99541325
593831700
416240880
194191270
2508534
78094260
884643504
673218523
774909
352684660
984471292
146275192
574382249
2578708
258378120
476787957
536576076
52090630
440006358
399259654
41674655
3418023
99968050
391178547
26440269
100618554
6781286
408916116
17525311
225443670
6907308
968213198
708178368
93211400
249367753
274388660
360578772
257378142
49581374
164389800
37682671
900025449
102805200
242896920
831150920
421680068
676494673
97738185
806664510
957941982
359038980
259925337
129366216
5160480
43402489
281615612
1000339
256627943
124740252
409578705
960903143
364512766
951255620
549827356
496629360
72540467
179427495
966859
2745648
456903020
345445452
557543184
249157536
443205530
864244431
33084033
94862884
518783390
621900552
529409673
32192583
281033811
310242839
991872576
1499610
175092624
179223045
515339552
516566484
369034992
7869576
1174
269153280
25614864
414050359
105965298
8973628
23641407
379522380
55979239
459919152
692462777
241602605
273733285
453365727
68382072
138037992
191419027
659721582
195162528
341539790
25839636
9326012
279660
567452520
376671984
627873770
54051316
879200532
585532650
426151
400221907
520838496
652658016
44415186
232602975
314518276
423913468
644058894
474359690
162338323
3126351
736003008
188652
424160628
31437000
913273921
42747815
730941520
30628040
632871200
487880484
237409000
113699250
148157070
67905548
644965104
109590
228254563
2273737
705799171
91405980
405913289
921578860
51848806
603696682
132204750
9764279
424980243
105038182
75292524
36658062
365807904
756523510
741447060
963853454
39644550
42157206
227919816
1915800
836509140
133923595
320143122
515373040
306415656
142315112
32000538
198862818
86755123
922274625
305320107
220280210
886863210
25394772
794481978
604242860
846070719
7940244
202935096
574990528
919264392
932213650
998991000
127228272
348503636
268612480
2480326
8793106
82602969
171456054
117196656
601226005
655127928
311567136
453780
90013935
11393811
35470235
582072768
704743380
856420946
386990880
120446640
158708
152885826
614029680
767853999
678893520
902373468
412234650
8317920
20145657
