815
770
673
493
254
686
109
863
23
848
415
166
113
39
556
899
730
724
545
697
899
432
618
915
983
62
268
258
752
797
876
807
401
468
965
223
57
349
582
999
835
67
630
486
342
674
9
845
42
957
526
418
510
195
967
833
389
112
686
33
909
152
392
918
764
893
409
838
257
262
32
373
74
252
159
864
486
922
752
653
592
692
727
823
551
850
220
187
626
77
447
735
249
600
558
159
292
41
584
903
313
285
228
67
938
409
677
198
354
803
373
909
300
538
514
460
896
32
81
386
44
180
392
806
104
218
837
883
624
727
72
510
671
14
668
987
574
19
574
631
856
470
137
695
572
958
977
204
827
3
105
225
225
273
236
877
52
441
928
737
335
797
856
401
616
420
790
92
276
905
51
6
285
831
728
483
175
585
937
638
89
516
280
731
763
257
813
576
644
990
58
890
386
521
486
45
488
494
563
962
405
65
312
911
438
252
843
886
355
176
748
155
773
933
256
933
767
866
291
942
367
142
47
970
74
606
128
654
240
371
95
166
718
868
100
148
362
939
759
480
545
700
62
71
159
259
505
552
974
555
239
926
373
568
896
218
748
89
775
612
633
248
215
382
245
72
3
996
702
324
354
449
119
992
673
836
649
126
447
956
706
930
102
769
692
716
95
348
407
132
409
412
151
699
484
91
734
14
780
577
366
544
811
408
141
915
30
188
443
827
594
473
764
806
721
41
699
822
187
753
427
496
955
716
881
892
424
829
532
112
353
829
987
18
275
346
129
228
934
306
974
896
433
65
947
91
146
38
932
444
973
540
944
339
42
23
346
194
732
235
811
322
549
848
926
838
3
247
695
336
275
820
917
894
722
344
290
970
470
824
439
459
794
620
506
794
523
680
69
682
938
680
140
717
19
359
396
16
688
549
183
203
677
884
900
459
372
437
481
990
482
432
166
155
438
76
217
120
81
161
446
972
346
753
938
792
489
982
876
302
695
59
631
542
493
949
875
540
623
166
570
314
182
513
153
645
662
722
981
462
414
132
903
802
384
970
749
622
134
571
836
930
31
32
781
168
752
726
908
154
206
594
652
725
622
215
129
702
580
472
359
9
537
412
542
506
630
144
603
350
306
606
353
910
742
382
305
53
856
555
947
13
718
162
778
935
910
759
441
765
550
690
316
269
60
852
774
610
378
990
252
480
153
922
613
211
872
703
480
848
416
686
213
948
565
790
690
657
990
724
845
532
554
590
762
585
841
719
575
350
517
499
302
337
553
382
89
525
363
335
134
10
946
125
588
668
682
724
974
296
645
20
972
214
166
815
94
350
770
144
528
10
434
674
463
362
799
708
119
864
798
940
697
281
325
779
660
455
43
282
942
827
29
604
991
392
769
44
520
703
747
229
681
646
205
53
325
639
159
327
74
654
131
489
74
989
848
313
509
535
612
518
223
415
193
951
334
505
916
667
829
323
905
982
612
521
371
65
211
542
31
517
364
655
983
614
980
754
720
271
435
31
46
691
594
759
509
683
933
179
316
731
798
741
177
541
563
996
35
432
435
728
729
618
78
2
531
157
659
339
83
153
628
241
693
839
505
535
687
264
382
449
822
456
590
158
86
15
765
624
802
236
938
775
19
647
732
816
213
495
566
668
811
701
413
51
866
12
668
175
959
209
862
172
806
714
500
350
393
263
812
10
493
41
847
310
653
965
229
787
375
89
669
337
276
189
616
881
870
986
198
207
493
40
918
377
573
728
558
386
177
462
301
965
557
485
943
156
901
787
923
78
468
769
963
970
1000
368
598
530
43
82
291
426
354
785
819
564
20
307
99
185
774
846
929
633
360
11
402
792
891
830
951
657
80
141
975501
166001
273903
451957
291342
33183
385624
612173
154951
938750
431449
191731
31677
605420
777096
702358
933068
618049
860200
558714
302595
116018
350851
631725
904997
246906
222459
835116
430439
276930
342561
644183
902737
718308
462312
593844
980131
722614
544938
581011
345729
636412
325626
370229
383534
382617
4042
646821
373379
278086
911230
283859
46323
623723
112372
638496
101798
927347
61221
135075
284861
961045
326556
59187
964214
977539
306281
765893
162787
164058
758446
64636
562885
224961
802581
203146
942468
645923
395576
459771
578881
42846
466852
470952
87028
163152
905950
412501
76202
428268
978982
344031
561864
602295
754564
193958
471428
185975
87191
93034
691873
456341
227994
130783
14024
622907
962096
633497
612337
297800
330475
7087
780619
295541
871465
425134
994032
575723
938494
252462
292109
180794
6345
998991
815865
203417
334185
535561
312920
127418
521014
312730
461030
82831
846575
204535
782885
517174
794349
358887
847396
108846
217060
732263
129679
20886
851434
168861
814049
955725
977521
817944
154519
956377
916653
647922
432755
574938
245174
448097
486463
859966
507552
621613
995856
59556
181879
583302
555012
974488
952319
551053
449254
234290
946399
726704
926120
362533
111966
193150
786629
103974
178338
939592
478421
612070
108442
954584
772068
797929
747712
719175
603627
195889
78694
453410
258196
777608
109711
853857
384302
718739
289362
118571
593963
939112
272799
320450
865369
396120
793274
916324
556238
333038
942288
363142
683306
128247
970669
317162
981165
428682
580746
398596
21731
506816
18226
114744
361356
29001
711528
858753
463079
218542
312582
177270
162516
176673
324000
148547
2935
628301
203291
741768
355235
517951
644769
550814
532966
549132
993552
40278
887818
593669
848692
689763
418139
552424
252738
627737
491829
496379
372803
133781
820792
555692
755526
833030
307702
943775
936407
414506
496881
589181
634971
445920
208522
87763
405307
64491
677855
51486
153618
210983
81567
176211
632204
779713
133920
270318
714174
229698
168281
281648
454186
58607
815540
664180
22557
271995
802118
332379
701285
773671
562594
320794
504956
195247
476781
166291
897742
952444
222338
205699
813776
687678
530457
285207
775290
585861
168693
20519
849888
616692
462991
58338
114599
745155
496869
679348
648910
294858
506880
977528
586580
708596
142877
406886
840299
474818
909217
308863
498897
106688
168998
563621
682441
14428
913124
157724
671130
32269
640079
660053
673488
669860
959053
36218
920567
268103
115089
740192
858710
850407
926307
293205
368692
627450
495614
856417
833293
390413
955004
315362
402479
585113
170029
568628
184827
201117
223231
683556
646118
687088
580038
779324
502724
536925
683876
818977
321745
131959
339988
822329
895603
140458
100892
68808
799826
442443
748101
62768
874778
301429
709293
290143
404032
23895
31189
618581
829397
940470
541952
130541
707930
414175
508449
854229
600234
997297
185037
555686
931573
746921
596526
247335
819538
804779
579913
603731
17027
696773
334574
349334
291226
931238
974200
852238
676690
46218
625311
459031
9807
715364
610418
163542
586665
576271
933348
925192
22689
788818
670528
846045
381307
91639
144249
312997
516895
202446
295659
967786
128168
74306
531413
635247
216852
785200
212761
812020
412689
456249
126709
654596
244996
424316
72252
860792
599118
180268
725691
143041
338498
914882
273818
907370
951453
714453
229031
821430
572849
203658
113181
794292
93342
137367
557145
804061
131132
109184
210455
709690
402361
955017
634363
799912
970442
891342
876920
376990
589303
22444
993412
59688
547530
752032
848623
742975
843600
548151
638355
609032
874371
489504
748427
823884
691642
349984
312322
833448
597144
948868
286097
967815
403771
893671
750677
746978
300847
767086
523150
326567
153252
259166
469905
137103
281669
734576
689006
445533
533848
855700
308817
678219
719089
619484
371490
15721
941062
865546
108116
813008
62252
215029
642755
781861
81629
819071
707884
620983
582782
844302
192158
288223
105507
311686
876636
489917
17573
123704
9018
729214
991228
698146
227470
487135
731403
833003
34930
735066
141707
958846
978081
916818
407796
47895
331898
179640
393071
380520
55457
501447
640682
175128
663020
896223
762943
609533
220887
550826
494654
144520
520265
124931
852706
232279
709185
528946
324855
829710
677932
663664
379509
519586
497549
226414
79392
832564
377206
349874
614942
936563
364028
23980
401986
254068
389217
232552
762231
425416
863314
426323
22429
307800
190891
18644
944401
438530
270962
311025
949199
97623
377883
847960
625254
895096
178070
694486
772190
591319
664370
449564
940972
107233
10959
838805
611360
649636
736297
968426
49722
352546
660618
823914
13625
574064
634601
206945
926175
492258
659656
412007
331064
789678
355774
434254
342693
986728
413482
287161
762300
861789
719375
61301
952158
412477
90645
73329
427988
307594
146904
403836
702984
603641
853740
55980
433622
952181
587
701330
776723
415944
511651
604335
581558
630668
416390
960158
115643
676243
741535
705222
937314
396916
862328
429469
236798
902551
132151
714057
794154
348696
660976
825343
500585
493620
230623
713071
512876
237146
380313
463493
918744
776466
961852
373151
217530
728463
126824
816037
193002
227931
921874
298202
599637
68160
256513
439383
199342
767780
564953
139661
26721
96231
345286
529949
433085
396065
359552
659921
711078
848782
242715
661999
702003
158776
930708
302647
327522
517752
537212
496210
684228
583915
66009
556278
300199
56258
783198
426794
783714
222629
455483
259023
607318
109711
57682
519471
673253
148375
661220
256182
583578
762795
677389
480984
262271
888817
420985
267677
977582
112897
348351
200225
881778
