87
8
62
80
16
85
56
86
4
22
57
1
44
29
2
68
5
60
54
27
29
25
50
76
61
34
10
12
49
97
98
27
63
64
71
90
78
46
28
97
1
41
39
44
26
18
54
38
22
32
96
49
69
59
98
77
94
42
62
55
39
7
89
93
86
90
10
83
22
7
53
67
56
65
77
55
20
15
16
78
74
3
65
33
54
72
11
66
30
3
33
14
59
87
45
26
42
16
86
67
25
87
10
17
91
4
20
66
4
22
6
100
57
3
64
20
40
53
60
69
80
58
4
1
95
48
79
87
67
33
76
1
38
96
90
42
72
24
5
93
15
48
12
6
94
13
4
66
57
6
7
49
48
36
63
62
79
8
36
87
27
60
17
75
40
69
72
48
94
63
64
26
73
41
56
