874127403
553729781
35044551
384393740
564325433
490160475
27307470
74746266
99255600
242431852
671184822
676886736
575129900
747764
144068268
965025528
13453125
842449798
91484776
39358461
89668030
250850912
545648950
85335381
647822879
77857262
6456794
18083391
957725942
871045245
1366875
763855850
186370010
104528482
653018430
932239622
217228736
5196012
93339306
9760000
361042662
58543277
140906128
11888
328718819
43465822
36534465
102004
16942100
276255980
16798740
570197096
908583216
394177725
41240496
840385744
297890336
100412186
247555248
78474011
697466232
733922644
422012060
390501888
41659299
37651797
792158268
5799874
423503472
343416072
600412470
374314064
535425574
51778363
149059470
25719056
541790
3227580
98332162
286501824
137924514
192002515
774214968
3012694
113925096
30620544
66844544
131822372
71547963
788624982
434283876
637476048
17398500
327071820
2314675
891644652
470861364
900340800
106949601
46401432
357855550
83479864
736170743
319719818
945566586
252701358
189761277
259300608
26641863
239004192
953568154
8639728
761973500
367593495
806021816
378032464
523149328
916022
725023970
689653912
211842837
266165055
275232849
731841636
201073620
860579400
488322401
304301690
702195160
20749452
522348570
18775614
345871722
177081876
314915012
979200320
595640917
353637144
783254406
45325054
996528419
7872698
403416102
836184466
381571380
551384938
108533872
333849600
751931012
867921120
125864482
226215262
233096900
231306700
885951950
743108625
158726118
713206944
1248852
185232980
9289152
21620936
398908710
196607684
814019403
223286613
736109913
406106448
447936
168449490
87943515
450077040
250584
171276450
855666020
1363545
229589070
11788866
71558218
1784510
605548635
174784286
57629
8453328
293457570
142528297
42504915
481575213
511632029
22797760
269671675
659607480
476581563
6457224
1822458
33930295
398053812
160409400
2068550
255623777
494312533
624240562
182277000
4885760
460554638
648942140
330627830
918493550
63034470
767803272
18880
54413068
96010502
615720924
529019609
737390819
441176560
862501780
463132346
136957452
127820400
220682135
883486704
5551787
785057504
81243155
301248000
37765113
350207378
981611314
121552386
9133680
57114190
118223694
280833100
26276448
324142200
942651056
55143172
335322
517387860
