241
947
781
201
670
787
735
181
294
349
533
847
852
796
38
422
984
123
926
328
219
323
544
770
313
829
301
86
141
982
945
45
890
502
358
835
971
514
82
334
100
654
269
418
8
631
223
207
14
140
572
140
791
961
675
222
926
596
349
542
301
856
868
685
672
223
213
908
83
686
642
805
664
766
247
434
176
34
60
346
588
414
505
892
58
381
184
289
404
293
906
702
823
140
628
55
954
724
960
363
231
650
311
869
622
978
546
503
556
177
532
982
94
890
659
919
664
754
41
865
853
513
559
571
867
510
940
733
605
860
148
753
143
642
486
619
985
799
644
902
229
997
86
678
923
666
778
368
640
883
942
394
518
526
524
950
875
454
864
44
502
96
152
677
508
921
517
869
682
32
473
319
714
24
475
940
45
521
111
293
53
809
482
13
92
595
419
223
729
743
160
565
840
729
86
53
197
676
456
55
551
737
823
500
80
718
830
634
962
279
892
10
257
343
819
757
869
712
941
719
412
400
515
948
83
902
305
600
213
643
986
389
95
266
386
580
176
628
976
259
26
748
650361
563726
867954
751796
849267
589230
150519
965831
150870
847077
845533
709001
698837
870352
294627
19678
22342
521495
75084
91912
493206
794468
693832
12897
860766
343455
521640
454844
422624
119991
630360
999527
53793
995549
351775
28383
980717
572930
362623
337096
588837
277610
377259
856150
816506
502080
838178
722525
573722
844108
905942
194914
463927
179719
825471
708635
923049
15935
484195
858265
557805
225930
520815
482965
268424
670709
340163
124275
356130
916580
42085
364366
847147
708721
550547
244226
466368
666197
945456
934638
109375
140199
872421
883843
176495
142486
781451
319551
921741
653747
306279
461123
186813
97600
380203
4433
477295
66889
781858
966837
909773
499816
75079
128251
10441
907544
975281
915510
443150
217633
618638
394262
121015
581104
595009
266371
456744
641441
792426
868353
131298
214715
368990
149298
30301
619630
851564
538741
231296
13998
549126
287714
937855
717059
774576
190605
691695
63366
660597
960082
96144
644134
870447
502978
174351
176769
209629
91543
745483
185768
332421
994112
516150
583967
848551
482019
200872
212908
294929
279914
910283
534916
360582
428509
782058
319453
921360
745854
299016
487248
1888
971047
569326
440670
449256
284197
520949
291979
177301
197926
720856
172235
431889
931948
758494
544646
666885
688603
693690
7286
69878
244191
808504
617352
814797
33670
326293
514019
932581
1486
258662
37610
476145
387023
260711
142243
106206
146131
284400
748515
166416
616076
96762
364554
412949
272637
278917
61072
436709
275685
785247
211724
51943
254239
552053
312474
34386
595464
91884
279459
333151
371255
954775
441425
698989
877064
508748
462823
341394
349617
30375
