921
441
357
119
253
113
312
128
810
837
701
466
632
822
168
513
981
594
578
707
216
21
290
460
751
741
859
525
902
415
257
5
430
709
948
113
654
845
876
782
461
30
156
538
359
339
349
215
462
742
940
767
214
28
115
618
386
727
959
186
353
703
231
788
881
264
346
738
170
586
17
547
867
320
82
619
593
290
312
477
355
523
658
655
65
1
858
678
181
159
282
821
75
814
78
990
799
691
596
941
880
936
747
221
131
181
787
369
433
755
678
716
1
11
740
369
446
392
935
14
408
136
752
654
173
934
220
511
733
917
961
610
692
336
416
180
693
363
35
872
444
758
987
946
595
122
74
977
235
814
203
962
826
49
672
628
894
116
757
552
356
93
845
475
858
879
283
891
764
993
433
213
167
453
898
350
527
157
594
649
536
647
155
204
729
609
857
140
947
786
809
628
544
858
534
966
95
854
226
941
112
29
63
782
457
298
169
429
158
281
143
756
890
824
784
365
633
509
775
642
12
870
555
478
456
907
573
208
984
828
893
505
367
407
410
143
293
928
667
396
253
85
268
701
806
863
275
214
912
197
807
376
764
919
490
785
724
234
457
359
855
469
416
444
629
480
21
393
300
77
502
763
774
814
639
896
401
614
512
141
233
739
795
198
19
9
899
786
44
863
455
142
959
487
411
890
977
586
609
823
618
129
147
626
277
239
417
46
569
828
481
168
795
195
820
708
642
118
309
924
490
570
944
720
286
10
615
640
944
406
304
589
515
221
725
2
554
681
703
80
54
487
164
752
300
802
511
593
227
841
660
442
825
282
592
309
524
189
12
261
723
335
556
276
149
751
76
599
350
513
331
285
523
640
941
991
478
853
249
244
603
411
805
252
911
697
945
745
249
340
449
117
224
603
483
388
201
421
809
814
829
511
255
337
497
246
162
468
126
703
464
3
894
554
888
340
864
595
562
559
402
764
891
721
575
68
544
309
988
889
43
273
717
533
842
965
1001
98
889
81
861
323
9
629
257
743
825
883
503
112
527
73
720
9
316
10
565
242
633
823
511
614
845
824
272
139
248
665
605
881
9
336
363
297
555
327
894
467
595
707
104
561
110
660
127
314
395
329
544
328
672
542
604
545
774
688
72
430
941
12
614
850
386
721
922
651
674
37
789
256
549
166
92
194
491
708
488
74
403
140
594
308
319
677
288
211
390
591
270
295
524
782
788
254
740
486
989
222
241
861
281
136
170
345
821
139
39
846
358
873
461
730
826
849
662
547
760
262
836
996
716
700
242
629
854
730
3
95
382
468
20
176
902
50
168
263
964
325
131
83
539
739
570
190
741
462
857
444
898
587
462
429
869
517
724
230
790
831
646
762
544
678
662
521
826
817
175
886
934
195
236
813
243
396
647
892
53
258
792
19
483
993
104
335
59
496
758
82
707
759
3
452
225
93
947
560
259
917
185
973
84
444
834
715
547
254
705
707
31
40
628
267
783
60
851
263
746
304
162
360
907
610
927
883
710
639
321
213
568
886
16
482
839
592
903
710
785
617
131
184
985
920
808
900
782
209
755
971
94
413
443
711
973
967
139
786
252
904
455
485
923
249
369
303
616
681
487
502
261
284
692
568
791
583
398
711
814
453
543
309
905
768
799
314
271
990
117
163
87
279
528
161
755
950
476
411
296
638
722
875
624
539
489
82
111
538
405
549
239
324
58
72
32
239
194
894
622
313
876
997
481
524
913
625
830
678
72
183
790
507
287
443
733
14
847
66
38
558
866
304
577
344
335
275
625
792
190
565
981
186
126
215
175
597
674
541
478
653
31
436
24
36
148
200
821
306
841
149
25
4
391
775
691
641
578
245
341
490
577
690
279
925
110
528
475
84
788
2
848
353
909
452
76
161
100
34
881
141
545
492
671
348
162
96
609
744
272
317
296
581
859
178
757
448
193
886
848
673
404
500
580
233
752
49
671
914
610
375
847
974
663
109
1001
20
672
18
966
922
870
526
403
879
462
584
580
180
102
804
666
253
25
439
405
616
549
313
767
523
980
909
603
978
154
593
518
657
578
785
741
512
723
738
844
611
151
238
171
897
945
856
13
660
684240
541687
846361
465816
811943
281641
181346
477412
424644
93425
246396
767138
676527
358463
872247
842669
483297
427938
952211
40661
214407
124590
426125
371325
511166
954242
568447
320360
968793
231884
128547
108285
278266
146554
496193
308490
418790
91790
333749
223155
758195
24755
564918
746166
320956
732854
743944
245379
237937
810060
759013
404369
851263
305148
459896
141046
866042
132618
217664
526743
537793
207875
197909
773687
737540
732118
536295
751286
582450
270704
266158
404681
60934
69010
506137
726389
232112
356415
968524
318645
623059
909088
472349
274356
620714
891580
361145
241762
185206
876084
395852
62240
815446
140478
215867
953194
91841
942515
727063
583435
25196
819394
398764
895322
271472
321755
335642
582643
279673
491619
70705
862763
867241
246199
713391
743836
684857
90519
937799
934095
87131
569755
943594
276280
908975
291655
483296
762164
919888
550027
59702
199357
249733
918467
551441
247188
18075
182506
352849
289722
355535
307347
36080
597893
842397
990505
466003
506009
366764
116856
953573
975256
609337
161257
17524
637062
616201
521180
353283
531776
786021
300997
851939
809797
303625
617778
675131
786287
816741
503995
530604
689349
110366
199673
950708
676547
501246
540506
181461
939300
755782
333286
355281
802862
696532
706155
203476
150627
828175
274464
553268
239591
480269
452365
188007
475098
158760
106495
643374
906079
241250
988882
305002
448033
861973
887024
813574
622980
705004
672687
964445
90334
576084
25957
76921
719560
890336
966846
873489
598796
27101
304057
416086
761842
955428
218618
837152
506687
88122
123172
323936
478932
647922
561307
97702
870685
797853
595909
733007
461642
70791
345460
393610
372324
187555
447044
971981
213648
892838
340254
119675
677951
100718
594031
720051
942697
439340
878260
903536
658014
357172
478461
12911
320844
259374
213766
459725
133465
886865
70566
574505
916130
763224
571554
98903
832697
822876
185699
580346
435943
509677
59075
696728
674312
294937
86311
374180
835658
793912
604307
136494
52014
431771
161817
426670
888030
801194
725428
8850
60104
525269
407815
140964
25211
91252
646523
439252
686162
956017
239557
791634
576439
652627
270572
378689
879798
185352
732452
326736
268108
583509
191819
283848
899160
258973
308787
562921
264454
842902
140290
467555
938762
526758
902234
99193
510932
146478
174398
596673
717739
145724
145517
288461
239005
188975
599544
784744
427321
394051
713775
946859
492754
257606
612694
326640
83221
715446
108438
98555
526909
304809
220059
242462
66591
683618
745553
354078
204369
65185
233993
784838
545363
283403
533847
667158
494807
309041
860157
310091
755475
679151
946910
946135
9459
856757
932173
968739
994746
753134
564727
706901
739863
961008
123796
336975
140681
895450
304667
895442
430948
794121
153766
187072
520722
426665
621894
27245
786245
373520
209643
384382
153018
104173
693257
991475
509926
518887
523719
306251
208973
76513
884359
216457
259559
73517
485152
517414
560608
835577
753734
985754
605064
283905
702401
75942
314035
822445
36646
276584
86707
490736
194373
245647
563042
331499
458056
50197
300933
337192
814774
210835
817722
115864
295820
998149
948986
941363
746351
779921
942326
493927
849301
306520
104305
291288
204743
172373
95823
144767
123960
501876
45875
824790
818193
947611
499068
951322
575341
699976
425639
905551
28642
187142
766602
293576
298705
848321
142719
802791
272487
630470
656982
453091
783553
247701
77369
835860
453704
390118
853505
282782
578471
605605
962840
296068
429143
752970
62929
501203
391005
375680
388947
139867
167717
394044
775032
252084
261887
676957
934675
311082
906561
527204
820864
344474
966638
534607
785439
128814
166201
237377
787238
761763
100717
949681
476102
31382
904462
639172
66080
10703
91715
597346
719878
337509
43601
916725
669017
325431
287572
587827
487778
80333
17508
900039
654723
757618
593271
952721
977400
607741
870105
194376
901990
67068
545051
641582
662883
311847
292331
918822
900173
547907
416557
838460
940808
143448
508335
172930
961631
243930
611522
985089
45240
597021
574505
12552
42582
884438
674655
128911
333804
845543
501735
203022
899381
714402
580202
985001
453679
800615
684200
787220
242639
369059
297707
834907
586908
463329
649637
272985
342590
601580
430496
629652
193806
204444
788445
83561
219303
843418
155152
138415
56
350121
78942
537459
203990
695174
979317
882145
513393
929175
238008
409926
996031
75990
85127
593435
850330
793968
439183
791391
932392
52720
305426
980333
14981
511355
729004
571876
798768
541507
763162
619364
153927
49426
654603
503261
753344
864738
355980
324122
145869
570649
271386
421267
993261
725086
495405
867601
830155
518414
378980
294771
27886
305328
385958
76180
739587
147374
803527
127811
434139
491437
222814
382097
592712
669932
378724
513426
13022
683822
83589
334902
63127
652402
801830
287452
775816
648270
81749
624450
610198
301586
312495
355425
684902
405677
346118
546989
999661
350966
756008
896226
27726
565045
136166
162923
392589
421645
366159
735105
787706
500258
550453
500671
692845
467429
3830
709543
280172
314461
280862
961375
621989
62627
575263
571234
9639
954278
822624
819148
621171
166556
628853
520728
485474
795887
430722
565922
599523
380682
236736
908498
596676
608046
57946
590414
457745
279700
211139
350754
421759
683749
153083
883425
362151
465187
923647
716985
206005
35672
200892
597731
904093
211024
370566
954997
836672
313524
730336
436056
726065
383956
37554
905585
164787
103398
908460
425022
922642
424760
464991
678890
4090
422727
134096
837799
261846
753461
840568
722052
150533
544292
899825
660221
125077
132034
549086
631201
79186
462546
366113
378896
707456
637790
239277
851144
329306
983429
955298
381192
480021
499318
722512
699357
554628
656140
602503
573262
132709
388529
247243
944207
930825
226803
965818
430408
396419
220640
742231
84198
184038
39207
393832
237337
918383
146245
390574
810233
23160
875979
840038
514477
832300
524659
654101
861264
426933
82791
994091
341071
622933
334941
907837
430045
785426
540917
939940
980111
573779
257962
674835
953936
37243
636048
87545
419027
293336
752973
593034
416871
906657
562349
318137
606723
440836
841812
964091
492765
274111
875401
330331
923607
730667
339080
951154
872916
108316
769449
269222
639923
770682
83564
537952
545484
494330
103801
42411
84942
150425
772730
705480
719245
149490
85191
284714
858748
344841
239837
