173679912
119824194
14241325
62288347
12236205
95056104
16009856
650318220
701237763
474259447
199131586
381922024
673339656
27091176
248882976
960709977
336157668
315219814
483462154
45606024
823347
82567060
195336240
553892540
540191964
745269259
260501325
828381466
157983030
64785588
64555
167750740
486488858
905337156
12033935
407428920
712252190
777033024
599901916
195935142
1376250
22755564
270754418
121051928
108804084
115285519
45329525
197121540
541909312
892046840
581093006
44720222
1220828
12456340
367111158
136367238
520129242
916820303
34808412
117813397
477443153
50967840
619384548
788778682
70265712
113050656
532874376
28013790
325012008
486914
283025458
759564828
98351040
6965244
368867671
335071685
83361080
94865784
205954767
118890210
258323821
413785274
408103645
4936230
3830
743064036
444862920
33033586
23302086
78875400
671349762
6131175
659388840
6517992
978993180
634380432
464826717
340838096
894616228
784590400
886963896
547556229
47383947
16874634
33310878
617667506
127474740
169118542
561677720
445433796
500739612
56
272305
536816720
127246329
180931942
139369720
885360850
388164
152665440
17956624
556169424
407398182
28814188
883690090
47002560
245290731
527437480
859961683
923528688
355412230
466623904
107064720
158575872
32662980
467660655
123512202
2028110
770346600
176010036
570753534
972195987
902423456
339536155
15026984
5944642
946510761
54492740
659174758
41305628
924842750
684072550
3237920
436556064
376500444
810034626
12578808
568723502
287691360
119238996
8418267
712688210
204592950
741945204
780578370
79483946
805875642
577590112
987132363
169305165
44277375
25705809
189711870
816259550
116650100
263140586
22960465
338434470
403139979
269005536
400728508
22587220
41613960
522682065
352288839
739387891
19063240
903701266
615872658
648680470
376043888
278177120
744092778
267926490
931653870
8724895
733370792
49407668
893649821
11667376
1311960
4631571
601709118
192743863
87114638
27347073
165575982
23143524
78192746
20088354
564101496
802988260
677694680
605820320
125045350
383005512
243002708
590677100
393349548
311484
767466150
292342365
207518442
192270120
837711549
310283511
42508752
964647672
691302996
808687405
239924490
126421958
152022640
154028800
20117383
84258596
876224096
427935194
141440112
62338188
7441325
72151496
474546857
643807008
753326508
75070875
44863602
850341504
39273329
646096305
131883504
577417448
863216700
225349040
608400120
516495084
53071902
193186239
121165731
735434235
201861352
158952352
177051216
378393820
210807840
788634
139900140
88072800
6434197
234649358
575099042
589604562
660921602
388541394
813980160
145222551
358274526
247448064
19721247
51915662
535838554
629155845
39535254
685520
134829
823600870
616808784
2768876
753821007
191676485
19921180
916255452
220941673
155641179
804147040
949625437
324215048
353343018
675571072
366742830
16487619
20721708
374179606
76026528
56579904
160109652
2903842
306094688
689473116
211322540
26065536
629349030
38592255
668665720
484878756
395601042
13789008
93190074
870883860
226204580
308088420
898887184
505728720
81053258
231600
363104610
389975680
899368624
151163544
89660848
330609823
251205670
47242286
517941450
17700
290661086
451423323
476599553
6687120
3726540
222921815
25105612
556376976
88000800
636885042
245417459
334996374
49781781
706471958
416592660
174167448
678872700
79008504
333320864
93820125
259028920
35447895
302352
67744899
511490688
105201725
292877448
75722256
21265131
552063855
6324796
343693621
116024650
249048162
103776444
80592870
257710342
390526720
895194002
982551725
208380754
728039765
60198738
58451908
346426515
155655564
642271665
61835508
849209603
470566307
901126485
545676740
60417111
110138240
184056774
13556088
48486368
346426515
215922252
137382264
40807422
161824822
649457919
659529662
692693333
244734252
63163755
108124428
231510552
58999902
24368850
200838924
15618960
477259670
198096912
28377
810551358
290140326
799234632
109396700
756346464
339884230
300022014
294707036
147177426
577182900
805546863
509137755
311470025
5180240
277399744
92988297
973267932
800253797
2692961
74388951
501882792
267164118
708805704
929140600
1000660661
9390654
801869110
6820038
749659785
99738201
117198
378974387
66204742
542885581
680451750
790682350
237591547
11682160
263635966
5762766
507602880
157716
96514616
180750
302052955
57839210
383347965
674361262
244493571
360361512
712055305
677842176
73840384
18551635
59830000
425049380
348530820
786590278
157572
107640960
123808773
86621535
291524295
101723814
811606278
199847046
340074630
483410543
10285912
298326336
11373780
415570320
15822930
95872992
140783925
102810855
278074304
102285816
435403584
275517570
347505964
279799185
589665708
459004704
5570568
167247210
895035914
302532
360925778
723573550
136199714
508651080
867936686
404852994
440864074
2208974
620347305
63931648
285879672
25525156
8310728
37598364
227494539
484910616
223531328
5859764
147562077
19109160
337657518
92001140
97779880
443166231
81764640
43200773
138559590
332348259
73054440
85095995
259278868
599482764
618925932
62785752
537288100
220202226
974910706
47922474
57342817
751004667
78588113
18036048
27696910
112690800
671736453
18446551
2376426
715329378
120637050
772045407
195814360
525048850
685708030
722621256
421735044
283572458
572541440
68603652
699859072
990767016
498857248
473568900
57597936
377113176
731670478
523949470
32109
8720050
134069012
201261060
732920
30435680
828457234
3329550
26671680
68876281
927012284
100779575
16839657
7163813
272807843
533936368
308322690
35721330
538254249
196645218
738710861
179539836
816361024
329076896
196869750
166678941
763207940
253710512
516773100
50613570
621903800
694599660
399084588
574137282
277947008
446133492
421063776
256133499
687479800
665670358
30165275
796655760
884366306
37903320
54778432
653267451
58144311
141951348
401601958
807751492
3554604
66554196
623863152
677768
216399939
986308173
10316072
105344435
4171595
230732752
570751260
6980414
483729400
571628706
28917
188283764
48974400
8486436
903667174
297138240
67074007
860844754
34354315
942373852
7319004
179678364
697784448
498020380
281418919
62799722
481950690
483757680
1556107
2489600
375476804
71584836
603444006
4247460
725000089
69551402
546709084
90004672
24401574
122068800
837747829
355294500
874711638
791367558
489437790
388346499
99025290
43879065
305276712
796851566
446176
212482952
703467940
333249232
829696266
491919950
609015560
366048207
16887341
34104768
968677565
864744800
647364752
825052500
596841168
42728796
562892515
938605498
8621210
156518740
175362436
494268714
940741158
933946006
18639344
613017906
61470360
831578752
190657285
219397025
869766898
60373038
127717542
89315613
365308944
449610501
220953848
234712610
67696614
79986044
466861260
305466424
622705258
320914099
143735710
492905727
662249236
188842563
276754611
93008073
834991010
582921984
634335688
95816472
73360784
980599950
12912822
24941934
7666614
77166936
264354288
24067890
561596180
907533100
205131248
155726256
86221248
387089274
510382522
773883250
372325824
272738851
224805525
6985662
11521911
271149310
150079230
285876378
56723543
100129284
4092828
5538312
1664448
56733103
37708362
810465534
371130606
95405217
776893740
993042907
211280212
259592220
852828735
373138125
693596140
443902194
5508936
33892698
621166730
241383714
81464376
174564593
527670574
381430
718527887
5015340
2283952
294015222
758597814
89929280
314494427
111948264
106575895
75380525
373341250
624448440
35905250
303006675
961488891
34795392
15598296
45370160
29350475
342237414
439870598
274117667
208434768
406158817
1532206
171168804
975864
2126700
20874808
40178400
670544361
91098342
706917688
21373752
1064550
50208
138971175
591450550
462923012
391985602
316159642
58699795
110525602
226647540
314056484
461621730
77082120
871994725
11078980
264635184
204485600
7283388
618915688
8180
720207248
117832812
846119925
188070872
6292116
23727214
9770200
1792480
788884402
19516515
279817170
228775572
433816933
114598488
24386346
8968800
351051351
544695792
73816992
97081567
85757712
319565687
747420195
31042844
564987707
182701120
37021067
797244950
721079840
439066546
149099836
233001500
317786060
51995115
558157712
3194065
431703954
854292950
354011060
131295375
716867767
943551786
422854770
10978153
999147149
744860
435637440
564876
931311906
867424976
765424260
262509768
147805892
782605344
197119230
322041544
318469880
32642280
10052610
639893148
426188718
62148691
1060275
172794790
150386625
365110592
284868963
95465626
581535565
257716095
957852000
844620075
346883589
953800368
22409618
334883111
254564366
410263650
315289752
607344295
538753683
247447552
512999589
531397638
710983068
356478785
21859817
55690334
28420371
814922706
900768330
737241984
352313
416110200
