276553470
178336518
379652508
70287388
6910528
375536464
86057264
905408203
7604540
218825364
130828308
892169352
292909748
44337510
353155140
761616
312058440
89437664
544170
11002512
515249080
775401150
105458864
387683392
77327730
60496712
147432294
81949396
419503442
7434
576889040
927336490
39503574
694577396
66528709
354947208
299564460
848948022
798982730
53990
236916224
137247110
325075579
435982292
566836380
781842802
198454764
535747410
280827552
15140272
190464212
871398010
362779130
594814
407810487
2459815
630420120
479344501
606997116
422986550
32259948
530838315
15464050
476604870
98333379
10475647
448759392
922368480
9279072
814768560
263859225
886294911
20739920
273175584
330820386
40330851
736800921
3843718
703015299
259777960
912815181
4791808
3058536
2353050
39150992
741475405
131295168
361186020
5722990
74982144
49556232
371262500
58766215
778331008
450771615
361213344
47546948
23894985
404022816
185100489
462540120
73637935
165657063
985516
8459388
908944036
335779633
21643814
66328145
17562266
234576620
12681252
832988295
338644869
540489340
477077416
46073558
63817389
26111769
30143380
4237740
739717056
16363235
768253762
220433174
649723770
127660672
156296192
55260842
391187148
149414668
328378494
26469525
681283716
82274310
217961774
105107598
805267728
282920750
483840156
33517756
346229898
253484545
601709924
970423970
241676865
18152484
476743772
22046960
37150377
99916214
1779016
378078750
824968452
709012635
697447476
897617646
756027497
153365764
675351576
93780352
941762550
1684870
99461020
29398268
83774320
306567066
205504080
196690721
486187639
570579030
810612368
796161285
175092285
836239260
19929088
317680
48136350
439335900
777693952
657282858
41966596
819754143
855400
149310291
618350780
54176400
425850152
596342670
720622188
48995280
134600130
935883472
60048140
124413900
202164314
903916
8225134
3577556
431038356
65336110
878407354
236748288
42863244
5984306
586999553
230932048
842220033
80792525
635245338
412391275
900938940
1148313
140955815
669525450
78118128
101260215
35987490
87234708
268202352
195549606
2437971
79723744
521251977
546490260
95637546
111265942
532825728
3064412
154838243
946704956
913577877
308360232
644934268
398824896
510052840
302432295
732258656
764814700
150548454
696358674
62208240
255211855
13253632
546252714
10752960
113693032
176467155
325851690
587873552
529675686
153024628
813814017
731375589
58072716
789013407
286091722
856503138
91694100
359345370
589611648
123690476
367603392
52262100
163304118
20631321
392685948
2528284
53334834
23001720
473284575
157073
490811796
626530698
409283220
350212417
