276
530
438
631
254
76
628
289
959
79
492
372
954
547
210
615
24
566
293
22
94
724
895
322
634
270
236
402
278
662
9
763
970
198
844
247
616
556
939
910
10
512
385
589
674
759
898
463
737
536
112
452
943
623
22
651
43
792
701
774
665
174
735
113
698
309
91
687
968
88
920
525
951
131
528
597
201
863
58
849
520
963
64
52
42
197
865
372
621
65
267
216
625
235
896
687
621
214
145
648
441
690
265
429
28
84
959
599
134
247
122
508
108
927
601
740
698
214
243
157
170
60
864
115
887
494
807
368
416
226
638
403
593
159
831
279
491
321
912
538
706
178
609
515
772
985
513
124
698
136
193
311
34
630
924
849
846
954
877
412
828
304
982
34
310
166
284
562
472
461
707
763
916
909
435
930
128
22
215
675
896
813
203
923
25
403
785
225
667
770
858
216
378
976
235
365
466
26
83
58
668
245
946
512
206
67
763
502
933
275
793
655
957
29
385
825
272
315
189
292
528
459
43
272
731
747
306
337
736
52
413
982
963
564
803
646
718
561
862
884
406
846
240
515
112
747
92
344
437
590
764
734
412
919
861
234
903
538
942
300
618
766
364
624
220
426
131
639
44
222
140
695
19
708
789
652
613
614532
857197
769728
268535
638456
366119
601668
525875
136850
444767
27037
492203
866370
321274
680985
403815
866126
958897
89318
824406
924070
312541
795985
935188
57461
878003
446221
164298
39597
198736
885618
711670
356085
819836
286399
867962
756080
5399
523932
100707
426034
370809
146391
959025
826
808466
192489
670348
66271
14440
339809
34216
460024
521799
177314
356486
865175
627735
318231
581620
944117
383343
105444
687677
560567
822959
117419
722229
200651
576213
553758
683492
517378
142289
371419
947804
898585
58931
597988
931961
157491
370497
402511
815642
208074
581664
882969
158320
856154
611488
828051
462727
346904
327512
774471
803156
551911
693237
118336
823119
386147
613146
594020
117048
135181
90928
904098
499573
280832
293102
293791
571309
211131
956017
811546
24735
428628
190410
143953
166317
726930
941420
581465
574236
352944
8267
56697
305248
746820
259201
276722
96260
779417
255524
237555
56025
305647
162110
546738
308488
582310
713067
875865
407161
166475
769331
507959
873769
650868
552291
784234
964058
538785
902701
49555
769468
421381
294890
266678
61682
646858
88046
730391
58818
853767
240784
884948
435390
849449
849488
99098
297776
892823
327438
731580
229427
645267
545493
115117
868673
57205
52324
321461
551340
563469
794082
375712
589108
461765
682815
443914
636070
683014
250069
899182
629605
617376
805110
419729
554138
952860
330503
568522
495557
462399
294782
340860
885543
502589
835115
947887
199513
366747
909239
34766
985202
731262
222182
277879
747810
269347
653216
320842
839886
223890
161521
426661
244517
870649
888141
188302
623492
164793
710380
801066
723948
433829
177098
683801
185402
940899
240247
256342
298749
535484
633691
539095
206732
287199
656145
862061
35197
370756
372247
116880
948679
226830
70629
685326
626437
471105
351689
531769
262623
600125
374911
155696
248174
787708
215297
330166
74872
721629
928549
294980
31734
