17737887
124619166
274319016
204451131
7740915
828134550
515951370
225004650
426596421
498128740
448390810
379465140
393135512
337680200
164202000
705438900
756793880
88652717
6809142
671139600
344280898
870875257
237026574
112846932
457824570
89474680
815477928
97083312
816454044
707556960
36684912
176128704
2035684
256765110
29615425
153273760
859084876
30155514
663202890
199649250
472807125
9219426
778292028
802277768
955328500
712908
407798292
347219544
15319840
98114480
739219206
132042162
44126832
19260456
116752080
375009411
734676672
8548266
61334790
1341609
297299517
40380312
504336189
101936280
93605837
550926048
584369448
21981328
968070805
41879908
30808260
37693468
501292855
495220804
5380529
456954840
72958832
51502752
28021728
419824872
92478607
323251051
20154628
434935150
568071273
933116184
38221201
889983214
401813866
940725643
503202858
323671586
289618342
21482969
850879728
295844164
52051416
486670352
234451425
6151195
326419520
606180140
473901688
189418944
14270928
526908663
582839928
521091939
187064136
77533400
217083770
13618146
137965040
20732400
35719736
19545354
367762800
70073616
53663456
253806735
12200918
431031872
253762626
696233992
305698704
144639750
926349596
172560520
7683
841419414
14567395
1600047
667086024
768591453
516937632
677150019
541687650
279998425
452938860
24298400
240620763
669252192
25581612
104438084
722328376
16544824
129466986
713519520
736640793
821311580
213634416
269990322
283061721
990820388
472522275
509348224
266496150
166912928
108966198
208255357
135286833
539191868
207144
645885020
909222300
54698670
228662294
255206562
4083494
128688534
21783109
150789160
656001111
110180367
219749012
596837
57544775
701313600
593731988
689790122
742212984
429121725
522685678
488360
69124622
306767349
49055149
209370555
451372824
476710904
639435705
239874060
71142570
715989555
21984672
642478297
150031520
207711527
898420040
547828988
691565472
127405278
389064170
223884894
309770692
227217172
244466496
263070750
617438291
139363551
419160252
139839650
38651520
936918500
309687189
3484524
246197754
613876367
413998830
746138092
469611428
7345247
535389064
10322402
113767550
2917649
327094416
12394474
126955998
25097646
63434025
443664444
569472387
36475902
287015298
562839134
675810332
68076235
466716640
511528064
912689243
920550852
87550260
36852651
946140458
18772864
95352640
218174461
35491024
3703000
4307688
492540654
813195608
311680954
62245843
353518978
104949162
195784781
1023570
122624282
182021075
833302692
2327046
277235563
856751958
191281679
77352
585823572
226118088
292200528
154601512
58712744
58111702
787097673
561842346
364992888
205612680
2794638
240997782
19079032
70416464
479929720
215799008
374558751
663456420
965151669
976495084
36153255
758784372
115193078
29333790
720348980
540086861
27423864
574012530
605065328
419406384
146288
972720580
75822379
356265010
129642780
552621630
806571358
3001064
43846985
532798122
432312460
358307000
335405100
193938225
783830320
878216106
392061208
359920060
384638497
245928
349403560
231440640
971657085
23356192
12621950
329578476
26313196
56240
680135952
4963712
33326496
894937340
325508495
3772440
159735621
4350168
854974120
726786137
158039310
11282723
558015750
292552
13265670
370190745
211514688
366024940
483810300
395388408
80137132
195947650
183830697
2752200
174576870
682672650
305605416
2349614
401436934
45929425
303662700
39060930
73827056
193201610
17508864
865175388
100707052
524579760
102719943
27410916
105456
629594868
752253586
64448783
398993121
319840266
652648264
884499868
426141177
764888982
333454401
331166034
904023488
691498404
4788076
1244600
404644032
962338323
84218019
122060000
43020231
998801804
