387
129
346
516
453
91
895
711
475
643
695
658
610
616
572
400
834
856
293
87
816
577
929
486
324
665
295
888
304
889
836
187
408
58
510
175
380
919
178
810
445
675
94
867
878
980
42
627
581
115
304
849
357
204
136
327
609
848
94
253
57
541
196
699
307
299
744
773
152
985
196
180
191
697
692
77
664
272
224
168
636
299
557
142
650
759
963
191
937
622
967
698
557
533
149
916
539
226
686
481
85
560
785
676
429
112
723
772
717
424
280
466
111
368
144
184
138
600
267
232
507
106
646
507
829
552
375
958
404
3
906
113
57
814
861
712
819
735
521
660
160
489
816
161
313
847
124
353
840
849
890
464
514
523
998
675
704
514
403
318
457
363
733
21
803
945
234
478
507
71
351
151
376
809
319
469
41
241
832
779
826
852
645
719
40
266
553
221
459
659
677
799
489
270
841
152
799
376
457
940
742
828
351
614
474
553
476
496
510
797
369
636
370
192
965
553
68
498
793
630
854
671
91
733
101
325
67
561
106
351
161
257
654
759
186
529
754
818
263
670
706
947
954
291
187
971
134
304
467
184
70
72
691
886
554
253
589
314
439
51
341
415
898
62
517
918
431
11
774
476
534
382
244
242
873
754
598
455
66
489
136
268
680
466
609
810
983
989
185
857
326
174
845
733
166
763
784
636
16
988
277
590
353
745
881
67
203
731
647
590
570
435
871
933
616
590
613
24
583
480
987
158
106
564
161
10
822
76
183
940
559
70
391
72
917
847
390
103
750
26
110
603
462
599
684
617
284
439
417
66
405
825
552
62
622
211
550
194
272
434
128
924
307
720
309
166
13
798
854
259
621
554
808
934
643
858
567
566
944
828
76
56
624
983
291
340
201
1001
562601
441536
302569
240131
987356
37533
968968
688458
122686
20070
60419
947002
933281
366634
263491
404716
494373
627469
826801
981843
11252
332040
182112
701038
536239
41700
500605
660102
648468
14557
852808
195423
399020
408531
451327
736990
800295
719215
457824
467183
136788
63001
659057
543374
492067
313063
192886
477347
201310
116929
659444
638207
726962
289409
927954
431688
90939
455701
246825
822475
730408
845850
663447
410505
937433
163436
726036
955766
688185
319353
966962
9143
553802
705779
585099
334233
560164
607300
662739
478373
206022
80717
37897
918331
541227
133216
525273
554733
440841
885396
35098
716732
583056
242430
332427
127419
901601
610034
233755
603839
490540
936337
377945
454511
633655
934804
385706
115103
300860
599320
984535
728583
669131
842925
348293
503461
754974
42343
492876
268231
360171
165126
596674
451896
57514
169413
723506
258845
221969
918396
144259
748447
109541
580343
271423
361698
438605
897684
650396
445165
577329
835224
963769
350054
746471
23537
333668
590350
880859
726767
246031
667232
932360
377679
552114
884105
613915
372691
835097
309293
472331
51243
696592
724544
168585
756878
342661
465845
611060
78266
704152
367260
964938
899920
143975
463088
542562
774119
120597
10247
873698
992806
600202
328036
928908
584359
738314
213673
9864
313660
642501
819516
588103
657141
839848
712794
102202
5624
750293
755976
736817
276905
646003
119075
752310
640824
16974
229923
997804
891479
43547
282173
98079
169231
826174
515825
622074
8112
699868
487709
866364
53892
445979
248837
443809
978981
216308
728781
445835
128915
970900
684936
804103
201345
858071
982813
374905
913756
215995
788966
681445
915518
262748
871142
740492
141621
403352
922822
468548
482168
531626
774703
820162
846360
582892
867657
85065
322745
155886
645397
196176
819082
259867
446350
707325
745149
197073
700033
849428
147824
144636
28071
720921
636463
678386
303304
744021
137503
560013
362978
615779
369866
217675
548876
353353
473694
827482
709432
44792
441189
401035
827416
852484
140287
851355
612938
741774
2561
668180
721511
588430
405229
547192
427130
72367
610356
715637
807733
615039
166796
597624
487425
141934
665305
984455
581098
230316
725670
762172
366762
941282
917828
735596
818769
537425
686271
952061
359602
448650
957652
475038
196107
772204
12209
144181
22225
140096
414176
549537
925290
582305
197348
810879
7032
962140
456145
804340
59829
949822
238775
52900
357040
165204
194129
214031
69877
870694
771767
171157
240626
273727
972829
345393
518475
974825
133426
158892
503366
359000
151865
231308
65312
492838
500518
928719
431054
460419
700455
974398
553633
728862
835143
141633
144614
262448
200111
892673
