134
605
452
688
345
127
211
681
50
208
333
178
314
291
214
783
385
417
897
389
652
20
612
420
692
420
742
523
445
222
825
960
867
139
843
510
856
542
605
609
9
430
152
524
992
784
704
285
625
819
688
818
971
300
102
962
983
482
455
227
328
752
536
469
162
553
578
517
622
773
322
426
356
589
125
324
752
541
550
472
524
170
15
500
182
465
127
628
187
470
921
263
769
307
727
986
573
57
117
223
569
501
299
456
618
825
505
401
465
793
719
790
742
503
360
866
318
996
317
284
606
577
867
682
914
117
825
159
620
371
352
259
505
592
429
486115
211847
484580
574368
438713
825328
951645
45042
339559
205572
651087
817268
237401
542738
689985
527703
36420
515617
400095
49849
630026
209530
865020
190046
360783
92067
418968
824662
827837
698480
666869
638121
656718
654157
287150
58224
876534
214037
834421
315345
119770
747166
647665
566126
521754
689124
819541
900305
167437
230823
729602
770858
47304
951857
425648
228480
766719
31037
668116
850430
824991
209076
657944
936006
422831
348826
339590
877772
396931
816628
555249
192289
402621
314042
114638
205985
69786
10073
848976
934254
899876
67345
658670
861124
288057
440374
245030
92334
754448
296961
29738
369416
912636
515289
981976
264813
667214
801842
181871
180967
100379
225303
984459
806791
852273
700834
661283
751784
999170
505412
929494
513661
311078
29647
533511
554754
73577
87894
518187
766863
880189
416717
598195
623359
452051
605009
281512
323512
481142
536172
993748
960620
763283
244425
