398495350
192392896
525138704
107321910
8552815
38374781
508820046
1551850
37641136
98888013
20405564
76749450
65563173
40669844
646231824
130742150
154046472
833756118
135693314
475700504
594760
408334968
168039900
530569548
166711020
605937976
283851974
188159795
42688158
710427300
913579200
791255412
10227203
739961796
272090610
753441784
324221690
398056120
406123221
90657
180156240
13359888
290950476
985798016
649024208
539871552
61000545
436550000
698011587
519060224
695651740
932762020
69246900
4594284
915686434
965282408
247584602
199614415
46758595
94482696
614585536
303443536
227268020
14958108
344717527
376328286
277200924
429170670
637718043
90646864
171516546
112262820
385298473
7278000
93036600
616294832
310733088
332754950
238554464
290691096
17064430
444705
257644500
21798140
210203715
8862822
440123752
31310719
228474050
862061526
55106390
634165078
72882107
582939134
970676574
365643333
2075940
5534568
45842556
358484794
258324117
68315520
200810544
412895688
723140550
263485770
144673983
223731030
673237968
554246902
659192590
598638922
260648061
116464320
779292616
84210534
995173320
77674510
60164548
400737498
373702705
780564435
512716688
853908156
5832333
713641500
14638653
427256880
125976389
110542784
54150684
266490015
388777056
178771593
