38210822
76657785
890491455
248277786
576564690
421041736
556336547
276015736
103261224
226983277
289180475
41382408
52145250
34058804
134932070
914118800
66611808
234409472
258778153
670066650
219061032
758312082
3981950
962810544
709856541
437029268
140193712
965196575
735304495
885546576
681191330
537267006
433646877
24382512
9899658
980552320
98309810
68912844
21818232
23679660
453665520
728112
16054260
699592086
24086825
919489220
707995442
235293093
378537456
84946739
355579266
970654672
164038354
407860614
12720640
22541736
155570112
204059748
149714718
86903776
442981637
98891800
105345504
21331836
457296879
722907630
278383518
101242128
90400085
51018
127731150
437655920
26846275
942297274
711047950
986357430
402239253
535063040
306542236
155551104
318185076
824570472
159551038
99255100
369384400
888817860
129431131
7540504
70445484
519947837
64601940
592979478
988760076
5385822
937115984
173306904
79046559
966895264
65157048
233976832
610337818
203098395
697732
81887292
754040000
486361616
382108065
776544551
647716894
5980
2745
943870200
296927326
28654966
130522484
51921729
136627458
4257720
283780935
959578104
131591208
138750723
262232619
685643220
40088710
670968375
185973960
105069624
75800880
166544876
769301000
88607596
590897090
729657033
778518126
921412258
53958236
76226515
231194535
301379778
58207423
84175952
232532578
330203748
186937298
906423066
2805360
956760781
152095086
6583809
92809725
254421390
905914584
213773033
217360299
163529914
112356332
583383808
936149910
132931099
761237414
937201432
384323310
74395800
838157868
332768256
16455296
882985594
15468972
631434729
95009016
426944032
399818730
358168200
379935039
74015955
948061024
68474385
531061300
916787273
534111760
121627275
657836418
327039360
11337840
782566320
3843300
347907670
585556638
39141432
529065738
343487126
328766208
1042920
747569960
385703798
5498716
252154700
10228451
8763972
108164232
53597797
257747105
842726676
54338970
69620544
923514892
410371920
124776532
978149700
599584336
198598624
63158150
425056030
903421344
691167120
792682488
446525571
145680314
199786203
440313353
257072540
206749312
229393076
354222016
110115720
71902664
5803488
206240034
6868390
225823696
956482592
397054429
76549510
660161502
70039439
673261527
711819750
31401018
367420056
36282846
405455611
165711393
487949331
214410120
715484892
12416500
808031924
995287716
554311667
509547205
34993079
543686520
22137926
821201280
21994665
35522130
160598088
475749096
462618416
8391000
613511351
104235004
223599510
934522980
34516836
1298840
16624608
30243242
78002848
858003744
2647023
27295642
196423900
190011276
37259326
189053748
639293643
202157194
419336229
993409596
722864025
456441904
116406439
985302730
192313660
10600016
2590764
595944360
24767810
580221792
215334
18071151
641680231
835955540
670740675
340263000
6353770
102382560
380449179
20121192
909935140
52942176
666346080
128686655
35362740
395411652
74665157
17524410
31779504
161358763
765215456
207967540
342003600
2155518
82779478
617109326
541045998
76568115
413760192
168708548
3755028
22278969
223241946
639588119
152671500
836712065
34226622
108439506
945139650
65851806
172494140
424722865
80645562
951160177
242244540
153152240
79263948
154547118
581473984
808882720
3102542
852879720
513806895
18031314
430538427
2051736
9662854
726342474
276556416
16066950
577732216
600364920
37319888
474977376
86316425
13780676
17757688
23102660
447447242
890034075
253257615
816522923
10742797
369105352
484035736
739276161
551025675
620464488
583549232
999983000
616054707
4494020
300092970
1745919
324915276
442661149
151525268
822476963
241072000
326993930
188794008
48179367
4240
9119032
721667576
7179568
603110096
181200440
89764812
328861950
510509244
563510022
542959758
85451588
494026623
811733364
547813212
7170416
829488675
323266900
2177820
227646720
60589096
139639984
153209860
801095064
141635196
11552318
14261577
126948825
504005836
430159312
3156174
860590380
114322988
158296695
126715383
8352
415859948
998810000
3557231
500202150
212704704
112863375
590130000
629486806
99281350
95578002
471364410
10938061
425939634
20897280
9241365
303773737
398672565
614914400
272625616
527806190
77636002
602232108
545517324
642849032
92703279
128077960
17820760
731436308
654891408
1104746
29142528
246928500
171465385
436800
429793617
105820988
964824245
855594368
159709956
4995666
12844788
4541454
203344601
94180449
153935
256487196
17316288
182517720
23674788
508770580
686912792
1640208
907385610
42737680
19041000
928244115
733644864
118923054
262970556
4728075
45259653
380485545
38026863
903008176
2048715
862273580
373665940
194280493
363339199
12288028
465729679
71913176
589855870
84472836
359548449
512928
401386507
325744094
240969560
974626863
276961584
79619421
244599075
827395758
7758384
572065734
38984628
230535942
124127928
106535105
43490149
89178020
307814962
275528652
441400374
56169810
863213740
444515498
714565978
19845518
287184187
1496380
34697104
61848
20986
481093173
823356182
152542930
661459560
479792043
645198426
356752809
21027200
124587188
975541688
414639927
116801357
697593008
144821065
800611592
586625078
40626675
134598510
591315790
253183528
102839153
501388975
396098288
587812540
851236750
267539410
366896928
553942740
140962682
304770625
334042395
8404500
259030259
283584465
60588012
273791100
10486836
26560584
546382011
272284760
67179232
831302205
190226556
403679298
1832992
119441086
456320816
85526
651279540
680186214
159657715
133100722
211278294
658178342
939129876
646621989
230957259
123097205
29584391
71404125
866827280
388327143
758775138
419694912
169803264
88202480
29785883
88624704
411442835
849144482
231831896
982188216
153738330
90125892
30789640
422587528
77144742
677051433
86597010
115415496
595944360
40353376
1913418
333027516
35879917
434477924
127374684
449806620
69249082
279547030
10110
795398400
617074038
349917480
998516000
408749884
171568670
814479120
404405529
910921407
174564410
62605725
803576448
767906248
147469744
468394056
154332911
79843341
6695724
294398080
397015206
959339976
375158056
138125720
386464784
393336
795655800
644370792
782527160
886814368
422315288
40405568
260806606
315684366
913205832
566500780
91568256
43396483
2921229
898882361
221153625
840675942
272717132
614909600
275295579
727062336
230205885
495141489
2265780
222739962
26360418
419050476
940168944
336650080
600670995
97760135
372174369
358715656
998130
242420976
248219400
10495272
845964288
126200872
756813289
894498
1634208
477864080
624720250
470316352
911201808
771864594
10121436
3882423
270426407
119091837
901381575
53433600
405551014
873402754
7531856
859239532
519254655
25095060
120722304
200709332
71078420
198400132
111185964
412481010
392475717
424980885
86198125
115065301
2808000
626194205
35857551
543920600
135403436
223040754
14956290
216647620
785740877
10817490
578825
506823408
31038952
269449362
3700288
37578775
602673888
331228656
421687808
407143750
211646682
565195183
583090592
9684054
58573782
183565147
654874272
260190352
641904878
127517
308396650
31983600
431520096
844808400
334718540
433002528
5707600
557625600
790172544
395385330
346035828
114914124
30710848
107749664
168770924
702550079
28882176
192292510
965195
6004532
239436498
880650847
205744110
331411014
465809593
45326487
164545170
352847936
421139344
240617000
281534490
391724982
187817106
187473664
12012242
117850539
295915052
116092248
499808475
689384486
13210503
11099838
251438589
60894272
569839304
813538638
197977920
799699670
13565705
855944396
344771420
725446215
506354576
652819890
205107539
659092707
13954906
931112696
243130896
787852390
664860578
102823269
68643675
874604319
909503984
23920575
146433294
623749632
50875752
181827620
178581528
16274336
512952230
482134360
489882022
560280327
483246504
24730964
4042360
158777628
167187150
22964734
466563869
136235110
487306899
132596800
847021596
779628650
97064508
44360684
106849005
683735932
45893540
100709950
141796242
522195060
251115741
39492200
344121862
859552605
517785228
60971248
156487499
59975971
14981772
286413948
97688241
362589192
264555535
521213820
221086800
741958588
66417624
25321176
1627488
579917205
463397314
78786810
668048936
207457404
387683336
894357529
807803108
34912823
631112736
571587264
22721160
330117170
57294946
1230820
195093186
863839112
548424412
32134400
871719982
528995520
665068291
32952462
789740672
637571282
569788864
699584472
310941838
695639385
116240
903188104
221840960
312371079
72329687
97604132
181194460
842290151
855769382
179148159
227514672
473420302
508043745
370690614
275356
364604431
568575650
512543392
3459456
607645552
746161312
97665
314440105
47608827
33266219
55589560
482073840
20700210
980912416
82177178
737064444
42012798
205563360
67182042
825993839
3701036
119490364
519581293
312219381
720224316
215696976
502415232
338997
344169420
526026600
765580190
144210418
54178320
90469430
807312788
712376
138829635
655425072
196205400
243
774661450
29352598
224055990
838077084
820119648
247322250
220954635
118188486
109240208
432056352
510864264
93801580
373011220
2425752
10353200
115954292
706962949
310289828
868998162
2369455
568447775
606918
693490566
42957684
