961
218
305
945
526
782
664
767
551
362
503
557
226
250
206
406
959
279
512
541
825
492
877
70
984
849
676
412
985
865
944
835
753
673
176
106
992
349
286
164
174
686
28
141
846
175
962
847
513
627
323
609
988
446
651
128
168
432
479
426
326
679
350
363
162
689
855
553
356
335
11
395
676
185
974
850
995
647
752
572
432
583
913
439
350
616
945
397
92
289
739
276
791
996
78
971
456
311
986
277
512
797
479
28
316
875
716
629
887
814
5
5
975
563
191
397
249
407
72
555
984
397
411
543
838
223
825
465
363
304
449
884
329
790
861
887
962
254
305
507
567
263
322
509
593
466
954
60
983
429
83
339
535
954
487
491
446
374
784
970
401
878
971
630
300
918
596
143
943
138
807
344
667
645
611
627
299
976
285
748
961
752
385
818
590
116
890
69
605
786
219
747
601
591
36
872
631
79
532
109
101
369
253
539
919
255
288
964
654
388
990
794
476
275
665
952
840
897
681
421
477
677
538
484
506
608
372
292
81
483
86
502
983
643
305
819
289
827
850
198
614
213
649
447
717
488
852
125
908
999
767
731
209
760
166
912
165
210
441
708
697
100
799
362
498
969
207
40
143
194
308
928
57
187
475
468
214
468
809
478
663
999
855
688
379
995
470
112
57
792
178
783
18
147
811
917
825
600
82
360
627
156
956
252
822
395
210
642
301
145
199
443
881
484
600
54
317
802
758
305
656
452
68
167
498
809
430
917
207
369
975
278
455
665
314
979
522
430
311
431
784
908
62
924
735
147
671
53
106
858
552
141
782
795
214
708
325
131
146
170
682
945
533
911
113
616
713
867
765
804
784
1000
801
74
565
49
588
679
428
913
520
590
468
243
5
104
854
88
796
460
333
591
732
771
759
323
723
909
764
88
915
586
54
504
271
412
430
902
414
118
131
393
727
671
63
930
377
437
393
6
658
1000
67
725
486
375
790
806
350
346
705
113
666
160
105
569
645
800
548
746
307
796
762
812
339
395
146
862
816
37
192
525
455
24
671
364
985
926
439
78
129
74
479
341
17
538
144
462
174
730
839
48
955
230
150
965
864
381
543
75
237
627
217
952
53
931
620
473
613
124
701
292
790
322
611
24
647
589
520
989
552
311
525
914
94
778
219
507
387
365
233
331
574
551
678
261
932
679
851
154
557
46
208
12
7
711
913
430
820
711
813
609
160
388
989
657
379
844
419
902
787
225
405
790
533
361
725
643
788
923
545
614
767
413
569
597
100
541
555
271
550
111
184
763
548
281
915
468
649
49
382
688
14
815
834
439
401
486
818
972
813
507
385
193
291
935
633
877
663
454
328
193
329
655
922
508
993
430
334
196
664
306
831
326
378
792
224
51
596
211
674
394
685
287
553
6
900
802
605
1000
652
455
910
649
957
458
273
904
883
424
702
431
311
84
562
643
984
622
410
631
24
900
813
890
944
664
224
542
582
959
773
338
233
61
949
495
918
548
800
551
858
507
723
55
498
183
663
972
598
795
349
619
611
35
522
526
111
921
392
877
33
48
710
805
704
957
886
108
69
547
381
951
253
649
938
92
929
739
180
384
478
290
476
372
655
639
665
325
377
60
805
211
760
406
498
137
490
893
113
25
728
196
546
68
215
796
594
664
650
486
773
784
106
263
463
816
542
811
17
575
200
672
920
598
672
80
768
896
642
604
377
196
368
452
847
192
470
35
82
519
941
482
594
701
237
447
608
664
520
554
638
466
466
122
381
563
379
725
839
129
114
531
272
776
909
476
902
131
926
602
857
728
815
481
819
131
967
522
895
821
361
285
939
956
175
423
804
246
461
458
142
734
712
719
769
712
178
70
438
450
169
701
407
717
400
921
887
348
236
365
838
238
355
414
740
531
220
602
929
738
272
433
269
137
556
349
612
545
740
495
868
279
181
48
783
698
310
824
484
632
949
908
209
807
778
168
593
262
38
474
932
764
200
938
747
821
202
896
809
776
846
577
843
16
952
496
579
293
349
460
919
926
459
504
706
729
618
23
613
775
734
66
797
871
15
581
241
203
260
712
159
992
317
867
229
482
281
913
68
382
739
579
854
488
726
23
602
744
881
418
255
335
908
28
411
816
475
1
887
193
499
918
912
525
495
381
371
672
732
340
620
56
110
379
847
577
937
55
775
26
842
231
801006
527402
320744
941835
627480
734688
917004
416807
213806
251043
94120
28970
924157
947189
612464
613989
69604
640096
175279
673048
178012
120858
79711
862957
971563
163131
363442
942319
815571
345001
393914
211849
531534
676643
755561
265589
571710
965104
5154
138938
46756
768637
462725
279909
989112
373249
39917
679647
974939
562960
744983
135886
769463
575054
947825
793602
663257
651033
465768
791686
338932
229325
47889
998810
334730
309319
53093
115072
32390
879244
265225
493497
84045
250982
61371
881889
155893
221321
696946
868576
709975
167047
603728
939422
792584
174392
284829
131420
427168
861760
795721
558771
632483
708160
315915
873350
757676
896293
992731
185964
1685
322431
128982
835886
606835
323025
360116
646493
777881
82536
246242
212434
883704
988823
713781
252107
617442
998516
923030
99332
500052
707515
351443
692032
695542
223876
323286
985467
597552
871179
81482
229666
94476
403041
580342
284873
163873
321589
908527
971374
247986
120252
312802
306312
603148
198269
108867
949596
426012
473975
152086
174785
877698
145115
224159
97901
331499
439365
713502
511317
620381
791221
60730
991314
601631
958003
881407
211200
680543
403406
347806
276189
638681
611258
363804
370924
332345
95730
888132
409178
839771
664379
951815
2998
804201
852683
153287
109170
71345
556690
715377
967252
738788
463403
663893
456362
623121
677070
557931
261416
243756
87683
640527
962888
285252
948727
806058
324248
652403
510963
725341
409133
38712
661320
610037
94643
935867
747000
279668
551650
920981
918528
735303
836527
539239
428631
823623
834667
903144
151784
18200
346034
654662
961911
293128
23343
33906
613423
40330
88013
722701
556450
291877
136062
136689
948972
670567
368110
126940
222714
567105
670872
256011
868990
335694
71648
982444
304812
826941
395060
894982
91159
11972
570006
447873
912938
290717
749658
269324
636427
641072
689934
27106
312673
900851
663728
988460
715685
35631
292737
303244
656081
81586
96797
950129
846495
850132
845044
283690
642941
951364
256731
925366
381145
615865
644626
668602
296010
901814
926180
265635
818190
704343
396469
457831
733481
912445
158591
707025
150428
356302
403961
446373
803217
542413
357531
46439
651931
137639
139417
241738
619874
843354
889903
722220
537764
166748
122662
966183
505510
269564
558336
618097
757128
424005
996284
813019
806658
321941
965192
854791
848534
136090
159918
345635
79865
856672
55700
165334
442138
128867
121628
276189
523840
355050
533873
791498
815798
887596
1392
647420
246859
363685
886585
607485
157090
332342
50041
254151
280115
106526
239082
810640
664493
952248
215210
559535
246278
206812
25442
538894
913026
79323
340276
621699
81962
273461
683301
399944
160672
818728
442689
261134
782048
642143
337785
633024
634246
26004
170047
464408
734264
745394
269376
500936
622002
684843
605957
741024
269420
911620
845455
926195
953993
556288
703087
867013
59135
556836
105196
586200
37408
185816
298887
499629
234065
904703
253256
994404
955810
879889
869656
437664
837435
29858
578376
728583
536342
310206
6511
734329
212464
34046
456842
745955
268910
697417
741676
470340
697055
476742
360072
169941
950142
765794
93393
242351
99380
191251
988030
354031
814743
696186
641637
602687
364241
716097
978466
730882
864666
554304
875473
775808
379108
178728
535913
319733
245098
57748
77485
238056
98461
839678
689391
924908
845506
698288
11963
508185
166813
429685
973307
472911
7265
497492
915769
703583
769107
251337
192830
980624
333506
54416
240954
781001
606777
614203
497659
979517
410741
186653
269838
768643
918270
27577
419894
463600
451418
762416
732860
630732
445246
208581
484292
426855
480056
156688
836109
413064
952144
145966
43317
826932
973024
776050
113950
275887
256833
50098
924573
54427
361403
413524
116256
674813
525604
923968
447269
665569
135898
294448
895032
788098
545772
418839
748501
81868
571631
169153
411589
170342
496870
769419
281690
56885
284388
243
331922
451259
746653
906545
559730
715902
790227
889111
38655
402304
482933
711520
969374
174109
519175
599823
701606
32471
342503
270912
892996
131678
16389
890840
771722
122060
293874
305213
884062
122933
744323
501742
406467
990254
300969
636017
848
632052
262993
678872
113860
6109
951851
362506
415920
238752
731171
1196
455537
967451
847453
289448
63041
69049
717033
99097
41196
34171
702645
135245
629742
159696
940548
594787
292798
133038
572907
478333
964420
236877
451680
986392
248057
290208
804753
23153
626514
270058
284396
239072
624886
426419
663711
795353
726075
130190
9055
342114
95069
259137
615906
461342
454706
737295
331492
743738
931421
158362
45452
592466
91359
364168
655691
73226
715362
454055
456986
458661
616016
446775
417224
475016
900440
478195
394420
28518
639069
305332
300418
599650
312577
55221
880282
283661
541205
370719
587096
535625
846553
197547
812202
650389
223572
925245
434729
919676
249345
613471
953200
102407
287942
929339
814101
24919
624739
186251
553046
815914
617503
393901
554227
494381
705669
931133
93717
4638
936358
21372
708254
585801
144351
639549
139896
223576
447260
557624
677155
825195
696905
747971
367799
32530
222959
401153
168394
905247
254169
948538
717833
154331
821674
139145
456005
269851
626917
632006
337593
598404
208521
453346
927426
422923
183108
857305
97367
133407
515591
628157
341314
782447
446640
549
37518
150026
112094
472011
965103
571526
485423
471090
323370
790591
975181
374016
346178
592723
144046
678717
916529
599197
448277
583874
497802
449848
679276
406007
64047
809818
490898
86772
477830
254868
93839
481193
377074
356168
733646
252886
83910
849126
336892
755176
165346
740635
46800
380059
888912
870250
865194
354534
241286
305948
475554
358081
639182
710255
968072
878950
924346
804619
464070
802542
802563
56267
366659
358578
957809
354751
7501
465903
536263
426480
471900
699057
134177
94552
829457
190969
826532
259234
43081
133361
210088
307141
52416
539501
756573
97740
671962
572710
475155
850063
847392
376847
99572
503406
601251
501008
183462
213094
442002
938079
473519
644349
187969
283586
278921
767849
235224
693268
889651
276237
109356
14739
264556
325789
249923
588459
899254
626375
744112
752455
180382
180149
813295
449010
942421
245375
822818
362235
424519
644349
218683
634099
922250
478799
883776
133301
175239
308183
668063
180563
755144
240261
999983
262338
321101
312134
247545
373387
697902
515133
663433
667228
720295
631111
179770
435487
979895
328772
438959
635072
326023
927088
926866
426998
240855
698845
103555
179510
656652
752455
552577
114608
389916
371527
167431
879288
282548
331464
691571
390301
681338
273775
531138
582602
810739
130608
266576
810071
448995
314381
799116
138537
