848
260
62
16
455
772
56
9
52
158
253
902
460
850
507
25
774
130
558
629
168
995
714
649
636
987
628
841
754
710
341
167
169
689
348
406
592
272
693
802
57
205
313
960
346
676
126
184
711
933
285
425
165
786
233
679
120
240
715
521
94
200
118
326
294
73
945
180
346
756
688
643
997
557
918
46
690
192
868
532
490
722
881
667
417
686
426
475
291
570
319
3
909
551
95
891
97
237
174
327
574
404
39
762
25
538
886
238
609
816
134
863
740
644
975
882
372
16
277
678
764
169
43
363
83
654
501
794
811
39
223
283
599
354
168
568
873
439
707
952
471
688
694
349
623
360
56
298
826
316
313
654
188
970
927
408
595
464
46
129
726
111
888
464
547
606
823
823
899
478
474
256
903
55
451
36
623
381
170
57
863
626
457
230
977
130
604
685
2
851
599
351
366
406
673
989
872
434
779
587
43
257
522
204
140
485
952
383
279
878
723
158
929
296
704
864
323
668
480
826
27
29
733
263
89
884
615
921
718
114
391
213
405
702
647
554
842
334
754
55
708
785
505
538
654
864
437
736
825
700
783
510
686
609
166
261
788
592
15
775
461
330
430
459
376
115
129
652
927
540
550
175
144
994
969
517
608
981
287
345
773
732
693
464
949
335
919
283
110
45
101
504
280
995
652
884
329
758
757
141
896
965
19
543
353
716
369
106
908
298
888
758
990
694
202
851
290
642
812
893
187
136
703
756
224
886
943
318
329
488
558
774
324
944
303
814
378
796
665
475
211
184
811
285
206
807
527
593
775
186
649
240
681
610
282
514
647
703
107
772
217
271
234
318
293
272
882
881
404
541
910
477
683
592
553
257
1001
946
749
475
879
168
147
341
50
79
749
50
123
823
382
226
785
524
971
346
482
844
959
168
565
238
542
10
944
314
54
62
284
131
547
185
288
881
638
977
275
694
142
653
455
798
448
878
94
459
350
891
565
338
562
17
962
45
819
586
317
1001
890
699
888
466
586
643
93
298
899
941
717
651
451
121
31
795
754
252
781
923
982
858
511
222
916
520
945
237
345
652
414
750
679
640
83
600
143
179
666
850
910
983
299
423
430
627
171
299
784
513
329
473
166
402
70
411
535
596
37
995
661
861
747
592
678
150
40
332
126
391
34
178
668
749
357
316
396
461
980
758
908
488
820
50
267
849
911
83
403
885
846
185
915
285
90
209
106
412
345
680
777
555
419
258
518
714
306
135
262
379
350
42
686
103
983
814
612
6
871
866
542
73
460
428
940
133
503
535
218
260
917
360
583
659
929
512
271
189
211
808
806
447
23
347
100
186
135
918
812
76
301
287
876
54
933
842
76
577
721
909
773
145
213
803
474
732
784
236
817
370
763
788
322
691
85
616
962
88
576
780
148
66
75
270
178
23
987
913
32
164
54
243
1
402
410
766
369
574
390
248
652
643
1
39
102
892
410
518
189
889
165
298
538
449
261
239
830
144
289
460
544
933
30
727
829
925
788
851
370
527
38
882
861
796
236
667
836
257
627
848
858
473
645
570
506
595
155
587
614
589
545
103
67
868
895
674
293
148
959
949
272
659
183
669
930
285
434
674
676
788
316
950
288
762
313
802
712
695
85
894
953
712
822
646
393
560
375
442
198
304
284
332
224
853
66
852
168
92
696
224
90
187
681
968
840
578
683
146
724
839
420
950
118
928
833
836
371
883
132
336
191
196
338
626
411
9
270
361
604
669
892
791
366
780
710
974
982
732
691
764
145
688
303
588
287
805
867
211
187
144
696
780
965
707
817
857
322
645
763
33
124
405
203
958
169
756
683
940
711
873
37
428
819
815
153
619
693
515
937
290
118
184
502
570
185
375
856
652
573
211
298
681
860
450
911
640
289
948
868
209
792
339
65
79
493
362
321
298
237
891
581
881008
492488
312850
644889
58522
742051
770116
472778
377974
205355
875498
950669
76128
113082
884720
800214
337384
365627
935419
612138
6752
305098
825185
965364
838942
152064
521884
679087
425305
173955
112990
585361
107223
430114
218285
229635
106529
260987
797808
722236
6780
159351
122593
838761
969817
894023
930742
657665
904253
929458
53511
991332
28809
455008
350854
237387
56051
362587
653311
556610
189018
73213
551410
634947
228296
1039
679993
961512
420589
131395
328933
871699
428148
373737
643968
368809
11814
419198
579932
325258
869789
375558
140990
275955
130633
693000
705209
930482
9697
320327
997358
860546
559334
60016
718388
306516
364296
33273
326202
24314
208030
256252
245580
119879
448106
22614
281972
480874
975683
729259
900606
924032
794285
57563
269403
26251
632310
926674
216577
946144
59617
586272
787022
321632
186258
746120
528393
53847
510998
449242
624737
97841
80027
187335
812790
629311
914784
534938
231431
492753
919956
132562
109689
615034
875248
136740
589995
489124
284351
860945
686484
810731
737331
17217
114611
967411
523978
401027
134634
532207
65824
965991
421752
242653
40091
912692
422138
5135
808271
50033
956366
250922
167111
316248
488487
29049
935693
723463
321806
981189
315624
206697
220753
261867
991554
277486
939222
916488
818309
659207
839784
978713
690555
116755
168521
833341
67597
999526
599251
606094
667258
289651
573876
23574
862820
732006
537346
320023
422038
445793
616142
457718
806812
590213
794781
544396
743656
683859
594806
938007
353673
736663
157075
897131
335328
879103
29553
659119
94452
168518
32333
168187
402739
74534
277828
65518
925466
251031
901696
70713
443877
59832
977056
916639
572820
620705
530348
783775
959298
945415
612917
800897
475532
767324
702273
73130
566274
254446
311948
485594
322341
220367
520808
242844
167087
286200
951428
942826
270754
208584
270860
941558
134319
441769
631747
83419
574125
108479
81429
597117
22840
346106
585289
232004
862
840025
509210
700662
33192
288686
119310
834943
498748
173422
429653
968740
463097
290595
226043
604532
964801
192339
624481
359949
914581
449865
287543
239303
738912
354924
65673
593715
685831
737197
138858
729659
528476
702326
958783
629444
669406
939578
479863
690275
950284
769283
341053
874184
478075
813465
577126
17825
439004
577174
877585
297976
178785
705278
507609
819522
241072
680587
299187
413985
936857
456033
927656
821948
940498
124208
270410
285984
412996
226641
22301
319690
218026
210511
434055
452859
511845
882223
580322
452172
628205
629562
956649
8734
483923
573222
448849
664746
954393
591289
756784
868299
524525
426723
492117
399257
608987
101712
821631
42630
428151
842001
339125
585467
930837
852198
878942
274868
923291
976266
760351
252019
910461
346807
913497
845987
829469
833485
578585
50733
802859
210681
610873
61558
304022
248570
63847
814371
940092
75814
731745
351017
925064
980872
159337
681156
912766
349966
580907
418075
14736
577667
444607
160125
516569
157623
803900
535392
88566
572944
168515
627021
672094
876216
27903
449883
304287
867898
218557
122436
580435
644370
972348
589450
651967
520329
783340
312321
550239
831146
911000
654340
76730
671148
169959
435436
120972
884324
742202
28074
444707
274020
566408
781133
51975
203390
925068
91987
437186
207427
573826
817351
376706
917072
624850
260595
668678
894582
749422
280883
245323
886639
717313
259607
449674
582613
517967
824111
375760
819713
602383
490472
392488
271466
261371
700332
747334
254814
407011
447206
542551
831221
200424
25584
960779
904739
247148
228589
599400
226034
12023
962178
921857
161332
437597
515051
860215
246337
315745
823252
489588
160752
660605
710082
449920
711799
129750
385170
549790
748104
889651
615562
888601
732755
995049
889537
749486
112854
347047
372651
223060
521233
827314
173511
30655
808373
910193
97412
551693
452883
679806
829272
688887
72737
920504
445543
389391
366404
879844
909268
944143
183230
833688
905820
686097
26120
905634
88183
519949
537927
729654
939568
254445
308261
87355
773641
380802
606672
650079
408332
745446
147742
346721
122641
524635
354640
24103
121118
897081
597261
280107
35798
721607
956830
137866
384669
680451
821096
247642
371267
163420
843890
875518
218828
154818
411048
557444
367207
593059
972938
165960
974515
352254
856540
609915
27912
80842
470934
320206
534375
253443
794214
869548
32171
594878
103444
102720
460558
981502
573964
996498
910598
611876
973873
577288
73043
33868
291376
782380
62266
502210
235399
534362
552197
379663
522386
537708
808211
395485
893068
849150
23817
744293
642941
386703
184253
171190
329912
862776
40112
135720
462198
559669
147492
598047
143690
852591
203420
930029
265502
21390
746024
787270
757164
347629
553941
866577
144217
106168
258427
743262
638982
20563
515632
552710
839777
746346
331035
635230
204540
116522
50397
816035
552519
46934
762157
981818
941171
455220
189584
29325
641426
666378
830205
122167
262918
63304
349633
212907
889696
103782
822181
373989
480628
454007
582880
530884
80123
618496
643168
381605
467953
100850
999379
904289
733813
226344
432257
154873
684978
974834
87602
681796
134064
531212
661903
961428
328460
974951
494016
54279
256540
409345
669815
830797
870580
861271
439179
90342
790754
878662
913422
239056
524303
347173
227731
180248
999241
338453
257151
76405
201692
121616
962135
805280
745756
932738
571506
366967
126779
213090
817128
236178
985110
972493
204656
434626
543641
503252
868332
820674
423160
276547
309410
738602
635291
829045
53119
379083
935023
980785
67121
556876
626664
126450
257839
62388
222910
799132
876474
991226
362813
91499
225675
592033
760301
632737
72704
328305
161461
989168
637478
323886
893822
245648
668344
947763
711417
148929
276286
807314
417746
548898
154608
913570
935733
478082
749518
223467
143577
30942
765747
595706
298030
167571
580938
911186
727214
145648
823326
695245
560474
536454
391131
