62678720
3628364
235776
202835815
594529552
2996616
87273
2440568
21604920
58697012
830294608
206651320
733397000
249691416
565350
606305160
14700660
302743458
374699074
24820656
991515510
512929032
399157066
379766412
972303570
373583384
717029031
562502096
500698390
115641625
24323216
26164242
463072766
121672284
166194070
339786688
68280432
472041108
656283818
3093903
41346860
95158886
928714560
119995222
435322368
13510098
30748424
505817487
878112543
74632095
181357275
23690205
634154232
51345511
442685593
12413280
54655440
516398740
268644272
7212620
37803600
12120960
104426602
81580884
4621192
903765870
29415600
120078262
564984504
461749824
388714076
996243277
299503356
858351114
1557928
468570030
35376576
767593232
277069856
235628260
526813798
787634263
422035579
175989846
458713108
182391048
219544050
80302905
314752290
100684056
20256
840886812
294750838
7611685
813208572
7841674
52961679
27727074
105173664
317255540
162014908
1143675
579349362
571000
282075014
802556520
53869872
354973920
676685952
15987540
756397062
549117740
390696768
951290925
795295872
139123908
275472
70481542
440753562
586235536
26173537
1383353
132722601
5869179
409838256
243282594
645891210
667657372
1132911
47519070
72773733
346022533
125542560
25974144
312535752
775748673
191924654
496507011
915359424
214308768
460551328
473166424
122138134
368373047
129581640
3015432
84736598
693655802
96859056
93645531
410846070
32703540
945279550
869532489
168502368
343389970
209807808
1646708
14149881
531980130
10484172
808251384
210126576
291117229
352029642
686125224
687158089
824447728
225987884
218304492
60262144
832436871
2921545
200517757
1004508
367702699
144651603
26795910
3194907
757355855
370612658
204373142
50330440
954583712
14688700
350582740
456468930
10270
738581198
346572415
123641154
134103864
166885488
431679698
980322514
773149208
188379870
618692706
335474022
1390319
61008459
269649018
40886496
17026240
231869770
915952520
146154715
71093106
784113704
529051635
21782828
872867962
82237088
493033728
759405888
103367429
424333640
228255360
692966092
636498
690693
541395266
64605424
6515957
799789276
360557280
861773253
523607962
11104968
151200873
44310390
164839455
484769610
395883772
297195516
721206680
109705640
562574480
2858625
497246808
632144800
247688360
281900164
410071734
759163968
190285532
543839232
691977825
483192500
626567562
251304030
458483984
354811317
23940022
63382284
636997924
339347424
180345
610134250
207413120
107335140
185870510
205680654
141641456
11251715
14558166
404699660
870658794
283243500
293906250
28021875
17660304
985604676
943682937
263261570
353210304
962150085
76199074
119406570
604779740
539237316
471552543
210137712
909885067
110192555
859650061
72968437
10118570
1497285
8425319
246752352
71750560
992371210
401724584
799391476
106558494
568110388
567312454
17225547
821308544
938455745
390697
287978964
124846569
517999508
135499383
9387996
839021056
85287600
808611024
568134644
981418680
475374732
38295968
738922449
79465800
384814800
669178132
816720833
32012530
16472048
488757235
565566624
48837824
805611448
896117812
99486300
105874174
234546464
300163266
606641850
103746744
898148032
88050285
673433596
142874172
649563860
420111755
219971075
43767097
30744008
666788791
74490735
41898340
663056217
274213383
340456125
609942050
31344906
397783133
54791040
447869865
357026290
72344280
258671528
396053286
487179000
9790393
597250852
45680887
67362470
51656202
99318078
81028271
68549168
791269542
790328361
162706556
283827535
842174060
224635518
451193215
339704992
296071776
60697746
1000525526
904989954
556703238
222277675
785669538
25020072
19315065
115412473
2131500
5200096
556998344
2005600
13058664
685958155
145466364
49393882
631061500
271414708
946563814
120121858
230432150
726300824
925784076
24778656
310127370
53798234
286433992
118140
897431536
95800772
2721438
3568906
73728388
15014041
292296014
31175830
77878080
788126742
381052518
953811882
69972375
474598146
17385912
408027050
202722065
652246098
196752192
781153088
7522538
206021691
122798900
813274506
310631350
111889830
305950552
303025
932963954
1493640
680708574
328437764
98887516
1000378379
810955540
481532013
808489368
211567262
331836564
387332269
7105665
83703134
827040444
891844983
521412438
400730862
200562857
12557622
753734
647424945
562300024
58320612
624122092
863681559
963216304
750962784
252442176
47265354
852559672
267826520
901901385
53570058
119618745
407328524
174605328
559084500
443598169
382750080
5610551
347959200
17530799
28901519
421118460
736590450
843273340
965127094
85975357
179904015
184949020
372943362
27246627
86317114
627903248
257633730
106050189
215319060
23852540
157780176
4358620
172290378
278859655
344063648
1032744
990073755
416140482
754421976
554424894
339734592
437234742
20147850
1226200
108997260
13668354
150601470
892534
28717096
424374388
557475457
126707868
97773560
154887876
207396063
959138740
573642272
838348228
234173144
681601220
2004550
65771979
732496824
846736238
6034432
160900571
801486090
728359470
31175275
851391030
74269575
6708060
42514780
9576252
173282668
117663285
444951200
614415858
298227030
176875822
61740174
265135710
515227398
91197180
16183665
64341960
143672457
122855950
1299564
457738988
9082849
964816466
671700590
358240932
40680
770591120
761303198
286389006
4554324
206850040
183891484
889375360
15528415
246029372
279207940
45928458
63089780
853577529
130531320
326287027
414803596
873345468
255358976
67999862
34066872
43613067
664133984
661803376
196234788
512923
120627263
8142900
31612374
16331220
856253484
668540712
4991148
87184951
77318661
779334276
2739582
879656658
724301030
4979368
321317452
526080534
840883176
603815809
18813750
44428392
658229539
216958332
539726292
629441456
52642160
677676173
137880870
580147813
636163432
101831856
469745946
6182645
363101200
931927880
6435440
320607360
619542300
19619176
3961056
4788525
66729960
28613856
491970
976308816
849116477
818688
22772712
2701782
55547127
862
158984970
169733850
589270778
136090521
317962134
150020910
56949480
407161612
389718442
1039
1152567
8910210
814839324
171275860
264696964
33790365
809879000
23263350
84027656
281043668
198354281
64029303
54167199
697220750
18208800
78278540
206937900
288800896
878473614
723090
533482051
696180936
866592725
636870268
738950532
137368790
274013123
1094742
794334492
753820998
650433888
52606760
423509649
705492040
61437392
372259305
730357808
750049872
215703609
392796615
314303700
249011202
343418530
21036600
332481496
359476738
337464016
289510540
9023006
4124386
764714944
820256760
433342234
80951798
19841472
926385369
910373802
68936496
414715949
30370680
426472782
874663140
74381295
188627684
433495232
435594120
636917548
97410476
912740050
77977152
576958968
95241831
657256644
510726856
476652545
6208655
817816896
916955634
506800888
685006302
394623958
153030663
304438960
140910000
193417874
37092330
90584704
73393268
108299064
48513248
741930017
3948912
740854896
25546752
7003776
477523512
48895840
6823260
32446557
448919967
941803984
715846320
322202632
454021518
19072418
529972344
712436850
177727200
913356600
11900300
871919104
701386833
707245132
138656427
798455399
15380904
110850432
34996930
36506568
113340864
371254934
171828825
78606
66863340
130975493
350514488
427478958
814904440
641288221
134309922
622290240
500747380
949602274
963527598
539628204
469875163
585030708
18382955
460832720
88286928
336818160
75457466
660642570
762824748
43182416
32429914
17885952
477792864
619929180
938315820
495368034
678277485
747046043
102940180
393395175
581525791
861960
13209596
165374460
39044817
924279358
26545675
564237576
452079749
888690100
504868302
776565801
1038738
183248628
680422743
675671675
20599002
365206905
471646791
261418635
884661991
79711720
12002016
30833064
245220474
314465010
31114595
140834250
745216480
403259392
316593387
43329905
85223232
448860039
752928280
199744650
845094616
383520640
78453674
907074840
765769564
42748860
643729680
114373176
3875105
5302559
238574039
131875152
101354145
83471886
53484975
813859002
324973054
