982
173
251
463
359
304
663
269
686
882
598
785
787
705
951
830
47
174
505
838
917
639
183
535
484
679
158
584
581
609
649
121
117
453
577
116
932
342
625
504
53
234
195
331
861
96
489
417
178
588
122
330
78
543
300
564
682
428
121
628
212
722
211
12
134
416
926
916
203
790
894
792
190
527
612
651
907
199
875
950
967
620
86
939
647
203
152
865
742
526
72
578
191
352
199
225
265
862
15
324
567
932
196
989
617
192
295
596
398
191
345
719
625
952
696
115
734
385
969
66
719
317
158
462
815
575
703
680
775
854
621
177
64
572
284
200
434
326
771
715
849
831
344
97
284
36
771
89
192
96
301
464
29
571
573
870
956
961
187
913
658
816
763
86
326
807
481
195
339
934
229
726
446
711
249
24
377
162
335
103
350
221
666
181
718
867
203
304
46
525
42
281
846
723
13
119
763
539
966
996
21
396
773
621
707
821
606
141
81
230
859
150
792
909
150
344
857
325
153
975
767
9
987
98
971
857
755
824
522
610
228
158
197
652
269
146
677
764
300
168
682
550
443
973
733
835
751
650
677
74
846
274
544
753
556
574
966
865
710
148
596
882
717
254
166
71
47
817
662
738
99
760
207
922
862
825
829
732
767
859
751
499
556
402
269
269
999
698
980
776
421
291
665
858
715
395
880
150
491
644
537
992
888
504
948
501
619
868
856
74
947
560
336
331
631
723
764
706
753
921
76
648
125
193
668
436
737
746
543
747
31
207
49
706
943
563
868
713
695
598
91
981
335
290
806
594
748
589
96
187
684
130
907
743
576
280
559
711
358
790
261
57
297
322
774
250
90
456
569
287
703
836
152
885
63
881
472
530
472
738
863
892
709
703
737
433
315
445
553
400
33
505
719
829
734
508
787
871
950
432
684
524
937
599
84
580
369
69
130
454
328
268
932
751
140
145
216
858
710
587
576
339
183
526
596
433
187
848
5
581
41
733
604
1001
457
165
457
259
907
931
300
305
151
234
638
606
238
76
388
489
543
337
547
930
702
2
895
339
782
600
283
856
196
422
785
498
125
267
392
528
127
152
765
894
593
710
805
868
601
931
267
281
83
301
841
199
460
806
758
620
98
346
932
83
412
342
827
668
26
840
401
49
696
910
418
898
873
511
52
476
432
260
664
234
955
121
677
219
995
801
360
896
374
297
445
147
238
26
598
62
371
317
866
24
189
811
796
294
101
172
494
573
924
519
538
122
317
889
527
940
985
499
289
827
294
378
812
282
556
331
186
58
333
617
568
406
392
122
148
521
332
826
350
234
45
551
831
687
85
673
59
999
554
233
557
475
398
543
814
903
495
840
582
150
403
134
61
481
861
110
340
919
696
950
127
777
830
911
79
303
342
413
784
169
720
199
276
889
56
586
897
814
866
215
35
886
300
988
716
798
493
792
701
815
618
717
13
95
211
732
170
614
605
265
369
228
432
421
417
717
31
36
512
912
633
187
768
255
778
954
617
419
975
63
313
699
119
544
906
436
823
563
101
894
40
689
53
299
65
886
224
790
452
996
642
415
810
328
583
662
404
376
942
588
318
104
32
673
530
625
666
164
910
580
781
462
812
408
905
378
235
833
122
410
684
367
598
909
271
304
740
331
766
529
360
15
388
77
516
868
364
39
741
477
623
657
508
14
471
244
39
468
972
193
397
890
980
15
242
807
200
119
329
785
173
10
879
577
943
180
856
630
257
634
414
656
146
640
337
528
746
797
35
792
926
357
352
504
169
44
90
338
89
325
771
904
304
731
523
283
644
156
90
617
76
721
834
230
853
138
739
592
158
637
371
59
863
396
911
54
499
970
965
994
976
72
775
386
394
492
184
161
653
932
616
868
100
790
616
979
275
48
879
25
343
378
877
594
339
222
869
482
215
456
790
1
744
652
350
170
702
47
246
465
287
797
418
741
612
856
431
104
296
24
203
430
384
661
543
865
313
758
721
87
330
151
103
357
353
303
794
192
496
292
10
654
348
993
23
223
12
916
927
757
37
659
40
485
695
129
766
522
576
946
507
427
204
447
107
839
809
327
383
49
949
858
741
396
635
515
489
357
810
950
718
458
104
658
188
244
202
310
929
767
716
680
172
711
430
775
889
279
2
175
280
840
424
261
426
328
255
595
150
391
134
969
744
180
186
619
876
503
653
603
716
221
954
612
487
522
678
803
922
253
626
491
820
220
777
689
411
970
869
322513
965866
256162
182096
145664
178080
998192
397066
926554
634404
750765
464305
352598
513060
499760
826730
777352
712166
318800
561693
970629
509470
217723
298726
713296
874142
686837
706164
742784
30527
459782
266024
602865
657700
295171
969017
59872
174148
451424
828677
495187
681559
157846
944746
244077
178603
26301
531323
992738
29669
838114
713481
110083
283601
210144
248832
291237
805117
923785
787999
838181
584100
184631
63807
693754
931418
493294
849405
39357
435822
452934
586559
250836
580714
757696
996840
195432
921394
626883
901823
430350
690507
598169
847413
326295
207018
978520
960989
368845
609817
787696
888889
405124
425216
340322
408574
721285
155312
323544
303935
959521
598346
591584
265609
274165
132059
622019
372808
623713
399051
125942
947281
933862
575496
701147
99766
48564
565438
75450
39679
850944
209854
282507
918932
210405
803575
345862
812338
20821
734738
424948
682938
377557
172158
754843
352675
557779
385037
974578
875774
499974
12934
970206
213600
242700
641130
916071
683750
537628
465930
718366
767218
106412
761324
291219
170991
698688
230499
50142
732191
163836
289643
664764
201749
309886
90155
207133
44184
302758
433806
700064
452465
705811
291344
687532
834211
880703
188596
266272
462985
719286
70739
416544
729809
5262
335006
696920
527595
154759
943652
80548
928194
275920
922727
215733
359291
192745
206630
252623
441767
526980
173622
288725
916073
190037
3578
509566
188212
773671
547937
783103
881231
641848
590642
114480
14293
675762
621136
431350
385691
80988
133444
726586
512017
229900
838707
961727
977119
871538
665767
884418
721070
641388
208087
174389
792376
543086
314230
66703
483430
660267
75226
241076
296735
583814
107093
740526
384167
725353
64615
213985
106311
551515
93296
759564
414987
816872
287528
652200
50067
79265
369659
184680
168317
372882
894830
421206
351615
166145
152548
216302
133662
601992
398842
982267
165359
52082
234625
900458
846794
55484
234680
612548
486083
935884
795431
51911
31601
927245
582295
436266
710496
543845
99882
490196
301781
197130
354011
81469
952362
519840
297530
767401
809647
381254
212089
259171
717647
275567
500967
535358
179633
739911
910668
998299
251652
878364
385219
266840
666056
59098
347557
852176
641981
127794
936288
347871
860933
195301
935250
870264
935102
396585
477479
889525
848307
79935
64569
991592
179847
51737
58239
602226
175306
400783
345346
520715
892475
7067
569584
284861
271763
181903
600370
781339
359710
98971
266946
873757
934043
546147
272998
936746
899652
493990
454182
141104
578080
392704
140334
416466
801439
25449
288903
226070
281082
449485
877511
576713
790587
589932
34857
931768
2584
410417
207542
469879
563948
721852
408088
403398
94780
617949
925202
469224
858403
568307
199758
704308
152084
526173
213849
706356
840714
241523
439022
553231
755375
903075
385012
948883
141344
29398
755337
751096
966030
214929
62767
311710
303727
309287
163754
582962
600071
868856
102516
180293
389059
707194
784292
274555
70800
541750
665825
384268
930583
113885
809735
786899
509527
468779
924714
212552
222204
322245
773341
194140
51066
30468
813088
2899
180648
899909
21971
78656
109926
279562
922237
472727
366847
671125
655248
885309
316823
565223
41953
342500
480700
768560
445341
977143
696234
85383
977942
6565
686376
667881
795221
28509
25860
181024
42018
371612
565441
434931
633625
108146
951455
589663
122466
907208
125394
997413
247524
775896
220998
39262
295904
93477
448495
134888
232268
709898
157875
875881
319368
722517
899743
318005
221089
900650
929881
29755
473968
806765
472789
121756
633551
447390
59088
300705
438750
485076
976705
81951
605580
894799
941356
323063
523626
349121
938723
626133
971294
599887
356137
181139
578229
204209
455936
696085
215285
274669
819864
145677
875563
535453
63020
548332
127128
870708
157512
943829
3331
669716
656606
238347
307922
433898
612114
860035
237364
934730
384915
746770
371823
103070
880014
34006
738333
998650
656735
973845
64673
313880
594351
646401
100215
956517
495010
524150
874799
711776
445306
26155
744234
430036
508987
986455
293498
998568
340762
639763
561864
890147
844880
411686
747563
597223
549839
651193
699868
550269
976415
897038
547869
489016
433968
359999
105487
236752
985596
799426
134168
236936
140493
223459
90097
935024
593581
226264
21316
692774
440917
401240
832600
715961
871730
673172
632038
891165
427815
517627
530475
83234
64045
984429
835855
850950
751221
380586
910903
196179
735330
592888
552437
627212
258373
275977
742443
997830
672532
899566
828568
744876
844828
93173
603299
957491
318820
628189
851293
542154
712535
988256
686965
836207
148203
468650
288286
204131
847778
777743
420860
863207
220895
228266
563144
517280
981251
513796
888669
93423
226321
605092
861402
364469
619776
663798
560757
42412
925787
930297
485986
913070
507789
99478
454527
812600
7140
937060
687514
777584
817060
831294
594893
394510
487814
750805
965805
404846
153101
705040
291821
708245
813386
822294
966869
883721
472502
254663
628648
9074
709875
794116
650916
117758
795728
373694
100624
729375
954275
309960
308702
138885
264464
903517
150455
285716
570403
654542
580732
49541
928756
411172
728485
108455
314115
884691
850729
464122
334705
71694
578949
384476
667894
239293
874963
171743
874680
654924
721243
358187
404304
976826
987733
690996
637967
878338
878189
361963
833175
415264
572518
115050
619811
581082
616953
350016
624276
222617
410555
597053
405143
816011
412559
56916
17919
118667
995699
418311
586301
985024
582168
716791
293134
483053
894856
44325
209499
902732
946366
526221
557891
536787
948816
819871
251185
371647
142464
970271
308385
37322
268474
141848
328559
200791
778452
341286
414296
120375
981962
475024
257427
383871
844855
61125
526176
997643
622519
718916
69108
891504
17988
620910
648204
985990
54405
493116
961305
429932
171357
70724
247949
383726
510454
242499
500144
303203
990282
457058
640946
693362
486333
766667
249113
981881
512911
726412
942860
517494
201642
534369
435455
817978
449208
931133
422566
373743
712534
152167
179544
668178
175817
656385
108260
5418
403720
496915
930932
477416
375689
324548
21164
105713
115345
545005
16379
817887
591990
847470
75488
759868
204045
947490
94960
312086
773770
421013
579743
16520
864911
396342
605143
600039
183970
944483
954561
798084
173781
909509
121021
482937
479889
521318
696422
264679
680433
164296
757221
941856
718478
811795
951635
319728
670904
374568
24151
931339
620828
762255
844407
668714
989922
647191
687064
276723
247867
24515
797983
912284
683014
493395
998096
765237
248607
962525
589990
957635
798331
754566
992611
309187
407974
754182
284642
615582
356453
801168
928811
178873
341257
699855
490263
892159
771248
737479
206769
825553
570990
213676
831462
838403
61907
789199
859096
624804
623701
355132
808517
304028
755238
