31061112
62527363
214973215
134156146
92333008
441595128
73104247
471646952
803416446
355746014
629129615
633627079
497596755
922727721
706283520
2076648
31256142
252988335
721854876
859284020
409564494
33323568
284257805
232266276
463714902
25958768
340449808
337405292
367409091
420684396
14248718
12879711
204495072
333638133
12751416
889384300
121071762
391333125
251879040
2760346
55543176
40292850
110787355
760883781
9116160
237202164
174435687
32155344
344896692
14940852
107100840
5885100
291475341
89259000
316891296
468422834
184617800
13956745
394502692
46157276
524595092
45639722
84804
18610590
173282304
873985654
858059336
43376228
639621130
828339276
646280712
37274010
276227050
373208004
423926643
844537631
41690301
789095125
917728500
945669914
385651780
7047786
899084049
418221447
43360800
23941824
769977155
557405982
274213268
4656456
334632522
38153778
129833440
41409313
51727500
70082960
763136358
268785
101810520
319302648
886756060
40526724
984746311
380660001
38551872
85946480
353361248
161128708
37651830
123955395
519011588
391801875
924038808
484475160
12472325
543094674
149787715
950832219
4226970
518573717
98257320
26126722
214424364
683546205
328319250
495643120
464449520
614091400
747078346
387325773
31911861
4033280
323432252
80838328
42081000
190535548
103928800
604689132
510006640
742146558
707424483
123216328
9649366
80900524
1098972
606699129
7599087
38735808
9501216
90512205
216191520
749940
322865098
326371632
782920830
933452740
938613505
36304180
854462092
434455686
686022624
588462224
7006334
103935320
670854258
228486544
39820755
119197485
891559974
53729125
529841334
200028770
506611674
61903143
527304
144947452
27759834
114330810
10888439
126687050
49384439
445006548
32924443
516447348
773775825
43411347
93608288
1950952
273375375
1666518
77759163
737321148
526694655
117962
13690950
590059183
288609167
943896954
994199232
377748
159873120
609123227
387318321
499986158
693625955
364948956
19895664
6371136
53976400
756977429
22882200
644201712
848880558
22825050
122619832
752607973
102967475
25054362
961340250
596528881
47358
979707057
9777068
953781257
752026927
577753935
697758256
268201512
369106120
52957104
26594086
40805201
425234400
71779960
20799744
457490874
591084644
89020500
29195208
468108432
301327950
197270558
958428352
540572107
718129225
569029696
423095400
460653141
5233576
737483580
75121210
296482720
573978015
307154972
327411322
943920138
770857725
504011250
21560196
354233196
804634488
515068422
63800990
28821252
4587665
2282508
689880519
440737754
549244692
9921285
584105600
44563995
868391232
762603642
699115725
705254341
538261560
599287013
756523877
570432564
246153706
306642340
164051376
71808474
72219506
997569432
486450160
970123560
617091496
179015936
84070773
444149510
753636312
510138915
158309285
800367920
22965150
238666753
413435764
286956153
988865280
816011616
251986896
915583140
248000010
384483184
776712440
749662544
5113992
911511175
312418960
115080000
108003645
398815978
527338125
591160280
498687336
573276972
866988876
5380800
419379768
15742750
39380685
447370288
192610412
547180491
563407548
294895698
564265125
815331
44490303
2502234
498551784
906510615
316233159
776685532
508037455
481886590
357139354
8501493
971466642
114321095
83730250
667825808
350841348
566401308
347311507
9098880
35536919
469884060
17376060
844796126
560357226
329770368
77273560
311798461
506350026
133491756
638728430
67643631
3244212
87168906
101145030
610840026
62208000
8396640
206537904
321611887
82520536
495128524
719739988
23997000
808066950
3954321
802298508
221782888
279625350
223020944
549718488
767111207
824844888
502145705
492906341
547431808
188903178
97614090
198176745
303227596
162057200
970134
252572720
518603915
704156745
543546084
258810760
634924055
784298918
921695700
188275104
469951776
272396160
896256429
358409254
6766032
336814120
140436234
4455261
17347720
205419110
105784264
71360896
886923820
570660868
19669020
20494880
47755224
753614004
504027580
342866700
331485696
118655424
33666510
275427276
353774276
189978750
35267452
740945936
17890
337608642
1613637
541198089
362623480
999648650
207718839
28406070
208362752
66345958
844724473
882113190
88771200
94057425
23368609
55773198
408168794
365336190
57762600
5376164
153780696
236397270
294389622
116555494
298742409
880971330
491444928
6662
829884275
117928269
624294842
359932200
79949481
749481928
40575528
180537930
628916880
245571768
15674250
71028408
156346064
277844688
16229838
23992592
593560440
827130588
349864070
504452160
664570165
780823288
360623439
883347696
70917603
78556922
6634605
90836081
732265428
41760946
211499720
666344380
581551244
385961780
9788436
124459660
887601384
6578995
170689952
121455144
701112406
448163872
661674
726525240
163597574
2453283
484578864
849979130
176064108
834072278
786267450
260368297
2690324
225047564
187890192
66931020
443472984
56411784
930721990
14358707
455737444
48662676
992840850
656716671
134844480
831661824
143678458
87060798
199088550
21412608
57714762
637390
357705062
3789750
142416141
98812070
772609694
507936
36936648
676545121
650379760
85618386
10354116
30629760
241573904
325639911
871934448
266200809
288022604
14685750
98931262
819868693
277293171
900176900
976718120
246501010
83314654
701549889
85623678
145543986
678714260
79265124
305949564
110886986
35007432
3377862
113473746
381274533
320322464
166685330
155649872
14854232
21934044
267304260
112986904
700010220
127564150
55994562
1890810
301913287
708158256
474378309
6883980
452614036
3486782
997300701
304610806
55206088
308149667
224545325
161239352
294170250
682279334
839682543
242647020
731021760
338821776
22812600
164655322
17978512
3652192
229637096
761483898
11908600
119883320
862686437
484709712
920566150
16145256
618049887
706288500
851877922
5963552
91735674
120614850
171389631
626749984
29431012
520212240
41300858
75808644
819119266
3107104
342115004
833094132
682224796
772042464
47514570
1038415
811638906
89617800
980825144
513835252
654251472
240492302
643579200
490598355
683298445
383671704
515148726
168142
8880315
45519663
537828216
29802020
375837996
364205160
70139935
140682726
52553772
188116560
178903108
175498620
515462772
810805
1096848
260897792
852948000
401037783
36043315
601423104
64171260
620830774
926614476
382423387
177055154
960956100
3900141
96775531
488382912
13552315
295851680
843424392
192239812
695336240
315706191
10410070
827653578
1492880
477321286
2751283
88256129
4147455
811640678
51131584
641747020
203167220
994103616
411771096
172833390
674406000
105696360
339477985
440776150
165808468
144484768
903868782
344744988
99813840
11056344
912288
451667125
281151750
390502500
445363524
28165852
850604300
336250940
623303604
213899070
679000084
167758176
842177615
145497870
56757905
715049699
14764562
168791260
470259576
138563419
357037694
846977112
73982458
92424512
553196620
108753029
595451632
278772420
134547480
245685
153069880
5792402
264200772
778628984
136750796
1326234
556316865
226082736
388923948
431474895
258565396
200102
221004504
60479548
1359423
219388572
956864988
39397283
160508688
822168650
968490880
247800
59066634
668742339
42028800
13623120
106287727
630806375
30945029
54180
797435832
333552160
906212627
32605020
748968328
396048240
65448391
401718250
171919296
430733536
20709808
410323200
116381602
277820928
563481402
651928466
1041425
643965696
874591258
132740811
130119968
250445160
29471741
1845932
8113950
117474266
8018633
103351625
607313616
840988488
92396240
535231621
270718921
80259083
413350112
25558416
8385570
382401792
5448744
522979513
716486064
54452960
746102040
19366092
551863030
349239744
26250910
406384979
142362346
3486192
766921347
158891040
851806864
2937870
246204105
952503140
942637090
991657142
962780080
4802616
615439900
151583744
157226094
239275836
33972104
27529551
427665372
884358956
379198512
776735008
10062400
639690650
377329568
966990607
75502625
2377968
794191443
603775
122154991
145534536
791996775
351400896
118352019
50230608
781876667
230144878
47492425
207106992
641318050
2584
561397104
426761384
128396450
29888890
491307336
2083275
60995454
217922250
82000492
651855939
175983434
556562136
370614960
749754136
187040208
11066848
86379016
511584
43148056
186576140
148105344
439409004
291932004
769439125
96806831
581689958
523743052
7241358
106769520
23452112
10865161
132677979
131179036
91870509
648596368
38715264
243170448
84575756
65650
429275790
125279652
990431109
478883
50469583
85680
857639808
875779542
580366919
1169237
437442882
1570480
233139500
482159030
17035611
595629344
270131868
332186688
909793742
257449023
183759450
43652940
200795976
11571622
724230673
672652758
104433336
147538877
2456958
916606834
755052012
556346505
159745608
402846540
262883810
236212917
133092456
674871750
918525550
517728260
209332564
11137672
432766600
36716588
60395856
42841978
95697620
879174014
597072684
513222356
464950000
30719716
506072736
186536580
612704925
820304303
76883193
5798
31473225
77257600
729839040
182291168
67435353
183195336
104870784
64418865
352234050
22568250
155064735
18074992
948185880
561603192
32584320
34350480
384343290
790793232
249079061
427876944
361842813
512628076
49961470
929048130
370347516
235190319
270020160
462097002
660302082
869316920
63461508
392634712
238619126
692758960
48975740
618280656
476096244
169561749
952424570
781797588
