114
382
577
510
835
439
97
315
269
958
97
539
136
985
171
339
665
250
390
489
97
347
183
340
950
342
993
719
722
944
753
745
889
976
63
419
817
184
815
345
294
13
783
848
632
582
973
222
59
548
736
543
145
350
875
867
958
3
515
772
228
223
511
170
256
266
516
610
844
1001
495
165
294
229
333
462
972
576
360
324
450
907
735
565
198
886
389
936
659
359
407
86
328
796
35
124
246
996
46
318
616
888
678
861
912
44
967
306
875
569
937
800
458
6
648
76428
792651
796345
428261
666324
387660
274237
806736
127339
798134
590807
84963
961028
466791
226502
162422
231395
735015
675530
40903
204942
252839
197641
695663
25391
257718
636687
764853
172379
731284
124103
153957
364453
915827
553026
189394
423297
542882
879569
83411
823535
593149
28292
348710
850864
769677
147631
951925
997616
91419
340668
297987
801589
153266
827665
836003
588713
631803
219091
575048
614954
796478
741814
747950
777903
901682
426794
411474
22387
42255
928588
301538
204068
838422
541245
724705
619694
79992
842633
711193
356579
34849
840618
31888
697278
405068
869015
407504
347116
597891
417284
700730
72739
602991
248365
469644
555839
565961
684386
484411
146046
884147
395680
770950
416555
987038
197207
134104
96274
225678
548878
525062
782462
962242
