155666528
344983107
276034950
649549005
187362566
8241411
79644285
60707382
847012826
8090867
299597221
13093264
946612580
24973866
115486452
449227450
51017000
162456450
236876979
7759224
126465191
27016473
118019440
825564250
119258820
955506306
500181697
503434716
803215616
550656852
539905225
735794185
929078800
4582557
177361443
629866150
28200944
627286755
123019755
68030130
367796
580840362
672168048
399299496
350940762
903516124
36057684
2493045
315126304
523438048
307316823
17994935
135681000
701390375
690546426
842627102
67161
282672170
567431580
43181832
38440517
277412702
22797680
52465152
58278206
285361416
375121940
660397928
998613616
259905690
21010935
66591588
45160403
100412154
216975528
890183844
341653824
145824480
88852788
192717450
758254721
515036550
332622845
30483486
714768096
160063386
786818448
439107516
142049120
169834588
6572808
97739736
595368200
1116080
11335956
48619686
983089848
1881538
81954324
381731504
731299080
464013708
685653045
764640864
1533356
871926494
75999690
698367250
336169183
789547121
611882400
213790278
152346
412573176
