327
764
370
454
85
563
116
655
999
352
336
452
440
680
904
354
982
511
920
797
687
200
110
316
228
842
511
127
843
852
111
735
908
953
212
611
909
709
435
120
413
925
845
302
722
821
616
651
699
668
923
739
863
587
491
381
230
842
487
221
457
441
344
209
423
329
190
538
545
374
466
681
405
272
289
590
810
220
446
624
578
463
31
651
506
585
75
279
811
109
849
557
779
48
724
109
653
928
157
514
226
567
69
988
143
639
886
901
923
910
616
876
847
678
503
850
577
527
570
460
770
852
615
484
331
682
554
566
216
973
306
242
334
678
568
437
596
951
94
347
606
614
423
672
448
787
259
321
17
136
473
244
67
119
280
162
476
783
262
408
2
19
312
652
71
195
439
921
345
277
712
511
628
18
876
945
16
884
870
260
550
838
591
287
943
20
412
103
737
617
378
289
96
743
951
534
104
823
52
286
940
838
558
326
720
653
817
885
309
26
901
756
287
635
786
671
75
132
147
71
788
281
972
640
135
740
72
81
714
52
190
706
722
135
93
871
680
354
206
573
988
36
984
461
984
616
81
777
873
372
898
551
916
602
121
839
870
926
181
17
567
538
358
820
505
293
604
18
538
597
332
791
67
402
687
956
175
265
386
440
54
280
581
609
635
332
267
626
776
743
613
794
641
279
430
469
138
841
562
118
184
336
620
262
665
745
704
562
651
978
405
379
918
425
720
248
145
564
157
559
225
23
459
672
998
762
750
522
130137
287975
505640
10130
640876
473141
761695
122989
550846
768050
292762
849187
228330
954468
90762
384739
94215
247180
316489
678515
865807
336950
739319
564404
973135
145566
25144
983909
208439
399982
42819
933769
725721
899005
923593
119447
270372
558847
860647
105523
849547
39923
777739
818239
101780
385188
264264
315482
563405
216810
262124
675739
764633
882692
275020
441705
18694
755177
641964
388750
169388
456671
420875
80898
462004
497860
877498
504327
728126
538562
470397
273815
403409
703949
504696
722612
968700
880261
18839
186989
216132
296030
950790
406926
77269
350297
408133
991488
967976
920870
140531
72424
80206
186172
126493
631319
29811
582780
107362
971107
465754
28583
747503
252657
440225
134033
407682
128610
139309
280084
457310
271288
987176
675377
120322
264925
920107
168630
37263
930324
927669
308343
465582
836952
75802
278370
127549
556642
702368
753042
45234
563681
945948
19438
441722
138964
208351
490886
388274
175956
62321
789966
531296
471214
295872
765699
890381
464529
677499
372897
788176
137837
18203
714581
276347
170959
687313
698050
419623
426639
452341
158556
874540
47998
148218
714194
344434
131544
988022
437287
552567
139253
209734
837823
993010
393819
695271
26265
251384
858426
780818
354553
183707
932676
967604
771125
53519
743801
998819
976765
920360
837294
773497
492843
933217
95494
350140
868734
424777
914962
961219
199584
988995
770330
625488
387010
914157
221275
530677
446750
170996
575984
403607
238670
419872
756836
700825
527360
692177
196919
564831
798600
157210
446855
85855
299778
894816
337738
585528
232069
151401
28528
18689
350687
275209
132524
45634
15305
687975
507328
630402
550180
604287
497237
958729
24166
816078
829596
393311
213636
118818
299761
60256
309333
766643
491811
168267
852655
873634
205351
858271
968077
427106
465651
208198
696493
984626
481396
636565
216231
309135
702597
545736
630008
463737
472539
831610
734158
458734
221639
65553
675888
202588
772095
240121
166275
575144
184369
462598
329510
774653
33104
100611
252872
905571
663873
958057
583331
188308
217689
394771
888132
670881
175710
729935
970534
849162
434132
751689
109075
717763
195216
565076
601343
857488
250123
109495
727689
285031
135565
236569
672969
535484
751695
856381
917232
766799
