585834436
108321940
179226034
6567865
271025948
12453992
442609045
997820181
97986240
91152768
178006188
169482720
474674000
832005440
99149736
966902732
228289250
858559640
636484200
483612963
31442000
11195800
79038868
40117968
721072802
225711255
15280894
722862384
744336168
11713053
549414705
836149960
924918902
35672604
344240455
839546037
512331908
154230555
14258160
139485794
882882900
725238995
71443838
533788318
687137592
354806144
417210276
499221606
452569332
877579170
555502605
754728020
311870752
209709046
117478683
42252610
717935510
207773193
37781939
182791774
171228834
94606880
34751475
145695582
83194888
27657540
248558152
252736665
110715220
190189978
477261825
127770210
56629856
64053671
315935560
661023180
37265360
173382500
365369472
293235584
188756766
884368
417918564
222753850
310446045
4674075
58515786
663591829
10408846
730689303
259424978
601462005
1430928
538511924
10966599
441021181
889700512
21640409
229683470
39710460
279441981
3148746
979590144
18810792
402826878
809943102
826426032
873110004
844178790
348086816
783858816
727086822
471393738
218368396
735935950
291754280
240665617
287466390
185659220
591398500
740161368
347371065
205592068
86763044
479014976
257970654
278365026
36424080
950392345
73033020
44617298
90304248
469296006
282784480
162955989
325258656
920641227
7604412
95892409
337325052
346544056
148109220
462319200
176203328
612080593
48771772
80694264
309451
17490960
198599456
45425968
2868873
13029905
59818080
22512168
200336500
605648151
51592778
134440080
20260
369322
77120160
437414412
3407858
29523195
168900421
860001249
94947105
57713227
516713352
225719942
379492236
339102
779973756
914737320
244880
794720420
763423260
50756160
255490950
711597756
318290142
62476743
912450572
483320
138823400
9348486
553994793
359575260
113309658
65987370
8242080
562329148
921233700
244203540
9798360
689092962
1937676
62007660
903545860
702095674
262481526
82366182
524250720
439448757
677779932
801430335
74197389
682890
829016407
578868444
63505925
397184880
608877258
455283565
4916475
16234548
19702851
3799849
615284584
60760911
945887220
404044160
17219115
557251080
4338432
6139962
519569946
1721408
28161420
506740678
530062076
17076555
7459158
768824732
473615240
100900974
32662536
289190808
977127060
1028988
971381184
187592886
972213648
354288704
5866344
599164125
775339236
110064384
821635876
256535682
852176784
331609292
14453087
712467893
765827070
887160782
25214929
317713
281933379
246798892
103095050
681920200
220829935
67996217
333750468
336492
248877724
328457460
87955100
623447216
3030678
124351866
482684139
928378292
24369275
53685820
119326110
170284400
2155842
60516960
306396160
340337823
400055080
87735648
54828717
376440718
597776080
561096511
345536453
627233004
408038165
58154481
150795410
196803187
17958906
714469027
265905242
12870850
25857704
92001840
361665220
52291008
449465520
567462775
503065024
265566918
432181323
962263002
128178045
113615862
856196568
148876225
525553200
46373272
19215980
276859704
21283705
263408626
38474100
578312
185164731
461874336
991023980
584181966
573474750
236122002
