444607296
933390948
722644890
373238260
316392804
1418280
18805230
388654092
302396940
237436623
589378560
698733568
11394315
758649166
312193176
949095336
63975015
148533564
538068420
42981120
152417682
9912498
45753582
12708711
714308659
130048315
746940
234979100
11516106
9615970
362772064
664546015
145437880
14212107
238334040
814052599
22563932
267188473
198400584
113325312
176925448
87342174
259603470
748425225
59914453
263758314
703860843
47499200
183027598
93404745
370832280
75069146
77166680
24427965
44320470
154832917
676301808
145306560
193661655
53944604
2909115
36175920
727954997
110814829
894238904
115063599
976923072
576400422
377611065
90372750
170799398
131895335
666455301
889298865
151033608
106387020
330127851
142370
124250786
225017376
830518780
255552096
429024694
279624506
217951356
20846304
424545
402216620
825799068
10640285
4093264
853213581
12422445
19098348
127463890
41896767
392379375
895954696
79583724
82301912
844623480
880040138
907780025
141687780
1855648
851172050
18186078
43248248
30864310
873388152
744795328
112069056
970111908
487953060
601566609
319971795
252519976
787386411
274858656
19240926
993790872
590656596
483197440
245015004
764487500
806711400
964765431
2751785
532142720
21540
175389108
332500
459941760
367622241
558959804
161490
463966422
225645606
131475544
479411244
50542830
12982248
163580256
35767339
370150200
46053154
145849374
272692175
572531560
56233870
49870314
785233536
59137500
593927950
2666874
49721256
937724832
172470037
690642975
685383115
870787814
21843764
375335467
883290352
607274360
897308250
224339472
544365276
190420395
315145135
11221100
1304304
738730008
496025880
483290368
228483552
866163520
614587662
555667153
477056437
583505862
251202762
65133820
65921232
65004500
12742523
135927060
339675768
2371863
2584804
85514320
450097080
515255325
4644834
67516995
297808005
478723986
584282959
329239782
681543034
1996616
689532264
721754822
917582938
179920674
472298370
21542592
567260960
59139750
799649922
435044995
159636764
447863175
277783388
575313048
196147188
206191856
712142199
13931170
108457972
5719991
6206830
160354744
770848320
246499029
1733365
273568505
563221512
353957121
119668512
10249008
356735570
879064500
89921781
901586040
25731494
169899144
41309840
348645968
597598434
598226922
248095099
842289
574281801
592934650
40691646
781187086
66192784
649698384
13138524
30290832
120633975
86197746
476466195
432928300
395213148
885222834
31116823
70620062
527952072
150314485
371858440
526021752
233863350
741814245
84005830
5624124
940919400
15504
323218
884098671
72504
546891094
710405475
97537375
322405056
202589980
458512110
817652176
531194752
17567970
14950690
519314432
994471140
8183215
513487588
499621833
109926
27310692
60304860
982281456
74043219
240655155
20599722
2494
6960184
261840420
384850312
556147042
298347465
94206105
35620
508035260
353444298
390183654
468135618
340962384
140764650
404079676
153542000
726404364
973808
101375856
110409264
3430158
138979053
500194899
109235280
941983607
535721615
134786380
549088368
492829596
138017495
139974492
497019880
26521416
199681580
5434944
904551368
457063164
204745545
179792448
379959778
142267305
653369682
12558986
442008300
602469974
291564826
886520901
670116660
232801470
347609061
5331648
823964418
93033360
94662540
736811118
37594062
183072422
60337116
953947280
424923240
445566240
50842250
706552266
780041488
335757279
416448048
419701230
65579640
119058180
682387870
133765018
1284294
39206584
40619403
462451288
196619228
494029782
2231026
306205752
864472602
191889501
13736616
48389124
659534064
894381254
44792568
320786788
285121100
2840420
130629972
212871758
126501687
792949950
24894142
407998062
859001344
128191310
394125844
25254242
211860976
184410864
221027848
57686784
197243478
159879958
623874825
495849090
781185314
963241938
429742540
214491000
166103156
105392456
8252577
70120218
38936313
540872622
208833240
227453384
88672955
44548215
19697440
101880018
455306241
3221040
113851002
836178659
437443650
796233988
58925500
717307378
337320945
603290318
331476960
145025496
627080813
580426308
209753388
280831455
352383808
926491451
55288089
161143917
1000405406
593586840
673630830
68761275
36552555
15338817
4992840
379720932
181742510
22718924
62360466
910134944
733410522
905818876
951444975
343454922
107982574
85560224
17769070
204199380
506325844
139872448
95278842
752457902
97703125
204128694
300198492
545242620
678057930
581682860
125396368
178161832
363744504
600795048
88377360
596582075
951672150
361142127
149010012
114185040
775641048
46704814
606208200
629957850
38154600
4474671
43779908
91511128
718210844
552407724
418934762
201371562
29628546
98285088
521327583
33898320
6298110
34495142
213598620
35159500
99692922
153815600
863023260
869809916
72608355
40628511
334488672
156560106
576837048
661260252
554800500
944957167
718494598
323938186
358022311
858815744
132778170
4294752
3933522
11785157
467133282
414857300
168232659
490437480
345071307
504311052
3522774
115581016
607796849
445087104
231392564
455544608
688420571
439647912
296839848
211292955
761423424
422214064
611152641
207875144
398569257
2732478
417292388
635774160
24107036
35821765
118133640
109771960
798889128
