546
672
967
843
610
567
30
135
621
558
503
768
832
101
869
564
973
261
393
738
210
398
93
217
107
839
373
20
499
102
91
604
805
392
111
504
901
148
527
456
354
424
303
518
859
251
523
833
224
431
315
609
283
290
159
214
401
812
392
451
238
45
193
847
349
949
357
984
762
613
310
418
377
807
945
396
340
579
10
367
487
910
516
661
541
476
144
15
635
906
95
56
927
105
137
370
209
625
949
292
296
920
941
955
390
32
925
134
211
178
936
856
352
982
705
777
573
514
889
536
138
996
769
704
508
875
900
981
43
736
4
422
14
688
609
754
10
691
487
376
702
234
108
408
193
609
218
393
535
760
245
234
888
250
770
42
234
968
419
825
821
934
148
611
941
781
950
487
741
445
565
100
29
852
710
704
488
932
783
751
701
766
513
265
267
265
107
382
587
39
41
302
678
725
59
273
555
702
767
578
817
34
824
842
958
426
695
146
760
250
894
665
406
675
538
762
453
464
837
110
343
67
70
407
880
509
31
535
756
597
362
94
601
940
309
951
166
417
208
592
774
774
511
21
761
770
207
886
268
796
108
176
363
302
701
665
627
942
179
278
732
395
610
731
497
855
302
66
970
3
14
941
6
743
835
325
576
460
686
902
736
133
115
728
996
79
724
711
9
174
252
988
281
507
143
2
77
522
616
751
555
315
5
718
597
623
694
588
390
637
400
846
22
333
348
51
387
711
345
971
737
380
744
708
385
388
710
171
457
64
952
684
463
426
614
391
798
106
669
778
553
943
807
495
591
64
906
315
316
851
198
431
252
976
658
672
235
833
886
583
652
654
266
362
818
379
29
202
207
689
454
709
37
564
931
447
109
228
804
949
216
574
550
44
374
473
369
890
161
642
928
370
626
163
472
432
482
248
454
406
783
710
886
981
661
475
412
338
79
278
201
739
466
488
305
215
140
333
683
48
354
911
665
892
250
842
585
779
580
392
787
763
468
543
596
961
243
407
1001
770
810
275
195
117
60
614
430
149
259
956
851
953
975
591
343
302
134
462
716
388
318
862
325
462
557
741
814
764
368
424
604
777
304
773
975
603
394
355
884
221
780
790
200
57
212
311
842
748
653
459
174
326
729
184
70
187
474
190
329
400
930
934
279
207
581
402
762
804
750
973
842
577
601
928
378
56
54
103
693
650
413
705
591
714
51
358
781
672
494
683
823
666
554
471
872
656
783
466
631
43
652
791
157
193
361
346
894
975432
912658
436940
770045
928542
114419
359119
118309
187440
212233
144054
44976
767420
761757
768084
591248
196578
457881
299619
909453
851909
638242
770892
377948
212484
939531
44264
172107
322852
440413
679695
132605
303018
360759
470900
290715
660132
226658
816204
84921
109032
250041
85373
204672
184466
831643
850827
575913
88669
240774
338558
139298
649054
131101
196273
371118
873700
235702
890955
654203
211334
407432
920403
595711
411623
155009
850785
67258
911478
76692
825843
917869
614297
300625
384539
441990
992808
671192
236559
668520
734636
738513
44286
1247
778229
147552
370680
998465
438718
666976
516326
371015
424658
23087
511343
321648
593570
935175
318378
668221
630324
448191
206509
558012
227523
796775
681943
212050
570169
865818
602226
968724
569619
721732
355830
332325
575712
983451
260245
213121
330576
207105
686492
417277
5168
72843
625852
106586
837143
698628
407343
5385
60298
662332
679566
300115
340751
881699
69074
354701
607800
263499
581142
448140
120206
666627
803760
299067
132090
247315
527242
935218
753331
516866
363855
173395
299565
485509
618827
663045
278165
422349
196229
760716
283160
193713
349278
446084
640019
422048
892639
156958
147593
200463
832884
14237
63995
83214
645780
47276
470306
415614
950159
739734
754641
408611
938672
395931
211253
729090
695656
85214
424762
342823
706318
344497
944535
631647
561418
128037
668385
112903
450630
999406
63546
112003
140696
444379
290731
867054
285423
873014
512796
482313
506999
118773
383855
558862
348655
434457
773224
859451
358487
932321
426877
948040
641554
381398
389453
254029
957811
229526
603649
104463
12214
301488
442215
709237
78726
474665
931274
608920
346463
90392
663860
638724
64555
187449
576617
707570
472885
393793
433082
832995
305946
592034
501165
745002
588929
735820
112211
834215
618438
170279
67105
393194
818759
155096
738022
598909
317268
634348
283312
194092
871275
207373
903499
296523
571512
857191
491284
700028
875964
58724
112815
537563
265262
441837
643619
173837
468406
933107
686360
772091
707159
557779
674074
771775
272547
710697
942446
28303
63044
245115
427911
429405
696087
363302
680537
848202
858634
126024
660700
885699
609604
328890
509705
382959
731898
83307
105670
432996
468204
641745
321613
55915
944104
820316
626298
755004
232608
920186
627807
853319
360935
674547
633412
952024
940107
877422
451560
216350
696798
369963
884272
592893
349855
463338
316204
278047
927982
553534
198605
578664
542918
378198
939727
291009
881701
796799
322307
616005
207201
118481
971179
771335
466093
484281
40109
635511
185605
204968
736058
629594
739903
780527
777560
458564
538956
997782
977405
929360
246540
135717
726895
870088
351265
970020
153635
965244
857230
757004
495256
836811
777190
721246
925648
420193
349669
450046
422657
852982
906488
429283
380543
774442
925448
723020
834815
320128
583877
784914
154934
386117
772903
57989
976074
304432
950555
682922
89973
657810
894463
63497
314818
121653
663501
825523
462048
327240
470550
970117
311812
611866
624757
316624
579868
671442
756431
518402
393992
435089
517185
312903
448858
245788
246896
867619
713344
558415
880408
893612
839824
317260
994212
741326
239305
535812
851381
291525
16149
64647
559731
715127
126647
37347
836477
239433
295344
703509
740542
139404
154622
152459
896346
460656
185050
746396
472041
797415
360496
873192
189869
266092
942296
975841
987894
661618
403163
317521
448605
60817
651020
861822
130006
12084
650140
600616
184230
215995
918069
981898
103585
964091
246988
119089
830380
400932
761365
185323
352942
822463
294248
252231
950492
702703
719592
698379
245300
504318
78503
774217
73094
536591
692132
152476
541930
774383
588171
23750
844971
872921
7124
288258
236550
144766
139427
501610
190773
489674
834202
210846
941057
153548
761777
238703
