714
46
540
366
88
183
324
438
137
14
708
81
301
211
888
919
427
565
974
571
601
423
411
282
580
243
652
491
440
735
196
632
694
415
965
381
530
532
475
357
873
757
91
608
280
631
150
535
983
340
259
900
36
849
449
482
205
46
370
349
144
827
460
175
47
811
719
36
385
921
587
561
464
1
121
311
471
698
428
111
980
664
29
601
23
887
917
75
10
1000
261
522
648
591
106
801
776
21
81
703
294
930
116
718
223
864
479
794
759
820
773
411
581
298
444
721
430
274
131
872
248
779
611
867
358
918
947
238
416
341
65
329
759
569
904
143
948
624
556
906
244
398
772
599
85
687
316
281
993
566
61
157
272
531
990
376
852
867
314
587
121
848
734
442
447
848
500
16
910
819
913
122
213
642
468
490
570
458
730
311
839
342
703
544
472
120
292
997
860
146
646
309
65
60
486
623
150
464
900
47
56
568
351
890
235
392
217
617
868
841
327
111
534
469
775
738
679
453
278
395
155
660
992
687
659
448
637
177
290
73
868
717
992
165
264
158
311
453
34
697
743
753
719
133
611
777
218
802
83
215
717
223
951
987
618
73
878
580
719
752
274
678
638
468
601
118
120
687
147
499
110
61
856
638
881
681
683
621
756
335
337
881
75
744
500
703
269
294
828
270
24
14
469
98
770
341
866
106
221
153
895
431
364
163
620
537
857
861
918
217
504
942
677
997
226
54
740
938
358
186
837
692
570
222
762
220
605
441
362
190
724
466
911
716
547
253
322
696
673
669
776
226
9
716
666
662
305
506
532
198
49
55
222
880
442
808
766
553
886
105
91
359
932
179
366
16
995
856
388
200
237
133
711
636
245
428
413
628
710
388
454
763
964
152
549
785
227
469
384
347
660
284
448
666
235
688
294
33
112
319
701
896
100
296
304
99
537
151
894
116
866
801
190
409
386
308
677
979
722
968
587
540
477
644
539
481
941
896
463
212
596
616
650
410
806
76
735
363
914
611
852
446
966
94
927
802
103
852
88
586
650
587
99
45
479
33
394
609
581
118
604
62
769
595
138
371
887
314
733
436
759
325
29
84
562
750
701
503
877
469
776
930
533
385
191
845
571
412
752
822
97
794
47
49
617
854
812
607
939
373
879
723
417
63
22
141
434
339
37
87
171
816
434
249
737
775
859
550
718
269
819
285
598
463
444
958
783
528
856
402
873
877
616
596
980
251
653
979
554
223
730
799
277
601
360
340
746
7
285
913
38
697
880
365
322
307
197
129
463
768
342
494
502
129
838
323
717
815
82
779
117
330
103
498
710
2
255
212
165
934
886
76
803
553
82
601
890
612
947
963
377
568
860
348
957
797
982
707
504
104
721
312
725
602
518
457
663
344
140
96
260
423
872
158
963
88
77
845
240
725
916
495
442
526
787
884
872
240
436
820
646
354
629
198
137
623
406
415
443
385
347
751
530
505
983
965
846
722
385
447
950
827
501
170
856
686
383
808
314
397
285
172
755
313
339
584
721
730
442
986
852
890
1000
659
840
698
421
995
831
572
624
538
170
992
428
112
635
72
795
67
450
652
349
561
884
955
742
521
293
365
602
549
58
557
473
744
214
640
480
951
203
849
305
962
966
973280
998110
789050
211915
451181
105149
179728
687999
440536
322080
256175
482574
227787
931897
946084
120375
392106
412589
381054
850168
69012
576971
908976
775855
245331
944251
466326
612712
416055
836194
243366
64489
870154
668968
702157
701946
442654
868729
130663
783728
887076
347801
46066
437278
102987
641399
563360
893225
575014
33474
430260
692828
721113
71071
20807
154724
600249
616787
718444
22900
221743
216774
270348
738059
482853
875341
97962
644191
110594
458759
755161
899183
165486
674029
769596
517708
540342
825475
425614
758369
438988
899629
973709
133901
772305
676864
113866
830802
378846
637629
568422
598928
308636
386105
631835
816827
70322
698307
923417
941677
567873
31125
196010
177558
161181
619001
745936
565949
682957
745444
638915
143334
608578
666767
117156
989259
802544
774436
612963
148030
792324
476252
521088
48904
597343
37062
485512
616204
525814
214254
64313
448472
224605
497274
13153
272925
794712
661427
168868
819197
535218
475415
815202
987915
757049
857382
364231
270967
572847
803650
875256
453555
139736
405126
866956
853872
819810
560554
390461
718681
652159
710649
764883
622144
213415
729354
635697
803152
195749
433400
556520
435679
237820
171686
659573
757791
455072
778797
99988
859549
759297
562104
259762
191392
220052
445550
948325
258583
481152
152021
247301
341599
890692
934653
331408
485887
879446
18850
715612
223569
112183
399252
302656
956250
716583
852131
313592
257834
203220
697275
567849
659385
314991
742475
495194
344887
591745
467785
300303
306852
870272
830445
179794
571161
298420
153223
752157
859333
614186
121300
272530
676670
168761
7214
209619
435959
61165
774734
422833
957233
559788
836092
592166
239995
70411
740558
954387
797733
645329
18118
838767
668488
866712
100841
309355
555188
388105
21106
526637
70829
438246
838171
481262
416133
28579
35292
898027
390729
164116
196713
639658
988618
632674
138434
524858
872296
705275
397432
332303
296781
602101
135122
151944
604136
569578
455086
897904
244772
746811
442235
306752
884974
323658
431772
728928
76744
126314
562612
802298
876672
676716
59602
42530
115877
798703
186972
580664
22054
817669
28729
387956
290670
768279
930252
537198
802002
853478
297632
81307
755888
679696
319669
738986
957149
452359
460441
587126
238824
251286
347590
54492
708154
300074
310324
188516
392942
370698
433837
181585
798201
83115
987924
30767
233114
728189
147566
707857
547146
207547
589335
826182
418675
631202
259800
235373
103782
695876
348991
470258
366611
185644
937723
743341
662086
121588
421435
891567
594720
292185
184892
757855
844128
481836
334993
416770
506169
826126
126222
1276
749985
210033
886052
340567
926670
978395
49545
242029
186101
675054
971493
109614
842026
675994
9048
399952
486049
617949
929514
502712
346575
849865
734788
388216
838883
292059
289806
342625
200956
871789
983568
870123
100515
213630
74752
850831
216760
981005
299818
677539
965670
133328
254898
210795
977560
89779
803410
509728
941378
739682
872391
946294
588716
907549
198598
194628
51907
513392
581971
46933
323408
324961
503893
409054
247252
482687
421400
403629
936711
363928
96175
768873
562325
555024
162202
628770
605100
631332
845455
260250
603140
614355
811135
5614
513969
248300
926099
98948
929127
783426
76591
770874
106001
155536
803215
296435
791868
3743
39668
876172
483835
526330
255348
444846
892367
986607
108086
774729
951559
754375
642377
111847
486860
64817
207359
759801
303555
273679
338961
615817
130972
99952
440594
580810
947284
664755
293354
46285
235800
476584
566204
720224
753491
399228
934910
554924
22396
618130
820074
533737
749185
404006
51819
500257
534015
329009
855350
73432
404042
495729
871987
650852
247226
440394
13530
795152
796472
723399
722831
167037
773742
426795
605735
442199
663488
679132
407370
621293
491160
122921
442157
251998
967901
999943
413324
183622
447777
242691
982012
891990
227212
402417
111822
992919
393022
107830
939382
173439
537163
873982
178658
145411
487291
401692
567272
951034
165127
540402
370129
183241
402242
389428
963926
332440
340783
982269
233097
268360
264826
271984
464829
67022
848254
590625
315284
881409
900135
879403
673805
312985
769220
315844
903738
431486
258766
210684
173270
3755
99963
447163
143829
514413
824048
463516
702294
544289
991218
333994
946677
888508
778794
288555
395937
893526
227593
80226
297240
775098
548897
505001
198883
143295
985892
853501
849148
992006
124530
913380
120518
791539
581579
760059
181867
884583
324569
276019
111167
549
471302
216546
694429
568328
495647
25827
808167
170914
111999
9570
602149
572772
23875
367705
576458
471474
288147
795003
688676
262520
992458
427256
79715
286999
221068
991979
815771
784316
354401
825061
897023
375812
490423
225744
91746
961680
483408
678650
321068
249904
190749
761213
153184
975082
16835
592914
916962
941947
936174
712129
5462
532472
896857
891138
15545
406008
599082
900723
346689
509834
417529
76661
918390
780901
624279
831039
26280
