1321534
277783020
124647522
7900552
31739337
96044940
181035912
18344437
100996
497127156
5947992
78199800
39451092
793183800
854901588
171757334
305327130
948392566
319638948
349528979
169915716
160589619
69725064
326148500
53472636
416572580
231493734
183064200
551238975
35590660
389440928
470983100
164313855
931871550
132088509
262692910
266136724
216165850
115456656
764898156
582036861
8751925
359780960
68692680
388580527
22204500
270175535
966847344
104295680
58996833
810650700
824400
720167646
194596600
225472370
38150705
1314634
126089710
111564481
20640096
682667825
202581240
29909950
1573278
657830485
519715489
806256
140228935
858277137
333608536
301368078
205197040
549
14712148
84879675
213061089
480695848
172914568
12339537
961384900
437831640
546650
349066810
357535
791529529
849756390
5175900
54620
999943000
60842754
254365902
409429080
335937402
11457116
642640698
608629216
276213
5756751
490909821
76023402
870641820
13013228
516012958
46837359
750581856
222024164
632398768
585093366
672460680
602007762
160479471
327312160
77409076
188972616
525557088
173738060
66497334
16547134
763223232
55445112
616865172
364976573
755841063
116195702
853293852
895941548
51537948
165331712
105244876
3874130
97920928
584123364
315751756
816979152
20491185
897086712
382488912
296912340
822239394
53940592
153669790
598960060
344433386
6775775
464903892
91578696
69470506
984279474
308067574
3022245
24291668
65278640
263232099
978035850
129677512
724908012
754525824
90606270
333341451
14677300
715820544
548159274
186258800
192326220
714038048
240918000
153120
827168160
670922343
838490070
14996362
40766496
400787118
208517400
230937980
316457160
201056504
544174120
84756830
697241721
106130808
490184325
281633152
214077960
14462160
74430216
989940243
745372320
20999034
407840472
83728803
3541980
2815980
228545388
379144094
22134900
205180336
810121500
1462875
2579696
311773496
112694868
798350470
50203050
145313616
42686721
371525933
757152928
703239154
97197480
12275934
269078862
211603889
605198275
556076358
454229272
197489427
68046616
149644170
23749565
425917140
981344928
464872290
423326443
193433856
393748810
30388422
73079420
4731641
756884716
513790011
980709056
27245955
62138472
25466598
84587024
197362587
749836
476021029
561624784
573193389
518480247
17419276
363373920
613091850
43294364
644127904
6362863
42086035
513093804
46745037
901857075
973781109
372740520
4707697
772153588
326020320
517841056
571564368
66315946
453234864
396384934
208187928
348979064
13824408
14445000
464407878
21375417
240094848
12057540
2983144
732179600
394922638
781513956
458861205
460361807
375767100
580818924
100439030
101124938
780611812
5026650
563796504
240631000
489200828
63973580
75803196
684032328
64482480
404040
78596
210333368
9796374
596825460
104636532
753553364
11429980
44411276
23437152
803734165
174609306
121008160
26438926
374564320
273723936
734776374
746449116
852938586
42534170
243852840
887314074
451401259
989480626
47639670
2142072
558237500
881140316
115869564
33025788
695082465
468856988
316363680
46033698
588496410
43754260
356547675
183514653
119969696
34148320
535025864
206276764
832089180
508824684
285035136
57484636
94083570
472675872
446527424
442935534
608172928
47614584
33795
507038264
440510382
430864024
80771930
245858822
264549768
36357156
1816038
2339150
45114840
778777120
185054350
652998936
593217976
294457016
789928362
11130105
8348886
116660999
873014652
31015330
124059726
144768
987045970
730914432
143610052
36978400
50778198
17378179
503286327
393015564
54327035
172753212
162285046
385708808
500745250
142669540
198524212
590365146
927059520
23107192
288671886
623848920
48104705
210007413
133555584
109301877
425166060
70233484
193305728
439275618
50152525
465682432
75315450
696498
12526864
92723730
486794729
806067584
10084100
76594736
79116000
9950985
271812753
22943544
802726176
12991884
753526518
642403602
33945020
158780344
141511846
83267184
450039135
957031240
530516936
942135040
333327363
277543260
218828043
404927880
276718288
224302806
886118057
805667968
204718691
40438788
341372112
369753384
413203050
159665480
647548460
5351236
550650975
120625989
844003138
362270454
724343136
190350570
938462238
9208428
866423331
643640288
10689546
724084980
7314120
331795544
411238100
332988664
9898812
1182600
220551239
686631
148069928
360629094
326877572
13673486
355584464
3212778
595770446
338898910
18646836
126733229
791195130
90478158
546771088
179888804
583837980
96453825
525422
6446496
303672204
568776750
485672428
242875059
771236431
209719447
607938576
869466300
267945496
140112280
34340654
708758115
317772920
161547672
571370352
677367456
9695344
631350688
1446049
1729308
371496317
727719874
661944024
358509375
883953942
127799125
774758511
533616657
166478076
3270141
297660
19702776
176798580
102600384
883375
6979662
28858131
666530832
176207472
55926645
554339709
603567675
738167047
289481500
515842792
63430200
669670911
71616510
342562506
203995022
187737852
914302746
620389692
259332480
730596856
155958312
764172693
768841344
369034512
340411956
958827100
56661744
417696674
954605278
295690298
46282981
542638930
638163697
67412382
346759571
118443240
103208700
565359830
26201
71222640
837186306
981426
473748112
778433040
122272445
94042998
82386520
35827799
16282638
203968168
594991872
105799410
234855010
242308874
16064370
696212076
94753342
510596493
664853365
6280462
616608881
13322322
98478600
10607661
237338832
498628740
2552
58036215
39965392
27079140
875833282
789548268
5344472
644981645
291230261
6129664
346451258
798202730
366543936
894205697
921815379
130658775
310778928
739212140
109718832
910641963
636166197
964335784
496275822
243637632
10935496
525024269
85387848
536904550
353449852
251773382
200278422
432381417
107666840
19380760
9499008
60605220
169179696
762112304
24574688
921734487
7155016
5453833
708254495
52025760
536269450
848306684
235744740
184547818
257962498
625667361
787371728
760724952
52022400
178347544
672244200
407756492
114016320
386429295
36281718
18265936
377372905
157570630
163104130
186695705
136444385
108816424
570232047
262452820
245183560
965570427
930188590
709695018
526593588
134361535
190983432
899343150
682325447
241769574
28396290
730577168
463087044
133126970
649349200
90117686
151278438
70765500
29045296
577486665
86393947
101802717
330514216
521570679
542006750
184212340
972089512
723474096
795238140
998110000
422681941
702317280
480223302
168085092
987019105
686557242
320636888
382332288
274290692
28132620
980020608
172234476
12524064
391659745
4630536
634197735
4098055
195226650
415734108
110229556
301348443
785441072
908237470
560329462
253654060
74816964
121907810
350346542
288147042
2684530
298116426
215249056
563244456
41650392
398172160
223117920
900867084
37685732
717791295
80068600
919912500
934992366
