69673000
964377576
11650320
33308379
64337312
56338200
5589172
224903200
228872
2353032
412292160
555847550
360453408
17024400
79410600
6882876
954071764
256412737
875492832
707934020
82534005
705136625
641025657
338558180
48808524
2225608
16201775
265358336
611135550
650374070
956903178
566768794
15599808
547513920
201286978
12349700
690551514
206481880
532145544
86215628
619824633
185361396
19391710
348443218
27544524
889816119
373756200
290580288
856090998
421562966
958417875
9933476
177780232
112727174
761273412
23841088
129724291
277092592
339837948
25625704
171213900
562020084
429761190
954972
30176355
42877800
870652978
683262646
661649066
539489240
259092742
485926188
3551526
476186392
329428240
759160872
235705032
7178979
216081
4658680
602318240
131272779
867686960
213162301
920185680
221048615
464160697
21493292
52092992
246466317
240076962
407232880
25320
396214180
24994320
727057281
11890500
119056716
630682600
624339560
577695239
678376143
419525316
446501220
645899049
794280600
37346946
32438060
510280120
98937422
391265567
63793504
187252384
21871356
3701170
7510448
91019808
169815227
126230124
9469722
101812152
151225404
60585640
443828315
961436840
970726575
305459910
97084064
122435932
592270644
516754700
203147154
171329730
1699833
748579650
413211330
123435985
91987534
390182936
774385489
18352026
293044122
299217058
356341326
243608584
34377400
227626587
38565758
81183104
43343342
24125288
499713495
89323328
36097203
137786076
430320
432317072
717727920
40949405
142240658
990363948
128350425
821028729
163024185
100846893
571925266
110108544
785033088
13182645
39054582
588525
4805173
69181164
46838363
347770215
496995585
93283500
54482848
10312236
313756384
606033078
197071225
109071708
614767872
59853820
176473044
802274296
165818560
19806414
