189
250
972
99
169
232
225
73
460
28
44
630
730
592
120
281
84
964
497
928
838
285
835
783
580
213
44
115
512
765
785
966
733
112
720
433
100
822
440
708
292
771
402
130
586
159
939
600
548
918
638
967
98
398
337
878
151
359
526
582
158
390
732
646
41
165
200
923
814
793
710
502
681
54
674
569
876
474
87
27
65
760
363
920
449
948
457
673
139
224
487
477
628
12
626
156
849
100
348
775
772
737
813
636
668
783
900
182
166
695
313
619
232
404
141
55
88
297
389
356
97
318
374
232
665
970
975
567
308
353
753
700
434
390
43
865
630
355
298
619
893
126
549
557
586
482
170
461
187
284
202
152
687
296
177
369
30
649
840
197
371
994
357
911
381
317
737
336
896
105
189
35
67
249
209
585
685
300
224
99
568
762
425
334
768
230
396
908
382
131
53478
667411
970660
342117
867054
469277
538730
274972
160220
157888
773218
824903
630344
145651
359525
154628
990583
839389
991172
515921
282600
761435
943286
727385
995617
583721
989701
834362
162188
468081
795319
306464
260234
483695
85346
505412
383398
668415
67294
232558
537194
882534
792524
759844
301768
23292
318129
594479
463496
277316
932561
195410
2110
224107
783847
261145
654432
866622
427885
81939
813784
277836
214389
844790
734216
117680
461098
334502
518278
14344
436543
992158
50582
141870
140885
991125
665265
446684
594613
660757
151194
346844
229148
347707
445639
803923
39531
205203
65769
206638
493767
552388
856369
361349
876153
818679
834411
632930
8003
947621
738221
173236
207865
373404
76564
943138
474749
530256
840087
828502
776018
202220
149167
203939
844475
901239
800479
632093
533778
854438
943419
16815
689689
125549
655891
354579
439010
648460
310945
8174
71719
434080
250392
206234
713548
867173
659631
101362
315208
506091
97626
295259
622927
320164
583914
361633
786548
464866
760436
155116
139284
725541
182887
497268
289593
883562
666128
326562
865410
285856
71672
488920
439307
243227
767787
327704
463697
118905
808730
404346
516121
798870
996342
197091
104164
503306
608874
308683
316094
706508
214571
82517
278692
578960
123497
751618
608091
526792
158719
