2818
858031020
867086795
869123878
23542680
79138124
134801446
722152764
688749723
100820634
245143305
66480554
8094510
311389852
663046432
309183426
793674
1683759
95328331
338406912
121661800
305776534
264668040
47068098
179982548
861181852
78866594
175079646
177530292
291192
697806658
433040026
500616204
182409057
671478528
120191215
573286560
984405585
342537
639456856
22903518
54967800
796090191
839479788
776467364
12295078
176563852
274061898
914007682
3175566
825713784
457161408
540990304
30684159
995322681
9318330
441775328
133556121
77683128
277246530
990511555
516122145
206086923
307092915
45255492
505122072
13803184
631107120
453150285
596658102
654527608
111755065
550853760
141563260
300296568
6660792
6013950
763054021
6224834
598552362
973795524
13911188
536045972
330333780
87267915
352282488
282968036
998016000
853820418
981302074
679041
94889425
10469994
116962924
10276952
183543822
978785280
925068860
550540706
250025158
115900454
687237144
85836807
176074337
735646216
423108060
211877142
678398010
303767114
755419875
154627758
66506592
744653052
462940065
69069978
2057960
54210310
171326409
42055793
21043332
314870616
943406676
237130884
480104254
559124874
2124087
884798040
551098594
361621266
920236694
105977136
410603208
242880934
97489
466711476
160218630
19182471
952711664
84831159
650630800
525410360
656029647
49856117
877826576
26243712
72828546
63638659
771857673
14819616
294141640
18271152
61634104
870262491
116552054
139724088
632637460
146916987
786440720
27395430
419848979
328466528
853730160
14028125
936786840
24572262
123756437
818443085
357799332
628322607
745680210
718777038
197735691
18667880
674286768
734794145
841009065
295919830
590349114
50701339
53919432
902215000
72794680
4922892
432093870
80787375
695767800
168531792
304212
421985345
30468438
142836740
399350112
138985952
523253384
396942453
45395712
823923740
650328435
292040154
779822952
428460944
537796980
14656875
101653805
327111528
104720360
935628144
35146257
434632052
64806448
8744325
144479019
164820660
475507776
196448154
118825252
906244867
240422400
261437752
364824846
602587540
41039479
71364570
115348525
122920368
365750617
98215706
537638941
798515070
488433600
805769475
779858472
242963688
524609680
263921220
459820740
329193088
782299553
80393306
692565974
1577590
255522865
85172015
927475
128156459
601769319
628048784
193210064
201757195
837450250
862262494
947724375
497674158
84201270
961459506
351800272
23082406
22463080
565320192
562090635
606881160
162012912
584084073
519103305
84062390
205212946
117537585
203779498
769275104
9352238
33918388
687074960
652219824
38053576
5186937
754994625
90126690
736112124
240515
199930472
318417172
206406669
11437092
278365245
73889786
547966562
637338741
189832340
847890400
29826054
107806650
102514125
844304599
131485159
411882966
236872821
789676328
70283050
221281818
15972255
40861795
871395768
347374912
54465220
853613193
125098380
92027937
447118542
5584320
703419140
106938486
229255831
106696978
956650409
319306644
793886464
31146230
75962340
110280192
86478426
234208172
232630270
2855109
20200896
732089704
54724808
1165450
64191770
701551344
12004650
474748784
563235204
170267412
179016348
115858100
235174992
532472360
343124726
950071200
253353250
23216
57168800
25366900
23957976
6383988
477869480
41728206
17720322
94902665
18896545
126684257
286325200
334724220
370045530
306334220
213185711
443141354
334472688
682905895
895708905
2537280
152942710
937921336
250593770
67739560
596749278
283088221
421166085
107429700
16826089
589209630
377081985
77260736
107648100
13547734
573351240
480289634
150309577
970533604
495165
715748888
100121015
124122720
79981720
97138098
220351472
960302862
10918848
751150392
368775289
214379835
255817081
281197551
82082590
118315652
243897305
143958552
33206615
348344271
4734378
592444210
859180700
28809759
10167900
15494025
855244434
148684029
146531952
8419288
553648506
643075200
190495803
485690382
63104400
948300600
82833520
47479971
616516162
646937133
59509010
125045244
435481200
21611030
5467781
130796112
134020116
285069317
567781922
803600820
108025400
17032680
22621830
586315080
386887697
13501008
307043121
223799000
8281840
231283435
216566770
804821226
127568
438591344
520299008
383166
886114864
30251073
230012343
864143838
866368678
147925291
4554290
51277380
560566664
609934248
24920402
359818880
875066500
2253372
97447455
857971884
511847662
257856339
918223680
214251267
295260928
324971775
575648462
67098105
31652929
319701858
710542533
248473464
1028925
335336746
951005250
1435065
232090425
414289813
999606608
399792288
624269763
763151368
503177783
106174800
102885240
61574876
561235164
43676100
971559372
992292888
26880221
3238872
116978490
43026144
383381068
340874140
74400160
46180
96407156
738899016
201417105
514221490
175587594
815153072
917783040
195430716
143477532
774366320
386485707
174983508
27826750
182908716
899199700
430214356
50461200
499358250
883347312
125912110
634596040
553520
712601870
489705
70423135
375815700
609089775
678148
39618695
38891932
972537489
373737650
220248304
268200704
528174924
131878908
33397294
11611879
47165811
750380
184280
249163950
92490096
776140430
81765954
187326624
926066600
737977488
341400520
777640883
127723224
903422421
464655444
7504446
455136704
318202612
726101376
521398757
20027216
259309866
44457590
753789166
661863184
396275460
137369310
408495030
141707830
966840463
352334312
481251708
507680992
5202531
828777950
45847632
289004004
1130480
359010648
305695754
838887678
314141370
130106528
129030750
12899952
920328084
474037209
889269933
60287235
258375900
88407180
15108
370126155
36565152
127653660
556981227
439625725
604021317
187726080
21633892
145698646
253000800
99861188
7007146
101633
608773375
568544130
2991254
255749390
34847800
248039
282125358
53940348
849652200
11794200
620112689
963962239
131929560
32196339
237046899
622812000
126485030
1468850
707361886
2654062
724052733
415610895
4786386
504683816
317037402
102163950
30173424
235077141
641502
420210
752901390
644725536
404547750
130074568
276238431
660585504
320379696
140665092
666809150
50953907
973918036
725601162
6576000
56204800
70938656
705693438
439563175
811907712
658090612
179499264
180741150
197049380
391014594
12938796
955495242
5929250
124506176
768042880
184710297
730933762
656875760
2401256
91402713
526225596
300539096
38473338
3427920
440964720
178401784
773784648
496736722
621479778
83634249
384422024
616791924
53308250
4011660
56424864
949894725
236227620
968199912
740316561
808668
670118932
346035000
545131140
46141220
43825275
78330186
987102685
429803023
572950840
689767856
641710935
279918200
339772074
345491250
425046972
360548398
788742080
392902904
77208640
151504020
99221808
467038572
591633840
110612480
861636518
401929790
87781956
169226070
164367672
316197088
392979056
894098616
917217
799829512
374125050
764703758
685339500
3916260
185946768
26906171
457483840
37515732
152822170
29512267
279193305
4556630
126608573
17985862
471053219
62100156
20513940
551004602
499838200
60180705
377718663
105763116
67399360
783397580
16897674
86800455
612386792
517875
180001406
572882310
792030360
445594856
180494100
52396032
251260416
933563652
63567657
65436406
1183884
438485856
144863244
233772506
622490400
262593496
5665165
690664800
202734720
157147518
777389862
253896588
336204910
4102555
104721398
845132618
747781372
927869695
238688670
664044975
701236062
9838700
7685734
439287260
800772300
19456376
298621009
219319204
254667336
229778448
350329770
473339250
75444
940695330
639098912
809283951
21247520
521207874
17352447
97265304
5561712
69108894
189347598
437601780
501074310
1839816
462281740
172082736
405506925
129574500
9958900
2801294
844830267
822442792
541102352
45772978
823346252
1328562
495531043
796533309
28141168
766035315
33660
454916
217821684
741687772
583297720
287463132
850721253
555251004
883014786
59783064
415583655
57480540
14023875
73964348
80042221
181682756
217719840
625909672
83716752
9054912
680390464
333282781
753995430
65932350
744109927
452973129
372262392
86429128
26683392
3308790
348140
818186065
581351264
619319820
284963107
242999154
491770800
37296100
48202640
325138806
40210100
122218014
321891440
332170010
688759767
730876008
350570430
85962320
8407144
636443778
290585715
728205000
916554660
100815549
155199492
207677485
927917945
671142346
479525298
71762548
48848980
355261332
104888862
28996200
641229580
266608656
12156144
871945648
158809980
416458526
89084800
781832828
801093600
6248
233654102
75213897
271651788
23631384
101628230
191600178
830304020
224325255
191972088
457894976
406320975
33196965
593409760
177132468
25836732
535024557
1112956
2279258
339150984
265744226
55587195
863592273
73389024
159993282
113136696
37703988
548325380
577947348
181185642
556060080
271165923
170391109
6197268
263825640
693419237
784521045
426648984
445816372
41623396
6878570
394544180
498569568
354011865
282308382
1736652
