938
1
924
929
931
168
299
383
857
837
339
517
277
90
586
824
582
21
33
331
618
365
577
540
231
449
926
298
441
444
12
842
691
726
453
826
365
770
993
13
808
166
255
897
918
886
113
443
549
958
51
909
704
752
183
999
98
697
381
296
554
995
735
483
579
228
728
124
805
703
786
818
355
758
395
572
81
75
877
77
786
988
124
748
609
315
632
559
1000
921
991
19
331
102
362
101
453
990
964
758
526
362
836
313
443
866
685
487
830
574
875
414
277
869
707
282
40
253
433
223
159
591
972
509
713
763
41
943
758
642
962
348
677
514
7
708
422
147
976
311
815
740
819
239
937
171
287
271
883
126
568
144
268
931
362
392
806
399
892
174
683
608
921
125
968
169
367
905
638
803
869
853
471
145
828
865
919
569
783
241
252
950
287
67
690
303
840
429
12
685
182
395
672
392
739
669
228
908
815
567
888
688
749
125
341
606
346
968
201
692
272
93
397
428
712
469
364
953
512
536
642
788
221
285
361
366
643
334
749
898
720
903
888
514
740
540
705
608
889
302
839
31
533
311
23
373
787
803
464
479
917
926
975
723
310
982
632
167
164
768
765
790
426
779
735
310
482
363
481
881
98
196
836
816
212
69
875
323
866
11
476
596
483
108
555
289
757
807
460
920
179
350
343
919
377
678
509
893
283
498
135
221
932
626
254
921
369
327
702
72
844
349
503
349
979
597
896
185
292
352
314
506
505
47
153
862
254
26
271
843
111
712
766
431
447
362
507
745
623
975
530
4
260
169
168
78
712
223
142
331
145
371
560
612
645
578
487
698
612
833
949
45
410
968
527
280
786
559
685
350
139
782
651
296
350
122
770
713
407
986
15
853
337
368
301
333
496
981
106
872
643
487
533
557
307
364
515
397
193
627
66
785
925
177
100
131
922
403
399
92
758
810
461
718
270
975
308
231
797
811
263
369
693
161
71
376
382
559
769
902
350
140
165
780
659
122
579
500
92
505
490
902
7
694
736
14
944
181
503
927
929
401
65
242
764
792
169
640
935
43
333
924
731
533
960
487
569
603
773
279
187
597
849
524
25
613
975
29
505
679
1001
672
801
877
727
348
344
268
764
225
987
996
173
52
362
224
658
620
289
5
332
867
479
733
442
904
960
468
396
884
659
441
175
453
950
689
240
725
942
370
806
16
851
15
283
650
791
19
215
214
987
650
496
544
743
378
194
109
231
20
10
525
328
886
306
456
964
866
620
887
372
951
708
86
704
596
858
737
152
534
226
874
823
669
390
677
395
983
632
714
728
69
910
229
562
26
639
577
918
590
376
375
117
962
711
947
265
534
318
3
645
208
372
761
695
789
456
161
398
530
337
82
7
791
770
49
533
200
11
558
252
920
110
799
983
378
189
509
800
371
29
847
46
857
681
66
728
594
342
181
507
18
14
873
811
675
376
553
822
598
394
826
241
988
858
80
256
284
846
695
904
821
448
450
470
666
117
978
74
368
880
453
862
820
44
327
741
572
213
54
696
446
884
722
799
309
658
797
250
60
257
975
508
984
867
21
826
625
755
230
225
297
995
689
770
838
809
556
618
625
686
641
892
668
296
410
336
708
784
352
926
674
316
430
427
593
668
948
23
899
650
878
834
60
456
173
704
212
410
179
555
65
371
142
709
268
155
758
725
265
651
348
280
890
139
315
794
15
449
770
894
701
450
246
528
966
271
274
26
694
398
506
800
538
73
839
480
418
887
531
614
61
346
919
871
965
510
825
843
100
86
695
900
148
571
494
532
503
630
710
6
970
808
903
160
737
141
333
72
282
459
693
726
36
706
434
675
375
100
47
919
908
752
229
908
27
721
897
176
879
5
14
492
868
778
561
921
759
942
264
681
260
125
289
301
452
492
802
309
96
832
611
874
275
869
703
648
314
172
53
13
905
776
798
559
514
720
212
232
603
218
366
598
610
837
862
630
313
92
807
565
860
959
339
414
485
965
826
713
286
235
636
346
178
809
543
112
932
420
682
320
889
900
2
506
291
549
168
341
462
910
501
462
704
675
193
785
444
171
747
26
43
618
542
255
927
288
422
359
212
757
774
451
760
549
431
77
540
839
891
687
701
223
82
668
724
635
558
34
913250
265921
32494
77246
856283
219552
314803
782128
128744
687283
98387
821860
701530
12574
442727
279519
290383
253758
817777
268940
870184
610295
95085
939039
846750
849473
456816
901718
24266
931169
307566
932194
649377
71733
51023
842646
876005
278010
49485
693849
38508
240712
42806
985347
420495
619602
734759
976139
177849
915135
281982
731556
123067
339020
441973
459585
102647
892263
435066
174857
974432
200614
529990
18224
416401
151092
835138
573523
124791
402669
842652
286675
852248
397459
799289
130493
826483
67255
834153
308019
366077
215560
358388
556079
881660
372737
140135
858090
258467
898128
281431
323795
614841
461767
407778
814356
229978
363978
273865
315144
77605
878219
295303
343583
44825
557499
419254
40325
749740
803632
546524
5036
145398
253640
45534
812521
928605
919293
70102
159010
905774
271617
533733
596335
706928
136970
529802
297095
373497
968927
369311
923535
277041
666719
18428
546935
764705
983561
298030
539788
244929
768204
70066
414719
428201
749164
889747
587083
396788
541436
13927
61046
395339
975390
710868
533897
880495
286715
631824
460654
998608
850014
967755
396504
419821
921620
5804
410804
398947
80484
399843
266203
770025
776090
457987
934974
184895
338876
279030
727043
60747
263738
73476
94322
298105
132797
168358
719402
632555
167409
845689
422364
724340
110664
180626
488566
488743
885940
89939
622763
708056
590635
397006
969789
500445
904073
689432
291706
731658
998016
509963
393549
132348
504843
198489
773892
636921
208603
420022
51807
474186
552786
817347
411680
333320
368943
978902
801572
884240
37794
852168
804208
936848
349020
749787
474598
738369
923693
938280
82200
340930
506419
250402
340303
744694
308644
2818
697364
226270
83885
654790
341263
297406
886034
771268
447598
62286
478148
751686
401742
80186
674022
478698
57697
512412
465711
825466
927597
421205
579235
949971
874131
174239
236870
99589
240002
780436
561832
540241
101679
726919
121662
80125
248845
379665
472761
62430
769625
956682
261016
499527
418866
926833
241927
354556
472531
479405
991345
603390
90020
617676
580213
932582
395673
878179
239754
213966
933355
271169
871485
753465
211427
166704
439941
560814
788654
996278
51078
587109
240096
188591
186652
754635
325043
870961
108537
194116
483783
616037
856908
744003
509773
578178
979083
374878
870073
137102
465876
563273
95431
477360
415524
204181
50890
794976
275409
659659
66861
801068
765553
490992
726307
234829
692129
812928
465369
722028
784910
522979
787340
633570
723866
547584
884296
666782
733726
417587
759107
499202
130321
955740
112225
479830
407749
588292
545471
505601
34525
875322
63480
717809
494812
828749
212992
887503
167673
77560
568263
937383
514311
656293
887997
126661
153472
444341
683015
442520
844869
623807
249784
807275
21865
150100
238259
599330
847884
770119
635656
678380
255932
738338
547042
547565
82232
529942
185699
362616
333929
229757
549793
238819
984314
483850
610255
147458
187122
906769
633824
632465
344082
610147
338332
913821
134372
51449
778113
51106
14519
375951
207770
553656
275557
337290
714728
142607
9236
880222
337211
946526
927058
556461
550762
988672
255674
995489
425753
367248
862430
538280
819815
831834
108150
930493
557491
117616
879977
849292
676449
303147
443966
278390
621032
205541
474165
821750
175925
203758
403772
219880
943142
931599
667848
118275
475510
346028
910745
172151
164873
488092
266625
53006
444257
181738
260145
961573
362317
800156
759223
392848
847951
534852
304532
81846
59602
972616
943845
296324
688346
879452
558587
493927
30015
632068
257440
535752
970583
27369
928844
935900
250918
91514
778515
533216
215452
26349
260840
518912
400894
918721
549797
192081
594929
575577
49206
270928
890104
730407
121566
427343
487757
631976
557409
777822
966422
573714
358754
493016
54574
412522
673358
823112
302663
985747
373031
226451
718020
455777
801013
837370
554912
938681
719551
348767
166626
736094
234567
363927
490303
94025
773546
862695
652228
26780
548788
505929
746702
735294
804668
306414
368891
798320
214049
207868
413223
531243
6732
298875
707461
600751
977171
462001
933538
265720
744612
110256
343342
345943
562217
52404
155136
56384
264653
593337
22549
635972
170351
514242
836917
140663
601957
524994
907405
710156
132348
822891
646501
217989
457281
811282
131758
319525
35639
313296
535514
731907
400668
272769
72521
267209
919622
889215
303917
793920
314240
912422
568819
121051
797703
231717
688632
103008
833435
385095
468017
862851
538925
320050
35739
961523
50650
196715
631460
475872
761517
716231
335848
401098
582646
357018
664391
654795
77011
708932
822054
112187
155527
858532
520070
586473
550646
689554
707202
401953
790964
184450
213233
199104
108806
426681
111316
983943
789763
401647
106531
908376
155377
501559
175794
555573
744092
101752
227499
105899
959615
861411
782469
248350
734601
804903
984356
996319
511295
690185
405174
873184
532443
594271
624404
937736
400852
688001
245067
478025
644595
930002
956483
462862
472692
954079
732798
294059
556646
179498
132032
351962
985623
823200
368213
544541
288001
706263
89369
626686
876374
25351
214270
117255
465015
211890
542420
398564
292088
380312
254823
673618
378119
62266
134230
490126
976989
863337
574479
614713
972025
440205
321967
515062
950939
934761
849476
649835
157445
3124
606504
184273
167133
65271
892325
532776
889688
935564
539202
644343
966558
107220
862459
159893
437753
302660
352229
854479
469575
35692
534257
710014
297391
379131
341467
666675
423658
890910
588178
326443
928541
210379
400004
214430
626223
792620
110588
343155
726720
395052
173053
754706
384936
791407
172055
33011
671165
306942
412679
118313
91382
688770
744528
764637
305100
200208
992063
607497
350838
990214
298725
517855
32647
839096
628400
479957
348886
39879
447755
853883
444049
329291
475333
828295
797949
949700
323145
755936
822879
221079
267370
210255
126883
274640
172005
275252
194779
111047
974251
138218
131462
347862
875980
176961
530385
112191
240495
904357
672546
369522
262443
137973
41157
914466
980633
776111
876709
199882
634873
846272
227097
628081
292635
75173
361612
264676
793215
75399
584228
506204
779363
650419
872776
87261
162767
397257
531382
525418
876426
274239
753958
270661
323102
503450
562478
169267
574981
926960
956024
277791
219550
299085
80842
320167
356439
485599
896217
592340
85453
700202
37519
473587
693247
162900
463856
659197
960650
573839
783984
530299
400484
345532
43480
305722
34595
529211
233720
610643
463663
832208
350541
702207
716639
956587
503051
