145
215
643
801
401
769
853
619
342
837
665
977
755
22
184
301
927
545
102
358
487
736
918
631
553
321
964
612
559
69
357
309
530
157
995
890
670
412
111
29
866
845
971
45
526
486
371
760
299
287
231
630
914
700
481
935
138
856
154
319
477
118
159
348
390
703
898
549
213
327
873
548
327
525
598
558
719
136
463
791
491
745
672
747
206
440
105
615
737
901
164
381
754
477
336
324
12
512
739
860
536
960
431
283
306
967
921
659
354
704
403
782
343
433
192
342
486
671
447
702
272
750
451
688
298
299
311
159
280
523
835
690
655
655
975
392
544
174
117
903
60
594
794
114
601
708
660494
115541
916405
309388
783907
687333
728092
620769
140979
352218
683662
689758
536474
883446
612562
43672
256115
30706
232081
962528
756340
569103
346900
816494
605617
806308
335467
678401
763936
527457
421713
445394
643326
325377
133483
372900
368682
75745
430848
594094
794242
411568
207428
179822
519149
913986
67290
415486
121557
579420
300018
683153
112639
18608
782159
72835
454997
695778
49543
630520
173215
937706
75175
974955
802557
252095
750375
851347
984348
342532
933018
822127
891434
599914
284090
290800
349006
65885
171708
342595
802785
95551
205694
241456
59
795611
97852
39488
102746
846285
360930
976049
235416
559728
847275
75113
279838
134279
353274
204760
246931
152780
175568
346927
315022
361663
566233
652959
113574
868760
121252
927936
431174
578032
109667
325831
4890
384899
80387
392596
623194
253984
810137
373045
351410
492088
721112
604098
886303
574577
815853
168818
754980
567392
772932
530907
190289
838159
699535
528253
188385
742669
536654
688077
551617
