28869985
385744702
637284411
137380595
594384708
691046861
357801808
87591330
671931045
412811385
953599873
571036700
107580
21259544
57276989
847265022
287464065
5053386
112777876
200433616
512092608
813626154
374873314
296670122
75568536
899429352
348291036
308353903
3013368
110451516
63559446
241148410
15362764
979426260
753193650
417539980
142933924
7469190
539632
711961982
681330260
934614688
1381770
234277244
190801656
120714867
580591360
56327115
49712705
32566149
365034600
807469644
474880700
179434645
856838675
11093406
698370168
14714854
74033839
175861314
8870650
17437053
101198400
130832130
480614386
760852950
291467943
28431879
82435065
731712807
289482644
80746437
226366350
338607334
299452932
495936002
10301320
167449969
620070437
204003626
542428540
432315072
554773743
25040742
154975920
6917925
353364855
515557295
767063647
18472796
124141611
569254920
177873300
85338624
78231744
708
215917056
532901768
702184840
263759168
890818560
150421586
48593364
62656560
906761702
821010714
403678358
106206372
483882432
139800700
611648338
97442870
152160530
23280384
95704596
187060914
423078920
157913478
479573406
41556160
562781250
162779430
449235792
52319264
53766778
64510108
16336614
47269040
225333504
670135095
455740860
395684190
396679135
950581125
134272544
282417056
19761876
8788221
784490280
2369280
332478432
630628148
8303190
341002592
487158516
