794
23
752
298
906
212
184
887
934
751
368
216
707
633
308
382
814
450
317
388
180
21
566
993
143
13
188
516
873
991
743
507
675
436
27
168
835
840
926
404
130
351
736
322
561
378
201
586
925
983
877
984
590
20
492
242
812
981
685
623
244
189
372
621
648
717
1000
215
377
28
485
292
178
149
677
478
68
870
569
662
49
856
641
124
207
129
646
167
224
348
671
12
495
48
698
543
623
452
571
834
155
591
690
73
999
243
554
593
951
251
519
999
644
285
829
576
841
266
469
211
616
139
993
869
814
14
749
808
715
332
3
874
361
420
455
701
214
862
492
494
785
699
922
173
154
89
64
575
832
895
514
10
89
266
129
392
519
95
252
800
660
785
586
885
392
340
261
720
530
714
229
399
136
135
600
540
272
715
125
902
462
795
119
934
936
410
328
298
123
898
667
334
656
754
684
200
875
671
859
840
464
125
806
639
134
559
347
484
676
353
664
137
463
880
803
446
704
689
721
519
203
179
122
184
812
175
113
461
413
976
949
163
510
79
290
952
884
9
787
45
503
525
93
579
113
313
435
497
83
53
100
418
612
329
888
799
304
511
759
605
220
523
987
645
198
84
284
557
243
917
49
754
750
56
130
514
527
395
176
898
917
171
877
687
821
587
561
602
430
653
738
993
826
128
296
897
323
800
57
122
795
253
570
504
176
843
523
897
145
916
75
66
324
793
806
482
180
790
178
36
658
804
236
739
647
181
110
836
601
485
664
187
734
239
188
812
935
479
498
951
533
80
363
52
19
724
610
228
411
663
86
565
427
332
553
463
857
275
292
989
287
871
192
131
609
616
878
38
901
554
259
595
309
50
202
784
838
176
959
698
289
800
212
392
568
443
881
865
260
261
543
370
160
676
918
492
615
930
529
399
617
181
645
716
912
504
167
946
790
359
176
186
338
417
951
80
420
1001
469
637
61
213
120
211
803
301
425
678
24
118
197
137
158
802
806
220
424
439
443
651
80
26
256
823
904
592
555
352
920
975
179
370
151
492
367
441
93
545
461
467
621
644
169
176
325
257
792
938
759
981
972
173
460
717
7
617
720
980
364
884
332
206
587
84
79
623
318
383
890
602
260
213
98
660
973
23
331
822
155
426
817
777
772
943
626
7
367
331
47
361
495
149
177
260
695
767
724
222
240
249
115
736
297
916
327
890
640
71
351
120
706
443
497
873
952
533
764
346
886
671
765
994
223
370
711
315
268
616
976
461
993
10
291
517
133
284
979
353
43
570
71
273
817
601
762
982
505
743
572
698
64
130
527
676
222
189
28
579
116
701
165
8
958
634
7
412
533
840
244
220
810
31
292
424
3
630
922
23
458
671
302
382
439
86
155
182
115
315
814
764
419
169
732
507
373
78
569
34
772
326
556
764
379
275
382
282
744
866
513
830
835
757
668
759
811
933
22
448
756
959
422
999
218
171
218
895
711
853
844
33
645
186
988
99
78
349
133
608
987
655
300
363
195
108
99
110
163
997
887
504
199
300
371
210
152
963
352
466
321
47
833
482
410
49
939
86
135
122
450
441
572
194
415
22
869
78
340
81
199
258
60
880
894
414
521
76
92
915
492
199
68
757
572
723
782
584
176
571
271
965
267
464
47
261
257
366
312
982
984
570
534
4
330
424
304
871
244
745
820
416
635
274
560
73
920
496
665
19
711
822
752
467
453
961
28
191
960
184
106
61
421
810
398
299
353
28
785
321
617
197
917
318
683
723
901
231
971
71
883
17
460
229
399
375
381
451
255
493
831
179
102
96
860
596
555
772512
551531
189938
408664
696885
250836
555558
562388
704625
19721
994837
720570
558222
269766
327198
341015
307565
202224
873031
99906
635652
741483
361499
832953
564048
202677
111697
977269
290977
393955
33480
433675
458083
267023
112869
157707
418695
445565
143603
18106
858532
542364
996388
61576
798994
915260
702338
291212
445738
25986
515013
271417
539641
30850
559782
978123
409953
737179
944529
352437
106555
791286
941834
83670
238904
872640
844017
78595
885213
409820
530114
362443
631644
90457
373538
116595
355716
964208
511911
813633
173633
424374
162390
481138
878371
391733
362794
2086
109791
294927
337907
448758
404641
867074
766997
554080
986341
803197
435850
865799
724859
231089
93625
277163
501467
544568
811667
547213
253492
510392
585
777411
932064
144177
297851
504009
175846
89038
419604
762142
452459
812458
91514
11962
126624
372410
168401
269208
252396
91976
582671
954742
978030
82231
870128
744361
547430
924968
580560
627942
331754
260693
681856
648248
901401
191281
948830
427496
565406
299097
521510
602638
952227
547793
572863
856591
418286
485728
655033
51553
658011
53363
950147
293785
951597
573087
395331
145220
188652
943936
413407
305175
421401
393759
917567
466648
76832
316796
672770
468124
462237
945938
237394
791001
505992
879582
546460
654577
256952
613859
434158
148790
458173
310754
389027
160050
538983
829422
171592
333068
983573
347282
879483
273146
448614
673595
560835
813650
889180
950922
702457
663778
461875
500625
737501
876195
169398
953470
384567
219824
714055
630537
764114
600289
373947
96486
243453
8731
778083
469915
470517
186748
20170
941883
274542
672694
518710
658152
744186
946698
228609
491628
580000
59081
126261
624266
860908
473611
760505
607878
648979
112019
439044
582442
258770
559474
618355
769856
126081
854531
897392
794612
805833
262071
479192
564732
624834
347865
328738
70132
212861
557901
460355
844032
221281
336700
707349
163284
887185
558759
188835
777352
798073
405218
771881
778839
576599
561073
78129
320364
506598
605267
981401
772869
802313
238321
808066
73628
281659
101428
123937
388349
444753
114103
443095
822182
986775
825069
383320
183536
865224
329123
48860
318808
598596
904157
283001
840316
368423
329496
273482
51294
723708
624354
625122
203570
716308
599996
243282
303593
418218
206784
561805
845211
771504
942032
707340
745166
327871
744878
21365
379006
979594
715093
839078
301173
204454
277009
903221
264217
919756
844506
81125
50247
844776
707438
31585
78491
914238
575213
943932
933642
741404
948713
716526
690841
300018
252565
837258
54465
926450
932200
32061
647132
911287
664780
198522
365171
991179
201352
472106
682761
300987
359186
860702
721683
51303
81354
415553
585978
137709
533304
800924
360388
496923
494649
830557
110021
187459
184465
327781
536683
884609
435625
700488
916905
52522
627018
304770
868933
831096
728007
933721
273428
875856
129198
233200
622736
249355
340194
761763
711189
706753
146206
520097
355446
635566
904410
864793
979173
90214
92980
150797
226614
138982
880168
319810
884678
613465
978128
494253
615921
712180
394964
544252
563100
144918
357106
314843
222947
976280
54792
237597
395647
93122
682671
756846
436834
7556
570045
48424
296318
847320
57913
908021
41345
582906
778168
19147
968107
904003
88666
303651
712612
182847
62275
111204
830044
778696
245597
306304
632621
56056
924481
868864
696317
321585
708729
16270
481457
414308
67373
589167
360790
657446
531201
86287
347128
339841
968721
294597
939808
867442
899430
500926
920859
537570
912984
575824
342711
161213
786733
740453
558266
985197
72224
575759
475868
718516
156328
316397
704773
495059
506115
748395
417581
996711
700350
8034
998958
86152
77646
20510
998809
33126
391422
844473
269518
133342
409962
578756
581174
84843
239097
897309
77720
643865
232628
311007
780790
451518
539671
565562
947424
585020
671976
468092
278142
530014
23441
19086
354805
620663
464274
725984
296360
186389
621642
90232
649745
776252
532075
187707
420589
593461
205682
920964
672718
157176
144708
11606
240538
58248
165681
61286
368781
276384
372368
531813
454580
937542
697294
258018
260418
768231
626125
674393
345169
970190
318405
268942
159585
324025
502701
622484
841686
70788
881199
186403
590549
793100
798902
932989
665524
918426
357661
592249
79635
379479
407212
455704
405799
295377
670855
326500
263337
11552
251632
183818
9861
107543
361127
781855
452439
867014
822341
98216
504090
33276
630560
607331
677428
471965
182424
942366
792241
657633
849302
144595
79655
893462
560804
964461
141435
680412
493170
337764
703290
119551
491182
889142
822036
755316
888362
302010
657741
21936
513435
430864
487457
172854
314482
92034
626358
36358
202676
482
233999
847633
996879
130295
459473
610694
971395
464939
824020
39147
916036
427627
733566
386742
654716
192461
350882
753602
436161
256241
566131
639949
191147
509869
68350
799948
600666
618154
137284
65832
861405
614231
64034
368850
988142
944175
36656
889770
148798
710296
946858
659949
952239
177477
294377
758068
681430
86068
728686
674044
101847
476492
7575
556182
246661
966442
125276
887189
911184
703198
630066
342382
206514
353293
69283
383377
476895
677074
403925
952090
879856
199106
810989
290961
310721
259408
499029
905302
487727
957889
729226
892135
240009
542377
697673
714725
249948
250778
386549
482106
873547
889988
529408
174248
709171
651178
850351
322562
691031
274036
937353
641541
168812
374550
128655
543660
831096
632365
291554
79314
565186
345506
26317
229766
427362
683030
827130
