539143
570067136
97505004
829225560
53543780
39166424
792500794
875664228
567242316
145346752
55894320
502810623
409634556
104031312
157921474
676512144
212447700
108639387
162268584
36481860
430710
327575896
981225006
22476168
211510
42978492
281973360
767788659
974720843
553060223
273597987
466317675
201377500
865647
30647232
710043085
721166880
864552492
172761308
18067660
131111838
542800736
112012530
323000799
154911960
48934053
354686462
863014825
960655427
772811523
962473032
360309460
403400
251860212
66439164
673490664
951756390
481101530
398688227
67866648
43675821
150741096
392698665
430128144
515175972
998809000
55473870
154066328
1018024
245465775
93546288
35336916
23778165
472068038
239701226
4813584
761994720
330338640
445919890
2684808
742163984
419672956
15953220
51739236
17709636
425166192
29366282
60302592
129584064
458132631
143544
258147450
2561424
493313594
305376684
395957618
215374384
334593438
706925922
25680555
362557815
485270100
5668158
995391612
67313187
313234924
364238983
900309798
73031211
284304567
995882121
423395224
90173145
700068117
344791296
724441605
80112018
234934294
52926396
386243088
21729592
978300621
759112343
676073398
253484
560547855
664205088
512160220
119782280
1755
768994144
139544189
188417880
218032360
496819029
54987728
749020246
252610020
256927918
620935785
494436951
859488400
32245297
25145736
8050673
4374400
341240075
703215552
809082685
279745528
116060
8030648
80334660
17764461
164484768
284116170
8833100
73326204
642557600
443993880
613756175
353145868
787446450
164128440
124158140
78557607
519611760
296521220
510313650
61776414
170517438
20235440
19604700
371013000
303374700
83007600
511291495
16286875
823511568
226926084
635127090
13874805
877780672
881602488
177806750
116674848
97678738
15574752
812961196
453834804
121055962
440816256
574369302
479133792
48656400
770147000
457525376
745132678
723162720
229517136
16149750
655788198
416102742
19419012
320355633
127990950
244900128
471094260
133956087
449577136
20659189
227623764
780722800
648876998
209850582
499256384
484503422
522623339
286244589
50072183
35639974
15403842
38048256
669956028
32680900
12566052
224717677
180006050
941313936
896022075
28175202
276605640
6292745
92454320
901947648
786001528
88749
622742082
2308230
267633725
292898025
8553768
347567331
12432373
106480722
200254425
263466658
7143644
3131293
9990600
185906754
383188500
117487874
796810392
639158452
102356800
277154647
584320704
377680930
57352460
290556834
965412336
424173285
47302992
7248108
89415412
319084691
67161312
843416252
2746744
573420770
565201500
3432016
18386550
279907952
294206182
166132655
33641872
815402858
844523988
31432878
775802093
482587959
688883038
356824386
323037264
374887072
197573390
434587172
547156152
979436613
697170432
17067776
95911400
811255770
113334886
640739200
3509832
15381882
635200230
73676636
332122470
270935280
33234960
729020499
290883186
811028829
22867515
840491372
5859675
4572678
114189588
632871889
654841148
242932338
36481680
625870390
34258058
1743264
442632652
652580268
64529008
547955937
426987003
37006174
11829730
714387916
373018463
245700030
447796952
41691089
541089386
65362198
42603432
671629560
880614790
240793779
264842874
898247079
298925055
6508320
141216801
3028896
374699
527959624
381324420
61450104
178438938
446891172
7625276
325778435
195639871
119894164
312296796
228337710
743082418
85448275
93902820
970605589
90920452
763165845
44774400
18887187
380523906
386812272
776747284
1856680
820976784
313113044
76502643
366472995
104413263
2895650
49610594
612139360
717823258
33036432
909927970
491931554
92019045
641850400
53507952
163968112
329440000
208172345
781613509
752660720
77053600
78304698
305763300
146389390
27454720
470710292
848673558
251112864
385210170
868360530
295583511
169325226
389055520
36846170
424417095
513032616
835424832
268785216
29638659
892963456
626549000
138059553
33202752
40887264
122624372
184770615
899587038
6578480
187209960
999956958
234793125
413887565
4015752
54579333
14346120
53094352
651224167
99178296
193674200
473022294
740400
13464154
46949237
20385326
26764884
646278066
655801900
57934140
191834136
203816286
207378932
432771780
6693600
821210
75208960
694625991
826471152
363404528
314202705
131841600
852334000
933941775
36042008
149452250
24343163
253386396
144581485
205791768
8559162
307406160
223920608
233046543
392857641
421841252
31017584
33429088
114820225
75654889
629332704
883626016
583087329
950315301
926772840
32247719
221470220
516648690
53025
389724348
521069760
948744860
142477608
786035120
120017668
51367130
356503297
7236768
6408875
396011196
109763742
159933523
798678880
374735368
77441260
53993796
9175250
444028200
928963966
597678
118890566
690739752
26102155
195143358
679005432
605046792
600745696
890127876
401604666
52892
144509553
119288428
2422991
139613862
262056960
23847450
33856737
77042680
489714375
596274237
527568664
59279106
65768640
70467249
12845155
544973408
96970500
841278216
116230842
800492700
418929280
5227588
131255397
14872440
501468976
207364756
264006897
767875086
901408816
298363806
593056528
127598226
788529368
458072241
594674280
985231926
59974066
146272470
506667132
107419725
81378468
388120656
941067008
224842147
979867575
115520
93064710
282909121
19231135
89312888
946146718
135311960
2160621
332256420
5127904
83620992
680522601
373606842
588173322
958706960
272186415
552930198
337794028
493723320
4311872
18668390
294182994
467136956
58656174
43425774
931728
347397684
13092804
495914038
28750920
69848
908867054
410989232
56238
179477500
298908532
722989680
67627772
57655620
665967420
1136336
94188104
192741920
1446
405634950
859363008
605291
220361204
458313130
100189708
158265656
202922043
7758404
26165860
37434124
12882185
107850330
675655816
590199168
186691735
30901143
536970312
273613197
151363027
6186492
330688006
1405730
600680076
115666430
316945020
590471916
155372187
85457350
158741246
87703974
554189232
755706240
278897580
700939980
709167170
578434298
455195240
585571536
668280220
874550349
470030
211440320
576179352
911190973
190540596
995714289
56550944
31543515
56771124
808382795
506359980
738526547
730249056
1291851
424242945
41158266
967838872
9723384
6130410
129971090
19246164
379607232
966443751
439410025
98621400
140970687
46291830
11507940
9552114
12077010
28302179
991852489
791323745
270488232
47761791
98736900
150121811
52663380
24683280
916862670
133410112
230697494
111477522
2411241
705817560
242971380
176654240
2668785
884881674
7657268
19737810
15283672
213124950
205038099
337003524
45395806
181286110
482592
758663939
6211530
125263820
6872283
47867062
76091166
3736500
778987440
805852494
180570654
288675680
5965316
8419288
838968075
250855548
47580303
4768976
580616729
338766428
526349061
609052098
350788944
32992784
334046420
82592670
918899055
81059331
229333392
2468534
78064317
75711429
143374278
106030392
953909890
962381520
331991940
299612982
8344
118028130
191842616
101252672
765061141
68724796
555148670
686551560
182642304
412101665
84272810
322119280
5673560
850970560
262886944
450489620
363793
507693105
691865892
569148192
232063041
216033435
914484717
927528
44431948
912885120
37998576
10795782
3906074
188927118
666096210
167717598
98033429
135332081
937440
617585405
111428088
389041329
46806609
844427703
109870908
478339050
524886432
821069587
63096726
924624069
5455072
784423646
324462
221768760
62154493
170570904
152704500
156195522
214616468
74346270
255724030
702008856
36198096
10345656
8939712
747223040
368419784
313886910
