141291612
103845651
945344928
5460765
418466977
784621932
251134464
360656928
558362515
1000344345
931507486
133103616
11643480
618945660
125145636
51191472
334364940
336940708
298272830
161236075
27196182
242855442
65122464
34990810
744795706
38787740
145970622
986102
492097376
307392933
441628040
434582394
488476894
770054430
851362278
237882092
122188446
582006040
931375692
423702384
784567520
34660870
260095374
437153652
277779897
38212111
158799324
25841805
9796
141082920
869497284
242694985
998725728
623105
420323951
86945820
204353952
459689372
351823994
77263745
211554258
597172572
458509512
232260
575078959
172882710
816244731
63132084
52356498
749001850
516005700
32887323
837373896
727241760
478516194
237518288
117878660
474899202
203582320
35965908
853086696
2003793
348195458
91442526
208596810
221289574
197446850
381590224
43882391
774710426
695276985
102152006
793227904
96079140
566753228
395452800
632044244
18639354
559405224
480792576
201233876
547246364
650751420
700352114
724898038
179251320
14620026
128731898
327590025
29818800
887098653
5029962
368550
12401976
392420665
91044909
192734148
204894
986075776
670640
498492995
743082759
18486160
554840640
290484350
351684230
1215138
154120625
16473204
53849536
75906745
657879615
826476816
845144950
143804388
519538656
1601568
22152600
686216160
2238451
544027401
61424145
19529106
6767168
279545876
16086048
216416732
147938
596403130
42594036
254205336
421861486
492883353
985114
122158926
476002100
1267776
285574560
388012438
257242350
961849308
671347160
607952922
456529700
67477760
154846432
319752051
512383488
162847552
162046500
548519250
277262766
17945880
59549616
9064059
251040768
631859670
227979797
574303904
7559728
219319200
790768
136949512
22998930
2124948
140160636
780759805
259566368
43661485
580083350
331387884
37901058
359128944
509282194
330711520
4445785
53103185
995232771
878094496
56741740
111696273
348064093
245860316
25157420
716069340
800757443
718517370
8160660
566706807
49333275
1880920
455065651
577269504
224475328
779346984
70995774
366746250
382956288
529626336
534802032
624357072
90194022
665439225
85714111
100602996
311027144
4868295
328779024
702283920
522009927
5212252
312175591
222951212
324547470
56636228
778332888
842656977
788979195
34632499
592126836
573672720
42023276
177189614
314624559
799173900
1419033
227645228
624293793
556488192
861918048
245694200
186815278
31460175
682320726
11561832
566436652
20725807
567454
508282946
683787050
917800
22562592
209565798
131174980
64627779
116188149
895481287
253155280
912741408
95423328
102968676
346881528
37421308
108014854
577111296
667881298
469943886
73259333
188218260
858391648
55048
680576418
631090746
149846004
151418154
82892958
25644630
92754172
880708290
409218672
9763216
42878966
52642746
159269460
178826325
933984896
97905024
400187125
201756786
891871470
183472068
36520480
52111840
325465572
403622940
266364396
101221076
145437487
84366214
341413464
39090
8744692
336369020
922723552
741843972
602571744
759019137
215580650
13467812
438617468
961004316
1551655
676592508
24391520
606180140
205064535
549336974
148135488
41962220
925832026
611031522
636354944
111397221
147023266
718198566
898657200
27955188
786062357
833267796
222293988
351027094
797368324
264011
662214300
882759881
78126660
214038325
335688921
369211248
906883300
8138340
737857440
697687740
34047278
120427370
23649183
75461274
48685050
489394480
392025088
391886222
502904080
134729406
935942910
511716684
808145090
821077334
674082759
673803704
36944604
927335040
366064375
232124270
190496202
554623312
144336000
99311498
8845
13436188
603550640
12978927
184997234
45932419
735970256
873694422
217754812
396618109
649352220
5944848
317590848
69020050
62968770
911459683
22120825
967207140
56554916
62622419
620357028
105678088
367540876
7741932
74926616
86664375
547035895
752512728
354759944
726916896
187714320
5286888
306832185
273868280
1213867
991837534
83485480
604911580
527929920
487348260
27413532
490363902
731545192
65945656
841375880
486565212
564398694
563697813
269241984
885793734
368136153
569168280
398807190
2626272
2561952
88668070
119889588
156132196
594850242
281789280
350187897
946414548
9458562
29553660
445372006
109305753
45242334
13874210
191301376
55507550
626849052
1939423
340028864
63438424
106732342
834469083
648591944
618915450
950722920
956068425
425801461
337954602
121822029
120233920
45929546
62251568
2983092
858000032
419386440
747948573
233793972
2388105
380312534
92683430
461379996
465746870
114505952
59063500
940340777
691141472
85087080
62885436
39827424
230602936
158654350
93671112
740687247
407599400
68780800
421279588
20264900
34209
42332685
12178096
394408320
634088145
264771960
921112780
241024500
518196876
139947192
932522013
973745736
909314817
129867280
3999248
466890575
161205900
472162100
94218328
7911630
981552830
640670310
150281496
328179852
970859950
4138218
295189985
53473824
44495544
659679660
199473198
433402578
506424632
540713160
463562852
365480000
949037922
113958240
197342654
8891823
415238160
207293580
422873334
10923120
122951370
501234368
804777864
275679615
112242592
23437713
436001400
2901800
79397479
485036120
47132288
480359616
33856469
593136308
58762750
993847158
12287394
955124625
352669320
428057072
44157644
857053215
963336979
722215410
919026105
98829172
446229972
586956312
250960384
472119522
412581072
401251928
353779365
27707853
706264548
7680
5736024
918628825
601695567
41009980
202613893
99898554
195196341
601391763
443047023
318837506
364819104
963326210
33599765
226454616
34522682
194447236
829819686
965811560
292667072
305665338
302775264
3164252
812405670
54078186
578203410
14014800
540160368
82468083
327477908
61933916
534729708
30893890
561865689
219982464
46898656
157111592
497265340
153537135
868408708
570814797
802916202
19856613
985220672
152855010
411420038
31660920
390096375
373823506
863590968
345852927
4729468
363931776
791928704
24176640
24076960
21928522
260651694
175983757
271717750
45633940
520282926
316956675
330677300
321442960
175032023
3355000
344858816
280633045
468369024
184372098
618621300
885219678
765455166
398693556
178000
3592
71307648
570568348
377492220
5114970
416688
108958847
685927200
15438336
645531756
134706960
19118242
281747160
3678766
22785567
30518727
437900525
288290333
950453676
14379156
20878720
236301840
579368020
836847882
1869320
252694222
9388626
61018928
427164624
359049712
262841544
902995786
679336821
239684500
250334301
165852140
633764538
14379035
50429268
50359956
469280342
472770
10010208
481840005
953228476
495051186
17070615
653251141
81222720
121681
15948108
764088657
413606604
7387424
710994060
4800399
28827634
15110802
315633990
181748344
78726300
108698144
430619244
21268016
129132740
64181616
362019550
6618904
152771382
654476074
29543040
2220563
889104791
127411841
897461775
5825281
839269080
201191464
56992248
795112461
50106845
310150152
248714250
97265810
866246640
32762394
439609098
944057488
134272030
12766728
788178170
965848
335288931
958434928
450430344
421046564
608754731
762214770
110685042
1781480
8389388
127083627
36207055
431956250
767714637
