748
396
343
968
73
659
892
512
621
755
1001
962
384
108
795
374
228
596
598
551
425
171
503
264
194
874
206
402
26
712
563
680
674
709
885
923
497
369
770
962
664
892
193
522
676
537
203
419
165
1
396
932
503
1001
19
661
316
464
692
613
295
474
778
692
10
767
429
909
258
233
877
725
189
918
864
702
497
358
699
464
198
924
41
611
322
470
482
457
632
217
886
845
341
896
332
761
640
806
141
756
704
461
749
815
847
862
435
123
379
587
180
939
69
15
113
637
321
449
9
992
20
715
873
140
752
547
613
31
415
132
236
295
821
913
923
399
728
36
155
840
43
747
255
146
86
538
132
476
7
778
213
516
662
713
26
369
700
32
543
634
519
978
830
786
692
272
416
577
724
427
427
750
537
136
252
93
512
806
487
766
88
480
22
392
157
42
396
889
521
217
770
591
202
619
722
590
67
235
999
934
242
351
611
508
163
855
901
857
90
761
225
40
691
768
484
888
281
625
634
736
738
801
318
825
313
339
568
69
588
848
729
71
569
484
585
242
888
921
895
193
777
766
212
434
573
900
33
487
801
754
928
508
442
185
837
108
761
151
19
722
838
25
156
471
382
263
357
943
514
954
331
342
609
202
347
768
826
697
287
444
928
4
837
806
407
411
309
165
326
935
652
94
214
234
420
435
964
336
643
462
942
438
199
232
586
645
524
341
401
311
602
3
92
598
956
873
783
879
475
118
677
978
35
834
160
785
465
751
404
212
959
787
808
351
403
857
945
174
893
916
483
613
898
11
825
937
298
475
597
628
950
90
870
846
191
365
159
294
225
710
637
637
716
387
966
724
905
913
833
833
201
960
625
490
447
752
400
338
1
118
784
117
439
221
868
934
478
641
814
78
576
275
258
953
155
981
242
257
796
346
626
89
292
315
749
878
616
864
444
72
563
532
31
997
310
785
735
708
172
711
868
266
920
708
761
761
528
938
627
762
642
48
48
317
364
418
778
540
613
969
94
180
683
349
219
119
448
238
804
41
602
259
347
917
814
795
972
975
667
599
369
365
221
257
51
928
660
877
492
45
631
326
693
694
352
250
967
844
312
258
208
488
419
327
873
650
275
662
148
3
213
112
640
807
524
955
500
727
396
963
984
951
380
62
695
425
698
328
90
989
810
408
588
983
63
551
236
218
822
458
673
721
744
694
625
971
352
457
93
656
468
663
104
370
716
904
535
352
159
675
50
301
706
224
704
191
778
250
999
113
975
614
668
218
927
979
861
955
338
684
776
512
698
653
644
615
173
852
1
76
955
783
209
463
339
453
783
681
577
624
979
191
486
193
452
914
980
548
561
558
52
906
237
769
120
744
309
587
257
738
185
759
481
224
419
715
415
932
763
902
147
992
414
653
186
635
629
929
609
68
624
896
160
160
154
523
433
530
220
729
575
590
580
433
55
608
539
696
439
795
938
882
642
8
1
282
763
630
70
16
349
840
128
813
387
143
540
58
157
183
677
547
972
121
152
496
770
918
40
514
94
254
668
619
524
946
837
500
511
428
807
121
228
228
697
17
96
705
974
714
135
817
305
7
132
881
654
88
855
69
178
126
574
436
300
349
669
154
380
262
622
86
414
818
180
43
941
379
945
77
920
461
243
897
227
568
510
334
930
189
678
968
386
116
895
26
597
976
686
662
787
881
351
40
92
379
199
671
883
472547
865170
283629
796796
187629
318871
944727
311282
972431
671105
368414
911599
673286
148737
160662
450607
848439
109752
323745
207427
199972
746940
964516
625772
996229
371375
423915
643986
262421
286456
899318
751890
519602
421406
582025
769835
808852
944343
250112
440418
179590
756387
574380
292394
946785
427012
22250
914937
283629
7680
885299
764589
197935
840949
724664
263779
422780
644781
784174
479369
680003
521754
335313
695476
210412
483650
614325
216378
22766
207839
635003
108733
542608
691148
152447
44537
749744
705377
978674
256671
954614
440999
944851
980583
294686
240988
652082
849764
648391
266887
622375
762068
105030
975266
667958
501606
436703
816580
999345
455554
402990
408271
477904
240879
562293
994842
671785
841715
369013
801315
329367
713694
430897
965974
233698
329408
554212
39618
797730
226584
412072
516318
575251
935433
272715
912172
200369
202558
307586
738048
418886
234034
787568
652383
219259
490314
313197
179443
283983
47303
706791
887938
808888
369215
907899
379213
24001
419982
426166
132044
567132
73071
475191
562490
317371
363111
269308
558075
983486
44488
252654
325301
808573
381376
495650
279710
166769
437611
806593
233225
243742
993166
580768
557884
545991
564832
29866
739954
679398
961915
27810
778510
261911
594314
876501
35944
616045
549885
95611
636374
120612
224706
687239
724566
728283
956411
150481
161953
482495
224524
353941
558129
180365
962331
569878
965414
932937
368337
118835
268262
110931
828949
645928
909681
515289
773513
170055
364822
616263
142715
674238
83948
487675
116790
702380
897959
498208
800093
689288
554782
154340
104273
349361
120819
731359
887971
207826
356797
476415
91189
95051
198745
773477
828165
664291
621195
587139
137360
915650
312203
863503
848112
37148
144632
341756
976596
411095
379379
468131
979615
977833
880249
147407
941934
133694
201205
535735
26043
37889
693349
883849
220877
892978
782991
869439
252864
778548
798468
430193
779472
3592
640804
284522
560470
242224
247916
560528
13762
931769
24570
132194
315342
983990
416854
573710
482814
877643
802530
75474
74805
615206
749777
627076
647884
296764
90674
737820
703993
726765
569663
924545
118836
912249
580176
100623
66355
954541
174007
78688
47023
747796
716063
343390
985522
762386
159042
37927
740733
914539
438755
244968
362687
97463
769568
202223
188290
170220
867297
794012
681647
665772
561015
943731
165660
178874
632985
770588
637253
707712
987650
697193
378650
546039
348080
929592
72898
994822
275125
956167
296836
302757
672944
826862
372227
604032
52057
544995
492646
240232
649453
404231
525920
630046
498267
659725
234536
406429
110058
811262
922386
32795
687020
879621
301078
311456
373522
572638
160161
330141
768449
209369
631824
63427
740271
76216
984001
602714
521832
512675
69551
886413
586794
737531
262170
587916
748920
752426
248080
116590
166994
744687
559148
331054
339662
360840
58492
879560
467444
436424
997728
509928
968303
783945
457344
992470
346624
956752
779663
563446
924991
751653
177259
492520
718272
534064
348138
256598
968864
459107
531050
650583
228176
635891
890151
21134
691281
491623
881541
446317
978110
50594
561623
60851
837508
138104
145131
435531
288288
646825
646677
137257
185254
70555
547583
151104
744748
551229
236254
815198
453854
564198
618749
51641
246676
888743
339823
569592
977382
53374
838810
632426
429252
730355
942113
379308
244698
815975
489891
178258
689682
13030
305428
870118
544858
816924
726022
334614
173346
90426
748119
378996
482049
356270
639468
824690
331134
822813
683461
989579
638106
587126
175915
585703
567903
48873
731474
244065
181945
64504
851183
36712
741654
811633
422659
874391
739553
617895
968166
766585
43001
65686
778140
113866
643750
831572
923254
369969
442935
108738
454657
69571
17383
245733
802684
156617
271274
712788
662586
676450
676389
8845
244936
465956
541330
779393
584768
949609
682329
867863
627636
379500
982003
753355
432050
159381
702392
73429
785334
968351
39157
813114
643676
463792
332301
121864
107810
514790
768061
284305
567202
387505
857076
196220
142393
291215
460643
366672
573938
86988
982622
527039
905232
548639
118862
719601
291384
136925
809223
968885
950960
555402
374968
744332
228178
700048
191478
842794
33532
751447
360412
841339
23226
583224
250982
236308
909999
188237
135079
852169
11403
224969
498378
638383
599194
890241
53069
615424
490497
325457
183804
46733
133761
436516
183520
76964
682944
73412
85906
779343
131955
299566
181646
220735
949695
711732
603782
658561
61000
612007
431822
928791
318223
234470
854050
275145
329938
146490
580048
54714
225971
520655
623062
713652
368172
790951
985940
878245
508329
924569
505290
460236
114134
688345
456915
852849
767574
103864
478636
75653
39198
204108
87907
155422
289395
490157
287251
571269
656604
560724
637818
293821
266304
994028
799573
221181
621018
224620
554163
785735
273847
444938
329270
636022
126449
776406
818888
584646
549083
635434
730636
257311
255259
119927
206586
965192
552578
198223
931448
58036
838038
575909
483977
164187
838410
235051
44333
142920
353402
164128
517281
772204
336179
443823
9796
107054
99879
243667
347855
847892
880646
755852
896695
473723
940144
688966
551373
124797
976692
