504
586
266
59
384
581
792
772
479
124
507
836
210
791
904
608
574
594
429
949
129
806
911
17
325
329
926
664
813
418
818
675
943
965
377
549
193
947
453
1000
359
946
379
97
153
507
586
520
25
714
901
884
566
162
506
70
57
965
184
215
395
927
1001
720
527
403
794
913
801
239
678
842
379
213
477
177
159
342
505
342
308
117
845
157
871
199
159
307
771
762
731
986
522
325
300
461
711
843
860
135
795
926
480
925
1001
633
441
253
775
624
79
451
764
588
584
806
108
931
611
468
499
312
704
612
578
853
825
142
439
301
426
325
408
659
152
623
925
195
360
964
961
25
235
559
691
463
625
790
501
792
240
783
57
872
532
141
13
862
558
460
955
7
658
79
792
883
370
836
664
437
270
36
55
616
373
976
604
243
353
209
699
967
261
684
379
644
537
669
332
651
193
433
331
908
627
638
653
96
585
205
711
280
57
963
916
984
866
456
630
607
280
858
826
766
721
625
619
467
492
62
898
112
234
174
152
918
458
431
87
335
160
281
15
680
516
560
50
569
694
755
461
61
774
988
664
282
237
93
66
544
233
370
795
291
828
521
463
234
805
281
127
922
879
784
948
30
856
11
984
93
438
17
314
778
222
114
138
706
770
158
297
331
678
570
876
688
907
921
228
358
204
176
65
592
655
251
733
362
834
511
392
778
942
439
188
408
942
826
152
650
150
317
355
370
168
266
536
635
675
626
981
92
25
718
292
811
444
828
639
815
933
907
142
177
75
926
438
200
218
834
658
298
286
67
424
229
112
734
359
876
300
571
54
802
103
627
285
863
352
312
666
532
322
556
891
453
581
320
81
213
389
497
575
319
690
734
585
381
974
265
960
248
823
461
954
146
784
293
128
671
46
285
744
483
618
115
229
380
673
109
364
718
888
392
474
726
873
2
153
575
299
410
232
826
472
513
945
904
581
170
920
66
922
342
707
886
677
942
594
30
453
81
182
949
460
20
679
997
562
564
403
712
47
655
216
328
882
615
21
650
136
453
820
370
718
463
864
439
171
967
655
884
159
484
725
939
930
441
29
162
71
736
506
357
72
227
730
668
685
999
633
32
279
629
445
632
1
244
118
204
193
502
58
101
930
825
539
122
828
64
918
739
633
734
296
135616
876604
815003
891239
587075
862044
508708
562816
768311
585707
250305
296201
586413
713111
509651
901093
392634
750123
125764
964800
362612
789240
344697
359349
59762
998955
719168
761759
278212
298233
643672
828477
833330
901848
868046
976285
666969
834621
961000
417163
619939
953681
999133
974753
977701
341134
482811
191651
720118
606485
971524
970091
63689
644292
191197
626600
970269
994080
350667
181983
610078
669762
511614
955573
462456
71558
618853
530288
718269
57147
463484
825846
114646
241722
623026
811557
516407
591447
122813
915868
299794
561234
804678
453315
551791
357195
952920
490797
194444
118524
743978
919329
108972
863596
459831
314947
958832
949087
229533
745685
14925
763685
522337
832520
590764
956469
270341
698038
169340
95693
173987
809819
186824
754334
670935
314071
813761
149749
309487
736270
542919
292453
937506
503604
509624
36364
430289
462457
479924
249851
497276
888864
817072
869465
316613
521069
643385
60317
669150
819634
859375
64936
285127
888219
823988
307895
623798
481181
87862
305659
594401
111159
231598
147900
985728
506894
609539
3912
913806
471629
303487
851664
91575
137842
557793
292802
816009
180028
518878
735872
44290
92375
208459
603373
320949
437344
636558
255296
750798
250555
756183
747087
911109
891981
385099
432219
546532
740487
476056
334383
455020
303653
451968
547478
271668
27522
812615
485144
154803
916226
97344
291511
774097
267523
240275
896030
59781
935746
206114
268954
218420
984971
637437
194862
352561
831926
66457
569959
43579
627881
493800
803851
485310
234224
401045
832781
78816
754204
933456
946665
554718
240823
656260
699684
425876
951869
52176
960221
158479
223064
602947
548939
136937
905790
185482
179509
716116
113555
756494
99995
281788
385713
305433
313171
144784
357053
62648
105230
799759
666670
571587
741145
831882
524853
894397
836962
184265
411257
415865
149193
5419
910219
714627
43433
22997
763495
769472
114965
591660
964166
310523
722009
540570
400157
525097
5678
519006
558336
309228
904312
801814
148620
682560
691107
850862
602969
1734
344929
423256
68502
315894
269040
86557
979979
184289
634061
524718
77329
822013
516610
802588
537296
997688
989452
200006
195852
436758
976484
207999
589747
176488
824587
963023
673823
860865
468212
33808
46411
12379
3182
652165
430003
449032
450831
427231
45190
920981
351592
676815
600191
105181
464590
292700
272603
615590
254033
533255
451971
282921
743385
136925
890164
260907
527740
67346
170914
442237
8400
605886
595540
898509
70550
350667
527518
416792
665039
665687
31218
389151
888512
809816
483205
876247
55487
326032
422237
957408
460792
793113
127992
325111
774434
889117
419309
600170
94053
472248
164508
178467
692968
364737
33920
111141
928970
727090
556357
959449
444064
732247
599833
11923
110408
756119
616564
874431
292337
711606
754222
370171
758137
519052
205237
905199
495246
191271
692487
455375
935767
461007
290864
955663
79282
776547
650900
301566
49414
838585
534955
119662
394634
920821
888488
156297
941890
525421
472204
324376
271021
978764
565908
594406
910458
342045
45156
809883
679590
769955
693973
983821
959817
969598
679460
145296
947633
522206
822708
876494
277553
169565
76076
991608
969439
457946
939683
954656
783201
638608
925112
639924
843804
525220
362869
426039
76624
244386
828737
844051
454186
257122
167335
364568
992268
662039
927885
387217
300468
135169
303998
872339
153522
371167
368426
7617
903793
996069
117796
221904
513779
24807
544366
768254
943382
76473
698056
