348318986
72512398
3525958
160048128
340705953
644498712
617413948
241226316
14255660
264758442
721966256
43283940
642778465
827944672
366605152
323056384
356300802
189719673
915595200
15436398
667752462
839013691
202691
105422200
110012007
877508158
451161440
676320066
180667542
681001360
471187800
904760407
942307060
148023018
298062531
36901021
910067000
209958252
997688000
130879912
908369066
151996055
9123141
22826529
264181983
346712760
273050440
574925
533420118
820909209
798953012
314898062
27433080
262617036
4795140
3162759
942115025
33904760
46960300
167186120
882382563
1000132133
543039840
278001986
171628028
648755168
844627256
658989108
61015744
483489258
732089530
149566286
44401767
237200652
31864956
24613677
119928114
262033390
119928114
95242224
13005603
738894195
23510593
775332844
38138549
24851223
94523765
611490123
590118708
554198147
977725488
274269762
105661075
91629900
221824441
528968358
735381777
763868340
16579755
651609030
876611790
243309120
872628350
999953955
405071892
200820375
68396273
622005700
386164272
6053296
207914157
593281908
349510728
344412248
665631876
10799460
888784736
368660903
229692996
256375721
96559944
518334080
370802232
330377286
747438691
688562325
19443350
199753780
92003359
186308544
104308425
174310248
444049357
22480800
384119372
871248250
37297845
131305320
939661892
932428509
688050
58880425
306040202
502419190
223723915
389391250
641130030
258719907
646279128
61709280
634085928
2974032
777160408
280757680
19058829
73814
765876656
304964856
217213840
925966090
27384
441475230
6041367
645482376
796331784
143270290
725686456
451247760
197013147
75117240
1563588
2552605
375476024
145153323
960209296
362515364
63400401
126039709
42894533
514374528
946464788
70736481
491295996
151659503
419994260
287270835
463273803
114439404
432940389
36057032
194430856
112915354
836105468
392878200
411058296
434693611
8868000
345996495
41001230
528546735
79217880
2816598
935577612
849942660
973620768
769975322
213504672
401031540
365988829
79835560
752126232
692671210
599931966
543874814
387461875
381050210
226639770
250748292
3739654
817591284
12204864
58571370
30708912
22007168
852794460
216006082
191391584
6897534
115551215
26321280
81732784
114255
486958880
270824148
307405840
2257800
317384217
508179418
584443235
219461816
3646641
620604036
980360784
449405160
82439034
60205821
8171166
4386162
294070080
56941938
142713810
653500335
86194491
704513736
273639620
224621672
58465134
663792535
81914591
14960092
866387726
789789411
634948272
912945804
1017600
750278864
59609
969956352
8516475
197963298
142800
98335694
626039484
50956326
12586512
17662896
522783822
607714800
24256476
89565102
113216895
482468868
318251520
783491772
495441184
833831403
861841407
53403072
129815096
39953808
31410192
4139785
352559680
438293250
67529040
558369347
133370212
718944696
266914207
164369128
625396078
900993798
199387654
34646332
175441224
901878336
697186126
22084992
430325350
20676300
99560507
126804225
137331790
28486920
73829098
285824680
408731720
471175650
390497548
966256551
7963244
620175
538588314
87084036
672105707
204164964
711562500
415925100
678019690
891549609
831016982
19257472
31773093
5705700
878854562
197961984
38888800
48627952
717961410
440703396
90439126
83741372
4512182
185185392
55022975
11785760
560405330
130269971
784922280
91199400
320464614
2440260
660838376
10026432
393681387
83349105
766785856
124101472
96883176
454584960
282113216
101949386
302667496
811005129
210459270
340295767
101086080
6263649
44303787
162276407
254272158
327726425
100468093
498186210
563898436
345596940
158444565
954499546
71992020
931287360
66700592
685830590
221244964
924844806
19992802
634898096
87839642
15171072
464981528
2004634
83419500
572846520
245705964
377028204
12781215
55148467
156277660
467043829
11464729
134742244
539072964
804341520
165516904
234746604
548988858
778699413
6364
22738860
325397100
90792247
176418490
56079504
696982104
233073600
269180334
907027065
826080624
341090575
29055380
860886320
4285776
864380532
120244464
523989515
802006314
473686068
903219744
356500980
1014240
209492568
6384096
33120906
914993534
217234080
247580
485231733
991097760
310106542
312860952
171693717
530927720
2081630
436668850
47931264
106938496
794764026
372988275
313425
426569000
17103904
209493021
682880420
142486630
541518472
223541493
767978496
199005285
29751777
945436867
436864695
799411808
25198161
246658016
548186275
897367557
886923330
201954186
905322
27108270
5009050
565476896
262640312
128287593
5152176
52572746
552240620
461659476
492630080
995072931
407262705
1163648
78618852
398824369
205052440
402860184
1734
65275612
13399490
39751848
35798026
259338220
3314526
9664993
886215600
690493650
289602544
13986812
705177792
4009472
856912608
568639808
404238864
560544790
88938528
