110102041
67257652
7401048
96071500
51427467
40422238
791569314
191828
883312914
181666596
131886936
464593042
584746920
219403168
166206975
383912340
353496780
2771460
100580614
392585648
64303455
44022090
15939336
606171597
162526176
31943440
789980416
800563176
830876619
109060090
196034598
329070768
314976032
61868478
509384106
18249300
202165260
484058484
75234656
396182520
79247850
82649875
537369508
414459540
246597477
367954992
308775693
120769696
20096654
503445267
364221756
16686408
9540315
512476500
341037510
222775296
118974877
402065526
114426417
54847950
71149416
436170
652595150
127841248
12642450
639803781
221315633
46840440
27320864
634476132
77545620
360087120
681252440
321535008
725071720
560754950
29868972
911115972
998550553
962646160
956374160
5645470
123942854
810015180
17500525
841263462
3133523
227860956
618919322
23260911
947183832
97912816
137442400
409474208
519489179
435311532
865191600
750549380
757854600
9673290
768887640
10708930
100653376
258564350
268611204
105375
8437875
69726468
580748625
228639084
266257600
525059824
148681680
235880666
28980266
348432344
84913648
495330996
553012335
41790420
146268710
969752692
759063480
17204504
376448060
59956992
422368875
211354442
42825360
692668842
1356560
2229172
216436296
141620736
980577
90576645
990565898
5046769
302414090
25588079
58739824
176632698
447486480
437874051
67711644
525805641
250920000
318491686
14492007
628619994
447020
