151
371
308
113
350
273
233
929
17
957
444
386
739
820
508
435
669
637
60
362
676
305
245
168
823
432
227
928
931
933
370
477
624
602
294
774
180
482
756
322
678
330
341
788
690
543
656
593
376
194
771
654
172
135
775
629
512
371
678
371
274
312
35
850
379
150
839
511
255
212
837
326
648
860
612
895
805
219
962
1001
980
980
95
379
932
175
942
67
516
826
199
974
356
400
688
781
716
950
914
920
135
921
142
362
550
564
15
125
309
815
516
560
782
420
521
218
632
344
764
795
238
419
986
920
173
668
288
695
494
240
867
40
58
502
411
39
345
998
91
586
209
286
438
720
717
308
783
544
607
153
834
35
218369
178439
376218
228043
55459
433103
419430
210831
516065
116889
240145
859896
337312
327026
173486
573860
443099
560907
67503
712575
99448
520701
893061
97014
175590
343606
122431
607725
749297
695613
308427
628678
94719
997553
409159
600666
33914
851272
71654
7025
205384
275036
810136
972468
461250
652977
100003
821170
410974
584340
132937
834840
555690
274490
242375
237870
563545
792154
523216
354004
403271
595166
65496
551317
681941
947106
341676
431148
542190
321196
427843
278048
713106
11284
441591
982292
294757
762579
233648
825069
435108
188379
46191
262541
103591
923002
671527
823755
983522
525384
25143
767759
200175
101385
246842
610703
296771
136388
12772
470117
758036
621509
661260
648339
454139
910728
798926
475460
277847
225652
208184
975892
736539
696590
556914
320687
349090
869115
84283
94877
140720
344576
554940
852066
431896
59426
179682
593017
382085
75415
671432
640289
70669
476261
452746
580748
524698
183688
665159
753741
658119
890543
210437
46769
38434
219843
527357
128872
12462
607977
992551
