55277145
1251162
208601043
324077813
315484695
21677730
696163875
258884500
225925188
895509
625062807
139279776
928674652
139733
961257375
834134087
321348500
760777500
956547144
268139088
748650
615984603
198341730
880643040
234486296
591221202
277360069
368245215
19847970
2727868
162826488
367300376
439261550
6580
9351966
137415410
30657825
383007738
712848420
231949692
3011094
273182588
91760100
32974560
323168
463207232
593475120
105712998
12954492
435496347
29586
444256976
667686470
965247858
980345261
475601476
623201040
556755525
836486838
216027274
42889637
196916709
160986162
67147600
641618088
171762525
65403392
386791020
436430
22282512
73229788
706477945
214067868
566448673
753144308
626172276
30733725
5039696
728510188
20785
32210893
24021964
62364966
328314690
508578048
217434035
92701980
116277840
239925120
770724412
56280
694819872
683302110
89343243
637565382
352351296
235637248
20798244
94112928
46490658
355881536
355390236
973037256
726665209
19503700
10092947
336488932
426292460
983645554
271288864
96041573
227371092
187630438
7745848
753494448
602028174
4618621
2025760
228504744
87327965
79335410
61418688
752295432
30587370
6759834
34105047
109728300
32824790
558844200
713047029
807738734
52406914
541071360
124790883
682078545
949639380
5480550
728775
2826225
34394649
852762086
156842077
133138096
404977180
129336816
367214528
90759600
999043000
748665548
11279221
932428
320938200
80253504
50104899
441798904
403639284
27125829
25529511
252896
198832845
155564990
53697420
976237614
110738367
174959376
968981769
8350196
54705960
780313318
688334730
297955787
5388976
930009228
118910451
101869074
846753498
801371065
83468668
571964764
926977435
185236800
79271983
130798419
660606009
618615898
17766012
2944945
484036208
211423904
184738680
633364557
632525360
459547842
397208062
7255685
997899102
140921704
337727676
700478562
52960462
934836077
499379634
241294080
769718120
757890521
39092193
686607696
140044715
1617840
923780067
1328040
417787596
493750752
138472164
10602800
45916868
219083972
157855693
492635460
890619437
149670315
270725450
3458540
35634368
211922007
508361920
8457192
4529420
278544384
290272420
618440566
421047008
606662351
707667130
164353702
222825372
450414818
50780445
322963300
400379145
2315348
14011863
176778880
106341054
710751410
589750148
415060442
463989633
56523140
584546858
991691932
680079459
391211500
426673346
611010400
939153462
167680957
431223054
147547500
839211224
349594126
465593226
922138616
892110226
3363456
206317504
88956549
589337710
755768700
903642112
891828826
3645848
273763232
650126792
780732838
130925146
639750272
340633820
13592920
58511244
16132930
283453522
102037296
226549162
11558763
71609040
730391692
515162620
46165407
543654909
264842127
73280204
443245050
166154000
117368580
357271300
1582600
134665308
549010773
952602080
436514184
17963220
205200268
109088504
5661810
796804974
331910173
64169149
905486715
651972780
201028740
865461858
12500810
881670034
325258272
333525473
35232032
178172610
678198750
293420684
918582550
170956640
428796160
372600598
855844008
521091720
781703125
125911456
6101406
889207488
264664272
74483084
497104335
644395600
470111630
26233224
392795256
51309450
581112216
70755877
28435526
344250648
277386641
195903792
158652942
408479136
655695522
35011550
219937648
449187648
999931000
745858000
572154
152382024
604318560
178374822
16420869
616098886
431056134
365216058
127370616
314224326
48866180
4157406
440020014
62656
4330880
735827958
369191160
99245038
179965163
598917033
48013420
78771550
63169596
745955750
292786725
372176197
958637547
175020168
615885660
15358854
937880262
871072458
1229943
594391392
350692500
7175870
481567884
720438835
52719698
170583748
578859040
218419896
447769200
942762540
24915471
148014946
319334634
74924058
461300
606638760
673858718
412701504
368370405
173324242
357766040
168477798
230457240
254821008
512896998
145351427
428335360
101007
173196352
610193598
565178112
24375540
443958496
259389000
286913120
26116792
339833043
37782363
6985356
328145415
7472712
68241136
238643412
160489896
898505034
130244696
424188890
340528164
31158200
530013541
172763556
879195381
41256864
154516732
203362720
2443
339893631
651003900
118279601
81977319
191155815
930985869
309207780
202025166
538916400
42469
860347764
9135296
256389840
35987640
63791167
61924000
59282728
488509376
592552690
906059385
6012144
14699636
348961584
78397176
136005062
516424404
133755345
173472
939155386
527119944
224640496
693713284
454933911
161920770
137375080
419952724
849102105
300200480
97984536
711397980
853612089
371661985
75923960
551251428
811326528
980044605
7990650
828708300
66623606
303189055
527928064
744503100
30511140
857964988
291119325
4066270
576177925
244695880
276327180
40261984
523527730
835874
188795766
139110144
626210826
944839261
597105404
147153276
13296470
772354812
532920948
23720405
37007984
863933360
5186142
141937500
516929916
960117578
718496004
10478457
136959885
245292630
26820441
895603800
90204114
771772188
3192672
128934656
24303951
27540128
453701820
178011087
683644383
783384900
108270681
422813332
169430469
32003832
734888050
123514997
631882832
44998380
246281472
109693320
285337710
173791954
107830539
1051470
253049012
418639614
351124900
654615156
4632253
664768176
76607556
920859957
510535620
43741055
11163798
364957650
329427776
843165276
207190380
20926613
595390341
210478500
740879001
1763387
528875593
684050
235338785
416141032
379018332
8430420
70269868
623780850
715872703
1119
691919096
47417321
310519980
93397023
468816511
913022440
919213350
54223765
44463328
11946900
823778504
395093374
760982180
320301850
839391120
45244308
8892870
60756072
435832140
140440468
20508392
919015750
468891214
970212072
320537250
554171017
699654214
648131576
409962500
90267203
951118950
28242084
114241864
881953058
825705429
141702000
175837800
153854804
288551160
335758878
427400901
141847500
402984912
432989536
296474114
412715948
501135659
682868781
342683800
424266360
859306028
491660
812517552
19107060
306013045
449552180
31538117
22882732
513319892
671542274
714637248
124092972
788919382
660545285
671470540
437053968
834935977
301366828
144453582
949076391
990620772
910309050
33393456
48466014
922048176
954108484
737988559
731296460
421561182
8785152
620239620
17006824
876130270
346722620
97028781
18590075
209219136
416712992
82346598
22489534
104130355
46360728
287519060
280406532
20888664
522040990
18183494
513588172
230224176
595780196
128686880
479341694
339044720
21411666
804795105
994049832
90438829
1425018
575605072
115821560
663031200
490231884
209826680
304823740
71532
120794850
36774900
805840290
668949708
11044254
75608442
766485150
279984024
62704569
81818142
110403064
183508688
454989435
367524
361189782
27570158
580953852
284352992
817831725
120500220
179422481
28996353
670073950
1091014
426495344
57480332
23090
642926271
185731728
4857212
520234422
461070435
84814590
39523057
195277824
17474470
211909776
257121956
73590550
257049891
569503260
391488899
375035808
883710
841245224
198897660
792515190
241838880
552830124
28610581
587486082
861647967
291017475
144866988
243097400
69108555
269678080
275758894
45460644
577538928
884854780
8922950
704825
581570
628229668
867721530
153372132
171830160
212340579
537075488
392027
398017518
26409544
151843320
88198528
721207870
567166242
535086628
15579960
654776135
36197724
334890396
306635952
246774762
11051904
175707648
78680316
578894055
285915024
380918538
466562540
174358393
81312230
30413295
23389225
197423319
42322761
3267152
100936921
453054360
956205000
127983890
164135200
138375816
933112754
15331841
369753930
747737107
31775184
338406320
262730000
121850474
6279478
525576888
