809
231
33
447
551
545
138
825
500
466
27
771
372
956
11
975
901
550
860
972
504
25
767
435
930
472
754
511
585
135
52
396
584
650
2
94
370
165
597
831
468
54
508
300
170
16
668
756
326
108
647
6
656
803
978
989
679
770
729
902
454
203
433
393
260
786
405
256
602
19
141
274
829
453
739
854
771
165
74
842
5
169
146
251
555
704
455
301
336
480
866
8
824
813
297
782
576
473
137
304
213
578
578
984
841
134
97
559
638
989
506
307
467
421
88
854
759
71
44
468
295
287
248
854
165
82
173
330
170
730
831
886
226
720
349
813
969
75
25
53
173
913
389
364
620
357
584
300
1000
851
103
28
550
288
221
653
618
153
149
14
435
389
228
986
331
408
981
92
230
874
818
527
74
956
341
318
909
883
293
742
955
420
287
359
799
769
132
53
688
452
420
777
776
663
613
85
999
374
559
826
227
959
702
480
866
857
189
816
373
40
953
35
633
696
372
100
212
457
391
695
937
387
505
58
176
453
704
92
70
512
524
769
634
761
830
398
462
658
223
550
615
49
111
410
327
830
754
631
669
235
751
994
811
607
638
763
962
401
642
382
904
574
669
952
938
57
443
297
754
855
944
938
61
508
788
874
359
784
562
110
242
121
517
318
466
103
271
844
707
213
721
501
274
655
400
339
580
40
366
723
970
648
132
442
329
77
882
557
253
945
790
437
921
107
931
552
557
176
411
811
526
950
404
640
587
914
710
875
352
81
936
501
277
699
787
674
152
609
225
747
269
157
567
511
432
391
624
794
175
457
658
1000
850
22
387
760
411
123
767
642
582
354
543
220
66
651
8
67
846
585
314
413
759
217
286
252
850
525
587
973
408
767
119
961
926
33
756
575
85
686
835
226
404
745
456
656
965
147
383
549
278
20
761
806
628
585
406
580
402
468
494
706
379
640
9
406
762
738
147
656
500
520
152
561
183
84
555
86
263
478
392
942
358
635
562
166
713
406
929
198
388
440
1
561
789
341
291
423
957
540
439
720
7
918
94
496
177
253
250
244
694
755
945
81
116
573
286
367
708
365
12
962
712
464
823
661
395
370
634
911
530
312
830
913
587
280
724
888
989
90
900
259
533
712
850
165
916
525
65
743
484
510
194
710
26
421
372
771
967
758
382
110
867
716
145
181
920
74
375
708
974
834
99
369
485
153
940
299
867
56
356
147
154
660
411
813
876
327
634
403
168
845
347
776
210
486
330
518
406
327
30
493
633
575
793
71
802
282
951
705
205
102
582
556
906
444
137
757
450
849
43
713
25
473
632
594
92
268
770
833
1
821
217
540
303
673
946
950
229
208
105
898
611
860
550
904
211
94
247
647
373
136
950
673
982
550
727
826
788
625
299
970
156
332
931
899
375
408
388
522
559
639
375
617
644
526
628
703
813
565
635
917
20
889
134
535
658
167
142
706
806
832
348
877
799
806
648
901
532
377
969
993
945
172
219
952
971
847
844
634
93
770
127
926
571
309
133
448
632
291
142
323
213
521
514
137
710
133
706
468
757
356
683
560
138
885
996
299
37
743
335
800
694
449
535
9
345
180
885
804
102
279
865
514
251
291
331
418
661
18
582
154
747
518
893
345
413
159
805
31
638
238
5
787
421
74
709
665
294
191
432
130
453
497
275
497
740
607
588
27
904
435
879
480
726
157
753
919
525
378
481
265
505
509
212
744
932
94
25
22
772
923
388
405
453
718
19
614
152
387
296
835
739
718
120
793
178
558
536
486
102
408
286
745
519
594
670
407
290
165
145
433
201
56
317
660
972
355
398
372
959
119
585
851
168
560
500
346
82
711
184916
766507
525460
366453
495619
378500
947318
729413
706386
682575
299517
309582
420423
765540
800779
629693
629479
231889
856327
552780
793186
361480
190597
503831
866465
620601
591558
784113
177293
537761
169493
18064
305867
762271
926677
151812
221306
455943
185378
431168
28193
158377
202468
903407
551860
722105
673620
200066
987996
881902
331103
58342
709412
403193
696362
73074
206461
967385
462188
991249
809352
797191
344102
152472
499844
4931
816933
467752
842776
544032
784838
57012
252139
711367
62991
676568
930646
163589
884863
517348
966929
803109
894275
951077
97184
852205
976956
383246
502696
392360
882312
836250
457236
386745
75326
984102
674466
712853
582795
816008
91635
684521
364694
175297
282978
869690
268892
977083
85361
181039
937593
412400
735269
198813
189138
134419
745246
550845
554319
255482
610652
316067
875886
578682
55761
700444
776262
644957
932055
322385
641554
776992
606110
365764
29946
668014
486876
250673
88785
657168
29151
312839
46040
952770
810105
542831
203358
826791
858939
497545
990945
126233
641277
865214
703904
538904
59008
848037
767478
607220
301897
37914
424272
142590
14456
262201
65051
787028
907555
884353
513284
88021
371284
233306
653136
927369
377872
454773
478991
917348
41009
99489
314053
374408
460020
334557
155157
671427
484818
890164
482306
949415
858059
727082
395289
822502
158032
278658
863722
188851
958793
346861
660012
871297
761474
657782
673101
325202
812206
987749
206927
27362
939058
362176
486157
836053
741472
657191
825813
409926
263033
536090
281162
997678
249819
985747
22970
165820
472556
583524
946389
934022
128839
803258
605437
194148
627075
669994
120877
373952
359804
116830
467730
247656
911669
241514
302532
214437
589236
825695
357567
213766
332404
203320
324273
441168
666898
424105
296027
314009
428822
213371
86892
815110
47252
582367
386250
730127
857820
112221
728660
595889
832027
825100
765824
983750
457087
754029
632058
84422
973006
880908
669274
376516
320872
953827
611721
696718
825492
795156
789087
108277
974803
862801
600162
422237
965140
35049
465728
609900
237852
724164
428059
157085
70083
930581
857106
605763
264240
53325
931522
276209
479396
280387
187700
218266
918471
668767
934953
38514
889982
886110
668170
409634
569764
644984
37271
267602
899566
35194
430975
839937
300819
550896
211279
133330
73530
371978
615985
884625
371393
600642
430656
94464
488258
598789
548944
372237
607144
152749
179027
136085
204305
363812
534016
133503
356589
675787
248466
695954
439016
517769
693557
227715
20418
782162
688335
828789
307980
968633
928331
940110
946145
925787
253633
418157
59768
708828
376796
693134
433510
370586
668859
346065
671687
816308
398239
241782
631096
588163
686446
998042
355951
676710
940683
601948
59630
105843
970657
123572
761397
271157
740337
913968
360518
739208
566479
182233
349276
435751
164534
727462
786232
541818
190499
20198
687427
383166
701994
676766
242962
90763
661358
565381
185805
818800
352169
920787
814282
150797
320343
697495
171339
664112
888820
800800
233273
802980
743357
269511
566416
642510
963290
467819
841485
4157
553955
218513
4618
581666
362288
647974
701818
968307
171821
129066
94925
774704
498176
879748
939698
833179
259472
506752
688251
847039
988859
804214
434437
52459
332510
364341
682656
426907
129833
878657
350130
2443
329757
496793
616838
204464
968538
113780
32149
267262
751488
877480
24583
677221
893287
515832
477877
634031
937198
615712
810717
396533
403723
797160
637816
777039
628792
628939
950501
985905
270998
777928
915825
172587
722412
985239
840891
785020
958187
239295
838569
648237
763725
216589
240524
134591
815141
554513
655940
207536
786513
468743
308241
257234
972813
980020
345736
741761
281709
301686
877595
419099
108352
805506
346220
658451
568835
133912
26435
333544
271658
557834
737363
235515
975942
206837
804442
1119
605922
507767
228042
979439
109507
165333
997604
64640
214278
147022
178832
453481
668488
475831
572607
33301
733932
843835
557689
65638
551756
411178
3290
74224
83159
481264
274116
12703
297968
777716
415385
982064
787738
288485
744303
467320
181118
542779
775475
592496
275106
221260
994586
72824
578871
109449
859391
161305
587206
247696
936372
852611
37944
780194
675914
136718
216739
441040
759351
913656
662386
91926
833090
7948
208368
825282
696607
711165
673633
947014
928530
892807
275425
651023
936643
7035
11223
778358
693339
65243
812156
703541
409413
910554
439854
161146
883940
428971
825034
946928
40446
375455
367938
841431
869773
505400
434002
872649
260787
614862
571987
654614
217656
909373
861506
193087
197139
32730
492430
245976
633155
957248
644500
445678
769599
62558
331576
426592
466645
467007
901610
284876
386462
393752
119949
371165
893375
986961
653189
267446
448446
39565
832390
173747
572082
186265
659356
236785
126721
26007
104051
748016
184323
976251
106028
838965
55565
770842
466669
864049
693424
545538
609049
536144
646634
664923
668136
399910
842908
634754
653138
145550
505758
950777
68104
214428
528272
999043
813769
865393
484139
683210
357703
318413
423160
575037
518778
532022
412949
491932
976253
467792
999931
604297
383513
464254
548266
76579
982604
672344
967593
980535
828888
451905
460194
726483
302471
7832
33167
200182
455958
6067
378260
890836
425526
831490
748495
405762
627519
528627
139775
815301
826715
452032
544716
781615
385218
505570
433117
584270
222119
604164
733758
605871
64706
971417
990099
516915
606520
638078
82437
193968
950008
609008
276430
972817
210561
998898
499254
226719
937084
969339
182367
563639
843228
94605
541766
840470
517203
348711
428399
591253
258260
23065
20633
