206238870
763931000
62096664
159311460
869235884
63506280
344867380
349235430
1229756
342436976
490088690
875646564
318102368
356157810
98168
390028842
515061690
556050040
976204574
130729900
181692180
186229134
529544160
438995970
927236312
271870560
8147985
495757062
14882016
718407030
471253816
212136395
797262300
534157525
31801300
860210722
53319968
601879904
899501590
319366425
104760943
262643112
412448888
102791328
668034885
454578657
987852159
496538544
339122040
334415538
368065436
607998315
298737396
280334978
123094275
230083306
96873062
554466179
425036892
520807660
834707050
1295820
15530196
535580364
650669340
669990724
673503272
23915136
89733978
797589
893523415
158562432
139697280
610990515
245882404
20156673
177588618
888949152
96187215
364122135
815782176
2905746
270924774
4096953
400015332
684925414
507684294
807615152
268196352
730199232
5379462
845055666
739605780
792549656
1567873
908746611
289920600
30884490
214833740
111594786
90751632
667400545
99340080
19765424
77662500
46558314
826382977
743888574
379361076
152016900
113783208
291710160
147219000
907523232
65513775
7178262
532925540
6754979
205072476
183209784
12847412
499940936
955630219
485521150
265846119
730995504
849430670
198000720
1014684
433101009
937696698
477927201
91684288
622425951
223817580
46864
914646852
540994142
74245600
170554000
75525415
426255557
41591809
51086464
210143154
59933034
80521860
708115866
265552935
227070195
961526752
188768403
758746998
314742220
309213384
28820160
306322155
13275036
22058784
483776455
9188028
3373976
173606514
795388452
208863
9483284
375223039
623150892
259803676
382613220
56776845
48707052
32230920
723199968
125257978
36904620
65646818
1762608
107623464
165970728
40024902
594728112
766767180
935331705
871364057
603972864
236904248
185744988
1664270
777533597
410270521
886879031
720220422
57335300
12174338
665345376
152581610
630294600
326525097
514830940
73882358
62827224
167086768
27858792
414270182
46192166
8836116
568029554
14363543
178891610
67577420
232651392
119074368
457817255
76334784
193405056
26211184
16676912
242567464
252423815
974417676
135724617
81903587
2053260
49516056
449107857
980451567
7650
48004872
633780558
319791000
5539974
179564
5399790
248073331
113027310
37865214
781048785
519017785
97855758
2162655
436262344
563055132
233514448
580948680
660828850
380043619
6186088
189696465
6214772
266417370
699556575
522865
39526578
37183437
672417590
644955084
771074622
287230416
18710730
26704370
254848179
373275
842525208
482615352
21020414
24808947
204256859
328539766
800247184
12356280
371705376
277866705
