273
438
875
226
385
946
229
572
579
44
568
686
951
554
582
14
603
710
728
997
350
414
423
720
647
974
515
87
687
114
842
682
445
900
725
163
938
208
766
965
555
301
508
632
296
805
663
999
688
565
558
587
769
537
517
345
466
286
727
636
716
925
45
116
726
795
806
806
147
281
39
965
384
360
771
487
137
409
963
285
585
912
57
514
63
618
817
702
908
512
848
66
931
855
898
47
969
530
162
446
318
284
805
290
136
250
198
917
858
593
379
322
531
372
968
233
78
724
77
438
417
106
692
991
685
509
848
935
432
44
643
981
683
284
777
459
8
969
727
242
400
245
637
181
208
442
223
255
838
509
465
992
423
873
551
548
160
545
108
144
685
93
58
402
899
23
94
589
777
506
594
219
206
164
844
347
170
233
48
309
396
178
759
876
979
947
768
476
422
47
883
631
961
843
220
101
804
379
780
557
710
242
228
398
156
634
197
93
733
113
410
236
471
336
665
246
424
152
122
482
497
996
357
257
55
207
661
999
2
204
783
555
66
22
66
491
321
171
885
715
286
55
644
732
472
744
803
593
71
423
71
510
831
35
177
171
806
794
879
528
131
154
501
27
931
684
139
149
437
557
902
102
588
515
981433
564258
721626
350927
574192
342153
388048
172442
121202
481690
964309
853215
547020
904968
727385
865036
786423
395750
23061
319548
640883
487620
456144
322832
737714
190645
36721
98796
446261
436321
556308
932126
173405
503252
308267
523821
571220
268758
646814
575435
470865
736085
39321
5858
33359
869126
818452
373514
589838
497698
650191
229789
744146
736769
812286
808070
838342
955395
763805
735478
725899
653423
937524
831254
83939
147129
880559
647274
854354
100886
494734
908482
867003
87532
467407
9081
543997
882541
669161
87727
438870
951988
196530
978331
58172
274764
809426
504892
81507
611955
401100
151226
439352
434202
861084
402590
920131
668297
348296
841825
685639
353364
714415
882572
412923
180126
235143
259255
81815
256346
955858
380181
576200
217086
7012
305299
277320
586221
920764
969281
20451
527091
943908
679437
639732
413796
922871
440258
622431
522291
845007
599311
281175
356795
419118
521715
338717
527904
458335
783568
937819
762677
431857
690988
224859
281746
426385
644130
602882
493741
448455
721713
688447
354388
637051
829857
35410
27949
122917
342552
178582
235318
493952
517014
239208
774938
95012
315772
902386
14939
488323
260615
923104
522387
348043
360974
627028
419816
708790
508679
549360
236442
310304
829069
769201
884748
319338
121140
65031
723197
234478
153186
699747
673563
917069
337499
3825
600216
792465
352110
507895
166503
725439
901181
310650
275558
602915
677426
862023
705578
562059
875305
835612
877218
505241
722458
889444
37332
87128
873064
894498
28796
440154
347268
136696
476711
780845
827544
50978
133881
603170
988841
221434
142830
907686
13825
306800
979142
542234
885847
834265
245608
286345
725114
8162
195100
790635
678510
785744
223314
130544
93655
120538
145334
475437
539547
632152
925931
127111
801063
856872
513446
801996
822950
92029
468202
162688
318691
918854
706243
652609
887192
217447
