273806760
1869900
400276127
275877658
90805968
723068342
769033440
604964120
71213158
717513639
455628736
671078520
241349612
108332685
830465634
546577104
913629312
757328
812925816
895197985
438888534
268489872
21667800
188440395
440581671
475604811
665154024
1071488
388122042
365500656
119726698
161314452
227686785
11168
29407578
195700836
35324562
167736960
5587056
947771704
431985828
598268040
68923272
192192480
199140920
58309024
537121585
687993895
221841918
292158
836328022
709629760
508504699
788371968
17970795
752526091
229738392
861896097
616509998
59616915
744362773
522291231
3859776
218531950
300557700
18564450
25299360
652813455
551982303
280930524
433379765
355959936
24093576
461578920
990164436
23418626
8935017
2403885
419370831
748521496
552611313
150199844
330303228
452632827
60743074
608430915
330598438
559229088
668712112
10582752
126333856
31853945
859979646
523301950
712406596
110024459
540766419
498547080
2037072
816429040
243958532
84168840
45297420
436483200
311992560
589987992
804711388
127565728
679648875
144843946
14194450
36569572
159874
373360032
328303035
128402435
446493384
44809533
182884505
362240
153283
12210264
691469688
413706384
44171961
593699250
7841745
775048200
399601116
343355585
410656218
135194696
354276818
1932092
1735652
735396159
157397399
60119348
228218840
846135236
53891056
116154848
390825448
407749200
282486732
770135532
661424638
713582676
424104864
845167308
172415820
63073170
805891620
137301536
26767752
695527518
13911317
914151660
180119301
409935762
168596753
159696245
96013652
43336628
249824955
107020356
482459988
62538908
42201126
105025444
2813634
214173586
18686304
562809520
325397440
118617597
3569030
213230250
743816853
355814208
47410187
377488975
442150725
608663781
118878098
118046880
325260602
1113618
184579434
45299247
491573194
394508704
502232532
599391480
33427394
372373932
93440392
422923656
8031232
50236151
784744938
4289472
560166586
270572211
79841034
317058432
781521280
40179555
51026170
30891188
78265342
415064832
960595193
340174104
516150945
182109480
451506088
7617278
437981198
575841363
91998186
554104712
675823323
794949141
164163784
288869580
707120244
240698650
316343655
452443457
984673298
86226092
209975808
241266788
322643448
274902750
892642480
101936470
997438000
545060182
958800928
84935060
101918121
256092888
114076432
23206568
398162860
465112594
107814400
107447813
831588485
200477718
131975580
572172898
11676600
1630037
963542569
426432838
591854250
579470892
495568824
74872616
78801392
383679866
25987554
430249965
341440
173960945
296361141
738142550
89916530
196950642
22861864
561842321
887017561
799582080
571706377
28705940
800927672
181481160
8739990
141553390
827313864
121032835
335119941
17670513
306540544
16290375
88832736
24900642
979336710
412348680
748675576
2710064
112511402
243021129
200853891
137268416
515406848
924278486
41085532
582420611
592561500
440613821
38710980
737669100
332882823
925609914
1452930
593462250
712240232
9059323
18826438
265215506
259972251
43175040
324670171
291381825
573080616
175585280
2326698
612415524
71513334
87386985
299579850
190754135
713426157
69436862
1981426
130015473
612615692
104188654
618554378
180051842
7256524
171625604
449680
4156035
24256596
808995315
229074241
404964865
966084
761438265
280108020
192368304
995950000
438928980
174970225
594903899
153388127
410978414
15202250
919060948
190306390
294236976
88255657
698357556
883811424
906905790
525866976
225269814
10800853
966798063
12802595
9567649
25351040
878427175
34782405
58472584
759681860
556088050
4454538
194727628
821978740
153384608
660945042
96826074
323256150
188985430
13345086
58718
753678869
916387044
402700496
185930275
339233895
73776234
423740200
951642144
3994944
156702744
911893763
149107554
533128638
694898932
581367780
18330874
292924518
855246300
63172554
246208010
462073260
823575420
348730996
46455344
357966144
776678539
402602870
831895044
255255504
142861200
64078158
319148244
13477620
310213260
39706756
273184372
32434114
56277666
78909376
699525951
21129664
675619260
10183866
353599446
403589445
353622366
147987382
374569170
777015616
349729770
621768028
808785
286279760
381109586
518493297
391993415
304527384
369761535
244677120
103320674
447298588
488334276
727760944
611742440
972246286
828614234
681501367
186717078
85803053
849729784
436871040
437171840
491297422
13722352
5997
974188740
940789368
19611620
23310
6870420
731238495
210754314
204446400
143267917
177183512
417729345
612774604
247199966
921117678
146441610
387520042
133267042
50730780
376561136
42671570
939217916
97199370
169869588
552791340
434850592
519823
366972752
951414930
347956800
30743982
789382872
25995006
665107392
86284312
28413531
133988508
927043330
82905438
318971563
929307524
16118375
764040596
418100529
264296568
288394560
724246590
35592271
279201585
176616180
771587517
250970886
17503068
75646752
529044435
383023961
264676542
256959488
59684595
1379397
206154165
224294070
711056456
83857914
27390825
658630260
30930170
2272640
729946060
2502170
913992396
615122512
206931648
485674899
344339815
145553680
74394245
686283507
8923096
674517844
791826056
77417124
123142712
166634580
35153442
582776508
516879210
53436375
924638720
740124750
708746330
276544513
811896624
10565376
997103000
27899592
251135640
57392643
489525120
663398360
806729715
941979348
1780460
4597362
68248657
825624576
422130166
839459502
439081134
639680598
596638797
203711210
43605000
75372
101490807
30401
68825361
329167568
11613784
1042848
340970458
32553755
923010
700108738
48942714
706074124
738434100
766700419
305357670
520115916
378327510
453864228
106384249
315359448
627675618
221242383
4953786
876001896
731545230
6019875
813359160
568703200
586504062
407699600
26209656
277147136
728814256
232664570
262554066
77132253
100132686
85879180
285325440
620510823
497604068
390241380
725371995
905072620
81845190
908978544
361022712
355190150
173338074
837819994
67957999
460579713
2261404
937626558
180363578
699558282
891058851
333376979
363355500
511659018
945054902
485718483
29909250
1288636
167619864
605859546
21946189
15534101
13032250
385443537
11826255
76058674
86427164
19032860
479811164
880776938
126696064
321291300
385811349
225961594
442101060
310873140
543320640
10936604
391907505
503320390
988022040
858741264
975951340
164666764
150544000
3295952
38025650
864770187
52078314
55349410
36009281
980051490
783969714
902989350
781005056
307771884
430124870
197202054
210566183
388505516
230761440
757206780
138620016
813105192
677514992
952381075
75680788
81444564
19916039
387114294
617637120
110929824
15826287
761804190
45378
459736704
166546072
145362540
835814452
3754737
5781028
7623900
48
39224064
24633148
689524014
459788028
617205
231358169
494704578
548187164
158735200
183333712
358726093
239004546
65810000
471692502
254057160
105578118
537895000
64842750
33828465
347593848
247836688
84462000
577854160
89065440
162870838
22566984
29610102
220056200
318895530
635121632
444665056
417877944
645850709
295593936
236017629
226850992
844923056
622676236
99698232
752281276
882077580
464158166
341612636
395575950
90304260
12350556
271925288
741954828
631772700
6428214
245170560
70639616
5515776
922975424
20411424
23324840
512638848
214620
932329432
786403350
505025290
5313427
40708080
134682438
497127280
6067725
931603268
428571954
80064894
287536253
458176689
267747906
827296821
463530877
36600404
878092325
603375177
932106218
3685941
21465536
138609315
871300924
99200024
216302852
297840225
867974488
125600650
653532135
57560349
30434442
291108300
746058670
29076084
505797324
4413486
91057974
449670056
981290182
52731392
3456066
111513675
73090926
630677621
34401008
57094884
787349500
808794420
672684761
226104661
32887036
161174611
114873000
1205820
34198674
85435848
8398396
148750118
38495330
188506032
87002520
43902621
768983270
208881344
195236876
42052824
480191300
115795956
83354130
397815770
468333808
270032466
252426296
259758541
185614500
61174918
629147594
129088092
367343008
93647888
640576289
31748335
662713452
747382860
14351636
70385920
214597075
89103456
632122920
846523860
4155645
213370650
702092850
154209270
369804825
14668407
1555280
1520
469463936
52407453
388152142
669551861
714576195
44284923
146056731
151343562
563316936
566245758
3223545
159604817
87634935
303751903
111857772
473605988
586759536
124487985
47868524
551544888
210908321
765320482
468754120
14053008
639541476
234293769
503419775
900734198
111458100
683384194
850501401
351943844
307013296
485706225
146834540
986447975
690282720
514812672
793590836
113619747
890053476
17141874
786323816
622656911
6110700
136406927
732479490
165232364
824960640
636848688
613973700
719500
458305461
288231696
365046696
612048804
375444570
648927760
289664596
281656020
898349400
89478735
5196800
160514580
6851061
169402570
92486814
171092064
688103088
178641496
250272610
472778938
713481399
106083416
376104112
571583298
