932
510
46
613
511
291
842
865
757
257
839
656
810
476
321
899
722
948
26
888
935
642
504
150
429
643
669
804
32
602
582
338
403
465
4
173
437
186
408
72
968
636
755
253
432
440
232
715
821
458
18
901
835
701
876
135
859
468
919
767
235
853
709
64
455
530
138
160
795
723
516
637
576
156
660
996
154
91
55
627
856
723
388
557
653
238
761
557
726
808
96
352
179
918
710
836
323
717
690
48
890
479
280
203
640
540
748
884
353
815
379
115
188
13
589
555
355
648
201
421
20
13
108
822
624
201
750
87
870
612
565
622
364
574
46
43
849
397
236
466
908
226
332
604
620
517
866
802
837
632
908
412
246
885
368
164
826
113
948
419
621
409
401
302
199
485
318
677
244
198
316
57
451
138
728
554
337
62
450
853
576
209
593
645
761
337
336
554
33
423
203
686
608
694
755
182
588
296
632
88
217
873
66
727
507
273
544
872
195
218
178
271
624
977
562
705
420
652
86
641
739
294
724
813
879
404
522
834
475
543
653
994
284
448
476
552
510
934
311
1000
722
976
281
311
492
328
154
610
662
320
319
899
441
359
737
104
41
979
634
750
741
687
266
272
599
162
635
20
415
529
850
290
438
152
727
929
880
737
172
881
420
90
374
897
341
559
133
536
125
288
158
990
622
856
56
326
479
441
368
704
953
197
743
750
643
190
850
559
954
38
750
836
91
139
499
497
199
553
525
738
416
54
764
257
285
530
431
837
253
47
357
764
314
769
419
83
412
22
65
156
885
467
617
31
861
516
432
1000
642
415
751
391
622
119
949
430
528
287
828
928
942
711
462
97
981
109
91
160
925
185
232
860
725
66
436
895
391
802
303
553
430
111
11
859
948
614
425
561
263
632
971
64
396
947
386
713
826
743
137
527
916
246
482
660
895
569
208
576
871
614
899
492
376
249
547
111
540
194
509
181
229
272
829
148
813
94
573
615
573
386
590
871
570
772
27
520
598
707
605
534
585
480
313
649
684
844
764
986
898
817
426
283
911
640
640
686
112
3
987
963
142
7
81
845
449
446
377
418
627
764
482
951
382
602
362
218
592
199
962
303
411
723
638
23
584
971
568
178
876
162
804
284
171
362
955
278
547
956
125
862
627
498
522
843
187
515
417
867
486
132
268
711
599
498
493
235
37
447
462
836
279
165
801
178
53
844
55
948
766
448
681
565
380
265
819
91
812
878
269
344
406
186
743
705
225
953
850
835
511
888
96
1000
168
486
231
684
802
885
964
44
66
251
896
631
903
642
786
753
445
200
12
311
7
253
556
104
32
562
181
30
829
213
833
850
863
535
708
594
654
317
542
778
457
69
924
845
75
888
734
747
620
162
512
844
470
498
269
309
283
519
771
689
604
843
941
277
944
579
575
414
902
251
659
53
961
419
829
933
559
580
702
967
681
175
37
408
758
151
121
110
601
105
269
284
140
674
926
352
550
601
463
645
540
720
98
605
695
996
918
988
404
388
61
190
921
222
227
187
990
873
939
872
537
635
438
449
602
468
860
369
888
814
971
268
276
143
602
768
324
123
861
9
658
406
380
901
63
74
86
1
192
158
822
658
23
469
687
722
400
421
577
474
250
666
490
317
716
250
183
568
482
280
740
288
403
152
174
455
547
782
646
627
791
528
471
464
908
773
309
859
927
661
563
609
290
108
508
852
780
78
480
256
72
952
144
154
703
14
958
874
697
71
197
363
689
75
958
634
273
521
657
503
897
661
188
925
757
958
63
149
369
923
308
454
529
922
350
795
231
177
525
854
172
698
66
291
652
991
224
62
325
262
779
184
231
875
885
811
463
182
403
330
35
183
282
89
386
190
429
285
201
865
448
436
198
674
332
278
610
664
506
488
497
425
239
778
356
584
296
787
179
802
855
116
256
451
288
780
908
65
450
830
393
585
117
40
2
664
223
602
809
837
201
381
389
728
731
61
401
285
533
326
668
747
347
209
723
449
863
664
114
786
471
695
938
325
818
911
571
536
681
383
995
822
704
878
327
932
131
874
773
75
367
846
404
896
784
765
25
657
522
582
764
591
793
523
516
936
289
70
402
81
410
294
412
821
418
485
667
837
317
592
737
399290
229778
145339
685505
523083
303818
835433
458400
970726
800710
510805
587107
383351
751219
343122
469386
553390
698907
980825
763461
277094
810414
977157
692494
883351
522653
970241
166005
567090
813947
880473
531494
112275
231503
732112
652726
989229
962745
34828
229036
348783
383387
306621
455451
373102
312914
805507
461195
308447
429718
870839
516401
272424
640534
805399
111598
334648
410430
723678
792149
982378
457778
784356
698766
931867
555834
379950
158121
922733
647062
708991
235408
357973
955720
652943
169986
899968
542845
682611
779217
937863
249179
324054
930532
877391
837995
913892
838128
932295
584550
851962
827248
799821
62421
774800
507351
416567
637307
302260
245754
123430
43707
966653
697377
903862
113058
901852
81476
770518
55743
809965
583129
715680
42002
419183
476438
535286
98056
666827
725399
521216
40650
188997
683081
404146
411120
792408
904379
948054
135949
572786
596381
194683
169047
577764
223140
423540
803794
506734
466253
256307
340633
64992
797061
964295
454598
396838
760
319558
300603
148467
128669
154446
646095
762856
961650
716579
901122
932744
418691
872641
398017
418485
430462
202607
868746
827614
385363
157599
142768
274454
322648
910307
935448
77598
736659
754207
383380
45494
759262
724638
133802
773787
335597
292458
295470
563025
161788
383036
252037
382533
255962
349864
141746
853735
133117
828492
91264
705955
910612
6281
656243
930801
824121
520514
633289
668986
413177
874132
88573
680345
757032
337485
954993
841282
634863
501099
333054
63939
371026
989951
655864
670475
964127
818320
983209
351330
110237
375664
375635
803032
439501
536708
307491
821149
117455
254743
701257
813666
421615
927652
17072
163218
111671
437483
436740
118475
920715
785146
295089
987805
972446
539025
71794
473845
960271
662991
635270
180698
67493
583452
212388
216960
833925
636915
127750
870735
434405
605292
792349
850546
776354
899775
327711
364189
121420
78122
775721
802580
843819
685247
843427
884790
693982
447791
860465
238456
446623
791283
915457
275936
378485
359932
623528
488038
461901
59599
552168
873605
980064
271907
445297
105139
922293
612600
864865
84820
648863
804215
354221
82413
617986
593534
234065
166895
177955
923766
139273
396467
351981
968452
865371
733371
683927
541303
392297
671052
716177
692869
837953
888998
183667
173546
573132
438303
442585
713939
700111
713243
135442
40465
575691
152069
689033
899828
144452
555013
702206
298221
155906
66871
509744
732129
186962
657660
721520
731268
711886
959775
987020
721352
866191
489649
423884
553852
933591
685197
42158
616364
310057
677559
358903
867846
447828
485485
300566
203742
474157
330098
636083
533673
656345
400284
20440
484371
171946
309615
29955
952383
629012
683627
909112
219761
270749
643047
962901
681584
827629
151460
928847
872001
536876
433594
410833
915659
395714
336542
132861
994141
179194
886358
192563
406346
487597
889302
785488
744085
301650
805532
170173
94364
132599
984211
806781
452593
938947
226843
128381
776532
713179
234587
415272
969862
347461
961820
114357
845895
256395
112631
655705
542139
125371
392288
635311
839760
858751
533661
398245
84581
200135
515103
617207
848798
889056
38882
862276
677362
697573
74837
829451
949651
747726
582828
128947
259371
26835
728859
764580
123109
855201
822260
808673
518812
720094
173765
439255
911559
371681
160417
549760
150692
332359
97111
976936
177365
368141
657580
43087
841204
584499
929634
206049
282746
336920
343119
170910
793896
865734
943988
371414
497439
38235
628378
985523
570762
997438
166069
305272
666235
251332
990617
218025
303191
309255
852548
569891
358859
599499
767018
326337
587360
220323
764331
632145
830687
4343
560229
824719
272037
206640
11791
480290
488903
28780
832328
831020
5338
915945
281476
186878
892096
88650
617733
248453
941404
217772
997103
976318
647781
223149
737045
123721
707024
516740
739616
40364
838837
307511
539878
342376
484119
383355
683690
58507
949289
493080
773090
158444
190333
111349
688336
407591
490894
531479
422080
235011
689212
606709
303460
641337
724570
754931
232710
436358
493301
253689
847628
382174
914298
150407
884365
256799
39757
611961
802061
660219
134525
506863
544439
16231
782460
37281
2792
852161
799515
595497
613561
347794
801853
42880
545845
765338
875764
724345
977306
621709
218421
702587
582585
222933
751250
699362
886814
554492
816499
626475
504229
32589
754612
652157
804362
899684
834151
444890
427372
514184
963744
87428
685428
609451
69657
863524
550538
278973
708814
979830
722212
155491
968578
327770
812176
57565
722532
49362
130323
570276
896240
712450
322078
591537
922312
527217
223343
184855
509308
847866
571904
891709
179855
607709
172719
288802
713225
370134
918412
361697
628008
314581
33484
312919
516026
60309
812307
358755
22601
665168
99553
660122
286737
876049
345127
925356
449659
362607
316378
510772
957431
789139
951540
309387
973204
644721
507037
780884
18112
921456
852427
813843
280518
995950
302964
683278
647923
122521
468967
237495
844522
859130
517267
144064
386289
672607
791599
123272
975678
822053
633888
3330
972079
551893
530716
990202
342948
29128
920196
645358
42668
312048
120226
979103
557267
632071
627228
826326
80903
775554
698688
546396
15330
804813
130854
604695
52845
247164
255223
289711
34452
827306
389058
606772
889951
643721
842043
303613
304321
733162
399937
214430
243830
204674
90135
317926
1999
782012
532302
311394
852361
135408
865815
559837
799160
972971
694556
208556
970240
442573
831271
188013
790082
373012
617722
331811
565245
925015
652979
582990
962929
933675
488347
679223
468696
189917
874621
986051
348100
518484
42439
705322
991990
772823
641949
587113
801591
299835
54032
63933
108339
888413
799287
48
809599
617142
5042
110056
621469
387113
435472
849856
593004
788754
474886
969512
392390
928222
512863
336827
898906
991405
708247
352754
278262
729216
388000
649550
770288
412217
274945
541183
682005
951163
380021
31164
354935
936797
532718
439408
914119
639439
662940
908616
367620
636575
257342
48394
917336
410212
204292
675981
490523
724202
320790
469729
293278
475825
287796
282391
263240
361376
874441
783877
868403
552480
954809
774618
669183
98187
160463
734627
584166
413308
194519
213137
644771
712644
890860
450233
495031
955047
282264
290108
827180
843858
895648
432098
710919
166161
408991
12298
138110
668853
80265
801111
429879
612884
74240
315677
581844
660737
592028
689678
617102
280733
253977
574469
30767
76608
483640
693159
489740
33746
898018
666472
