744
701
475
824
953
479
774
431
27
911
218
82
70
630
1001
721
331
418
977
3
21
404
605
424
600
774
64
814
678
655
528
71
522
774
840
190
520
358
140
480
219
16
845
323
37
292
33
7
743
545
334
823
805
724
183
14
64
543
959
472
29
745
19
152
213
353
623
1001
251
515
350
439
768
984
463
474
352
274
637
679
594
801
211
307
805
410
366
867
400
925
943
299
755
294
389
327
292
155
60
496
247
184
365
729
359
733
576
292
522
825
481
640
195
241
498
928
950
712
932
510
798
900
443
276
879
186
496
931
209
269
556
911
433
812
709
301
825
313
796
361
538
615
223
64
167
667
968
957
186
307
962
853
270
114
267
678
575
180
844
31
216
309
948
628
39
175
516
659
351
276
167
224
14
164
153
101
415
296
802
507
412
854
494
311
464
825
4
538
488
887
177
542
615
223
427
173
271
33
222
287
807
909
690
276
723
857
634
712
21
972
52
10
24
149
487
670
600
426
694
327
178
181
773
456
797
348
236
938
101
169
754
777
19
10
632
118
325
61
585
787
986
8
457
583
399
720
773
290
224
469
539
115
767
609
317
12
261
868
616
559
279
855
467
278
17
395
314
564
196
122
865
894
204
332
931
247
399
21
49
287
608
610
363
233
35
881
566
113
768
720
368
385
864
97
856
990
524
888
252
838
477
243
397
759
422
420
372
882
599
286
912
717
10
836
326
707
296
650
643
254
934
632
402
251
848
135
987
217
808
455
388
897
821
875
529
719
49
410
407
138
916
666
497
366
241
222
664
623
208
100
821
158
940
376
101
580
267
344
404
193
597
651
234
415
85
913
559
141
812
97
326
668
784
369
201
427
903
461
431
831
32
443
145
35
268
829
642
730
546
939
498
764
957
419
879
51
735
644
231
589
179
144
523
932
359
628
204
714
418
923
704
42
472
116
896
773
687
79
531
284
611
409
230
769
525
32
313
727
194
698
898
267
821
809
380
577
943
259
708
787
244
819
866
571
174
439
429
991
962
370
766
780
851
660
330
628
645
160
357
54
510
866
956
323
1000
393
956
852
20
740
347
813
534
587
117
638
92
766
892
241
988
709
306
213
614
558
189
818
533
875
488
717
46
382
732
940
38
487
75
78
191
402
123
766
288
349
73
351
66
888
731
495
677
106
519
75
796
190
512
655
337
441
374
960
814
231
462
297
450
104
619
494
983
881
651
725
141
701
194
886
967
200
583
88
94
479
72
101
840
795
404
889
638
427
241
9
607
954
146
935
754
948
938
388
32
361
109
457
563
160
3
272
98
874
467
756
301
594
945
848
55
381
713
870
80
493
653
658
410
698
287
281
57
340
128
395
981
950
506
423
213
270
943
77
747
944
72
313
449
86
860
702
22
738
447
887
252
779
590
472
63
529
123
56
799
618
612
842
612
183
625
56
329
79
214
133
961
540
842
480
180
568
388
139
968
212
521
821
447
552
184
236
122
89
485
868
863
654
204
792
867
179
316
588
746
719
836
227
57
59
667
947
352
166
98
601
522
353
989
456
984
516
1001
221
536
279
658
695
441
708
927
792
227
315
50
133
326
881
126
339
265
325
713
939
140
157
925
249
384
372
506
655
104
449
270
867
373
436
134
464
938
155
596
76
781
920
833
400
981
889
575
615
741
909
39
472
90
568
81
71
225
197
266
218
475
722005
81578
554586
858196
327685
174717
291875
652709
859183
518233
240071
292334
165287
304097
694536
560476
595398
796934
305685
143444
39214
522136
494830
552657
676888
871726
126197
638624
914764
698305
9910
250018
245388
445369
224555
562854
991099
185959
183705
302355
795756
374088
103428
24945
813599
966731
583185
238586
758096
97290
117413
149918
622665
202472
49191
194550
172043
670736
615023
183161
82184
534002
418946
691498
626019
279122
588847
227840
598144
683319
677913
220884
474450
58483
206663
18619
700583
614387
862555
747992
432432
225029
117387
627723
339566
177230
869623
588870
894118
152876
598558
731943
424124
576103
454882
675068
124484
466405
936178
317972
160628
751412
281928
333267
572448
187961
92269
332640
134666
563730
381530
112522
122655
346420
991426
109581
915190
157209
498135
813473
211532
527739
754920
973538
379373
90061
468769
232535
153526
190717
164292
872864
66630
876239
999862
243444
183898
166097
919409
330382
103613
696444
415546
834938
55456
747204
258148
906268
351119
493655
263447
978605
373334
79311
933448
78296
986269
334582
64603
418172
21093
731038
170463
14850
164847
403313
798169
177006
71927
232795
866350
22331
542309
276880
330887
764694
875677
889871
461097
183559
130552
662301
374868
460418
842362
44059
317327
866002
818587
403211
6816
324895
60150
766346
262110
291134
776166
641619
746719
407062
940428
179853
709824
447365
651327
473989
858221
448562
338832
383032
354364
739091
164673
574704
195864
142656
17905
757008
258908
120378
642106
487385
531310
699583
197558
280335
838138
850746
458423
867406
550411
364230
11138
749460
421316
837893
974354
292226
118669
662798
632439
173957
103446
363411
444456
418711
944739
536737
102751
350218
407476
740917
111264
994569
995625
330012
280169
61632
426847
302565
585372
507133
587254
832884
274975
768460
136877
677303
514716
690185
718052
137802
330285
420920
289382
815084
293295
531877
179269
785784
877036
658939
422149
397609
662992
876209
492302
649454
902103
398142
147379
544350
605820
370242
778416
21884
495274
560049
486911
986047
834361
751715
646796
922808
814077
200110
301590
596671
435919
813752
577189
842336
771858
213629
150172
111375
543421
675602
721484
714481
812109
308602
590120
395673
286530
304878
53850
152694
133196
933261
196287
575718
768765
150628
526261
160018
749583
281029
76804
275026
263706
193034
965759
802271
219760
488096
132627
127907
265690
39136
591145
424662
727333
307258
381955
315672
9514
4133
754432
353113
148468
992579
667773
727681
933400
906550
845050
114204
609020
742058
739173
303319
85259
357100
298174
62241
590425
620892
491916
264753
825419
276711
562528
704118
165552
847799
776409
794746
600421
776673
326262
333354
121190
580321
817531
361965
480426
572640
283282
183038
455692
193586
153581
770834
559485
679767
480092
743208
953442
798105
816342
609658
863999
610581
729831
322117
937332
383810
136996
79702
637611
427047
92884
717893
247018
526215
378939
241599
714980
631414
665391
901895
870568
348165
607679
522921
128086
673989
843949
13865
204330
214192
697074
938804
363364
601891
815929
920234
289022
490338
316567
665462
102345
647886
246532
220360
145635
278898
591756
886847
912971
50872
988381
252520
219777
754751
93014
114853
913892
65611
410257
236397
5802
699331
7922
18622
337052
788131
962898
419534
116096
801185
85720
560081
230278
571315
845283
370706
892924
979665
500969
659294
356012
413038
466330
658713
850215
468920
419544
304607
429691
35449
697183
23031
252191
78814
224573
555030
740568
195420
610935
150100
302759
352404
954937
42584
913642
963687
597927
669067
261072
958209
882684
289582
996756
642108
580211
846814
113422
793883
147486
889822
772327
517035
16347
728282
697295
52394
31263
814777
672539
894139
652027
98427
987403
614109
947745
141170
739981
277936
115097
102179
112337
473953
542022
303090
611951
436390
117374
478286
363039
561402
996029
890616
640482
54989
92732
783560
472262
207969
992237
287336
593317
300792
430582
459701
321062
997409
988263
485635
665020
319467
500018
80832
164141
620739
372753
877627
913158
921106
677648
309117
932248
872827
552170
314055
711540
465947
976115
120557
934219
881280
505655
245327
221791
206084
377240
259020
335007
192965
832170
812161
779824
149413
752483
392778
329030
795941
909542
492285
10101
954188
443094
958252
289133
533944
13495
817431
263121
494385
113118
803260
677855
352932
632476
258593
78134
384257
200700
432700
93514
31920
362203
875313
668832
489631
174356
910432
61707
334205
659746
789761
914200
427393
377412
966746
903209
886037
886068
484308
657934
720880
931660
45130
405273
963906
492258
858380
320607
929190
884803
372597
978781
617154
997310
726721
60806
965251
75556
618320
564316
343595
787614
999115
160303
364944
435195
682113
288894
561401
505946
280734
495976
680401
429325
329265
136630
66394
830721
125835
362532
963695
359018
143740
176737
763242
314005
74413
271387
63613
420360
288879
549373
115305
354866
30676
192344
893485
472624
978967
72317
70839
589844
534401
605300
90813
539454
861080
985269
321031
399711
82576
688998
970409
332987
560891
101658
886790
842879
588896
896266
24540
379456
332325
