476516667
227185850
673563144
918602418
230124054
594788040
183029322
844101
828592762
45337242
8071014
5579140
395465490
1000861862
515500580
108908930
172649884
963584813
12399
515340
155239828
361877120
177882416
357238800
593151804
5010944
662167022
455981442
431837570
284831712
5739072
277639794
591873156
704035920
34172070
273655720
124018360
19179440
233717280
46325508
286480
714067250
102496621
1938578
85329992
1453947
55454
549205539
305244145
110224008
671849466
641531870
519869648
31834131
228858
5044096
304106607
933622942
222907664
925680
551285845
400767
22417872
42749100
119866798
384486942
1000114115
64906843
266889995
116673900
187625527
579648768
975241416
213173534
224670786
118642304
76766306
406158207
458371172
350712450
636591546
41327304
93357779
640732505
165316510
129697224
754782456
152612000
846156700
893723535
90404145
563772845
86228730
145520232
106240665
85361528
23159015
4464780
245655904
61754446
32147928
128886245
526341645
125728262
533830706
332460864
85227500
278718768
674463075
234432185
410636160
35860110
58670004
249008964
853977152
915502650
496394296
868307120
262505160
630229278
811892700
191567376
77372460
771434133
32873082
245435680
859134248
40842780
73981994
312138956
829403552
184824751
651444052
493778796
91130459
680970675
96171754
626940744
127217844
297329466
375725025
49010271
5000576
26253903
445404591
948315720
925175922
32923116
93118933
941418010
725686338
75042720
13385082
72460329
456964542
331259225
29799360
712292956
1098919
44135280
94123563
912827304
393139932
2162784
28724675
269422176
436783882
117438282
77564004
25648027
49478016
207900
25071664
22715604
11534604
169102540
88259504
638196312
256514622
166972476
732899384
243865570
94817058
216199408
675334275
27264
297067460
240055008
786633289
29079684
303240870
375507315
49140280
179901932
27732419
75581358
1489290
48786720
82981171
644070735
824053950
467052720
77482584
519036639
736319831
400989784
496316688
483651
958437684
3307876
101010
736224
21959471
238450297
448274890
358002600
178725744
470048282
105332259
29311794
30853803
585167184
204544272
628140407
115879476
56656756
876297422
11424918
27043042
560378832
597330405
353818
111380
399701448
14300420
103826775
4608916
343543590
611241651
978345682
76112
208251244
339996855
151369827
512308800
586008208
84428860
49681184
219852661
298921854
13646935
577154461
366551619
100068024
166380
68674581
757645952
378291144
314635386
79035678
733778955
217811135
78375984
316523
149009800
97062738
318274224
36447964
14963910
749091730
799341492
39491544
109315980
857549686
62291177
151402944
468951
3019968
83052634
365055968
369233000
128114316
54241235
1780520
776407680
323364290
13264731
579403776
514426320
131012416
142721810
746495136
10629357
734773280
986068710
280026124
790205448
65244816
702154334
229003884
59907276
150438783
567725928
176696042
175632240
134739516
781484634
355396883
82623684
832629552
501601011
134950
698008168
104666212
487121586
89034432
422145100
412875444
66312288
870719632
399053648
153978864
64795148
718098272
18179910
979675473
44720228
644920552
202642895
144853592
803950602
669183964
766682875
286729638
506260842
2979494
163881510
161826863
18854940
836896072
443150406
246500072
129880956
59138508
47550624
441573280
385213360
40466400
11252200
668931917
23727176
882475760
136624864
11455622
336586180
70939230
114319800
159851892
35350073
353278332
424469577
55316898
168930730
8640930
833713254
314453152
20114496
652247120
10792608
104517882
446779776
608514144
131769900
38661144
179493720
815597727
211333003
182797444
691533270
1362688
191686100
20842300
1721685
73693300
688667709
412232052
530506330
306019896
880154748
248071230
572587440
928681413
174113774
770914644
3174291
536425785
416536624
53194218
346859744
29586373
20655936
279283046
866005080
124991235
391033620
39378936
499322334
171487426
843806600
481056576
2456286
221330240
13963848
801148544
589986066
464138574
7348106
288556551
82041636
370156020
162840078
52403200
580533480
281786925
1252352
95679405
524518868
35638770
473142790
809901710
70689051
669877709
648158665
138096180
334781747
890888877
67886490
488650980
611033883
60272392
666462888
751173596
328155984
27949272
188473675
181101921
987785196
941587322
132836660
574180578
602049240
721476949
437574720
108136050
389920176
417886470
24100480
122663415
3488562
258637830
750259100
923265604
102251141
997310000
147323124
924194836
724383180
437680
541637820
115426080
660244617
293365182
345653189
14105169
408627516
9517032
575581592
796988620
58225359
982634172
492426024
92745540
42623430
374330012
313262316
33496470
665523982
290138550
766709125
240221904
502318011
2766900
139408608
532662492
884002320
2046300
238794606
6754575
7233096
34960258
154291620
15477705
575813690
83399616
116310183
6223907
117305955
5234526
790161936
531680423
244720575
454088272
12306176
273105585
6429000
625484064
34061110
264721920
431457015
111306045
189493731
135776586
935379840
661099054
53715585
212381862
89572230
200005200
11970088
380699237
243197188
971578523
779511443
424013877
522638000
19904970
476961101
35610446
785056248
946661089
38143400
341271876
9006360
9739622
231983532
5917248
11600153
707562240
622930200
158682312
793809436
407442112
179732840
59123807
89190
363324706
920849454
21262710
872599035
559511732
908422896
875574224
144628164
1254848
126753959
12793766
207881074
317379990
24431040
17406
75921184
10914750
765341698
217776110
564886224
91072065
350531280
902415465
716799984
3608605
138771630
497171335
761522310
7481120
242696505
426218977
435794058
165358330
473183274
82949314
80741416
4037823
112501580
16395008
149077740
968642343
915510250
255861430
177214158
42079854
74711970
899095806
7104713
553464999
900753472
5945472
96592426
195939110
8787394
740528800
478843326
548790
539506044
194532165
786582730
65273040
600479686
348007960
223705816
4838652
286881461
15522231
3731280
634312517
379691166
372720240
709268804
371899548
31483869
387961875
3718064
107340198
7337836
43329008
17363416
938046515
299716200
709704118
233104800
29897460
325150464
144567636
19025903
953740392
41612844
274952019
668357217
194855793
309611832
32081504
56306296
15187048
9144839
236726560
757613836
744384965
430288836
39364860
617620608
753963141
29507613
99241380
346255560
552463728
510363456
697525796
50978071
4099839
4266703
443863154
907423923
117922464
25485316
11009026
359354127
277343820
119607696
984673125
203998440
975563184
269827236
998406409
47212009
295020296
79941870
434112868
470965360
189886662
489580584
852292143
616505472
51081583
98911575
3085350
17639391
104656106
777644604
16116282
111999498
69813455
103340900
497891465
879071142
19292280
23565700
846550750
62877480
142172928
134650980
253490314
431605045
11991720
198949206
74757600
755786442
135224436
186192492
17848264
213949008
875529200
23237290
352322420
6901788
603187387
840780640
693792372
152782000
969486003
791757624
331037850
376349865
547666431
823797612
2144571
223078528
9308520
325259520
7880490
5792038
50524875
37028317
70145796
45052534
225363750
