604
120
508
902
145
629
251
104
353
998
971
973
376
142
841
705
775
643
568
168
259
178
897
841
924
74
405
280
275
388
413
520
330
45
426
866
157
536
628
913
355
282
261
719
905
943
727
206
434
622
692
790
15
434
263
122
120
620
982
369
539
868
423
170
246
369
952
495
414
68
989
713
960
960
247
180
607
573
279
980
820
552
631
982
299
277
395
564
958
267
667
962
533
391
464
103
265
666
933
387
714
723
429
769
242
559
413
587
159
883
92
909
518
144
520
200
599
280
868
668
749
967
270
265
493
249
349
671
324
173
872
278
837
290
132
772
515
514
823
305
68
824
706
17
346
528
725
957
522
679
192
375
748
15
392
76
586
413
974
312
572
858
625
250
885
403
872
145
511
46
592
484
241
506
328
150
865
223
902
838
912
49
316
19
135
111
44
710
903
668
809
459
646
295
430
354
537
318
330
410
192
422
822
197
943
246
56
514
636
158
673
511
741
75
845
98
136
242
864
551
246
222
177
55
744
782
58
509
318
809
958
27
175
885
657
154
724
997
150
248
243
846
603
153
46
243
951
725
335
10
393
744
257
457
943
200
114
364
301
912
945
284
487
42
732
535
923
522
837
776
329
202
813
470
801
990
442
281
427
945
625
44
749
625
757
290
851
516
97
131
407
499
696
909
298
105
173
865
804
898
727
67
356
892
917
312
626
337
244
250
190
562
938
27
797
555
976
730
350
502
303
712
515
638
686
699
790
360
641
605
433
725
887
485
595
259
584
685
269
700
539
579
39
991
266
53
487
135
97
499
981
766
708
836
363
599
831
395
90
941
734
569
282
271
899
848
255
406
310
871
680
953
194
547
535
803
891
207
818
46
796
27
823
725
791
841
649
851
257
181
134
145
422
397
601
790
313
440
750
793
808
998
163
800
606
195
848
592
317
733
186
124
713
703
812
862
401
956
273
368
426
144
564
948
382
752
163
961
658
378
805
953
197
922
909
541
405
720
572
497
138
352
974
234
464
851
475
542
174
679
807
428
410
850
124
521
115
354
84
254
620
661
617
851
935
208
436
386
651
661
444
304
471
594
931
927
247
913
238
144
852
258
979
925
327
333
591
55
777
829
655
448
373
662
769
670
988
520
489
483
756
935
943
870
437
939
618
205
780
740
928
119
966
850
432
673
432
817
549
148
956
978
496
843
549
508
117
206
461
786
401
479
96
528
144
793
730
174
986
512
719
274
376
794
632
344
28
434
523
119
700
544
462
395
392
512
417
56
605
351
657
39
819
341
834
987
594
939
256
170
310
544
762
791
295
62
39
164
861
496
724
754
72
413
302
365
911
618
234
352
373
483
540
71
804
973
114
911
242
527
286
142
323
759
495
981191
30408
762101
36763
975265
582515
29457
544844
126099
400826
228716
259320
845735
402960
466589
641874
54754
293596
631127
363583
623816
555983
294058
381500
867190
127261
916119
118882
318668
857565
836650
890318
867483
822489
789322
236177
571069
128787
441122
134384
688622
675013
575556
710812
736910
518861
966074
406341
498859
138079
288378
158066
481450
123223
135429
276496
236725
445930
905564
864339
48431
575419
624945
343484
464538
157911
925371
121083
97399
206519
850418
723751
37965
468708
483525
247773
851654
201376
804272
749446
811586
769082
611889
478911
178426
895237
919685
893598
47339
629731
955928
826459
715155
561563
972016
870916
652263
789553
358554
673451
496592
710404
673136
405152
765874
617143
819982
901975
418467
61471
888455
101598
164346
368424
666316
326319
371585
491946
395453
835695
97221
915509
260657
23374
581415
471583
164899
413492
881606
806544
739022
44182
901935
402596
586808
230110
286779
903728
969222
235752
146895
205806
969194
26945
964928
708466
545016
973304
879626
786315
531807
944246
683447
744897
152624
839994
405653
826739
185320
679937
115683
280063
27284
485032
182603
57078
547606
56302
765322
124533
576865
846768
643013
421483
584298
499402
728146
273390
92546
128138
484772
217824
895599
739125
328345
172278
419686
920893
870440
419364
773534
805053
967263
384327
560735
64361
832716
624039
359186
615967
427187
165388
201120
430125
17267
594034
451615
269396
574999
418903
98037
986738
465365
205627
735726
151344
595893
734991
958130
801015
857575
534574
914453
493524
510882
203399
879790
15629
50336
914238
820996
457112
760267
856363
206741
74486
476074
324725
249966
569166
980825
327962
642656
292988
649268
693275
196422
813607
750279
970227
637341
454329
643282
970240
434447
121276
205968
945420
999060
202448
589
547247
24940
844386
7476
923137
295223
64647
291730
218166
969901
439793
349372
112672
536402
429251
406800
827337
74253
363816
187626
365096
998933
938533
445924
562274
816701
406473
408509
929423
478957
740358
495914
817849
624126
233485
19366
476992
994975
660014
476686
313183
707253
35813
318117
726288
441283
10771
74901
741715
388557
117380
259782
597537
745574
20366
886678
165940
747621
387153
21035
470753
552650
235790
276113
513252
659265
517374
123127
202663
659223
31599
497244
686269
175000
24759
579168
688314
259635
56891
981499
501207
321930
265202
769098
668070
483940
709707
400763
176568
169283
224215
497509
431844
561311
227581
750090
699368
25791
695872
535048
508881
370605
931914
138462
941389
908022
563591
81555
808610
929950
910898
606944
236089
232146
512265
821985
115107
494943
655576
529910
168266
962510
671939
901872
330667
880199
671873
420545
595381
877854
761024
554475
908177
39359
262475
885964
702271
848531
282942
688004
310747
386913
379081
46052
193146
45609
796297
893518
8670
699997
558949
414946
114747
980736
774628
677999
843110
450876
577473
833195
650281
152735
699745
720727
527246
822848
861315
816590
885364
219524
736944
92775
734017
199479
555980
442215
949997
95699
89241
123231
168482
779862
590629
675544
59922
744779
855575
483439
558130
796950
552500
190738
465563
872389
93422
310081
371925
563880
670389
925691
776554
774875
426951
939143
353723
57312
848554
93338
584984
355894
55195
368458
675601
458337
28173
500367
407288
444280
385895
481262
30840
773903
477677
314046
83983
162178
987633
961485
188584
891590
560575
925035
148702
691265
489476
588562
360776
885598
686514
388862
139298
63736
527676
767738
41129
928677
868275
91271
486247
104882
293729
140769
44179
57931
819988
818312
13510
852394
549732
262041
223815
751193
515226
730296
507092
750773
110984
37608
114244
633222
184344
887820
62176
612591
873046
955009
231661
17602
320739
740540
489817
569783
998062
413597
116613
19475
700331
781980
257414
917565
583895
604563
860531
218478
395685
793136
44323
528364
956994
702301
648076
331177
276312
321092
100898
91977
204590
735995
42125
617040
508637
409266
388194
866619
541378
995794
751115
526491
948598
973494
417460
646292
855549
94426
887436
130296
702044
441678
189692
363435
775075
215134
738015
775826
520946
771825
97848
953523
604009
38513
46447
433427
565642
