7757640
252599952
799783556
14630210
396100799
51053149
5916664
126569562
996935134
939212373
943053006
145096520
13408492
702819495
488758875
589793600
413457359
321284656
20374368
56416416
23192688
790800582
700716995
839012328
3269468
165446145
69376440
64831800
153435764
173197332
270891920
105843870
1160595
183233250
748517574
18071799
292036384
392465460
823466655
129019425
73128240
56941326
508514907
803477100
872624853
529362142
33855276
193531016
383798880
474898148
607587420
112140
192817520
57459714
9087292
8910360
379806420
963170150
137114865
295159634
752720920
181573173
20947910
46921548
137240325
896202328
240090840
174105630
2676412
976769037
500557372
918714240
919804800
48516234
24189120
366633463
329474427
65893383
954024120
669694820
309525720
398241137
963082752
81743610
65313830
160232935
318028320
915779024
60764127
445602690
925934620
285180584
154712835
218429392
5799106
59310975
443766456
854169897
150489594
501421494
513118161
188671197
577667417
44189926
313913717
172826871
338976651
18541467
770319487
4355188
807605595
266887068
13780656
269034480
31582200
351497992
66283000
752225292
448811164
554664460
934193558
62129700
58173860
238992596
50142624
115580773
451674256
101471292
21544209
759438752
65632742
691980543
75590530
11779812
586926124
263104230
261564834
674845186
86297310
2796772
675670112
491285632
183107
114410782
280794096
524719475
912521511
275222412
458733079
26745216
144122625
553787784
130050
157123792
3466284
338042890
173330318
944683574
91412256
326651468
734083350
385714375
50612000
776900790
164137064
759023680
14731710
255687537
1255064
344848880
232930808
42552888
251275552
104342376
16900800
744359315
37571486
799139528
693308406
816786288
1443393
92818364
256690
12416895
6361632
1089396
496818950
801354708
447819852
651287877
213693417
415560172
78234590
189682460
127714704
292673592
93880914
105960360
171158600
27027648
180272914
672271878
29814768
872926613
46664232
2005528
261439418
405348876
18277914
453232523
255194422
546869115
3324225
709794930
5409110
12617400
44611248
740944800
308876825
47513916
37355052
22795299
1737945
549909000
600371116
2181264
253919231
98605758
650656048
914898622
421983
22424150
772645710
428536791
17671038
514332496
995067814
16647600
49877760
45032760
713271060
358202502
17479332
1295958
45593118
893124993
526558800
108782875
5890
158220228
549832368
53075383
212671805
876445889
30547000
6604134
134106336
83110013
816456144
880658730
73736340
235434793
981708
538551432
286975070
835835572
275446872
691746183
591390376
104841772
31929332
657399930
223754780
629838315
985025250
202043504
70240446
185073329
878802750
389885000
1097360
555544535
390024375
567330622
75991890
725387294
264838032
4882592
11001773
168333979
246268476
477813744
809299062
80280008
5993190
21318963
745037475
634800612
795056872
530925192
2580371
129435548
785137508
827111075
91019760
390702876
109969503
46014496
50665750
26307780
315997988
862664530
475254
621550014
311527605
946954240
535832410
120219400
248948828
83778288
498397864
263816475
409515612
468844642
480914796
611091860
130973760
411942496
360205505
191479095
518487375
780228262
233503250
348065480
55719706
336124704
465756845
61524604
481819800
294966133
333167601
759525
986831854
59641190
1611624
235476675
12493710
5311138
246976557
956734965
575092118
495152544
687900928
132529848
352548638
683069535
160035040
4180230
870457935
540891940
323855454
72590748
62780131
796152602
716039328
52434885
167877752
88901490
756267525
461039320
900985260
28497630
304122701
289637230
633825566
783892890
34235316
665530526
1239470
618136984
466209
673470776
522527075
612157273
700314156
419443508
722119454
52933776
24512649
12230314
14215365
180173322
161317377
354968029
609741750
91895548
199904760
558584250
614475875
647220120
997061880
19377766
625584000
362107422
28996890
717183280
344197680
93216386
539484335
25682694
9287724
499336003
485959295
654913728
739221030
163126800
908197132
63375858
136382640
183965544
14090112
317865324
889729284
148290108
560162544
19132940
923987085
431369008
146343834
641019085
899866438
30066928
833237216
810455310
298902500
165752730
510095520
325915876
244497162
12880644
125274688
945001098
39612222
218814512
723705718
226571200
299536300
22143414
458694376
643138650
185943316
170127860
719752800
10112820
274301811
7069165
127151844
3868368
51965860
381899540
435746403
373015371
724757554
856571265
34515520
196581936
149983002
421897476
435774165
203501628
85139152
224519106
346833630
851355743
844402446
49271313
823409136
41650000
13999824
728927748
53339178
952864616
840063725
102693042
107202690
342288288
1696200
594655194
680605684
425270540
208113024
141397213
436929268
577607435
450199130
974897144
269807720
236646660
231336231
565201476
857923275
875742411
754710210
197355755
864718527
378147402
33246490
597381720
545338560
848412864
7584584
932120448
721251350
190804896
454283749
190634256
663065762
306413370
15522536
906859688
950631648
242949232
705295950
306863001
252734572
7274592
33969194
215097529
604498452
162995673
228807283
4649376
282255072
14025456
614634475
536543430
21941226
967454326
259631104
504954419
63974890
145479288
616005844
400196304
112950680
542248
193533620
276334372
7658959
482035400
302453120
216543096
159169200
157099096
256617984
175758411
2058728
360515265
122629572
427234617
794274
668787210
111835042
685955826
968739513
347073012
866825643
52686336
20931590
89397180
301634400
571712598
612730748
77430125
2353830
820365
19857612
737328543
242780096
514627888
562162796
3180888
173006939
83446224
134487170
813994898
375091392
40313052
124510496
142299500
231314013
296855280
2990875
637681344
943025762
6831108
814067778
43179092
279262570
74297652
13265924
100371281
569318310
240692265
