190353999
990637536
988595185
108198630
689943285
883945482
525743814
476814940
693261240
651459655
163866780
696690
956210420
124046538
455827800
2667144
147491200
907640595
113521216
81441006
106498845
646835332
434103540
356751868
184811626
443799855
261735604
332341415
316243260
185944536
352834725
180390
94892523
66202917
917640248
81829496
437108966
347569183
516086410
140935089
569409400
52632
987898685
131184100
88791780
563067468
52146402
361528200
127005765
260154472
108020
141157597
758092248
107363145
518169855
125237178
435274442
391975892
416249334
519668520
450084600
39259827
427392000
242807744
51683456
291903672
508194855
132204138
73496691
362746046
657346599
34506810
17866030
543778768
952993176
901704915
178098152
905206097
48992580
29017536
917803278
33117
707473690
262883808
1789335
1324794
936262475
487287404
304901370
25299948
164349980
437202668
840958966
38645370
77244567
8246994
45688290
330604176
119602401
215794875
606008514
458966232
285544233
42612460
33661632
447625290
322316
78122775
558563148
856856691
296356340
54615936
420153964
163280948
236836152
113727086
44133261
133210125
460942713
4003853
576909060
668761500
750269688
23179840
313955712
204135580
57105968
428381998
199261140
696868670
229237736
369591188
108607560
388904040
231497630
887964
11580860
765437468
79219584
444319770
7316868
54216050
21995546
611093577
196443065
160480365
602843730
3783557
789185178
116487000
268933080
96095284
420752492
9993680
532266740
224081362
4601920
413625345
835837480
396108111
38408304
84989853
730263388
81096462
465017088
619153164
215112102
704473120
424024240
32958540
137092340
407792880
34955680
305001552
2561944
615065077
4404769
426720672
2966760
186507955
272954838
116464250
321754680
16870840
1730608
826054006
91656054
15397277
19595400
6932728
230503185
268964586
18889475
19000033
351538336
722055688
419471631
941503280
164298197
357590868
18069900
45220
159706830
400217262
924001000
772925370
859803435
196881685
42295908
991445
443012436
626830998
530539704
88279692
471424590
2138604
162807238
512405400
438113120
59755564
695561044
165792828
343971118
118306144
17742055
32625470
40856452
966978926
14541912
876567566
600941295
86609217
60659910
172495752
47042919
688442656
7970
132232562
207863964
448650860
115514812
346644090
5330043
491225040
274777380
161775196
485336995
102115256
582224706
31775975
578698351
339099978
745855765
354837560
715628026
279477422
263777386
9536800
149982896
4794750
794925885
182968280
748905063
62050548
891192544
132590625
57642753
624663184
286403700
101651874
382126080
171708537
304359708
327209652
71132875
114619368
162777142
131314650
25253838
466108295
526140657
299513760
620533632
967600018
962861328
802800746
768366648
296525364
152539776
663317832
35191332
308283930
900022400
705434562
586886410
555770970
9137262
423386685
174534048
264190006
138854439
867316136
45161196
692300850
276380976
582649092
29737640
802337118
298698296
18461142
424857741
74595951
376207992
9820
386001216
133876680
111055584
17479872
68689957
226893555
609031358
816507432
2257424
16187814
33967807
101622771
7962816
859924205
664689750
334799391
562782969
7942848
83750436
808504375
733500959
13517784
292742163
964220816
593657856
899967300
712411182
791542475
383566110
874010175
8481600
67652727
425694478
474500928
570832374
722856904
108174
551037240
37856252
36340000
284524888
302042868
597805776
747703534
627916676
756213224
929254470
470263046
16446288
685349084
146563898
787314343
2504425
106084412
10860795
19410
332621065
130614780
293899770
218373705
408952768
406177286
765412800
16908080
825619856
678942490
23017293
72414672
26466633
832093136
42916432
8708250
95509575
634401796
10979248
129707200
25500222
303295390
999800802
573196008
88299954
940366050
36764000
111612520
328969512
776704
283174710
347950447
108258633
668462850
316893440
575097600
954919848
94047720
308039970
7198854
179026396
800289900
78506142
495520152
386151444
65402218
585930280
577872053
94562934
191951914
357953016
85979702
322697115
773504160
306042786
23618520
359079424
401943370
559679900
983854242
297795672
679611470
862814491
747428146
117782964
897585078
357771324
9438405
590340444
300662132
524035350
245812973
792713600
6824454
28035090
565341984
911892762
375281190
3038959
71109225
923839384
809451204
672804648
795812988
53377380
719016760
130561212
380027520
5526804
355734456
131385520
312905225
607917198
204052320
447247304
197893968
28561442
259945920
799242300
4554689
446137356
527480140
244103675
26984800
236233950
1838390
593854272
258315354
75170760
770081960
99135400
140262776
52867809
18293070
82912700
100869616
785348784
1774125
205537311
98748720
158452
65447970
368673680
251148552
927785412
521161443
295847600
818636443
979098000
325334894
509813112
751500772
598243270
627078552
259123488
337097433
1212516
29398905
44959762
924084694
336413272
170588388
15711030
584166546
878425744
462908410
109932480
927180
125686288
38066154
994395836
883297386
468824193
89936000
443679980
410355410
890334522
142132770
11677256
399211410
252514174
4294430
810045540
152921010
557544590
292661425
41261295
736789557
256667003
639162552
12514909
834271876
27420294
222945210
641083833
111980944
695981202
874414022
311171661
897157079
711388137
535948732
5402160
488778183
225738048
47452352
44840886
20656385
840107038
305572176
3639740
234471507
395473000
201054408
355136936
580486420
30122255
36268800
144438860
512428888
201731138
255834
753500910
77545348
2799544
10256328
71870400
864923028
264310618
3715008
15469762
74203398
728962862
897488280
814691196
10284408
655549290
410598658
26833856
26237904
813946636
187055968
69531283
649829655
291462624
1456182
167422554
527236680
999995997
533513836
7565620
24008964
805141890
689436063
371078820
1000871872
59765684
855225820
23251750
47414536
31184574
309427350
168750728
43112901
506879880
11672036
242496340
806490040
302201916
306218556
719040
76008814
167874
626634411
958977684
995537401
185473025
182277480
103563240
4891284
374387144
635694500
396201855
93394392
66752403
317715202
349294716
119095493
738396096
333974560
338278860
758182167
717244272
13626592
1921031
531468960
121275810
118424416
387466656
89253164
611933600
8269044
63075348
909410296
155055788
846806975
115062159
45346
742507776
693388920
505041992
164445126
91116750
7305921
904967847
306214587
500176775
188417652
479430696
246404096
576044014
11848005
778703509
81156117
51193702
86443779
723926754
5688820
130510992
131824902
695508840
754948831
72172068
340339833
844815450
287426946
70057408
212477167
155663004
53976
312581500
485512170
35881292
633868312
485964765
16572414
1338512
4124200
675639974
35662968
217206720
167432283
149874088
341060
467984
418209372
74638080
770229421
735797080
521295
5196560
60993195
193351725
365136096
457722546
660852456
373705476
3371776
2840318
497779716
321000856
10872339
218399092
289136699
183216000
741459395
708979656
343100838
36802600
797572123
118446592
101171818
343930449
93739464
8076220
169733310
653675568
503794279
261987510
1119685
63150516
457497971
340667865
671700924
109555938
6112350
1650641
255416082
648767710
155218940
227861436
70329441
403288464
748600746
914286460
838929690
12063730
352190400
12789095
540051610
46145103
53969580
960523725
180538782
56705519
205564049
620572224
913482698
290140584
769696
70806532
18004650
6692649
117022347
604223700
234991545
98795376
267155504
438516360
31388698
151187092
230322015
281823906
354111296
405499834
715885028
50108436
858151296
655432316
191623135
174018836
975597480
514039284
807583880
295304400
889151445
19918688
92360469
625489768
176549898
138288360
566901368
541702448
278937048
303440030
64919700
193702800
640372458
213246520
837343728
843724728
18302706
503723760
473793880
20451816
629524963
573470289
80807499
550215039
682501131
6733887
103883026
624326248
546962015
596609585
41853384
492923907
467694202
195321945
22709161
6223275
926735616
144983960
950684020
339264324
792790656
241464592
366787798
175697522
63576920
528334482
420475940
2727102
2011107
187750728
484031310
213734619
5724427
54964272
24811000
431846775
394296
861660810
553784637
829527370
13885173
211664700
295003590
42912012
822986064
271415373
567705304
192451204
622949124
702465420
370280
46572010
354431000
841435640
41238075
50623307
687361145
19461486
209681136
348762276
221244875
663367974
25798608
889323435
48662982
442250696
272245575
348689448
282344244
109181380
844930150
497468826
318585054
311109777
490328521
877699732
491194
204625480
471877380
949638411
941433008
288587352
316925340
840785630
452047648
613034937
104267920
438772040
294337984
275642205
390455442
2840
336226098
245262060
13380250
886242078
705893940
702917804
1572391
838196574
977625920
585037264
909496336
390965278
172111797
79607520
2226224
676943991
37600482
61990950
4898048
612765801
359140
588705119
216106475
438213080
372363024
38916284
772902360
749288277
427658112
629629582
868625604
189469504
726791705
405549259
88011
113017440
122196
