944
449
996
995
339
837
942
739
707
840
815
420
30
985
363
690
57
400
955
346
291
335
814
676
617
443
685
527
595
580
444
615
15
313
267
959
292
679
611
734
389
776
8
995
373
308
771
242
620
365
524
11
389
873
337
735
363
677
647
666
735
686
207
672
508
242
552
731
374
279
622
819
195
145
754
984
951
436
953
234
184
959
7
847
528
45
38
971
716
566
174
421
679
922
205
283
98
227
592
353
475
797
692
549
220
192
686
19
285
767
927
556
246
668
419
504
346
223
375
693
67
780
825
868
170
576
460
248
673
457
842
494
628
340
645
497
33
116
881
288
685
89
245
163
799
455
417
795
67
893
350
534
316
668
106
745
487
73
665
920
651
204
299
859
291
696
804
474
845
670
190
385
660
197
566
56
803
71
672
60
445
538
350
585
140
44
914
311
133
150
88
495
534
149
149
613
856
667
976
421
618
145
7
417
654
962
885
929
455
219
35
684
809
744
307
702
52
418
734
680
253
842
422
607
352
145
190
214
989
129
938
795
303
255
429
231
836
5
374
462
686
349
610
81
720
540
418
715
328
783
187
781
602
865
616
851
542
529
104
406
75
897
440
867
258
946
375
249
808
550
327
640
429
566
588
275
348
418
373
174
697
739
560
804
989
988
902
882
556
408
822
198
570
950
846
785
765
102
669
432
529
387
934
227
839
542
783
185
902
559
147
671
279
636
5
642
376
344
144
269
491
799
909
52
138
193
327
96
929
822
597
771
96
297
905
859
126
553
988
792
950
849
895
642
937
100
267
671
704
777
856
11
760
203
200
548
564
794
866
809
872
965
701
138
833
398
893
55
334
111
6
595
372
554
479
661
659
881
140
914
830
169
276
177
917
221
102
315
812
112
370
174
565
1001
777
307
975
200
344
591
32
546
611
339
825
580
778
984
312
570
89
436
900
286
722
642
266
785
781
313
451
618
302
585
885
567
171
619
655
767
994
558
830
931
866
351
949
618
103
788
562
738
511
896
87
181
774
957
635
61
275
962
906
828
898
243
854
372
640
83
616
373
575
798
460
686
456
182
524
900
73
686
740
509
178
503
46
792
522
280
883
325
388
243
146
295
326
891
45
461
324
14
266
628
516
964
737
556
911
993
586
732
869
794
809
523
599
36
185
226
962
598
428
135
783
938
694
342
34
364
203
997
942
699
308
685
661
946
390
116
654
517
70
906
409
766
553
215
861
521
812
121
919
179
486
813
344
842
937
573
949
849
748
82
717
489
232
226
155
922
567
65
501
650
457
616
782
185
200
395
734
458
18
870
284
58
108
276
932
529
66
133
279
859
949
908
108
818
661
178
176
908
446
271
815
552
39
423
740
1001
746
92
172
903
837
630
1001
253
926
170
232
186
570
424
221
730
116
508
904
564
567
30
281
14
809
986
997
443
440
330
76
634
812
651
312
267
581
612
353
862
596
601
873
852
127
47
744
355
352
643
308
800
98
261
956
412
925
349
7
864
840
728
421
310
89
953
567
725
447
708
512
779
117
887
291
241
303
857
83
372
374
842
871
276
603
925
551
272
469
413
8
575
715
199
812
715
139
38
68
829
198
477
423
406
20
22
666
279
883
860
23
80
255
453
624
691
821
633
64
58
723
584
111
479
551
440
863
847
606
200
899
352
326
607
312
97
426
816
727
527
35
261
691
603
828
342
85
43
521
815
412
492
273
656
867
958
921
118
614
121
751
229
245
987
438
247
461
804
958
552
32
274
145
87
351
796
501
324
532
680
187
406
495
546
616
659
851
237
928
818
451
431
990
734
904
555
945
152
311
808
434
386
776
752
542
565
265
453
813
470
921
924
146
727
703
154
811
777
291
759
831
87
331
808
755
793
218
721
698
455
167
85
964
395
982
602
896
508
626
434
262
741
668
58
49
447
714
471
83
246
172
675
21
930
763
917
129
468
555
221
912
537
776
452
807
844
20
230
616
922
215
239
835
149
464
612
485
822
176
945
233
683
537
612
546
341
925
723
582
573
719
938
22
460
702
981
976
551
580
922
688
801
332
680
554
541
647
4
598
510
125
942
846
844
41
921
992
784
956
647
429
288
52
829
202
258
76
801
20
787
475
680
632
206
885
867
672
811
934
448
857
659
9
346
12
64957
986000
579212
469913
884405
964225
505429
368251
361502
536806
502172
212422
382990
525617
994616
911179
387022
881651
970772
862261
492643
521646
365668
945720
1594
167854
462105
91700
562860
132804
429279
78781
403756
764823
423951
611953
787666
71910
97845
874016
711426
21272
278682
535819
799337
372382
591522
432707
503620
562251
465663
821301
195081
23968
531296
679038
303205
453823
418675
972594
125295
844459
942064
533684
198411
989793
509928
924732
949599
95226
353575
443592
578204
190918
61349
305032
91635
112728
329366
968110
935714
893345
704993
682257
287622
494857
774579
746221
490242
644877
352473
272949
458735
353487
444838
532100
373872
950409
749568
22327
65803
936488
100621
255353
924333
460126
925515
352240
464044
11991
85375
848618
951356
867217
833847
543057
618688
116378
451899
41043
775128
886206
353563
863081
277689
9820
125361
188514
1964
424885
177734
181700
576035
859165
497130
883746
509505
253381
130614
517114
245873
752904
9779
126775
167659
453716
662081
124620
201270
663246
863789
998997
244980
639773
668128
585923
546842
540849
215481
213568
530505
107637
24053
681959
826581
402088
688492
896417
508847
911915
100666
678793
229577
545062
453043
588521
507351
263429
202487
204373
894090
181344
127517
688062
645253
566173
268467
454961
907804
488422
420024
18776
725049
124170
116314
239189
153186
825463
519206
246045
662406
823496
45535
332755
4731
262372
49819
992863
241956
64448
384845
528012
539758
162823
310862
563562
89581
937683
296979
138120
496478
580096
499642
231497
590994
674420
408482
35224
337381
362873
433978
318585
613654
397997
771932
893434
683667
711963
825150
562767
120772
345006
274497
236228
912620
351115
498634
453789
358797
761801
16964
469650
758294
146583
810620
390159
130636
764917
401193
628893
590516
887177
731579
260400
358260
739913
6460
968489
119226
780626
247951
279866
456175
985510
913314
151600
872120
287556
881424
320339
336496
267369
395798
455895
73215
749816
350836
533015
320180
546423
43412
201507
299341
657046
913438
904610
531538
734662
710
293925
173466
909168
313846
834390
39332
17957
198937
910890
417182
962433
39965
993563
961344
633171
694356
601248
765001
304780
628973
871164
960500
627942
175321
63930
739200
698100
970447
642946
621993
954370
452275
568853
816579
569873
310343
696466
547397
762242
78442
319434
193693
569477
39763
872287
693739
707032
746062
998533
65880
101265
549659
131044
144250
24272
755901
481258
39425
855737
827635
301435
120506
810258
445851
56471
752345
276415
811233
94966
749163
604274
680569
534344
398571
350560
868376
389491
964655
352050
37338
356055
223432
304924
907408
436020
564955
221290
575375
776164
689899
33681
614769
794638
832305
258579
211428
416400
772681
573600
776362
707139
369148
818809
469045
644431
275068
746408
765959
890023
759075
198948
369416
390380
773098
390606
97949
345292
534986
629869
122359
481043
574856
149529
3235
710075
211813
274115
624999
535537
257564
503679
455948
6747
545247
826082
524749
884725
788541
134942
913122
724921
45749
515641
355227
555179
68969
804936
695205
324455
66588
608605
258665
824305
665141
964583
585154
932775
84153
425777
376908
404014
310773
119176
115769
597072
63040
908519
265962
150752
125586
886205
107296
748037
873336
808625
952866
928029
934507
94280
367048
926517
714340
99835
947334
528811
737704
928604
923570
781283
465790
204536
193132
647708
616354
647883
426825
183820
577491
506975
648642
833696
774121
747626
636526
730416
715166
520117
573715
774822
712482
656100
347961
240506
692977
651964
46792
191913
18514
926761
889509
537738
419408
157704
497886
892135
825311
533319
404833
390257
823699
330988
102235
903304
670049
739466
373890
47019
406797
730543
304099
477355
868800
230266
681699
83260
376745
107042
285293
677915
11318
376349
578918
973175
284701
486722
412189
556632
180116
540421
418794
617868
668735
26908
121388
863399
997388
743582
570743
41127
427600
725799
400253
866093
270494
550008
292000
670846
278887
673960
203649
644284
956872
999872
171713
839118
670707
529225
158913
859384
395821
621178
145402
294714
583110
76927
974556
329691
679671
62039
23223
760362
332820
945371
700326
620810
975932
933206
578626
27270
744124
563289
940901
787146
806956
608461
560360
884811
59759
48268
496652
949849
341726
177440
98029
463133
671545
632872
629455
280238
350971
191988
647512
398435
364443
240275
977734
273047
82235
738057
389419
322836
902397
261493
801405
117303
237882
68540
960332
242660
953531
589014
414267
136197
38387
443773
328691
222016
31991
782875
465297
281988
719110
542855
602952
48971
77401
672190
180308
133267
864231
716509
765337
589182
9834
841940
556479
336433
236188
194192
368728
22665
941083
568269
495456
742310
188276
837913
176958
559027
855578
551619
951266
802621
605836
186141
903779
49446
336097
947392
730308
560803
454305
136352
636000
335564
520734
740971
957042
149079
313828
477968
284247
677162
714452
217563
713091
964478
529371
888047
537062
998802
184013
564411
848065
686316
930006
42812
818003
146553
145137
82089
558453
558557
341622
518635
822748
807017
703115
241668
843523
256573
496080
835270
479575
356084
898613
62393
351700
601482
461632
194172
643892
422923
603486
925645
288285
160744
60650
319347
534846
864788
776233
362301
220284
597455
258418
156931
893375
562564
499414
733775
34863
632865
80886
583193
419119
566674
569754
410611
40873
608420
107284
523752
720349
135983
303171
208854
615326
189661
317618
573472
856608
832841
692880
84378
10183
445909
139587
197907
823187
389692
940809
868828
300447
610415
219660
674007
985452
796034
897237
338817
729939
724453
962958
771856
698132
538695
392874
6579
797337
333397
841228
302118
815006
837048
540068
311327
82212
566607
889211
771808
6478
728244
660620
52684
449922
844722
136775
941157
169925
209370
319170
593793
801073
532080
281060
415837
877907
729700
56288
328096
538928
543620
314060
175999
468007
812566
727865
187518
55996
650346
873362
439944
590372
753455
38351
863438
475324
891630
317907
615401
546368
850132
853901
123214
898248
864366
912103
866761
440461
455360
480906
540061
12026
105695
654010
739627
17053
538872
938371
968031
602592
712811
516161
978362
103429
826020
960587
326640
186484
542949
634418
642165
801262
82738
154890
910094
713002
14213
257617
635001
188914
636396
945822
643754
840926
289783
726498
82946
425614
84816
514644
431743
667015
28327
948165
868479
250009
191805
544183
309416
587060
770091
647679
721192
915467
285839
325526
576521
321440
64359
652515
841836
267520
421516
