1001
8987 2701
9574 4495
8710 5802
6319 1831
2230 1870
6704 4399
1734 564
6242 7211
9245 1614
3953 8043
4658 7410
4803 6836
5928 9916
2952 9704
7991 7708
6019 3853
1413 5453
2842 7744
7609 5669
799 396
6658 393
1379 4360
8121 3692
5584 5408
3633 7218
5832 2384
3081 9549
5795 2796
7223 1023
2389 2403
33 6861
978 4963
8702 4562
9450 3729
5275 1037
4341 7704
1807 8003
9321 4019
7477 7325
862 5531
3024 276
6914 3128
3695 3649
9834 6182
9918 4104
5135 5293
3507 9155
8041 5901
8069 675
1744 4473
6373 9386
9909 2589
6111 6694
7806 4699
3539 6639
2646 9897
9558 9555
7409 2616
9110 5174
9900 7917
1973 2802
4969 62
1470 7054
8069 1902
9971 8717
7597 4484
2247 852
526 3515
6487 3939
177 549
2862 7307
8898 2879
8596 3271
4610 8211
5154 5044
7267 5674
8429 7536
7976 8008
6253 7482
6553 1127
7188 6283
4036 6779
4683 6163
4975 9472
6890 9507
3664 4300
1828 6474
8534 6235
4497 7396
3619 860
2340 4737
9624 2973
7460 4531
7518 1433
1976 5128
7600 3287
2727 6464
6833 8719
331 5289
8165 4500
1603 6232
4871 8075
4871 3995
2576 3188
2397 2796
245 9334
3953 1540
4576 6824
7377 4404
9899 7863
4245 3047
3895 1292
363 9058
8688 446
5943 1574
6573 6730
3599 7744
8422 1544
8157 3730
6832 6002
5015 3230
5334 2238
6199 7723
3622 3285
9388 6144
7829 9112
881 5435
7472 5907
9653 2609
9385 5800
2146 5598
2055 5424
9648 9021
7808 2576
5651 2076
8975 5952
1897 8373
9964 2911
5175 483
8687 7768
3754 9002
2938 9601
7811 8987
9727 7822
77 2554
9103 9144
4587 5605
9414 853
5439 2783
7540 7151
8184 2680
1329 5264
4367 2348
8115 1906
6477 692
7459 6184
4947 3043
5494 2206
2904 8147
9388 9951
8252 4774
9546 3991
7482 1100
9599 6302
8316 2994
7150 752
6855 3278
2502 6676
387 7442
5073 32
895 4593
4168 4809
1011 9361
1986 3007
2176 7732
4207 6404
4931 145
343 657
3204 3256
9152 3056
6426 2162
2980 9360
8884 5260
3671 1679
54 6727
5458 5248
9933 1130
428 6244
126 8996
6534 7041
6379 1859
8557 6553
2986 9856
4842 6117
1043 2801
2391 6110
8567 2419
8974 1517
5233 7928
8731 369
2641 1415
2982 1060
6807 7747
3951 488
4553 782
1186 5967
9360 6475
8740 2002
9602 3813
1276 3810
1592 4555
7375 6200
7845 7606
846 602
2751 2184
7564 8887
1211 7528
701 7836
7830 4646
4809 8408
3042 4988
412 1458
4158 5181
4566 362
9047 3686
7936 6247
3435 1593
5226 9425
9903 6003
5655 2782
3463 3771
7539 6439
6164 7245
6522 9031
7499 3857
7687 5650
3299 8990
4726 8910
651 9349
2922 6563
21 2086
3819 5163
4358 7475
1494 6266
3732 7552
2912 1638
1133 8204
6882 7560
737 5301
3473 3471
1251 3570
4644 6954
597 9962
1986 5250
84 9407
253 2404
5854 5232
7156 8036
7337 6035
6724 7718
2677 7109
4872 1526
5058 8460
2804 2451
1737 7484
849 1111
1092 4529
4338 4820
698 3496
9790 6921
1409 5972
9791 3281
9262 7938
4620 8262
3929 3204
1351 615
3210 6105
5175 5813
1400 6316
2072 4087
2784 2098
8007 6481
473 3486
1455 9648
6181 7707
2447 831
3346 6421
3664 4064
8789 7775
9818 4783
3625 569
6299 4560
5583 1923
614 6575
4489 5515
3995 6155
5316 88
7690 485
1329 3939
2137 9837
8494 1150
9274 6454
1574 8050
7128 5230
9858 3565
505 1133
815 5463
7355 2955
3738 25
5542 9239
1180 1884
3330 8612
4780 6456
6374 6318
3688 1005
6165 6976
2443 26
8632 2674
7868 7579
2823 6856
3616 5681
7635 103
4156 3493
9236 901
9542 2329
976 6870
4336 8277
4435 2611
2364 2345
4164 1536
2937 9932
9099 2612
9754 2313
1229 345
3335 1460
4518 7104
1544 5375
5071 3940
5070 1802
7138 5685
1180 2507
1605 3048
8861 7883
3654 6985
197 613
5609 8867
1520 7346
8378 8814
2405 7214
423 5282
1438 1749
2532 9389
7847 2133
2909 9555
5509 2356
4413 3076
9813 5316
4365 8660
3472 9307
1437 589
9395 2669
7275 7207
1702 612
1060 5068
9272 1142
9185 5878
7048 5394
8843 7591
6826 5541
3394 9674
1784 3980
7413 8294
6782 1003
191 768
7221 255
1165 7425
1750 4612
8823 3261
4808 387
8582 8525
4502 6495
5468 9085
230 7996
5659 3393
1482 339
7783 370
923 6697
185 4226
5742 8982
7126 8258
7651 5032
4566 3542
6408 9059
1600 2250
9853 724
2987 5532
9630 7651
3876 4919
8710 7734
8310 364
6950 995
8284 690
6042 1418
1391 6463
9535 4016
3049 3830
4735 3338
7817 2112
9398 1787
5171 8010
8730 4428
5416 2044
7541 1541
8864 3399
9374 4885
14 8267
9859 6743
3442 8010
7143 146
6103 4731
7773 6367
2413 499
2954 9605
2289 6265
8949 4805
228 1208
7085 1474
2705 669
1453 3381
551 2366
1531 2875
692 2399
5571 3712
5865 2443
5354 3734
6739 9813
4047 8990
37 6596
8452 4287
6470 2826
3919 7090
1630 9134
5082 9514
5818 5281
2011 735
3024 9434
5129 3697
6852 8471
5550 5607
5687 185
327 5921
5067 3728
6422 1678
3099 856
8447 2368
468 7322
1959 8931
4487 8465
9414 9291
5899 5604
4706 9245
5171 3037
1775 3848
6955 9345
9171 2722
1412 6692
7712 9792
801 1822
9472 8178
4952 5743
5664 1250
9752 3453
7283 1138
4995 3072
8915 2640
2685 4625
7730 694
872 8972
2940 2760
5350 4003
4522 4456
8520 1482
7652 2489
3555 5558
1502 777
1389 1590
4847 3469
2231 2456
3077 9897
5080 6454
6572 110
4931 5898
1933 1896
8857 5933
9755 6207
9613 3204
8324 8534
2282 1098
2347 8003
2023 6221
3109 7725
3506 5417
5501 4073
9396 2680
2873 9145
3730 1838
9774 887
2877 1342
2090 1782
559 1042
3887 5801
3278 6009
9704 8926
1890 1518
5935 6608
0 133
5260 6910
1694 6318
4945 9879
4400 4135
2199 9062
8690 2304
4395 14
5405 7409
5228 2859
9680 75
9181 9309
7267 8246
7863 3126
158 655
161 4623
2469 9603
7585 139
8732 3382
2837 2011
4825 8512
4409 9160
926 1078
5391 1563
767 306
992 3995
3053 6063
8175 6503
9580 8044
7202 1147
9815 4353
9894 7298
7765 444
1313 397
8874 1531
7637 2235
9226 5158
6869 3609
4961 1518
2932 6710
8430 8269
8276 7109
9544 8850
4125 3077
9956 3721
6605 7098
3825 2555
3532 4707
2695 6101
251 8676
2670 2100
5492 3555
1507 3780
5068 3548
5340 4553
9359 9915
2611 6976
7827 4778
5249 1174
3665 2456
3127 1298
9417 7226
3533 1767
9934 833
5357 92
5275 8124
783 8057
3339 5678
3546 5107
7731 1982
9209 5384
3623 5712
7542 9236
9306 701
6484 5760
3796 9298
3801 1129
9804 4894
4376 9506
8601 3526
5809 5536
1694 6676
7609 6391
6293 1448
3988 7308
4350 3790
1438 4172
6743 1777
5757 7815
1825 5154
9375 2728
87 6904
4708 475
8933 280
7610 6916
6015 8003
51 5668
7970 905
866 8436
4483 5905
1194 3391
4931 5658
1379 7975
5299 2642
4261 5873
5054 6420
8415 4907
2112 5337
9815 463
8074 4668
6579 5053
353 4216
6482 4461
4681 7847
7615 365
6327 1838
7975 8594
4375 7212
9073 2117
8338 4730
4551 2390
6165 5793
9183 9210
1565 3156
793 4078
2620 6410
8051 8353
7565 956
1886 3124
2625 5355
1501 526
8884 9378
4396 8952
9511 4815
1266 2913
5913 6923
4379 6542
9514 1636
7885 8387
6017 4009
6496 3274
4231 8925
1879 4571
8308 9823
8983 3428
91 1474
1957 5560
7113 6304
1557 5844
9112 2915
4857 8015
9802 4701
8511 2605
2725 9249
5278 8664
1782 1888
523 6481
243 345
4849 9525
2221 7454
5048 3844
8083 2090
5814 2704
4923 7974
1593 6373
5706 1690
9662 1956
7949 3624
5911 3551
8228 6274
4360 3644
9921 7697
4984 1327
45 2475
1252 1148
9442 5353
7344 1656
5168 1602
6102 7889
6034 5450
7002 8424
9133 1436
5177 5125
5943 4885
7188 3645
932 9814
667 4759
1267 9750
4840 17
5915 7518
2625 3210
6057 5271
140 7612
9576 2817
2384 4843
1773 4038
4140 2442
2870 7874
9118 2567
6928 9299
5310 9906
5421 8479
8070 5897
2128 8027
4206 8297
8613 2290
8956 3818
1109 5368
1895 8187
8334 5405
3499 5119
8113 3246
571 1396
9384 8185
7342 8428
1796 4466
7897 6506
4220 6821
7158 7353
8482 5198
4890 2438
1259 9787
6060 2296
9591 8808
3336 7623
3696 9049
7086 4738
7085 3110
5406 4336
4216 9542
6812 5627
821 5758
128 2647
8527 7936
6573 9702
6225 7155
7398 6016
5677 5334
3571 366
5642 5673
5209 5414
4906 7568
9251 3305
4678 4920
7738 7851
9184 381
5843 1310
6969 150
2140 7912
7870 4563
716 1778
7911 933
6238 2553
8922 3535
4296 5901
7961 6092
8953 1377
6062 3115
5186 2230
3329 6885
4388 1102
4315 9710
8866 6014
1082 1661
5517 1741
3001 7721
5427 1749
614 3602
8082 3942
449 9304
8387 1890
8689 7561
9958 566
4235 3043
1438 6031
7865 4393
2621 752
649 4122
9163 4425
373 6891
7847 9589
4132 5987
2762 368
8513 2349
8434 4406
4042 7875
9075 408
194 2771
8969 735
7648 1487
4691 5388
1919 5781
5266 1004
5852 4257
2733 3163
9417 1698
8551 246
4503 2154
4673 4157
3937 9113
220 3267
9589 9685
7958 6066
2695 4114
498 373
3192 17
2886 9425
3615 6477
1584 6297
4087 8068
1449 7730
2201 1474
928 384
4383 5039
1778 9453
6040 6701
4804 5946
2892 7980
8779 2712
2405 9505
4525 5625
5557 2420
3026 7981
6147 8187
6247 2478
2710 7441
7801 4493
6549 2674
4092 9907
1731 9083
4397 9225
195 986
2556 1772
6086 4374
4858 7291
8099 8420
988 5417
4207 7945
2995 7131
9089 4643
7809 5866
7211 6735
1864 7683
868 8267
4953 1288
3287 6103
8895 7623
1143 9266
2266 5074
9681 2681
7736 5945
5230 8128
2926 6585
9757 4140
7783 7291
3101 2921
5045 1746
1850 580
3963 6502
3519 6282
1158 6924
2076 2241
3038 3475
9199 8990
7781 2558
6946 8684
4254 6404
127 7947
5710 4646
6299 3785
239 5088
6206 9123
5401 3957
8331 9543
966 2869
5826 7409
6746 3503
2702 4604
5747 4655
4619 4343
2717 7713
8787 7396
2018 1435
1940 913
1112 190
4076 3570
7746 4789
4717 898
4975 2510
7631 1987
1808 5763
6206 7759
1492 7941
2683 550
6965 3321
2090 56
1670 1600
5463 5599
9966 9226
8885 2323
7146 3094
6128 3089
1084 8956
5617 9153
1419 9267
42 4797
7784 4325
8850 5407
3430 3646
8563 6362
8595 3050
4274 9147
3843 8682
8706 1421
2765 2280
4993 4816
9770 9188
865 5297
201 7424
4610 4198
858 5393
4137 5092
583 524
5488 7566
6552 3468
2834 6705
5521 5785
3860 8275
7294 5662
6152 6947
5078 7515
9754 4991
2700 8340
642 9358
5141 162
448 286
4669 4617
6632 2956
1976 1434
4491 6110
7816 5520
9570 8003
6051 3751
4627 1001
9431 8300
126 9031
8714 238
6046 6262
5596 8708
6900 679
3709 238
1211 3999
2881 8731
1591 7436
901 5073
8642 7868
4950 8504
2094 3714
5398 3769
4919 1176
6333 7320
4244 8769
9290 211
9557 8494
4702 1980
8686 3753
294 1547
9299 4992
823 3526
8864 9734
5693 5167
6921 7689
7078 288
8952 4563
8208 6350
1474 8266
8771 9315
6294 524
9974 9934
4308 2407
8240 1053
7396 5834
6629 5604
2615 6156
9103 9934
5444 1635
1002
4204 1709
3384 3682
8355 610
9036 4191
9175 9651
5108 4116
3777 284
4834 7680
4530 7434
1683 3082
8023 5331
4766 7663
6104 1342
9405 1884
8595 6320
4475 7112
8447 9768
6961 6464
3697 152
5673 7411
1621 7271
4579 8517
4493 3139
614 1394
1506 9684
3302 4081
9240 8780
6222 5450
6505 4436
8392 9196
1814 2370
9991 8604
4886 23
3710 1079
4851 2847
3940 4581
4160 737
6053 3741
2779 1222
708 1779
105 9768
3555 9426
4010 5605
7853 510
8237 5265
2708 1734
9875 6807
1901 8431
7665 5863
5480 5460
9333 8456
7094 385
7297 5584
4169 8912
3305 6854
955 6808
438 8869
1438 3025
5634 3763
5491 6750
5471 4676
8773 6967
4760 5992
2915 1635
9472 5396
3722 1423
7959 9179
5547 1635
2851 6210
2111 6822
485 5807
6516 2314
4874 4344
222 4075
2961 6701
2535 6183
743 2409
6700 7790
2292 6442
6678 5734
9385 9019
8462 5798
9599 2250
8475 1815
6496 8901
3250 1571
9139 4
5570 3991
3152 9572
6660 2759
6314 4172
5348 491
3546 6751
2940 6322
2411 4965
2664 433
2053 2564
2385 3782
407 3723
5852 4391
455 3552
1232 512
2922 6064
2771 9835
1614 8334
2469 2067
4384 1233
874 9482
4357 2556
6973 4178
2000 6575
8280 3247
6597 8141
4383 690
6022 375
4988 6191
2456 5434
8997 5099
4340 6463
8014 6822
5607 1231
3521 134
5426 4151
9960 6938
7989 6523
1117 3847
542 3678
1893 8361
2116 6949
1069 2359
8924 9158
4262 4445
1125 2981
2025 6605
3731 182
8098 5083
262 7970
8894 5818
4785 191
1328 576
3131 2025
712 1173
650 5890
6940 3241
13 3591
226 3509
7912 8822
9133 5302
4630 2729
809 3659
7578 3490
2825 7166
8885 6337
8242 803
1865 7612
6173 2399
7836 1492
685 4105
9581 6866
1981 571
4308 9373
2995 5233
6969 3084
3605 1751
7917 3135
4664 4968
6519 1720
1565 9156
4626 6941
3556 497
7296 4309
209 4383
8173 84
6554 6922
8950 4020
4964 2025
3319 1032
623 1177
370 4045
9772 9339
5266 1971
5594 2949
8151 6029
9170 2319
5039 9388
9244 1986
5581 149
5890 8990
2596 6866
8268 207
5768 5588
3607 5682
4167 9739
3454 4315
6038 2239
5316 9317
7300 5389
6297 3233
4954 2427
9428 7513
48 8681
5617 1468
8943 7121
126 4977
3631 6531
9331 8602
1765 7338
4296 2004
8972 805
8671 7576
5706 9501
7778 8455
7363 4555
6741 6700
8061 8853
9661 5149
6342 8402
4138 6829
4101 3002
1838 5531
4472 415
5837 9058
9126 3619
6777 5432
4628 9600
7302 282
6156 6039
5247 1622
5380 9390
1360 7367
7781 4947
5121 719
6519 1170
1620 6300
1935 7193
1640 6536
9965 3928
4199 7265
1313 11
2338 2463
4480 4818
1377 8943
6223 4022
7711 997
514 894
3433 7215
8274 8089
7074 3325
7513 356
1442 8822
2433 696
7475 6403
1309 4549
7102 1627
1832 2779
4255 4659
2549 9330
5072 9697
2435 3422
6702 7336
4334 4695
7376 7141
3933 1519
9065 5790
5671 7910
3633 5112
9893 9660
1020 233
3353 6138
4002 7989
8540 8427
100 3427
3167 5345
6690 6277
4717 1959
7521 2528
5552 7195
397 3703
7984 9676
9867 8547
5399 7349
3300 7312
1638 2590
933 4820
1573 1831
8675 3523
4788 654
4216 3949
4500 7237
2041 2398
2308 9270
3284 5131
663 4234
8661 583
7484 6437
2022 8062
6504 3124
6606 3457
805 608
1009 3677
2057 9074
3631 1265
7584 3300
125 3974
452 5118
4403 9140
8400 6257
7483 5866
4877 5911
3797 9695
3461 6619
5703 8770
4591 6261
9908 5491
4987 7712
8918 8481
4461 2713
141 6464
1553 1927
5100 7703
5963 4518
5635 5849
6599 645
4435 7297
3047 6119
5147 9325
3101 8379
671 9025
5896 4309
2578 1753
333 4110
5864 6679
3938 802
6558 6044
7004 9812
8853 6604
5352 1496
1007 891
9897 8654
7948 5946
5895 3829
9842 598
2808 4430
8534 7317
5221 3353
9750 983
2519 2794
2756 3663
1237 3886
6931 6947
9865 6150
3870 8250
2929 6333
9212 7588
3301 7226
5778 6098
5499 3194
6795 8781
9124 4128
4779 4160
5608 35
754 4357
3272 4082
2243 6741
4472 548
3813 3159
6809 7489
7218 6125
6502 8520
3479 5276
2747 5600
7290 9739
5135 3032
7289 9742
3648 345
4302 1949
6704 9979
1220 4912
5769 6570
6364 8058
9415 9652
381 6715
7574 4732
8609 1905
4403 6952
9909 4630
1943 2646
5855 9069
2588 8847
9023 4251
8593 8019
3443 6334
8139 7723
4047 5408
6617 4270
777 2175
2730 9107
1098 3445
8998 5166
5224 6915
2419 3235
6807 6270
7304 2380
1746 4867
1502 7553
2638 8423
1194 3449
8734 3559
1673 5882
8154 1639
4879 2428
1475 1420
8490 4820
6161 1334
2067 735
4986 9677
857 6183
3323 2840
9762 2742
4376 6455
366 7929
360 1608
7918 6368
8033 9191
9504 1171
499 4442
7727 2554
4176 7269
2191 1423
7695 6487
983 3336
4965 7175
687 4650
6148 1949
7722 423
9369 5868
9958 5714
8290 8020
7228 1190
4582 2736
1922 5969
147 6035
2101 6440
6126 6528
2873 8851
9682 8282
2390 5891
6296 3110
6313 9461
3278 4373
8660 3586
7830 2718
8616 9898
9569 7740
6068 3834
5321 191
2348 7214
4178 3664
2295 9035
2547 2360
7338 4693
1992 6052
1050 9097
2597 736
9206 1917
5538 5248
649 6241
5077 8660
3147 4830
761 5921
7966 2182
2071 4991
7321 6763
2743 7596
7957 8660
4599 8786
8194 6816
6518 8012
8474 7537
8609 6048
3760 2705
1772 6993
3357 172
3713 3067
6043 108
1045 3153
3624 302
190 2643
1662 5244
5256 8913
7312 4001
5210 4195
4483 3127
3945 1487
3431 5059
7952 3721
9246 575
62 3819
5630 6965
5732 8437
9525 4299
4182 1171
8390 4078
7181 6276
1834 7755
286 4105
8351 7525
7094 9556
1679 428
6629 8833
357 1020
6945 8304
2447 6858
3771 1932
4521 3553
3016 2023
522 5033
4159 918
6142 1308
6985 3604
9051 7185
1339 7772
7846 4937
7803 7161
2212 6240
811 7944
5714 5937
6329 457
5070 4056
6384 9048
1802 3348
656 92
3536 4751
9540 398
1463 6782
4 90
4680 1065
5441 3035
1465 7825
6951 5941
270 6856
3332 7697
4217 4774
6541 9027
2430 865
9205 614
3291 2548
5333 154
4094 7367
9958 9696
9592 658
8568 6044
8389 2487
7005 278
4304 3286
7903 7383
9323 2944
2076 7611
5460 5034
5909 4075
2445 8479
2044 3679
2546 2913
1884 5591
2467 7414
5720 6844
1897 4267
9125 8088
3177 3737
5842 2758
5625 118
2195 8529
3646 9806
9726 2939
4195 279
9670 8996
7963 4524
3077 9078
4639 9881
8049 7375
8523 6817
6501 5023
1346 2816
8832 2605
3861 4122
4658 9486
2646 9817
4941 9169
3745 7516
9423 2395
30 9266
8873 3760
3579 6832
484 7386
6615 2621
1876 7534
6028 4611
4120 5346
8819 8716
5468 7074
7363 4820
9698 4506
10 1284
4738 9709
1186 4191
2725 8086
572 6529
8521 8564
9904 4060
5326 9899
9431 6677
1815 8843
7072 4619
5914 978
2146 6035
7959 2625
7119 441
1347 7498
600 9723
5785 2147
1150 5299
8936 6825
6576 8282
8676 1105
6233 1862
3857 3787
6136 4321
3623 7150
7498 8954
3101 7927
8194 2997
1427 9335
132 3178
5925 950
4156 8285
7812 6506
5067 6722
7874 421
5767 6975
6452 8115
6948 3722
4056 3085
1135 3562
54 8763
5614 9614
2732 1601
1964 5614
4753 674
6436 5300
5885 7814
7080 9382
4006 7120
1470 9793
4541 6768
9309 3040
4361 3365
4466 2979
194 7909
8096 2347
3027 5284
5480 5753
5929 2808
2085 7932
3994 8681
1666 1236
1568 3799
235 8143
86 844
3408 8598
8820 7134
5002 1106
2892 7262
7069 1480
3008 1623
6586 5848
2711 5369
8256 8800
8778 805
9905 6835
6563 2493
6077 7649
8483 3334
1638 3426
2790 4239
9881 4184
3388 1847
3334 7995
2369 1140
6348 1278
8874 8606
4689 1847
1170 1998
3815 5337
1356 3531
5468 2846
6240 3025
3044 647
5781 5914
7181 9182
3606 6576
1213 3139
6954 1778
8259 6314
8563 9989
7843 7280
9112 4471
7487 9479
548 788
1569 7932
2647 7069
2793 791
7392 7757
2961 2400
8980 5490
4156 3974
5363 2864
4849 2506
9669 4285
1803 4740
9074 1382
3559 1440
5397 4067
4855 4676
8034 656
2088 4771
6406 2896
5629 4865
6795 8952
3504 9608
2652 2697
4417 778
5933 850
226 8834
7233 5412
14 4487
1869 7288
8599 3418
5952 8568
6892 8801
4722 1162
1456 437
3423 188
7063 1841
7188 412
6702 7279
8790 1499
3042 3935
2290 8182
913 2137
9760 6263
7402 3039
1223 6426
2246 9171
1531 4163
9569 1899
3110 5672
8586 6317
5644 3783
6075 1007
768 1082
4828 6811
1477 4624
2395 7083
4236 6584
1368 4439
8189 8878
2279 3519
7403 2225
8674 2437
686 8477
1530 3845
5670 3395
5534 4043
8224 9307
8678 9266
1286 2549
3239 4788
6027 253
105 5176
8214 8748
6704 2486
2567 9780
2436 8484
8265 6134
8189 5008
7728 9245
7937 814
1944 3208
5452 609
1595 8499
8226 6122
8828 858
8422 5471
2721 2810
7190 3658
9683 6618
1716 8945
1773 3889
2251 9725
5245 1216
213 9219
359 487
9388 769
9276 7161
5513 3955
9904 4298
6962 7109
3806 5160
2714 3912
4552 9817
7742 3961
6216 8760
8478 3905
8810 4823
4616 7828
111 2771
6131 2885
396 6448
9248 8258
7439 9159
8072 9766
7068 4087
9471 3894
3437 8947
9123 6708
7970 9183
8235 8233
307 660
8305 7244
2459 2173
3780 6669
4894 1365
5613 2248
6784 1958
6625 3302
5460 6750
7979 8813
3976 6447
7410 7557
4941 6321
167 6594
6415 8270
5455 1351
4398 2257
5862 2924
2371 9914
7817 7869
8307 1164
8737 9918
99 4645
8537 3117
1276 5537
2270 2707
1470 2937
994 8445
8529 3929
6327 3414
1069 1197
6762 9752
4887 7374
2527 7583
5167 7741
3175 7089
9991 8361
9289 3512
8919 5985
893 8770
2345 1466
6024 6010
1951 3185
6855 1223
2220 4977
5646 2177
7561 608
4830 1172
9373 5277
7674 3490
7262 1312
9565 8127
950 9014
1193 2946
5205 8644
3321 817
2240 5305
9063 5393
2657 1743
1733 4645
2731 478
3364 3966
3058 1047
1032 810
6099 9565
7992 5935
3474 2465
6288 200
519 9230
3044 2369
1397 7963
17 9135
1459 2265
5784 6798
3322 2573
8078 834
1256 9690
2549 7714
67 8193
1374 9673
4598 950
6421 9236
2691 536
5209 3587
9041 5917
3128 5517
4528 7553
6927 820
9795 5610
9842 5489
2913 4328
6373 5065
8535 971
2295 1164
8623 8495
3800 428
1197 4513
888 6465
7425 7354
8431 7228
7479 7664
3789 6820
9001 3092
8049 7254
5438 6406
3348 2461
7477 8939
3915 7357
1844 9378
264 6989
8317 7418
3354 3604
1475 8669
4404 2356
5621 6558
136 3255
7664 4153
3473 6490
6895 8231
4794 3308
3770 6703
8162 5740
2277 6366
5197 1583
8095 9499
7959 2529
9769 2046
275 9309
9966 6682
9697 2947
8322 8801
9979 1764
5098 5728
7184 4648
572 4673
3669 5065
5235 1057
6823 7530
7066 886
9103 5925
3686 1621
5220 2007
228 7021
9125 252
8357 8749
9574 7638
2319 1149
7247 3293
1735 585
7467 4276
7723 4618
6927 824
126 704
994 8869
2339 9608
4146 6721
8053 454
7774 538
5606 660
8124 4590
9477 4439
7367 71
4430 4234
6915 2586
7214 121
4730 4024
9947 2205
7707 6965
2124 8140
2248 4844
3233 4875
7348 6267
3604 7025
7729 313
6261 8200
