2004
3907 7220
2883 1147
6164 7637
5633 6839
6249 8038
3501 4716
4854 619
1700 571
5767 9378
291 558
7650 725
3337 7392
8538 4719
5961 3282
1609 3067
849 9029
2622 4750
4947 5273
2176 3936
4040 2323
4677 2749
2912 1357
598 5554
7303 8905
3494 8029
7760 6922
2267 5699
3688 2365
7639 2508
2209 8289
56 1919
2964 6175
6657 9852
4005 6507
4306 3282
3085 647
1706 7244
7989 8039
2614 654
8768 1586
9949 6792
9939 9832
6460 3767
5843 3397
1901 8721
4106 3003
5077 3002
3036 349
4181 51
251 2660
3577 5337
3079 6228
7328 1335
4807 3348
7847 9948
739 1356
5784 4252
4201 1264
9273 7726
1780 8268
8604 4595
3251 1995
99 7041
9920 1190
2069 9561
5455 4813
3144 4465
2739 6546
7503 2460
1648 8849
8949 4830
7214 1658
7681 1207
2590 5608
6687 711
9520 9022
2197 7406
889 2563
7699 717
7875 5746
6433 9041
739 7414
2296 9764
2762 9779
1781 5676
3587 3296
8763 7418
990 5357
2189 6301
2593 2587
3156 7419
3501 5741
1203 4467
2436 3069
7557 596
2553 5998
2691 293
2802 4615
4088 3663
6092 2621
9107 7159
4602 182
806 6109
7464 1009
2721 7368
6222 9399
8650 6716
2574 579
5055 4012
8065 3928
443 8789
9848 7326
8473 1185
1327 1125
9256 287
8541 1573
35 2072
4472 5014
6745 3888
475 2650
9527 397
2331 1887
9844 2473
7218 2122
2848 4778
67 2704
8674 9098
6513 2010
9507 457
8198 4837
1245 2177
7216 2267
5694 5704
2257 4018
4685 4845
5658 3225
7412 6131
7013 434
2062 929
5451 6411
2339 9015
771 6989
8440 4499
5927 2437
8084 5003
7423 909
3091 7440
5766 8030
5779 3797
278 1695
3888 4761
1418 6287
1289 6253
163 737
6166 4068
7196 9587
8691 3339
9130 1837
5961 4928
550 9565
3357 5641
3849 7713
4753 1146
6679 5698
6670 3637
9146 8618
9222 5590
794 7950
5450 6380
6612 9575
274 8340
8541 8384
2435 3685
3746 4668
805 4405
1792 5631
3621 2637
8465 3547
8780 5548
1783 3962
7946 9860
935 1920
5142 2742
8909 7577
8715 5592
3074 1812
4689 2026
909 4329
4314 9966
3174 6640
6524 7819
7917 9773
9784 9265
8541 8999
2809 8896
7146 1985
8241 4354
1888 4826
6499 4650
1566 5473
7298 8761
1544 1593
6324 1572
225 7273
2250 4294
5201 2408
2121 3559
1641 3349
9514 886
7144 9631
5168 7879
9178 8443
3541 2368
2358 7254
3349 1389
6266 4836
3867 9546
7234 3389
4375 4390
5842 7916
1883 6703
776 300
4203 6887
6030 548
1245 9472
6578 3152
6271 3223
5165 4705
6061 1747
2652 4326
2136 3715
1904 2776
7964 3862
7299 179
1427 1637
8344 6942
7332 5023
9725 9199
5566 3125
7829 9528
1933 3632
4150 4635
2840 7014
7549 768
6350 9192
3571 6926
7466 420
9885 8391
2367 9553
2632 9756
989 6147
7819 3561
3345 6357
694 7671
8714 5235
3081 3613
5994 9860
8489 8651
4967 5064
3883 7296
3587 4500
8337 1207
903 2225
4390 8455
9946 81
9010 4590
2859 3374
2491 7371
9536 2521
7851 3727
9033 2546
1565 2488
4846 839
8498 3222
8573 1124
7888 3740
9897 6352
7968 5966
3844 8129
657 5358
8428 4738
3135 2594
1265 7363
9742 7416
3811 2200
5412 801
7661 1795
125 9031
8253 213
9407 8093
9004 5967
3358 9245
7356 5603
6026 306
1577 5386
613 2706
6880 5774
6010 7700
4050 4236
1286 2308
972 425
5650 5521
3592 4828
5062 6504
5567 1105
9426 8472
1832 6183
6065 5415
9826 2635
3358 245
8520 1492
3166 6411
8613 4959
2160 1524
1992 501
1153 9048
8374 2889
3642 6940
7116 6516
8013 3500
4126 8319
9842 770
4468 3465
2885 4203
5779 2555
4561 2401
3945 8361
7777 3466
7294 871
5622 1919
4786 6984
3657 2336
2823 8223
8836 4753
3534 5187
6738 3518
2985 771
6879 8533
9674 5706
6538 350
4500 1406
1356 4404
4466 7469
8042 7601
482 1855
2416 9677
5774 7188
9650 7823
3912 2917
4428 8865
716 6983
5104 4939
1874 7993
2322 364
6070 2096
3289 8105
1246 2660
6725 676
6142 8513
9184 195
406 8882
3347 5284
1360 2808
3284 7545
1820 5418
7948 5115
8033 5027
5155 7135
2809 5219
2876 4780
2159 7526
7023 5051
211 9649
2113 9832
7520 8953
4204 7005
3787 9876
1231 7952
5521 9340
6345 3265
8015 8858
3454 2244
7906 9900
7559 5844
8947 8386
657 7235
5750 956
2349 2899
2920 7499
6094 7529
8875 4433
9789 9149
9719 140
4326 5338
6546 9233
5059 6794
305 642
2849 7046
96 6052
4921 9008
960 668
2058 3313
4781 563
3977 7404
6689 563
3808 7449
195 327
9480 6325
6740 304
7658 2205
5488 3811
4876 6414
4244 3134
7839 9063
4763 4404
1850 8804
4658 5430
2330 8709
3350 3765
1549 3786
2627 6008
9058 4395
224 4855
13 1201
3114 3239
1283 6187
9108 9233
2620 1390
7105 762
9079 1774
9182 2872
4665 5002
6972 5314
4787 3973
4641 9319
9848 9665
2297 897
2436 7652
9963 7287
7723 1154
1018 8975
3599 6225
9391 2856
6932 9434
8058 7966
4894 3875
6509 2674
312 7928
2785 2081
7225 5384
3611 6344
570 3332
1595 6315
6603 6503
6495 684
3149 2267
7678 7151
205 8316
6382 148
969 4613
5148 6595
8975 949
4950 4246
166 3545
7352 3686
3406 1248
8405 8371
216 799
6760 1637
9141 9823
4363 8169
6983 7515
5458 4515
803 7055
6926 5497
8506 6959
5027 4450
3479 4355
9156 4350
7231 822
6975 4750
7488 3013
5051 6175
1972 3964
8348 7490
9056 9748
3005 3720
9046 7810
9663 1489
8304 1907
2901 3747
550 3744
5074 8029
6559 1153
9365 7721
3429 8157
4108 9548
8578 5423
4491 1095
6757 1264
7871 647
6479 9608
7234 3049
5833 6854
314 2685
9004 524
818 9433
8863 1728
7320 8423
7335 1899
4439 7151
6084 3084
3940 7569
76 8337
9766 3748
7239 2927
3871 8418
2873 4949
9427 2603
1291 4477
4524 161
6447 1534
5160 1559
8473 1495
2989 4157
573 4056
6383 9844
8947 9716
7679 9258
4124 5154
1354 5427
4669 9161
8345 6523
1893 9473
4527 4761
3706 4245
4946 9514
3993 530
8 4847
5168 5286
8176 4442
4326 4380
9627 9577
5975 1517
1378 1071
480 4751
324 9041
1593 4485
4936 6271
1363 975
4506 2707
2740 1603
5169 8152
2447 2884
3899 9319
3553 9247
9674 384
3356 4531
477 3076
238 7933
8798 6329
6685 9785
1064 281
1571 8341
1140 9829
8821 7200
5066 4200
2346 8775
519 9037
610 5264
5633 1194
5014 6188
6956 3972
6173 4142
6639 585
1734 9556
4095 2007
5601 2791
4308 989
7202 6531
5831 87
1357 1037
5745 3754
9142 5276
4791 7028
8516 9612
3771 6606
3496 4154
1905 858
1310 2762
6461 2188
2417 8459
7239 6615
1804 9645
4353 9775
1672 2283
3121 2799
4995 1704
3117 9323
6136 5303
8840 2080
9932 6942
5481 8631
8434 7271
6630 1900
8519 1415
5037 5947
6764 9377
9146 1095
2518 169
2352 34
2737 991
3097 7404
2081 9927
8647 3277
6762 4782
8426 502
2246 7216
7972 4048
3139 1920
2563 8734
3060 3848
5411 2740
5995 4732
3827 3322
6018 6412
4463 1704
2482 8360
2975 4486
689 2291
8287 503
5994 1373
3010 9377
8219 4766
3860 4556
8632 6420
5958 7379
2134 1417
7351 4203
9944 3468
2785 6591
5515 9387
6601 5127
5057 97
6295 8498
797 6276
9261 1534
3127 7411
1639 121
5401 7244
2749 2899
5297 9327
9123 1012
7381 734
5130 9264
5785 7518
5934 9636
7198 3902
5707 2796
9909 3590
4551 7606
6673 3695
438 5230
9186 5000
9723 1476
1218 4343
7663 2459
5426 3302
8058 3801
2866 757
1957 7198
3440 4619
9062 4403
7195 9928
2610 7617
3209 196
8309 6814
6697 6586
4665 8725
9291 5014
6744 2260
4702 8301
4469 9261
1936 7341
1845 858
7751 6759
8618 3677
9633 6820
6494 1773
5779 185
2564 9025
8119 7991
7333 2932
3253 2902
7424 9780
2393 3767
8323 2906
7720 7173
5134 3760
733 814
8169 6592
8577 3345
117 5552
2674 2358
3675 2511
2868 7596
9926 6263
5433 1049
9773 7181
8895 3748
7155 6042
1958 7759
6321 6064
8867 7139
3523 1116
1000 6806
3795 6556
9835 9574
8687 1988
3260 7782
2478 1888
368 4852
7512 5409
4325 3206
1797 4667
9972 8087
6905 1757
4902 5574
8113 1832
1516 2044
240 8131
5348 8732
7231 3297
6773 3574
6843 420
8503 2510
2504 408
4649 2138
5346 9568
7423 8558
7580 4275
8710 5333
6037 3554
214 7473
657 9523
2883 8096
9810 3108
8573 1780
7532 6112
1811 6260
2817 6456
1218 6254
1 9460
6923 5137
5333 1718
7255 673
7941 7111
6631 9252
4417 6242
7359 7967
6981 5864
7548 18
6316 2883
2255 872
6405 4182
8865 4982
3732 9487
7335 8998
5208 3271
5830 9718
371 3909
6971 1448
4250 8076
4284 5123
9183 6684
8591 9359
6614 7875
4917 2003
2319 3928
514 396
8131 4618
5734 9561
1313 6978
2678 7522
2960 4686
747 5963
3470 7397
8586 3600
9847 7091
9999 692
1803 5333
45 2670
8500 3224
6 9187
8864 5532
9135 4720
1808 4111
2776 2763
4323 1338
9493 1682
5539 7160
7870 2084
2835 8085
5296 9828
6617 5804
9303 48
9668 9484
6653 456
809 1226
60 1723
2581 1071
6734 5062
9258 5083
60 4588
127 4707
6086 8465
4504 5273
3219 9542
1058 9424
5610 3449
7685 9321
1792 810
7358 998
254 198
7734 8547
9196 8069
7413 6225
6667 6687
1154 5207
2133 6504
6413 5358
9263 1200
3100 1182
6852 3473
2296 7247
5182 8605
4356 3214
9958 7243
9036 8917
5674 5183
3667 398
5310 93
7102 2702
4364 1355
5579 5515
4354 2111
294 6996
9484 2884
3111 1079
8981 4619
8296 1755
4726 3302
4783 5003
736 5590
4375 5067
3026 8203
434 3621
2759 8056
8556 5105
5483 6180
1629 6025
865 8791
5132 540
8946 1541
391 2396
7579 9982
9712 6633
9515 5196
9821 2282
2329 8580
9325 5065
6677 756
6026 8014
9391 2276
1175 6827
3137 1874
8546 832
4964 7046
6319 251
6715 9646
9566 5689
8057 7717
7430 6039
4778 4581
7210 1380
9156 2675
1128 3912
1286 3823
2166 5497
2272 5467
864 5730
3949 7708
1407 3626
8127 5623
9289 9990
8139 2970
5738 3425
9441 9789
1949 1305
3804 562
2988 1099
2453 3044
5834 1361
4337 8151
3710 8281
1940 1963
4501 6836
5752 8139
2218 3465
9982 317
4225 7
3737 1035
3690 9044
3697 2264
5537 2516
2916 9504
6877 6302
2271 1083
4103 8916
5359 1031
2401 3545
6497 7475
8117 1875
1392 9956
7983 6423
5279 5228
4452 1396
2116 4833
6519 4088
3667 2068
1131 4072
5415 462
8154 7749
1199 1253
4994 6488
7046 7671
9463 7962
1277 110
9000 9392
6663 4473
3731 214
3323 1663
1914 6611
4688 9514
4242 3551
2694 4608
6062 3872
8702 2308
9464 6103
7671 6936
8744 820
8394 3693
2665 5007
6826 351
7001 2929
9502 3807
8082 7733
6007 5797
2517 5170
7030 3437
8879 1944
1227 2683
3625 9376
5777 9277
8047 444
5836 766
9778 4829
3881 5480
9200 1338
1473 8634
6964 8177
1408 6801
3584 5126
6609 4270
5589 2525
3756 8456
3253 519
2218 7664
5700 3972
4425 8359
9948 7255
6332 5364
7870 9082
2050 1090
6974 3112
8199 1805
8748 514
7353 9204
3781 8239
3907 1820
920 2490
1025 6429
5300 4501
6873 8834
3133 8939
8318 947
4679 428
328 5923
6444 2392
6057 9531
2879 6689
3103 5175
5526 1968
6397 3805
8623 7457
7638 3079
278 7228
5191 4452
500 590
8668 9602
3542 5814
959 2311
3797 8308
4063 5170
2796 5400
9460 6292
91 3907
4498 1742
6661 222
3776 2475
8980 8235
9556 3933
6647 5439
1066 1262
2797 8454
7548 274
4869 4003
2158 3981
3483 5108
8934 7662
1250 9169
7425 2493
4464 360
1517 4229
6379 9594
4439 9330
2827 2904
3971 1843
2742 8468
8756 3831
3340 6195
6214 3076
7244 3384
6271 9170
2193 8102
7484 5292
4597 4016
2550 7943
5015 1832
13 6805
2737 7492
1820 2038
6176 8144
5518 2266
4827 3313
3244 8947
1032 3034
8377 7466
2072 4344
1548 465
1216 8150
1467 8676
7915 778
8053 4932
4789 2348
3186 4812
4837 7900
5933 3302
7197 3421
1998 4874
2059 8966
7513 7637
9713 8658
4956 2744
7649 601
4241 3137
8753 1754
1954 7378
4844 6337
6442 1467
1374 3624
118 2847
4541 361
8789 2795
7437 6255
5939 6641
3995 4966
9113 6476
7904 6254
4957 8063
5510 6727
9766 7288
4536 773
183 8022
4402 2567
7398 1286
798 6495
6863 9498
7364 8288
2485 2660
9524 1533
8569 2047
3155 5902
1723 7017
682 7392
7997 1656
2081 8833
4114 8602
107 4056
6677 8987
1191 8781
9571 816
4369 1987
9171 1366
8788 9132
1061 4812
8664 8094
9553 7436
8004 6370
2269 714
6500 529
9465 5739
732 843
9258 1997
6174 9975
4189 5799
5963 631
9436 8256
40 2809
9547 726
3715 4034
8482 6456
5995 240
5574 2456
498 8789
4249 8915
105 3827
9263 9029
3784 189
7874 8604
342 4472
2829 5616
114 6211
9692 9971
4307 6136
6198 2132
4694 8233
2508 4023
2181 5292
8651 9412
907 1658
2368 4441
9812 7575
3608 7622
5227 9704
1255 4290
974 2591
9753 1154
2711 2696
7039 3297
9249 1899
8453 5699
4161 9499
472 8961
5013 4760
5598 8265
2011 3063
7722 6524
3825 4587
6434 2522
726 5231
7705 1398
4026 1849
9069 4973
2736 5662
7281 4177
9244 2990
6015 745
7811 6907
1691 4618
9648 5256
2128 7776
7270 41
3540 5710
7631 5049
9416 8993
3097 9657
766 27
8911 6954
1612 1662
5132 4235
2281 5368
1817 1474
1119 9069
7581 9960
2371 7322
3827 4386
5692 8418
3036 5493
9497 3457
1220 7861
8657 4450
4970 9150
2603 993
8259 9755
318 9155
2678 314
6956 2073
7457 1304
3469 1262
5544 7001
9219 9966
5504 7112
9777 1885
1319 8007
4791 4134
3861 216
5803 7509
6158 6279
8546 9230
1194 2914
7962 4305
1645 5945
8733 7274
2646 7400
6045 8004
6539 8492
4027 2778
6986 706
5928 355
339 7412
6180 5059
8464 1521
1228 9408
682 4438
258 5731
648 2328
9041 7631
4014 7729
6075 8640
8669 1986
4850 821
6315 6389
6339 1940
1945 1384
8688 4110
6263 156
8574 5808
6953 9936
5633 8236
6362 2583
687 5369
5984 2973
679 6035
161 4787
165 958
3049 2184
3719 498
4919 8637
5742 621
2336 7325
4858 2769
9055 6022
4883 4451
836 1483
6096 6321
6474 1201
2093 638
7488 7081
6741 9733
1022 4357
5666 3875
1544 6691
832 2952
4406 6527
932 3583
7942 7417
8898 3107
4292 2192
9182 1576
8551 6210
6206 5582
7931 5551
2802 1680
8004 2241
1769 933
4356 5096
9771 6648
2736 5660
9377 3165
8269 5296
2975 7355
6024 5000
736 5621
8025 6332
5565 407
472 7437
1931 90
6945 8852
1651 4501
5595 7842
2430 2615
6729 3119
430 6361
9332 4872
8389 8386
9827 6837
6427 9977
7677 5582
9687 6436
9765 9578
3873 7536
7538 5822
6555 5094
2524 4628
3311 3297
1554 8270
421 1826
2743 9310
5746 7088
6790 6365
3552 8661
8199 4808
6366 4001
6797 7927
7580 9796
5733 4533
5556 1333
4946 4876
3566 7815
8193 4132
4425 1447
7742 6719
754 8567
2359 9787
3541 1658
9189 1326
2051 2196
6115 12
2160 3875
2675 9598
6467 8469
3282 9168
1597 6548
3432 6087
5517 9973
4875 4619
2318 9362
4306 5420
6028 8431
3419 5798
5360 8751
4512 1665
8583 3046
2485 2413
2074 1989
4286 2782
9604 1305
3582 5359
4245 3562
7839 1448
54 166
6361 9824
742 9707
1750 1172
870 7465
4337 1845
2647 2286
6670 2244
910 245
5028 1803
6225 9624
5591 7811
8467 970
9105 9133
7379 5640
4548 4048
65 1916
7232 4234
8893 9009
2910 887
7890 8168
2618 4157
4363 3311
5150 8122
3937 3228
2321 3586
8225 8394
1562 3898
8163 6519
1243 4778
4107 3849
2148 4544
3559 2740
7769 6036
4328 6049
9647 2792
7342 3661
9263 5674
1776 7703
2179 4283
6449 7815
1422 1966
2933 1558
2729 7530
7423 1006
2886 8797
1099 5036
90 4473
3779 7714
5687 4426
4483 787
3410 3942
9766 7920
1771 4485
507 1551
8546 9612
4791 6800
166 573
6801 4264
9685 9992
3314 7129
6506 9759
5502 5444
4485 9196
2357 9545
4560 5178
1762 5554
2093 7907
3271 7269
8710 8091
3998 6125
8546 3456
4297 5717
843 2160
1257 5779
4796 9018
9477 2243
4162 2412
1506 5299
1460 546
1513 3082
7394 1154
606 3976
7509 9601
906 36
6010 2072
5911 2649
9192 3057
7601 6381
140 3381
6656 1592
9489 7246
5163 8905
2747 6183
2838 5385
7267 3259
2850 7535
4873 4055
1069 4552
360 7168
9724 7223
3410 7130
2144 8577
6902 2372
3537 1256
4171 8303
2259 4400
4704 1825
7901 8035
7763 7524
1404 9260
9174 9585
3787 7489
8188 2220
9360 5195
945 3072
2656 789
3155 9511
4480 5524
4413 2945
8743 6436
1921 3669
3949 200
3579 1031
9262 6187
7913 4110
7146 5551
506 2472
4059 5914
6466 1094
1337 9461
5479 2640
934 6281
4220 9822
671 7223
4117 4443
9373 3214
3499 3247
6429 4265
1386 5132
635 2828
2424 246
6681 5423
3370 1704
7981 2127
8385 2230
8734 3211
7221 7902
6644 7843
6213 7845
9877 6409
8373 2408
3936 216
8855 8841
5863 2799
8446 1483
1488 6293
2240 1407
9795 1510
6430 2675
2426 1474
449 947
5795 2609
6465 9610
5436 1019
705 7726
5394 3636
7636 2125
9262 3238
5611 725
3999 123
29 5490
2914 6593
3376 8878
6050 6685
8572 5515
9062 4075
2591 4880
5974 4842
327 2251
684 1541
3963 701
6645 7301
1815 8499
2539 5170
3918 1704
2634 916
2248 5875
4889 618
2083 5561
692 7039
7045 4837
9842 1257
1635 132
4769 8737
2866 756
1740 9987
7649 1221
1931 5120
3655 2039
2250 6402
2133 5209
7132 4546
1107 7122
5002 318
6284 9013
4932 5410
3544 7030
4664 1860
3434 2669
2297 9801
9864 3913
5674 9200
1292 1319
9994 8639
7279 6415
3706 9264
6000 1178
599 9190
2177 2632
6093 9925
1534 6376
8814 4745
5818 5790
1989 7693
472 5443
7112 1606
917 2803
6424 1525
2081 7823
3592 1513
9608 7014
5521 9269
5878 3191
6569 5117
8433 9229
2434 2509
5920 6337
3388 2138
4743 7135
6569 5528
3862 236
2616 8179
9149 5545
9131 724
3261 8343
7862 7897
5958 7707
3069 7478
2009 6153
1521 8720
549 9738
7780 8965
9696 9148
3036 9558
2777 9088
4422 5362
2181 2183
3120 8132
4523 8421
2418 7072
4532 9053
2406 997
4836 6376
6304 8092
3332 1618
3971 1620
1143 6756
7861 2813
8536 4345
9785 9323
6717 1331
8300 1918
5407 1059
5191 3644
4953 8352
3148 8668
4453 3680
1173 8676
5175 364
4185 514
2747 6943
8346 9434
7205 5627
2530 6683
4889 7371
7540 7709
8403 1338
7374 5278
3850 8106
2965 7288
8166 164
9191 6939
8389 3431
4362 6552
1076 1539
1283 2276
5373 5298
1671 8305
6615 7750
4122 5790
5349 7573
7481 7710
1944 2931
5561 437
2693 8433
2437 8832
8357 790
2912 8465
8684 7977
6884 3708
3732 3593
3346 3947
329 5253
6000 764
8550 9397
5664 230
5896 7027
9361 6808
8657 82
9228 3506
996 6210
3020 5273
6006 5438
7588 167
3483 7121
9888 5933
2704 4405
6137 4939
9987 6485
2054 2402
7905 8781
9044 9525
1235 1303
1230 5963
7372 1824
7437 6368
7059 1205
255 697
5445 823
1687 9420
4406 4374
5160 9507
6718 1559
5873 7791
3365 2729
5123 6915
9578 2535
4201 3165
64 5883
9747 5102
9526 3976
3892 9067
5023 5717
2257 3389
5230 2779
6990 6920
141 753
8283 1772
6605 4598
7178 8885
5050 9996
5285 3492
6388 6763
2475 4946
9758 5200
9427 4479
7676 9674
9392 856
5414 2098
7367 9814
3799 2956
3742 7826
7363 2238
1695 4588
4361 6091
963 6334
978 3609
4388 1554
8280 5738
3335 988
3528 8077
8437 2742
4709 4627
65 6045
8458 2924
7212 3333
3535 8933
3640 5271
2748 4730
5799 6135
1048 1780
3632 9609
605 5377
9050 9934
7219 9472
3278 5616
3687 6221
5969 4569
9808 6621
8505 7134
327 9503
8893 7435
8603 3085
7643 4864
4940 7380
8429 52
5330 7397
810 3298
1746 8809
4814 836
34 485
2859 9382
2152 1172
5390 529
7999 752
9059 2373
2854 3674
4562 3622
6940 6192
5215 5836
2752 6422
237 5838
249 3908
5310 735
4136 1066
6454 5837
6325 3182
1590 3728
8832 7249
1861 2132
2756 8183
8403 4866
6540 9232
6831 8831
6008 3378
2301 2171
9613 6504
7594 6018
5235 9642
4444 4830
1355 748
7131 6966
685 5794
1188 7703
7552 7435
3440 3128
5327 2076
9874 1756
3727 1292
3112 1513
3051 4975
2361 4184
7063 1057
9180 3326
625 1845
6108 3896
1646 5134
6356 758
9505 9503
3986 5808
4573 8994
2340 8226
5741 5037
2022 5932
8808 4447
3176 1524
6511 7618
5872 746
8641 1016
7291 3772
5631 4431
115 4564
2861 9758
8045 5218
9389 4906
8160 8721
514 7469
9880 428
1835 8732
4431 7695
6668 8802
7884 4129
8250 1372
9425 3766
7676 1613
2345 148
8776 852
1828 8152
3040 6706
9206 1312
5850 8950
2053 3561
759 2518
1545 9932
7274 8685
6330 459
7035 1976
8994 7341
5522 1114
7108 4470
9325 9762
1888 8125
849 4389
1764 9015
5700 2321
9046 6208
6877 2659
3388 5542
4068 6100
2310 2352
2835 5827
67 1430
4202 3157
6019 1819
5781 1328
1769 8918
7237 2975
5621 9370
3322 1551
8561 6744
844 7384
1161 654
9788 522
7466 8539
3219 8215
6848 2053
1569 4837
7087 4765
7735 3185
9750 86
3391 8985
1907 7363
8576 6801
1752 8627
4482 7550
4300 4324
203 3095
2887 7196
7589 7966
3417 2751
5969 7361
6278 1012
4501 3595
6674 8647
2442 7170
2599 479
3341 4590
7591 3227
9603 3238
6483 8465
6986 7026
9037 7300
9117 3855
996 2909
6851 2123
6357 7676
2063 6303
127 3228
5275 3598
1514 3931
2778 9576
978 4497
967 9507
1050 2837
3686 5309
9721 5813
7021 4444
1927 6112
8786 5151
9796 5952
5458 8634
5027 3311
2346 8932
4826 4258
1662 2642
7303 9349
5937 388
9588 7437
6793 1069
5819 2902
328 8941
6073 7017
6364 543
4723 3195
860 6577
469 2373
1458 108
5432 9911
2195 4130
2128 1331
448 4018
4080 2437
4079 3039
617 5663
5018 1682
450 9635
4776 3103
1432 7468
4192 2871
3094 2299
303 3145
5737 7655
3018 2881
5552 8779
4062 546
1590 7564
177 3981
3611 7380
4657 4144
1911 7577
2433 4666
6984 7552
4438 8384
6785 2259
5757 4484
1091 7290
5454 1230
7053 3755
6745 7624
9404 7040
804 7045
1761 9662
9391 4768
5894 1800
8119 2831
3585 9947
719 7128
7031 6682
6674 1701
7186 17
4597 520
2788 4460
2183 2473
503 3443
7090 6564
6016 7314
139 5111
4439 1617
7849 9293
1806 2335
8972 1689
823 1670
2003
6940 1692
9518 1017
995 8090
2875 8775
6065 1068
1318 3964
1044 282
5372 2950
7803 1024
3772 7346
8982 2252
5629 3035
458 421
3885 8825
473 1409
9698 4335
9132 8138
9813 2147
2148 7407
2025 1399
379 4773
2748 3685
4845 2456
5481 4052
5989 683
8056 6354
2774 7757
6289 407
7532 1195
2804 6996
1647 7182
1124 382
1626 6191
8493 6383
8802 9554
8608 7930
1756 944
6450 6445
6453 6903
6656 8341
2702 7712
7673 2819
5611 8271
5438 1629
2933 4717
88 601
4561 9636
773 421
5533 3716
6083 9141
7243 5707
4201 9503
608 3787
5390 9662
8998 5830
2098 4213
8573 1012
4041 8365
8152 7579
1365 1059
5936 43
5606 3016
2429 4333
262 6656
8641 1436
4629 7073
5479 5328
420 2554
232 9701
9737 8740
6079 9456
7019 7268
3171 9650
4577 7756
731 994
8188 2985
4461 6783
1154 5283
9731 9730
1888 6420
12 2279
2429 2126
550 7481
2801 5381
2097 1483
4631 3131
8901 5783
1755 2393
2822 9268
140 1985
3266 5155
3468 7059
5281 4094
5176 6373
8046 2028
4794 2455
3552 2149
5749 9127
4526 4047
3174 9833
6950 7768
1175 710
8332 3507
2885 5349
4344 1487
9453 7213
8278 7622
320 1292
4112 2028
5116 8870
5756 9260
1704 197
7456 9640
7518 4035
4933 5100
8407 7440
3875 9656
7760 4238
4472 5047
1068 1349
9977 5441
7950 1174
9688 1254
763 8377
3199 774
1609 9490
2309 8661
7249 697
5302 8274
3920 9514
2292 429
5777 1962
4401 1561
3687 1816
7604 8220
1093 7391
660 9196
8619 1638
2282 8460
6246 4129
8301 8945
8007 2347
8983 1740
6424 728
702 8596
2065 7467
1241 4462
8024 6303
6117 2181
1640 4053
633 7212
5496 8658
1975 5366
3025 2107
8135 1256
8112 7087
4751 8281
6 2138
8651 7914
1017 7494
7541 6801
7266 8296
878 8645
4411 4151
9143 3600
9050 52
8797 8172
957 1778
2243 3613
1686 64
2202 2966
3083 8034
8008 5613
2890 6221
4364 4179
537 5580
5827 8743
9289 5887
8008 8897
6319 4915
9693 4081
8486 5710
8956 9636
3607 9770
4101 345
8679 9060
8689 6231
6774 5857
5054 9190
521 9100
6995 6018
8107 8614
9810 6741
2033 5326
6917 2236
3653 7612
3246 4
1826 838
9340 4809
2942 7206
4994 4547
2359 3284
608 700
1064 9869
5793 6531
6752 6808
1178 455
9883 7107
848 3638
6082 9121
4044 8762
1207 7036
1885 4543
1783 4439
9989 2340
4715 8062
538 9001
6839 3203
5116 3730
5301 958
1691 5699
231 2526
3214 2911
2643 6132
7006 5836
4784 1493
5910 2132
6471 692
5687 1709
8229 8978
8757 9531
7588 4859
7214 3583
4056 8208
1604 9140
542 5989
1580 4087
2732 4267
549 2566
6683 5690
1100 7447
2648 7467
7534 6963
9527 1759
3143 2436
2947 2445
8885 1020
1962 120
5969 1265
3223 5201
4830 6226
8784 2054
7740 7461
3489 3078
2538 8010
8213 2664
4785 1934
3704 5553
4144 5740
7877 9710
6553 4290
9521 4175
5681 2136
5515 6001
9744 4133
2848 3927
7424 4354
1466 4359
3346 6815
8787 2113
9265 5089
8284 9037
3141 6497
9839 9285
7387 3938
717 5603
3580 1529
1431 1717
981 6783
9213 6744
9700 1546
3559 2504
9642 3015
9271 7604
683 2030
6370 1710
9728 4415
6561 9561
9156 1365
5827 1426
5823 1411
7270 2021
2261 7400
206 5419
3678 7290
6625 372
1070 1789
3575 3482
7326 564
1437 3865
2848 3637
1533 9783
8866 4797
9612 736
6167 1873
2595 7224
5126 9038
8639 6677
5786 9159
9761 6763
7749 9529
2845 2135
3850 2142
6090 87
3003 9887
7866 4689
555 4206
4232 3947
9356 7604
1290 2940
2249 1864
4282 8452
1986 2466
837 7064
181 262
9872 162
8189 9177
1383 1726
4779 8350
2201 530
7291 2515
5819 2412
2112 6435
3794 2538
8688 1764
6214 7888
7504 9888
4961 4978
740 9804
9115 4358
3233 5358
8753 4172
9787 425
5743 4718
6723 959
5068 4623
6561 6398
8042 1169
3878 6409
2408 9930
2362 983
4393 5341
7468 9796
6074 3950
3275 5809
3396 3146
5105 7213
3258 1561
5920 7239
8636 8307
2143 8418
6383 1188
3280 1768
5420 6900
420 1016
9459 5530
5251 9886
5901 1808
9547 8727
4992 8078
4729 5714
4017 7924
6320 4533
7053 441
4439 8118
8235 7353
2895 2751
8671 7383
2190 2289
4361 5846
9517 5544
5910 9774
8914 6447
7979 4163
2922 7752
1946 5687
8860 7745
3159 7090
2638 2700
8182 7664
6516 2027
713 5806
2814 2771
4791 8883
3438 1347
4986 7741
3210 8156
5978 190
7314 2010
3560 8088
2701 4294
7809 318
6427 1456
8566 4399
6831 4258
1716 2573
2084 7920
4426 2693
9283 5626
2653 2719
6258 4228
5721 3668
603 950
9803 9605
9661 2357
2842 7589
8946 7130
8298 6079
90 1530
338 3319
1278 282
2995 5154
1373 8494
7567 8814
9999 3414
5859 4593
1521 2802
9000 1974
688 6310
5824 8188
7413 3357
6028 2999
8070 3033
4741 5659
2722 6965
2692 6282
9478 3002
5295 8192
221 1236
9076 3428
7480 4008
9215 8839
7717 5598
5459 3565
9929 7967
5423 1716
4994 8300
6407 1947
6153 9215
2825 1845
4663 9331
1169 7832
7342 4008
221 8427
1053 650
9778 3188
8327 7184
2288 4640
7055 5459
7141 6929
3520 3643
6816 4308
9687 5171
5553 5444
1047 6291
168 8269
2345 3587
500 8173
6483 2299
2983 1962
3809 5753
6234 528
2078 6303
1724 3947
6185 2604
5428 6862
6841 4667
9467 1563
6540 9480
2456 5519
2318 891
8692 1951
6158 2521
7778 1735
4991 4518
4099 6351
819 7716
6990 6687
7986 4009
6189 5820
9522 8996
787 4721
6665 5664
8340 1800
2990 6262
5115 3832
9724 5375
380 6707
1546 9560
4053 5360
1230 1470
7683 9698
6430 6495
4456 7129
830 9787
5442 4219
525 3035
8623 7150
4615 772
3905 8182
7585 5275
4021 5997
7993 6303
358 8304
1427 7816
7927 9268
255 4806
3003 8393
3835 334
2563 8815
7659 6842
7967 6868
8391 2984
3758 9097
5063 4261
7089 3239
3245 2554
5332 2440
2535 3064
7661 6702
2248 3282
5350 6023
1729 5722
8045 3933
4875 7899
9093 2369
4778 7275
8638 2727
7774 2735
4389 3344
421 4752
4088 7115
6121 6637
3359 8374
4487 6682
5316 290
4825 9738
1869 3624
580 2639
5494 8376
6504 6165
1541 7944
8718 5183
1942 5738
7363 8991
8336 7579
2514 6893
7478 864
6213 6277
6935 578
1100 5399
3246 9180
8883 60
5147 3400
7753 4167
6533 8438
1823 9793
3838 9472
5416 4835
6386 1357
8342 9592
6497 9525
1785 363
7880 7814
1598 4359
2573 2693
3021 7775
5175 4232
6009 1970
6959 5847
1897 6109
4478 8205
1832 7703
5888 1022
3698 9144
3874 5892
6871 593
7924 1636
1478 8023
8856 3865
7522 2375
9655 6065
1283 4668
1364 8746
7701 9197
7723 2668
4252 9482
3507 6873
9515 8132
3855 8006
1390 3883
2625 6054
1654 9901
3895 6543
3484 4696
8477 4330
2844 454
2600 9687
4452 8462
7953 4225
2365 1400
7254 5962
9064 9368
956 4045
5833 2744
6675 9150
7649 7973
936 824
9209 4950
8495 9766
7772 9303
7863 4507
9475 4842
4294 8771
2424 7843
8167 2515
2653 4846
6495 6981
6741 577
5825 5080
4361 3963
2721 1022
2109 3411
4709 7168
1467 164
2200 5155
3273 1619
733 3711
2426 9845
2836 3631
741 9510
5444 5425
714 2078
4039 6986
7137 7348
9540 1218
276 2912
7367 6256
7390 7703
2440 4834
2819 3357
3610 7347
5498 465
2050 877
788 4620
843 308
2905 2938
4049 441
8526 3988
1901 2676
9161 4013
5048 1667
5142 2988
3350 3898
3553 9871
5841 368
3894 3493
4418 7784
4766 9439
5019 6326
8505 7777
8654 8515
5136 104
9855 1513
5045 4622
8560 8307
6388 8959
6120 5302
1881 574
5853 560
7981 102
6646 3326
5198 119
6903 9444
4927 7574
9801 7096
2731 3753
9702 7422
9746 3096
9053 5342
6908 7381
3183 8222
8848 3714
123 4796
7400 7085
8997 6414
9395 9681
8452 5358
4971 8730
3146 1715
8494 3433
7187 2649
6914 4510
1028 3745
9029 2287
8441 6067
9448 1396
4469 9765
9750 5702
6386 9104
3716 6055
847 4706
5048 7140
4548 7476
4682 6748
4893 9107
7232 9934
4098 576
9010 4788
488 7953
3490 4807
7141 5308
4998 2712
505 5172
1558 4459
2243 7309
2364 3128
2757 2574
6950 3994
1183 5553
4497 9924
7707 6464
8242 872
8194 6306
1101 3461
8379 4488
7190 9743
5014 3795
5320 4625
3397 5910
1198 8663
9846 2279
3581 8415
3576 5126
8746 8429
7253 8625
21 5059
592 5317
5579 5382
4204 6766
1108 7339
8270 7576
8780 9878
6056 5299
6136 9901
1781 7979
9227 3125
7575 7733
5281 8569
784 6994
3449 7416
9025 1457
3197 2511
9832 463
9243 308
2932 6950
7048 6512
6687 7393
5289 6095
3824 5512
8996 658
3651 9468
2762 8862
9715 5212
6005 5776
2804 5124
7112 5670
1240 5093
6295 9928
4407 166
6801 4995
1810 5432
8976 73
5888 5957
3565 6069
6121 2271
4179 9187
1603 1524
6345 9516
2941 4881
9629 1434
8557 964
9578 9080
3168 2025
5307 2325
2253 4161
9918 3335
1673 6723
4873 4265
2907 6660
3453 3979
4490 5734
1611 961
360 3175
9286 4580
4948 3750
8208 4331
7071 4579
850 7406
3993 8867
3668 9640
2325 7058
4152 332
9555 3542
1535 5733
5959 7556
7609 5380
9069 5971
5094 4072
9581 2786
5264 1942
4734 2024
1948 3231
2911 8396
1154 7154
4688 6352
1539 8016
6720 9433
1420 8090
4444 4371
5985 6648
1256 9320
5741 8847
5966 8541
4956 4688
6635 373
8221 7273
56 7178
9221 2652
3171 5263
8812 7579
6664 5214
9086 9715
9682 491
2328 7175
3072 3410
7886 6246
8144 7022
9070 5127
5650 8161
9687 421
5841 4455
1245 4281
7778 9282
1302 9226
1899 921
5483 467
6679 5282
4515 1675
8527 8229
8517 5385
8652 849
5088 4913
7999 6756
5908 2686
2660 5791
7857 8363
3710 1831
6482 6174
4610 744
4230 2635
4392 234
3458 633
7012 6433
8391 5425
3267 2267
240 1156
8701 6422
7499 6928
629 1814
4880 2458
2833 8598
3925 5159
9651 79
8181 5760
7148 866
5777 1503
3086 6126
1351 2473
2139 623
4055 7766
3211 3242
8231 2431
582 8534
7611 7781
6909 7134
9626 9100
9538 8533
1119 7030
555 3646
9162 6801
929 4958
8766 1603
7952 5432
2521 5821
5009 8690
5794 4503
9495 9445
5978 9489
5903 8152
8529 8659
1152 7746
3786 6080
755 8265
7683 8614
9022 2345
9874 7511
8563 1934
4421 9546
8119 9321
1364 3145
1700 7554
3115 2612
2465 4328
3093 5362
71 8358
7940 7465
3045 8137
1097 1574
7181 3596
836 9208
3857 5199
3046 3441
9709 9768
9297 4661
8152 6179
1626 9518
447 5506
4222 4718
5112 7860
2485 1121
470 5829
6816 643
7754 3548
7059 8583
5171 1295
868 2212
4138 9593
9557 3222
450 2304
9714 574
4619 1949
6899 659
2205 3810
2141 3886
5548 9779
806 5607
7673 635
8167 384
1602 3509
6887 545
2588 9014
9340 9968
4062 5305
237 690
10 8746
382 6584
8520 5627
6012 8134
5583 600
3747 8322
8214 5853
5996 2173
7961 3552
4933 4255
6452 8408
4217 8940
6468 2059
3914 132
5976 9689
949 481
8020 1233
5159 5523
111 4774
181 9880
9516 6383
3638 3614
9070 3118
6508 4265
4045 3527
9670 4893
7579 6320
3038 2805
6716 7009
817 3043
965 6478
4126 5412
7700 2623
6023 3965
3034 7542
6853 8655
3210 9570
2624 7342
6568 9748
4006 3006
6195 4576
2905 1651
1225 4017
1272 647
833 5156
301 5197
7409 1558
9964 7493
3969 9692
7990 3712
5261 3994
5197 1653
2614 6581
1282 1273
3925 6328
9129 3746
759 2800
2397 315
7429 6886
2047 2838
3542 2801
4920 2812
3301 3444
9799 1218
4240 2706
1994 5310
4547 4344
5133 4252
5556 3965
5788 2886
2636 7283
2714 9432
85 5956
9942 5664
5762 1139
2923 2818
430 1145
8999 6749
4128 8212
9228 1698
8640 6155
1682 5517
6153 9551
4926 633
6966 8460
6579 5431
1706 6420
6191 6697
213 3619
3512 319
9843 3163
3765 9829
6701 9915
4745 3119
5546 2627
4044 9065
3793 3763
2542 7735
6893 2358
1863 7963
4772 5468
2184 8636
239 9970
9169 8303
4046 7894
9995 4642
5963 2712
1626 5081
7383 4933
1573 2715
6097 8243
1320 5587
1602 5229
3978 6868
3630 1279
9916 9207
804 5692
4 3713
1690 1418
7563 653
2347 2582
1157 7118
5769 482
945 8554
8490 7288
8386 8369
2177 7111
8750 5356
8187 5354
6931 2323
2474 3298
1759 5031
5839 4826
6183 2752
2908 4651
4352 3373
5980 4833
4125 2966
8286 9759
6537 8900
9827 8858
8018 7199
932 9755
1803 6639
8047 5395
9124 6960
9489 4715
1115 4094
2419 3687
7601 4398
8734 3598
459 2382
3331 2942
6187 6834
5031 2636
6118 630
9362 7858
3870 9284
1889 3110
8642 6374
7348 2673
9983 5245
6015 604
1051 1412
8658 5668
8775 7126
6733 1948
4707 3962
8048 1679
7963 7285
9390 3633
7249 405
1324 7120
7986 9956
4965 7312
7703 6258
3284 4382
110 2147
3667 7011
8725 9231
8657 5226
6614 9498
2002 3776
4731 2951
9991 7086
4316 4764
705 9896
8342 3587
9207 4765
5504 2790
6363 3149
7381 6262
6806 3715
2679 65
2892 6847
7359 2480
297 4916
8070 3278
1359 5087
3889 1171
626 7425
9829 9963
7305 626
4419 7043
82 5227
9916 1180
2981 1048
5751 8112
1568 4878
1991 9702
7209 564
8642 9299
5935 8001
6938 6284
5935 6549
1542 3394
2899 1850
6782 3550
2191 6284
1866 134
2074 5504
9075 1877
2169 9495
322 4614
8731 4173
418 6247
3942 7187
368 2916
3885 7353
2971 1515
3503 1609
7094 4940
6948 4827
4282 9409
8553 7900
4985 5896
6849 7751
103 8259
9787 3774
335 6419
635 9011
6733 1915
5262 6814
1016 6338
1638 9903
8490 536
554 7149
5849 9433
1292 8201
7445 4926
88 1490
1754 3760
4143 5795
3446 6659
8086 3330
9990 489
8522 1738
9040 9112
4885 6735
1862 3472
8924 3541
3001 5255
5040 4820
3816 6450
5700 2569
7448 1311
2362 2596
7524 5977
7199 9979
8314 6550
517 5646
531 6105
1424 1515
1258 3258
6423 5100
904 496
6406 9114
2984 4089
1146 3255
4516 5082
3582 9576
815 3135
4441 5886
4456 3242
5607 6680
3460 4614
275 8709
275 1249
4227 2731
3580 2028
8927 7380
5490 6607
904 9079
1016 3312
1759 8006
7517 1622
3777 4411
4432 8114
432 4236
5432 5203
6639 2796
7355 7491
1692 5973
3529 8498
8139 2813
8812 5610
3757 6053
5961 7128
375 1563
9221 4357
4323 2889
8921 7076
8162 6821
9763 9852
5439 4698
3437 6269
8051 9375
1047 5542
1531 3739
6453 8759
9097 2677
4383 6641
6918 482
3412 3063
2670 8631
8138 1299
8444 2685
9735 7640
2094 445
9475 4651
3128 9338
1389 1092
9224 7724
8814 7779
813 3313
4690 7796
9102 4416
9318 742
5460 910
4394 8186
3223 1423
8994 8601
8941 4499
1696 2607
1412 4636
9784 3798
7042 2017
6589 7993
8721 2022
7275 1044
1504 6435
7767 130
735 85
9795 8000
44 312
5717 568
6568 2377
6515 8174
4506 8004
2333 163
9382 9237
9016 8048
353 4109
6045 5707
1118 4990
8860 5532
5980 3106
3591 7490
8841 3195
6200 8451
9292 7237
9591 7906
2323 710
2247 1182
1212 7364
5816 5308
3333 7468
3014 8412
8087 9436
8720 840
3595 8368
5899 4882
4733 4895
9402 8735
625 1075
3449 5605
5396 8327
2268 3728
9787 9980
126 643
6000 3388
8624 3086
6378 464
7007 3083
9937 7985
5586 2163
6548 317
8445 9348
121 8290
5179 1154
8050 6001
6051 2508
8768 5068
1365 5415
9267 7477
1748 9743
2818 2567
5004 2744
5066 1413
2216 5903
4521 6460
8156 7834
857 5470
8403 1159
5637 9531
3185 8601
1066 7840
9428 1757
9596 7177
8496 3021
4977 4080
4107 1426
3352 3237
8999 1391
2469 7469
5600 8750
1745 8175
7209 1281
7808 9961
8470 8142
6503 9038
7075 5665
1450 4979
3104 9502
986 6585
9791 9953
3814 8083
4318 8605
2003 600
5512 8135
4436 6954
8094 6452
4381 8051
1032 9008
4176 4864
137 5735
3828 1212
1193 6080
9171 5270
5872 3729
5957 3118
494 94
4441 4835
3421 5948
9778 1218
5776 312
4844 2637
7431 6725
4698 4024
6906 7946
9787 5846
1935 2623
3256 6388
4229 8571
8645 664
1924 7471
6753 6102
3508 9278
833 2319
6765 1694
1486 7241
8887 643
2148 3618
8838 6599
5595 1623
8786 3151
2792 6304
5926 7501
7826 6289
2924 3822
402 7738
6059 6602
4204 3999
4721 3535
5873 9221
8702 4994
9627 3468
3337 7246
8340 3652
3660 7888
3503 2016
4260 4988
2917 4077
5788 1974
7283 1956
5986 1890
6367 3050
2104 5208
3553 5354
6582 2728
6922 3690
7189 2382
2864 7491
8277 9667
9003 3860
978 9119
9285 1748
8382 2781
2323 3011
2193 5875
6855 8321
6935 6131
2705 2828
57 3725
9763 9697
1911 6159
2424 3440
1483 6865
6 3013
6176 3976
7511 7017
3190 3953
6118 8206
5324 4347
3476 9725
615 410
4749 2358
2746 2134
4581 865
805 7752
2406 5409
9570 2822
8142 9047
1627 1551
697 6395
1326 8990
2770 8969
4811 3217
6345 1042
4110 6134
3775 843
8863 6564
5671 3226
5363 9664
5431 4775
1984 5908
4447 4919
3175 3334
9505 3602
8761 6147
638 4177
5307 8939
477 8660
3718 1180
2164 60
9261 7187
4458 5803
1650 5034
8687 5041
2909 3105
4727 4728
9098 2044
9131 2655
4288 1036
5687 8302
6976 4638
5536 3156
9601 8098
1323 6573
7701 5677
7824 768
2569 8496
7695 2532
6432 5778
7540 36
312 902
2377 7232
2685 9177
9275 2017
2075 4164
2437 3319
4351 7735
8525 3805
7896 2939
4967 5204
6947 7748
8979 1432
2530 3952
8833 1440
3337 2957
4883 3931
689 1765
9364 3758
2994 262
8936 8196
7842 8071
4154 4370
138 3645
7627 6633
2833 5765
6639 7664
2083 9700
5127 6656
7133 5474
2231 2810
2415 973
472 5383
3188 292
8661 5987
2288 9118
7549 1454
6571 9701
1941 7920
7197 1895
7908 2530
6247 607
844 4639
1374 6432
3010 6175
2544 6296
7706 6604
3980 920
7877 9923
9022 7198
8616 7235
2414 5926
1547 3231
5781 7129
2815 2559
6761 4222
7500 5236
2581 2684
6145 3646
4428 9640
3721 8960
5724 8512
9742 9777
7834 5463
5769 3836
6101 6365
9873 5269
4127 9549
4509 9329
5769 616
581 8445
3562 5466
2978 3696
6224 1171
5358 9192
2796 2734
7810 1926
8198 7609
6465 9648
8345 783
9910 1321
876 6317
3866 9737
2805 493
1173 3312
1963 8323
2041 5959
1842 2912
4797 5271
5642 924
8260 333
81 1527
8530 8399
1274 6344
5726 5826
9652 2550
1276 1859
1095 9872
2560 6918
7327 2967
5933 4988
3924 3983
6297 4327
2375 4624
1393 3988
839 7138
5219 348
2180 8714
136 2376
6481 525
9655 3183
8971 2977
2251 8101
3238 9632
2148 3070
1388 8330
8473 2971
3743 5371
4721 1271
2051 855
8184 3125
2655 3510
4409 8394
3241 1255
1489 9995
1783 1490
1609 3159
9158 650
9898 2958
8476 5712
8014 1995
2245 6854
3790 4996
2145 5655
8960 7159
8331 4646
760 1235
6815 4017
8839 1289
3680 1691
2384 5039
1741 3024
6550 7087
7103 8267
5919 8820
3620 782
9473 8121
6451 1820
9548 1612
8754 4456
6777 7437
4067 8568
2943 8256
8027 7676
7385 7128
2778 9742
7004 3390
663 1316
4433 4340
9957 221
7613 1443
4807 8665
5490 4650
3687 3081
5316 197
2728 3077
8060 428
5892 5369
9990 1912
1675 2370
4374 3322
4970 8739
5878 7205
9098 5405
971 1214
8080 5509
5250 1891
6052 5235
7104 7412
5411 8048
7405 3452
4085 2098
6586 3557
3954 2682
167 6184
2790 2082
8800 8674
8132 232
1599 4831
9433 4350
5791 6584
2530 8299
1604 9148
8893 1758
4829 1143
9078 7900
1735 5930
9031 6180
2561 9394
9530 5914
9817 1919
8881 2679
5848 2117
7827 573
531 3256
5295 7145
913 7842
2942 3572
8807 6348
1594 8605
2545 5971
5262 2670
1966 4034
1453 5447
3796 4734
158 6898
4418 6092
2889 3618
6817 4053
1448 9267
2813 2544
4843 7585
5645 3592
4278 1950
4010 8906
9412 2016
1404 1696
3695 8609
4094 2312
3341 7127
6731 8586
6453 9046
4989 1499
9042 9201
6244 4431
7597 5586
6761 1153
7421 3942
4954 8042
5668 8289
1299 8328
5113 1238
3875 4327
6238 99
6386 4282
2344 6001
4096 703
1674 6987
4997 9222
3611 6105
6830 1896
104 8018
4654 8452
1913 9452
7865 4935
9046 170
3239 8182
4566 1001
6257 3374
4214 8085
2601 8700
7329 4742
2112 6622
3882 1895
9626 8325
4459 969
2293 1659
1769 3071
2094 2161
6870 6765
4644 8939
8197 2643
5219 5501
4960 8817
5737 8548
7131 2910
8157 755
7434 7289
8353 9832
2788 4233
5761 8614
9312 5139
7014 7108
6105 7125
6314 6633
1432 116
4793 4712
5966 7328
2489 2632
2127 8697
6084 1771
8482 3463
1886 9246
2035 6867
9173 9915
1587 6969
3112 3409
6817 466
9645 6171
5327 3217
7661 1183
9725 8783
6582 551
8090 7760
4961 5705
1611 4634
637 7689
1225 82
1773 5789
6425 1748
258 8570
8092 7035
3448 7731
9457 2585
9454 971
9016 6933
8345 8532
8198 9839
1765 1864
398 2298
1916 97
7233 214
4530 9869
844 3152
7864 7225
8900 2556
1235 761
3685 104
6469 3642
8096 2041
5607 5862
6824 892
4145 3423
4422 7974
722 4637
8734 3770
1792 4658
5538 8841
6356 5645
2003 6632
6197 7590
2850 6626
4707 4264
3871 2633
4271 6907
8229 1157
4577 8029
6119 6547
622 5361
3617 3645
5872 139
4704 2072
8748 9282
2832 3471
1779 7489
6311 3711
8169 2972
1038 7015
8402 44
5342 3685
2908 3998
7382 4429
9881 3017
4439 212
5228 9210
9046 4615
5062 9363
5135 9408
1062 4938
7189 1743
7895 5150
6710 1802
1074 5576
3133 7899
1169 3485
589 8469
822 596
3183 3804
3362 7195
6447 6219
6470 2663
4962 8275
4865 288
6395 9634
5822 4227
5421 4074
4487 7233
4717 865
4719 5431
1283 7725
9804 4672
5664 1904
1288 9522
6069 425
104 9049
3935 6287
8475 197
6278 276
9711 4341
1734 7772
3413 2856
7117 315
4391 5098
5178 4589
3583 905
9247 9578
2414 6538
1848 5871
1204 4220
2141 8639
6511 3368
380 7577
3268 854
3098 6397
6502 8684
9565 2092
4512 4207
9247 2316
211 8948
969 6947
2428 3144
6445 2153
2358 9897
8520 1409
9839 2338
7671 146
4592 2135
7297 5642
1564 5850
3194 7246
5473 4475
435 7660
5389 7449
7080 322
1667 1344
5069 4164
506 1814
4612 625
8176 2074
8865 8258
1508 669
9875 5960
9276 9037
1232 1164
9314 7116
9708 7413
8639 6146
1983 456
4459 7593
7421 3787
62 6217
6907 6235
6638 5500
1943 6891
272 1957
7469 4004
9036 1987
3448 9612
5803 3745
1145 7387
1440 6833
6677 4496
5521 2101
5342 7345
