1
7163 9466
1000
9671 1919
7845 8888
192 2703
672 2902
213 9552
3757 9954
9753 1576
8555 8387
297 6357
130 1064
9653 2775
440 4207
3631 68
5074 3108
575 8107
6088 9637
8866 1443
7036 7439
7146 7486
9919 7301
9594 468
8832 2346
315 6387
2091 5101
1662 4579
5831 8167
5309 8580
2717 6999
2366 148
5743 1400
318 9764
5192 3295
8760 3525
1537 9127
5664 3711
3768 7455
3079 2139
3965 3953
8233 3852
8659 8620
2922 2462
3728 8498
4623 3999
3513 5987
2864 530
7214 6852
3162 1490
5831 1844
2682 9533
9422 2173
8989 5751
9848 6414
4358 537
9032 8777
6009 7366
8211 3585
4283 3075
8664 3158
9581 8968
5309 118
7662 7048
680 3312
3128 6355
2794 7667
2231 48
6659 8164
7266 2437
7650 798
7664 4127
5744 1608
2790 5585
3154 1934
3508 2146
7018 1815
4438 9820
5480 172
4479 5001
6829 9280
8910 8986
123 306
6631 2655
7651 4309
667 4243
1047 2196
5146 6944
9985 10
9097 4816
6405 7652
6609 4685
358 446
3333 8022
7651 6557
872 4014
4684 3896
3301 7898
1003 9165
3414 3162
375 5997
6023 2691
3099 842
7856 2984
6957 7397
4084 9922
419 4405
4145 7942
8815 368
5408 8978
984 5772
3188 6331
6774 4700
736 2955
645 3881
3742 1362
3963 4250
2557 9756
2842 9774
2786 145
6980 8444
7856 284
1584 9195
3834 523
591 9491
7529 67
8050 9442
210 8630
9763 785
6447 9645
2750 4103
6428 8346
82 2942
1125 6327
4087 8321
7052 4545
7547 3522
9902 1181
802 1845
8512 3054
2866 6759
3556 2008
480 2553
3238 7160
409 4483
7062 3821
4848 9252
6372 1876
2328 9652
5311 8840
9713 8573
2109 8838
4413 8330
3741 5665
5687 1863
8167 1742
7911 4304
2034 2827
4646 5325
542 6451
3074 7714
9097 4822
4488 7851
4546 7543
1806 9483
2180 5284
9948 2914
6989 5511
2634 2682
1705 9808
7333 5779
8167 5434
4527 3225
8175 7737
6521 6469
7688 6192
6912 1956
5421 4561
8947 6204
2040 6547
4389 3116
4954 470
1771 306
8796 9127
5615 6145
9747 379
835 2688
6587 9049
6371 3799
4444 431
647 5096
3096 4877
6226 2249
7413 721
194 1781
8964 8537
5732 1818
6906 7766
7169 2955
731 6358
6358 269
3440 5805
8950 9686
945 2393
3387 776
1451 7328
3896 9396
6529 3193
4628 9604
1136 2700
4146 5599
9702 2865
3846 5693
3570 4913
2011 1056
9756 6117
3492 3825
6352 3453
7859 8713
6613 2132
3873 1499
1061 6437
5199 6822
5998 3992
9815 7357
5235 4359
2804 2047
9184 6738
6213 7140
4612 4171
9307 4021
8515 9558
1283 9641
937 1165
3745 483
3765 2291
3955 4229
4942 4775
841 1148
6402 474
4972 6994
2514 4234
1151 5964
8928 9570
4917 2858
4478 3373
1430 8454
3159 4919
2652 8163
6836 1619
3479 3198
7565 5420
5802 5071
5691 4965
3153 2149
4420 3666
3391 1949
713 6635
9668 3899
7184 6376
7128 3963
5920 3087
4233 7898
5464 4867
3383 5333
9291 7611
7978 1588
7603 5610
988 4318
9143 5594
6713 8189
3561 3343
9528 6911
7521 3310
1530 9165
4944 6522
1073 1725
9841 2907
2788 9014
9960 2531
2475 2510
1400 6641
9135 5864
9593 7094
3286 3096
2043 6089
3387 1078
5206 6306
1777 4217
1312 5727
1196 7126
8795 6370
1590 8700
5113 2690
731 6778
3323 623
8785 4255
236 2
378 763
7371 6105
4722 8241
9336 6963
6250 4571
43 4046
1359 8701
9704 7266
4183 4913
6769 8265
6644 98
8479 902
6481 1235
7200 6903
7738 7919
1444 7708
2004 883
6678 5222
6889 5364
6844 1051
81 526
8568 5901
9202 5069
5013 3483
692 6913
2328 5453
356 6379
7593 3130
6860 7609
4710 5669
9926 6409
6809 4851
2381 5015
5743 7698
5127 5063
3099 1001
4073 5993
4168 4194
3015 3391
3730 2916
3701 6898
4976 5708
7753 6856
5329 6564
7519 3635
4102 6379
160 7507
2262 2262
206 1020
7361 1636
8727 2309
5625 4097
737 8847
9738 7722
4852 8177
4296 7569
6933 6679
6206 7982
6730 7591
701 4972
9626 5089
1254 5476
9715 8093
3873 3310
6123 658
1441 8202
247 5520
1178 5102
6783 4692
4050 7328
4809 8453
1092 9402
8915 8895
1748 7453
1784 7101
2510 3008
9773 5986
6624 2126
4782 5133
2814 3944
5187 3986
6070 4983
3578 5538
5664 4872
3826 2635
7497 7908
5160 16
7989 1817
5759 9523
6467 7087
6766 6261
4473 555
2315 5011
8936 2690
4646 9868
6378 9635
1884 9533
4795 6883
4540 9325
2190 5634
2109 2325
75 269
2953 2071
8888 8538
4154 8519
1010 7018
626 745
3650 9795
1098 5709
9572 4194
9773 6688
3310 1757
7138 1779
5499 9399
7403 9870
4845 6153
3471 7041
8221 7219
3040 3524
8343 8275
3343 6459
8426 8201
3894 9362
1758 5565
8737 7075
6376 688
9276 7104
8306 980
7088 111
4650 7067
5999 7931
553 6556
7108 523
4562 2461
3312 2450
3727 8407
2417 4382
5828 5604
8247 6912
5990 5379
9686 6625
8469 2918
9861 3990
8859 4273
292 3163
6604 7699
7263 7579
6915 3918
1399 1785
6401 5432
3264 359
8873 7821
3468 2223
6301 4723
5301 5436
8929 5478
2664 7318
8019 7997
6398 9158
2590 6143
7069 5365
7459 9438
5357 4454
9609 6993
2638 6252
5610 5637
4385 6561
9602 7861
6201 2464
6603 1006
3682 3306
8573 5695
270 5269
3955 6049
88 8110
3414 563
4827 437
7426 1792
7763 7490
8395 1972
8271 4958
932 2131
9625 9789
549 9458
5328 9815
8387 4283
7531 6023
4755 8082
9824 1020
4812 7909
2482 4134
788 4321
2480 7119
8072 7297
7091 783
5779 4151
4609 8017
4795 3570
6021 5592
5370 8029
8983 8426
1531 4501
8855 5412
6365 5326
300 178
2866 5378
6146 9310
4264 572
5131 3327
9690 129
6928 2741
7911 4145
9870 9711
3429 9982
256 4759
5594 570
7029 4628
9681 6890
5125 2452
6077 7391
1044 6158
1859 3645
6256 2739
641 4441
7695 5269
1170 5549
9897 2204
3483 6392
630 248
7906 5745
8977 7378
4002 7510
387 6707
382 869
6624 5106
4088 3254
3898 9793
9988 4357
9657 9154
3061 1801
8204 5872
8031 2042
6051 8942
5548 8537
2252 5233
809 8422
7893 6156
5979 5235
3226 194
3167 9014
2296 6710
2038 8391
4286 6594
4647 5965
9950 9745
7798 369
5001 3327
9141 1791
4990 411
7461 9377
47 5832
5680 6480
9742 4004
1981 5019
638 6490
907 8516
5083 5052
883 8675
1432 1263
5286 8824
6637 1043
2045 4440
1862 63
2393 3259
7416 5657
5573 2557
6418 3144
2408 389
9029 1146
9587 4130
5812 6011
4064 3472
4487 6565
9510 1889
6091 5503
8351 336
353 4898
9310 5596
4528 7291
4231 4542
2910 1426
1224 9600
727 1570
7066 8726
1243 394
269 6312
1574 8558
7677 776
3870 3009
9487 178
7306 2949
5535 8728
9072 4249
8818 6494
4143 6715
4662 3507
6339 7002
3583 3434
9123 3181
1531 9211
281 3087
8350 7947
4408 6729
5256 2009
2023 5229
9031 1927
5956 4849
2903 8421
528 1389
9240 9706
3277 7828
225 3095
2062 6424
4239 3614
6654 1638
8791 6555
1177 7037
3666 4606
1664 6823
1369 403
7942 4656
4323 9008
896 6474
5436 3064
5227 4250
1285 1640
9553 3875
3494 7368
5111 893
3361 4548
7489 2226
4622 5902
3587 9029
8388 8711
432 8299
3757 106
1252 2371
8995 2830
3143 9517
5534 1136
1603 7862
306 2379
1768 2545
2636 1275
5707 5749
8117 6925
6561 7988
5388 9998
5448 4461
3200 9946
9444 3418
9311 764
7416 3182
3668 1021
7280 3942
135 3100
1218 4237
236 5345
3136 9382
7369 3385
4150 2710
9576 5504
3833 8490
9629 2632
5869 5798
898 8877
6182 6110
1405 6326
2558 5654
6569 1764
9560 8047
4505 8555
456 7171
566 1514
4432 7033
6815 5888
3994 8741
7107 9445
2542 9967
7808 2208
5968 5028
7511 1581
7208 6109
19 7654
1246 5697
8584 183
1633 1669
826 560
4115 4934
3419 1521
9464 538
6933 6791
1120 5867
6113 1282
4239 4975
9246 5880
581 9865
8791 338
5626 7767
4330 1137
7615 20
1248 370
771 1590
9947 5056
7850 4513
382 6678
9788 356
2232 6241
9590 4667
4602 5337
8234 1679
5555 9871
7930 2464
9885 5805
5431 2973
402 4808
8055 75
6156 4028
3233 3914
7793 3164
7877 9232
6222 7399
3134 5580
3042 934
1501 6990
2290 8818
9666 2269
4245 1286
5374 2188
8623 9137
1894 2071
4097 5498
3843 2638
8969 6966
9012 2682
9259 1483
4660 9218
2084 298
2292 530
1548 5476
4699 8311
3858 5599
6560 817
3034 9553
3845 1215
2189 4526
7550 8045
875 2967
4461 3560
4270 8423
2256 1237
2444 961
7250 445
5092 1558
5001 6285
9491 9405
5130 4910
7291 4062
9555 3410
2160 7046
4236 7320
1030 2924
9957 3303
1169 1717
8801 9258
9857 934
4614 1007
8851 9403
6316 2034
33 8719
1101 3685
1066 6020
2548 3522
9584 6926
5134 2484
9805 390
9869 5603
6788 7704
9310 1734
9075 3768
336 4838
3798 9554
6965 2383
2496 2806
9007 2962
8539 3236
3546 3581
314 9872
2090 8109
4105 7733
3285 6075
2280 2246
1397 5221
2668 5192
3815 5992
2116 576
7578 8155
3759 2769
7609 7492
2915 6201
8073 5335
1291 205
7422 4879
4756 8339
9229 7661
5613 8981
4134 1000
204 2884
5030 4583
868 8626
8798 2863
4990 2132
3964 6851
9341 7005
5797 1312
7400 6377
2374 4356
2915 1280
4891 8564
7021 3856
8087 4329
2739 5553
6050 8896
6794 2819
8144 9554
7572 6613
128 2304
415 9987
5061 9790
1452 639
6061 8663
2945 5287
7884 4533
4799 438
6552 2624
2830 4649
2740 7815
9501 2306
8129 7528
4603 2446
93 7067
1347 1587
9652 7172
9770 6793
2470 727
9730 737
4574 1876
3379 8689
7701 4503
1787 1311
1560 5099
698 8391
7410 4200
2602 1912
1374 9541
9046 8603
7523 8423
8292 6356
2360 8278
7593 9739
1117 2490
4339 3693
7890 2505
1027 5122
775 3341
1256 8084
5323 618
8628 4831
6645 12
2632 2387
2789 9485
1034 4244
7875 7808
6027 6050
7382 1203
2120 7080
8658 3963
368 6410
4247 490
6721 5124
1195 2263
5833 3672
2334 758
6015 5054
5165 4372
686 4937
7597 756
5276 9431
4179 2307
6221 5457
4360 1979
7898 5569
3479 7274
9666 3090
7516 6000
5015 324
5063 2307
9354 6696
4845 9503
3743 6712
4268 4820
4363 8008
1207 1728
306 7496
4310 1008
1967 8644
9341 241
7744 4005
8282 6839
382 1265
9942 6791
6819 4577
9809 6288
2812 7509
8708 8713
9473 7929
2139 1110
5569 4139
1742 3369
9190 5050
9891 6603
7394 7441
3039 3460
6785 6900
7299 7109
1905 6954
6474 9878
945 9917
5062 9166
2525 3829
9066 1428
9464 4317
2006 5705
951 8112
8153 5457
7453 9238
4592 8943
4602 4401
2765 4008
4234 4974
9739 6725
8134 7802
330 8964
4901 1052
7143 6813
6772 4709
4546 5132
840 1267
3343 562
5530 9209
3436 6448
585 5738
416 3629
1861 8433
7617 5371
5840 8195
4347 4345
5805 9776
8894 4607
2579 5692
3816 6842
6848 4529
7720 8850
4510 2477
1792 185
4358 8169
7106 7070
5035 1146
8532 9737
6712 6994
3798 2465
41 1577
4900 8676
3097 9455
3561 726
2269 3697
4059 2915
5054 6964
3674 5890
9140 1068
754 4154
4066 3902
6749 8955
141 1026
1251 6316
3744 5486
4271 7852
9458 3679
8168 7723
518 1454
6753 4663
4440 5740
6351 6243
7342 36
9903 1189
