5030
7477 6396
2253 1301
1802 2782
2019 5915
4681 4360
3247 993
8761 6220
7404 3586
9598 2208
5004 9267
7534 653
8215 6529
6297 5469
4814 1556
1670 2931
5409 6176
6533 5674
279 6138
2296 4780
6829 2012
4712 8279
5725 1578
299 5206
3294 8589
3926 3230
2352 7766
2586 4971
1862 583
1806 8678
8433 1286
5722 3810
5280 7583
7290 5984
1055 4828
7674 3488
5081 9154
8045 1789
9501 1345
1572 5736
7119 5590
8785 7733
2166 2072
2563 8934
1238 7909
9633 6341
3725 4798
9800 7811
8268 5290
4096 2006
7605 8590
1125 4209
4903 9937
3759 622
5742 9835
6368 6838
5487 8279
1326 2128
9606 2867
6468 7665
4721 4752
6497 3909
7994 616
6770 9635
8068 6689
8445 2215
8353 7012
5576 992
7860 2135
1427 4827
1905 8699
5398 8373
2709 45
4899 4071
6963 3787
4572 4848
5999 9200
777 4102
3361 414
6887 6531
6731 4828
5069 7649
1897 9400
9869 418
2392 1807
8324 4087
2889 9628
5438 9514
2079 5683
7607 394
269 4648
8881 4515
6766 4949
9241 8234
640 4054
9641 4180
6522 804
9765 6813
6116 2165
7156 5540
448 6202
9283 2977
5363 1380
6914 1012
6101 7013
8872 8435
1053 3418
8419 8355
5331 4454
2184 1110
9737 2893
1973 3681
225 4119
4356 2100
3368 210
8360 4329
6634 819
6633 6375
7717 671
4782 9145
514 828
9351 9360
667 5199
6902 6654
9617 4889
1267 85
8295 7556
9635 1181
3217 2807
344 2847
450 2679
2907 3148
2559 6099
4519 500
1391 6982
3293 1484
3251 8404
1221 1420
6791 6463
9077 717
8388 5068
3702 9147
6102 2452
1341 3538
9851 4185
5842 1288
9148 1806
8343 6053
8000 2827
6084 4023
7460 9768
8684 4401
1994 7156
6374 9193
4045 3543
522 5481
4439 6893
5279 8332
5719 973
928 5873
7013 4895
7408 2115
7491 1694
7707 8624
5479 8135
6406 5850
9576 2868
6853 5275
9035 4910
4645 6963
2672 869
2401 5716
2466 1522
8525 3565
3786 7042
5958 4953
3750 936
3660 9681
620 8215
4959 3375
3917 8909
8162 8094
6139 7113
4347 2268
3802 9563
9541 2043
8655 4946
9900 8936
8379 2944
6343 6323
7094 7110
1986 1838
1935 5030
8684 6725
2914 5705
887 4591
3885 2629
5679 1166
238 3092
4580 9650
6373 7776
7447 7599
5201 4689
5922 3930
4856 428
860 1760
813 4390
4445 1799
9305 5655
9875 7844
6015 5431
1081 1049
8487 7392
9762 332
7233 7682
6504 483
6974 8900
3403 246
8589 1609
8004 9285
4601 7102
4366 5330
8511 1014
8250 7554
196 7204
8938 4040
4714 672
394 9243
8852 1894
7761 35
1169 321
6152 4192
1514 5425
1301 984
1491 3794
7033 1097
4501 2000
2524 8560
6281 4943
9174 7655
241 4536
7096 8263
1107 7513
4596 621
755 8365
9646 6635
5848 9765
9786 1265
938 7518
5640 4513
60 828
9909 9586
3691 9560
8307 3022
5612 5655
6494 4007
1907 9315
5500 5924
9806 7244
6601 4593
9518 1750
4534 3256
1690 8472
5536 5638
2912 6123
3695 4557
6107 3361
362 9979
8236 4316
5112 7749
4159 613
513 3621
7774 5217
4404 2353
8965 1652
8990 6133
9442 6783
4777 9727
1886 9621
9124 2698
4499 2761
9966 4802
7230 5107
3925 3729
5459 5762
604 3581
3322 4280
1481 2825
7499 4633
4606 9288
467 9232
8082 8189
2953 8775
249 5555
7430 8688
8779 1270
1042 1256
6351 230
8340 5719
996 1171
3417 2331
2300 2376
4761 9452
1854 1945
1323 9342
4866 8467
7858 1844
5467 7962
4145 7546
6930 3421
7990 5117
765 8834
8963 1259
5986 1912
9305 5035
8379 3429
6448 7027
7200 667
7946 4533
3528 4637
2841 4979
9588 2686
591 9287
127 3023
7759 4001
9051 9156
6762 2728
5663 2892
7971 9745
2967 9773
9314 312
8996 9115
6341 8659
5112 941
9476 6452
2403 9010
2009 4306
1211 1560
8150 7885
9132 5093
1711 2497
3887 4726
4369 9926
9101 1093
3252 1563
7063 4086
4288 7514
8698 1610
6471 1625
5444 8222
2674 5099
1972 2240
5083 977
1893 4114
1596 9187
2213 9201
9514 4973
2139 1653
1715 547
2252 5185
2393 2749
4105 4551
3077 9885
5285 9869
686 320
4265 4606
8457 6373
2160 5815
1499 444
6510 233
6260 5863
2109 7680
997 1214
1150 6296
1964 3773
4635 5018
434 3288
3440 1958
3391 6010
441 6674
4975 90
5150 1985
6931 9827
2854 421
8990 6620
9410 7213
8091 6368
7198 4980
2221 7016
2686 1453
164 5662
8623 2710
5674 6645
5472 4446
441 2604
4282 6640
4447 8913
8782 9776
2887 1725
7116 8457
5477 2655
9997 4358
2935 5313
614 4188
2263 1837
6258 7257
969 2270
7904 1236
1763 7065
833 8511
3402 2952
6162 4538
6945 3331
8784 4420
769 9762
5215 7605
5944 4170
2161 659
8863 106
9242 9251
5389 5805
7469 4122
9980 557
197 4988
1153 8763
1309 1266
1458 6148
6441 3092
6532 3883
1605 2198
363 1979
3212 8717
4141 5009
7184 2641
2941 4256
7179 4821
918 1622
495 2358
5483 6766
219 8658
4146 4206
1918 1965
6760 6943
8300 5666
8487 2170
6992 4693
5897 4591
6049 2058
1654 168
7768 2988
3294 6811
6742 6847
961 7616
9892 8796
176 1682
1115 1417
5043 4103
5613 1287
869 9624
423 7094
9227 2111
3801 9324
4670 7038
8157 7304
1764 602
5266 5857
6801 3659
4443 8302
3966 2613
8051 2288
5458 657
6885 1701
2376 8591
8170 2621
2298 2937
7596 9462
7835 98
7507 192
237 6938
5380 4845
1380 5462
2892 886
5477 406
9286 8074
2139 3852
2566 4184
2518 7820
3363 6879
9732 4815
3112 176
9148 9791
4765 1958
4421 6722
9953 9071
7106 6033
6512 1567
3450 5601
9501 4017
1123 3997
151 8997
2871 5569
8623 3193
1731 3219
5707 1699
3815 2697
2078 8142
6814 8311
5390 393
5922 2096
27 9275
6261 2866
4216 4291
30 3147
225 8993
2477 4370
1516 7969
334 6614
840 1814
567 693
4649 1215
3690 5857
202 8982
4973 1648
1157 3778
5621 8536
4279 2356
2363 9052
127 2215
3205 3133
9645 4380
7259 1245
1360 1789
5535 3837
1821 5692
4572 5863
4569 8640
403 1078
7776 6395
4690 8722
719 3895
173 1744
2598 2762
1959 878
6531 4142
31 8361
3252 9574
3871 3801
8618 7477
9620 6959
14 1120
5238 502
1629 6031
206 302
9900 6502
3929 7077
3047 5650
4865 7401
7438 5470
4624 502
7045 8194
9793 4003
8173 629
9443 4748
1091 8164
925 2017
2294 6150
5902 4872
4284 8925
3968 5109
5739 3874
3047 3154
4917 5253
1301 7932
7156 3492
5624 2468
6807 9679
2641 8458
8982 4960
9682 5461
3374 4184
6356 3638
5112 4125
6689 9118
8726 9190
7117 5046
7923 4112
6931 1933
4508 8768
149 9249
5908 3996
2072 8016
3048 3225
5858 2754
2250 2714
3460 1878
5023 4972
3804 3955
4434 907
5043 1871
7389 5328
5261 6772
6911 13
1746 2357
7273 9473
671 2486
9070 1456
1349 4121
3171 2527
2573 9059
5346 8088
9275 1041
3081 7241
4804 8648
6582 3612
9179 491
2291 1982
6163 2972
7268 1598
8522 389
9644 8043
6677 220
8759 6024
4075 7011
1690 2139
7730 9953
8402 926
5425 7559
5477 7163
6117 319
1520 2448
6617 7827
3032 3807
1312 6055
9373 9546
5395 3762
7123 8553
5021 9949
6046 493
9157 9294
2688 8965
7033 9470
8537 1719
7522 7255
8283 2940
1462 2231
3870 5916
568 9426
5733 6016
1666 447
3705 3395
1899 9462
8505 9883
1231 4537
5636 5319
6829 1514
9943 7269
9890 309
9694 4760
9510 1962
433 1994
1925 6659
3090 8169
8177 6744
5423 4734
8390 3900
8438 6155
5464 2584
4751 4595
6092 8516
5167 8002
2947 8460
5036 295
3359 6626
7704 878
7556 315
2674 9919
1192 5537
8301 1288
6699 6394
9364 4008
1871 9964
8522 4685
8266 9200
2446 2880
8998 7381
3097 5569
3539 9276
6088 1061
2731 892
3535 4024
1129 281
8615 6391
1112 8535
4011 1229
713 3177
4587 2135
3241 4953
8997 8268
1696 9408
9204 8253
2475 5333
3813 3222
3050 9690
5056 9550
8631 5903
7539 4020
7891 9018
8356 1747
8348 8171
5313 7464
7365 914
1785 4347
4333 4700
5262 4472
3508 2334
1014 3540
7280 9700
7486 594
6750 172
394 7576
7255 9073
7812 1051
8708 5469
9923 8851
6161 6685
6157 6733
3303 3405
9279 5107
7745 9931
2127 7812
2266 4082
2239 2126
4268 1896
8811 5106
1737 461
9447 9970
4732 5789
6042 754
9619 731
7025 3038
653 3985
2347 6857
5442 5351
9735 8555
9992 7963
3303 4159
7816 3655
2166 4973
8250 1296
2462 5072
7474 49
1448 3014
7961 5307
5515 9483
4905 4156
8728 2315
8774 2579
4361 6157
873 8041
4757 7324
3706 918
4549 1843
3979 2385
9615 7132
7262 1371
2012 2869
5470 4495
8755 5585
9743 7077
7597 4104
5820 5838
3582 8007
1040 812
8205 3223
5008 3160
9499 8367
8264 9628
21 8139
1797 4351
142 5052
3022 7259
3570 5000
2113 4600
6399 5862
6430 9857
1707 1354
4965 7125
8433 3357
9978 2998
4429 3012
2948 9331
7659 6794
8469 1088
6950 9186
3148 7683
2953 5303
5743 9660
215 6317
9540 9562
3890 8826
7708 5712
753 2533
6150 3297
6302 8056
2355 6316
4623 3099
2984 8247
4752 304
7445 9260
5615 5596
4084 9767
6379 352
6221 4832
3238 5238
5351 7768
1906 837
2515 5356
953 6138
4203 5515
6644 6066
6851 4803
6682 222
4718 3782
838 8974
4235 9919
6824 2129
2541 6092
6162 2930
5565 131
6557 5256
384 3680
8973 246
2128 9153
8843 1661
5711 1463
1757 9503
6429 3877
5457 84
3736 4699
2618 3048
5043 3485
641 2883
9127 9168
2381 8065
9377 452
3988 2958
3968 2763
7794 643
5219 937
9723 8965
9434 2407
5280 4691
9541 5456
8326 963
1254 7199
9385 6888
3973 453
4037 9926
5311 7766
2679 2430
343 8988
7006 7268
900 440
453 8099
467 8342
9708 3867
7614 4685
5409 1630
2889 3111
8056 4408
8852 4828
3810 3609
3305 573
2714 9834
3635 8298
4413 8444
1411 1478
8987 8217
8566 6152
5286 1835
7775 9456
5784 2498
8527 9005
4178 8382
7501 9475
4909 8364
2845 190
6087 616
4813 2894
5658 109
3062 3098
7499 2817
3635 3460
3700 6892
5251 9257
9276 6200
7590 822
8827 325
426 4585
6339 4246
8084 5445
222 368
1861 8234
588 9282
5986 8961
664 3162
4338 6587
2930 4466
5120 1784
1137 2805
6643 6681
9468 7840
2251 6168
3240 4905
7198 8565
6748 7107
3995 1193
5785 2382
3866 2654
7297 3893
2112 8360
1977 8555
42 6380
3573 1832
5134 4018
1904 7794
418 4244
3506 1758
4892 7621
2845 9382
9800 7762
2311 188
23 9623
4538 6886
9595 7786
725 6511
5673 1921
5263 9649
6780 6746
3347 8522
6266 3474
6487 7906
306 2308
8504 4447
4482 4494
9877 2859
3405 2342
570 4238
5021 7542
6422 6004
6791 290
2624 6382
2359 3892
9426 3773
92 791
1034 8969
1482 6291
651 7173
9541 1258
4967 9890
9529 8818
6039 4502
9296 8132
8659 5306
1236 3538
6329 7387
7952 7817
2833 4667
2653 6358
4641 6348
2254 3584
419 5092
6384 1800
6329 259
4024 324
713 8508
662 6221
8212 6603
3428 8087
9426 5281
5419 2304
3671 4023
4497 8647
796 7330
1565 4836
3862 9585
9783 5078
2301 6068
6506 9632
9309 4706
6328 7476
3879 1781
6465 193
3814 4611
5901 9059
8414 2701
5994 2150
3808 9982
522 6352
6608 7733
8419 6016
4587 8265
2541 164
3172 9784
3154 9814
3049 2956
6357 3167
9558 1489
6787 2891
517 5055
2689 4669
4470 125
9704 9669
8715 6343
4314 2446
5071 5610
5743 538
1369 573
8791 6271
3193 3619
9825 6991
845 17
1333 6419
6227 6971
8513 5
7638 6133
192 2146
1090 8190
6760 5783
9312 3165
8234 2460
3076 3968
2655 7628
1924 7031
462 4946
5823 5771
7994 4685
2705 3606
5063 970
2424 8447
8860 5853
8692 6842
9610 3012
6346 4150
4218 6337
2510 991
1206 9847
1251 2439
2953 4035
4829 5455
5805 1877
6254 5747
5412 4107
6084 3321
8600 4028
4825 5615
4889 9245
1701 1028
8522 6559
8707 8308
5845 7340
264 695
4935 259
7359 6171
9868 8532
7608 1233
9554 6717
2723 4593
4137 9613
3803 117
6296 3675
8941 7213
8422 2772
486 2910
1691 7278
4837 7167
2374 2174
7472 9461
3110 1084
2005 3283
9306 7600
2767 6982
8606 7098
5203 7817
3670 7691
9075 2181
9853 3591
2163 4355
7003 4347
1797 528
3391 3713
6034 9127
8692 8139
1365 6158
6977 8508
967 2591
917 8357
140 9303
4181 1513
7899 8157
4895 2972
5313 7474
9729 5459
2251 3107
1739 9258
4583 1271
6789 5112
5478 7536
5369 1534
6854 1425
3366 6113
7511 9959
7329 2287
6208 6732
4010 4239
7961 4789
8850 5114
1912 3818
3040 4738
6261 8797
1378 2616
6038 886
6277 594
6832 2456
6981 5067
2334 4446
2808 231
5934 3519
794 2781
3911 5206
3127 8768
8430 5632
708 1791
37 9798
7263 1645
2762 5562
4720 7894
6362 3180
2186 5652
378 3320
882 698
1459 6378
7503 5033
1410 4034
2567 556
1548 7373
3161 2823
6860 530
1622 7091
379 47
8627 9553
4406 7047
9262 4846
5257 513
3922 7780
612 9510
4950 5060
1850 4975
1536 4670
2866 9889
9168 7236
1434 6336
646 4910
3361 9242
2333 7581
1305 5203
6978 2607
4364 483
5961 6440
6850 1423
4382 3476
8709 6154
4942 6044
9327 397
3441 9206
7768 9831
9794 7592
8950 8347
8941 2822
2326 3854
1620 103
1675 2375
7150 1378
4030 9448
5334 1608
2125 3880
4325 3864
1314 675
2876 4056
4840 1611
6816 5431
5684 4896
8499 3341
9942 2799
1582 9944
5660 1095
7798 1919
7194 2393
7335 2864
3920 9504
8153 1655
7839 184
8653 6087
5471 3587
4318 7226
1840 1859
8157 5254
5009 3007
6837 7380
671 7948
9382 413
7869 2707
7484 8207
9478 2950
6787 2824
5622 2049
1824 5294
7080 4721
5190 3954
3500 2729
3940 4073
5289 8373
538 9577
5239 9850
1464 8662
9788 8895
9197 4716
1281 5310
1444 7675
9772 5728
4848 286
5438 9139
4834 2400
9722 8777
9262 5034
7372 4817
4728 5815
7559 3038
1494 3646
7016 7157
6874 8367
8210 2963
998 3433
7824 9531
2672 2743
6738 8081
1763 6166
2038 3383
556 8770
5734 8184
776 44
3399 3085
8047 6018
7399 1396
3570 4654
8395 2602
8928 9648
3398 6289
7811 918
205 4875
4221 1089
3787 3772
6500 8704
3174 7757
894 6498
7543 6450
7856 3137
5726 6227
2825 6065
6266 2782
7123 6078
8324 1953
1469 6917
6951 233
169 247
8185 5038
2497 1361
7765 6059
9759 3652
9533 2568
3080 2347
595 3945
5569 8785
3511 1504
1205 7502
294 1065
691 6653
7928 5630
7399 7357
8547 3945
8052 8437
7755 2547
3055 3320
3605 4460
1600 4271
9604 2560
1533 4236
5227 84
8961 8177
5360 1828
2723 1902
8368 1381
1148 2857
4650 5168
9868 3363
4963 8972
3428 1022
2556 7178
3208 1170
1215 7291
9189 6466
9335 2598
5248 2242
7140 3576
2241 5110
598 3807
2394 7151
3875 972
8035 778
2501 4503
2013 7913
8662 5769
163 9347
5137 7841
210 5395
6340 5715
83 830
4097 8031
3169 7038
3820 4173
3570 2147
9299 7440
8853 4020
8265 3204
488 9221
1057 6931
2981 6569
212 838
3117 5432
7411 5555
4826 6827
170 5058
3134 7621
8881 6117
6378 6398
4577 2751
3447 4980
5513 2402
1435 4663
441 4911
6475 9314
8668 1154
8315 2565
1057 7626
4448 8769
2803 1315
5417 8916
455 2446
1711 6956
3676 5709
1062 9768
7895 2113
4287 2884
2644 3718
7125 3811
9850 3703
5871 2810
8455 5939
151 7351
4783 3051
3001 730
652 4823
7387 8939
1927 1949
8566 1244
8614 720
1016 7479
2987 4917
2694 1313
1295 4978
2444 271
9740 6175
1815 2907
2673 1168
95 7091
3649 6745
2915 8807
4177 273
6183 2926
4835 9989
3319 3039
5607 707
3449 8862
6913 6015
1505 3167
9243 1086
929 2628
9636 6296
5462 5565
3234 598
920 8197
2356 4162
3625 8871
924 2324
3935 300
4846 8349
4663 7721
3633 1715
8739 3026
7348 6767
6055 933
600 464
5584 776
4054 9062
5622 8988
8874 383
4333 8068
6619 1570
6367 6729
3085 1605
7312 9490
7131 5403
3316 6043
8195 796
103 2165
9382 7855
5964 3217
3576 7302
9510 3959
3846 503
274 1952
9085 9256
8297 1230
9738 7705
4553 803
7771 9116
9055 744
7383 3010
7632 113
2727 9728
1093 7712
5461 7078
7865 8723
2165 1982
1186 4129
8654 2932
3936 2288
624 8507
5699 1184
3396 4690
2242 2792
3392 9712
8517 2830
9559 7499
5513 9594
4279 4519
8500 8049
7090 5264
7626 6823
3838 4256
750 9115
622 5396
6970 9838
6253 9775
5395 5972
6071 2283
722 6720
4730 6869
8477 5549
4940 8652
8103 4060
5843 8773
7562 7465
3863 4837
3415 6186
6066 3856
6255 3507
398 2039
375 144
3819 608
2000 9048
6820 3941
9579 3284
7533 2574
2985 2096
8683 54
6038 745
2032 9944
3118 6808
1667 7693
3354 5331
5885 3649
4616 5476
5006 7016
3354 396
5718 5829
939 1605
7258 4111
7700 3479
2975 3472
71 8088
3535 2963
3481 185
7050 4384
1332 504
126 9106
9959 3140
9806 9725
5740 7634
3641 1472
1481 2968
6366 8170
4258 1352
6928 6939
3222 4701
9159 9385
3226 7758
8464 3686
5191 7626
9331 5054
9856 4917
656 1630
6377 3057
2453 7700
5697 3067
3101 1439
6348 4747
481 1028
9932 2538
1591 8677
833 5178
423 3663
2239 8238
214 2528
7700 106
2648 2238
5793 1103
9240 7659
1515 6578
4460 5894
9838 5025
3084 4047
2963 6121
4169 4375
1446 3518
6146 2907
675 176
9200 9285
514 4355
2569 5187
3366 2415
568 2523
781 1783
4490 8420
9776 1263
2213 2256
2448 4720
2532 9376
6263 3191
1352 1071
8653 7008
4073 4476
2125 1721
6605 459
3734 8936
1854 1002
2641 3365
8311 6167
3665 6908
5844 2733
6883 4717
9244 5281
6056 300
5906 790
9491 5194
7480 846
1607 504
7071 7319
7282 9796
6727 391
3308 9711
3323 9697
4757 7101
2746 2767
7629 4205
8889 3902
3775 6900
1336 8628
4736 4097
1124 354
9616 3511
5048 3348
3507 3988
3985 408
8062 3968
1363 2410
5686 5917
1524 1905
4328 788
7365 6879
2495 8217
8057 7535
5146 2188
5020 3121
4422 4701
3002 5765
475 9377
5080 3137
6253 6778
5343 4902
6082 1639
187 4648
3018 9627
1122 5909
309 1153
9861 3273
6017 3075
9770 8888
4829 2990
7614 8880
1005 7671
848 707
7989 3533
36 5157
5857 4043
1043 7369
8706 6038
7126 238
7876 2934
7764 8523
1848 2270
8278 7849
4135 309
2227 2572
4337 989
8539 8785
2016 820
2437 4447
6521 866
4964 7605
3071 5994
1781 7822
5208 4694
44 737
4235 6040
7129 553
4047 5075
7863 497
465 5359
8430 4895
2039 9217
7803 6091
5195 9786
1283 6716
8662 1643
3110 8750
6793 3845
5128 1868
4550 7809
5877 554
4717 4922
4597 1097
4641 6413
2568 3032
9026 7257
3326 7213
5995 3821
3131 4888
7873 538
7778 5441
4425 9390
1037 2618
6722 4217
8569 3089
8285 7973
4583 8657
7064 7426
3527 9882
4476 1914
4235 7265
7026 5771
7392 4056
1805 5591
5826 7541
1354 2102
2465 7071
8388 9360
1810 9639
7419 7271
3089 6237
4727 7530
3193 8625
1743 5770
4976 4969
269 9700
7041 7528
3640 6559
2868 7274
2313 3924
5043 9026
7433 3369
8182 8442
7617 720
4620 7513
7834 501
3514 2317
8642 2608
9964 3576
1372 2718
8607 9003
4718 5470
1271 3979
8312 946
1049 5139
4604 5039
8459 7309
7845 4236
2591 3404
3665 9013
6618 4691
8199 5651
4413 1829
9459 2860
859 9104
8380 8056
124 5159
145 4496
8024 1320
8606 6569
3468 6420
9984 994
6594 1540
3943 2859
6326 4599
6001 5586
8202 9001
8017 5224
8875 8716
5569 2211
7100 2700
2015 4848
6284 3199
4231 9274
7806 2562
2440 8633
7644 8928
4173 1854
7423 8090
5670 1908
1887 6526
4804 3259
2930 9931
5362 2700
2812 6066
1377 4216
5643 6921
4640 9162
3326 5045
4769 1739
1308 3315
9856 6261
6352 6213
4817 9724
8978 5956
2970 1205
569 7680
4687 6240
9811 6459
698 9732
4266 5346
4929 8499
8817 9112
5507 3382
4172 3204
5293 4550
4761 7218
3002 9002
1375 6517
949 7567
995 4829
4682 2871
5216 4133
6324 1956
7521 4883
5245 2233
7381 2707
3181 2675
9759 4837
7100 6738
4150 4064
3249 5504
5757 7280
8502 3447
2237 3964
8171 9591
7441 794
846 2212
3818 7552
1115 5359
7280 157
2184 1059
9552 7571
723 4431
4153 878
2321 5220
6722 836
6427 1657
6764 3258
5166 6074
8250 7659
2081 1219
1805 8611
5342 2644
3458 9897
5169 3826
3157 5310
3072 2864
8981 1997
4890 6753
134 4836
3811 2849
6511 7319
9016 4252
9157 6732
9727 4739
2847 2847
2152 7358
9039 276
9395 2087
7269 6819
6834 1222
9207 5719
7346 3337
3617 7902
9091 1218
9357 3020
9841 9147
8656 6567
6138 3653
8841 8563
1199 3360
1610 2311
8530 4177
8319 3064
1638 537
8913 7995
807 920
5425 548
7479 6273
4983 4305
6442 6769
1262 358
7277 9971
2468 9277
4275 9881
73 1841
4591 4350
6012 7771
6717 3793
4021 8266
641 7617
1292 8943
7811 8941
970 902
4368 2594
8853 470
2448 9579
2011 3064
449 9018
8852 5301
7520 4411
4611 6723
924 799
1474 7861
432 6466
2800 3042
7119 2759
3417 2745
8809 4837
1329 4387
5017 2911
2391 1166
5625 3082
6822 3910
4082 7556
5931 168
9298 7485
8038 6950
5403 1620
3179 5443
7722 3996
6020 8935
4430 7950
4534 9600
4633 2423
3947 7539
9657 8358
8035 6545
3257 5778
3916 155
2630 7615
3872 2452
5649 1779
4900 8150
2246 7854
8656 3176
5065 6987
3943 2831
3942 3531
1090 5482
3630 1032
1543 1988
3533 2353
842 5898
1144 5114
5646 4554
1849 7446
439 1564
1272 2853
3396 5503
231 7228
5496 3743
4296 7657
6489 3534
2989 6998
1519 7915
3280 79
6734 7154
162 1614
4531 2820
5165 1123
9100 9907
5894 9553
5113 4486
2939 6445
8591 2657
2012 2434
824 289
9145 6429
7177 7824
1352 1180
3104 2587
5549 6261
3451 5403
5072 7897
413 6443
5788 5213
8647 4165
4772 2124
2152 3524
3313 6734
1472 553
3669 7636
279 727
361 3617
2866 7945
7832 8662
6773 1855
2743 242
8862 7975
9646 311
6756 9944
5568 3016
3377 6324
9529 464
8909 8082
6222 4151
9584 7286
2446 7439
5676 5258
6217 207
9768 8024
3183 9325
2139 5769
4315 1256
5556 7701
8378 4118
2561 3165
2894 251
616 8908
5492 4065
5399 8205
9064 9873
7946 4822
3190 3439
7466 6499
7330 9270
6335 2423
464 2138
5740 5684
219 5148
9564 2327
3615 8844
8144 3951
4816 1656
3247 9251
3760 9009
2207 7492
640 6942
8387 9486
5897 9183
7916 8107
3085 2459
235 9710
4752 3393
8142 3911
4242 1912
5486 637
177 9771
7779 3489
3307 5789
5652 9554
9348 3431
441 8637
6702 5268
8823 9694
4759 397
7387 9050
1726 4189
7020 7665
6883 3690
421 2746
2845 9681
5465 7829
4525 1713
869 2171
3826 4294
6267 4119
8474 9002
7948 1977
1890 7957
9670 2024
2091 4202
350 1290
8409 8925
6200 3030
8799 8105
1889 3781
269 33
9527 8129
7910 9758
7051 8399
1772 1966
5851 3682
1423 3303
6289 776
4482 7468
1163 8622
4338 2379
1013 6145
9082 1274
7617 9378
5897 1548
7841 7252
2018 3502
7186 2001
79 2389
4580 1685
6060 6426
8639 8680
2010 5910
1872 6132
2912 9500
6933 534
9034 7320
1342 1820
7751 9580
9297 5163
8055 2138
8364 8679
3511 7528
8748 7642
8557 6531
2536 631
5156 310
8266 8369
1684 4195
8121 7081
5041 82
4023 5514
6029 1326
3063 4522
1994 618
9794 2599
241 8308
2701 8783
9550 4586
3049 1495
7152 5054
7255 4434
2694 95
7881 6308
339 9048
2933 6058
1172 5149
876 6089
7430 200
2739 3868
1230 3794
639 9485
5416 2345
5472 8435
7227 9133
1552 9856
9323 8858
5718 8064
3335 6390
4304 9250
5244 4996
2943 9311
6296 6280
3522 7597
1345 1491
8322 2032
2285 4534
7850 7359
5239 887
4885 3028
4873 4744
3058 5443
1849 2901
1114 8665
1895 1065
315 9843
1460 4543
8956 9690
6885 1497
2730 8366
6897 4444
2744 197
2707 9079
7438 9923
5120 3029
1964 1062
7380 5229
6902 771
3595 4562
9706 5012
1022 2952
2304 8774
6241 2134
6706 4350
4860 1552
4410 9274
5025 9193
2918 9906
7435 9880
5887 1446
7658 6688
1595 1392
1770 6039
9441 1164
7943 2503
9326 9718
8548 6328
2352 820
7154 5125
4682 1201
561 5407
8250 8038
4145 7838
5630 316
4749 6965
2562 1425
8667 9398
2247 9836
5695 6433
8091 7138
3413 5247
3922 783
830 8608
642 5287
4484 3632
9439 4555
2429 2447
9600 5108
964 5116
8829 7823
6545 224
5371 346
9960 5688
7201 2303
2069 1737
9651 2899
4424 8881
7300 2394
5909 4672
6774 7926
8014 3914
8990 336
5450 9850
6096 4142
471 7132
1203 8136
3527 6790
6489 7092
2044 4529
2708 3669
1504 1123
2862 7647
6761 429
2953 3534
5446 1094
4076 7148
6853 8384
4421 600
5683 3474
6140 2630
3254 3614
7157 7901
6464 1836
7840 567
8078 5477
4584 5721
5458 2184
172 6181
127 3671
8788 2088
4318 4992
8633 3820
6887 7305
7526 6287
6168 7446
4157 5871
5094 7304
3888 2788
8356 3237
9567 1197
904 3317
8573 4247
1406 9407
1528 161
2248 8778
8278 352
4900 8028
8156 3585
2712 4297
96 5269
4239 5042
1561 2884
7596 4158
3116 838
364 1052
3821 5310
8907 5368
2069 6126
8583 2909
9297 2119
4199 8612
8388 5996
6151 5766
1561 5136
5584 3038
3718 3062
5736 268
8304 5967
5834 7996
6980 9274
5242 492
4189 9718
5868 1348
3815 9060
7730 408
7317 9436
5780 9869
5849 7621
8408 9151
9360 8095
8288 925
1803 6868
5036 4964
6361 4865
9745 1507
2379 2143
5515 9400
8009 9217
5277 4023
7324 9217
6362 6029
9337 3817
8471 246
9806 6320
5389 2641
6662 5216
4574 8312
1343 2525
60 2690
5465 3480
8692 1197
8375 3321
7642 3406
7025 4995
5290 2493
5685 6378
2896 7535
904 6101
3641 2699
2981 7336
9771 7687
5160 3565
980 1693
6608 4554
4669 8858
1229 4921
1432 6799
8829 7964
2565 9968
6557 6036
4287 5466
211 9201
5350 4376
893 2478
8273 8643
3587 6492
3635 9103
9076 5751
1797 3265
9422 7638
7423 2786
5536 6432
7747 894
4772 7305
9831 9540
6791 7800
94 5310
9925 3669
9724 3058
499 4002
764 2131
9442 7209
7841 8571
2162 3128
1039 8756
2434 8322
8850 5844
9319 6226
6690 1995
7714 651
5278 4513
3905 2039
6037 1189
7188 8988
6946 3161
7662 8531
2823 4898
1706 1631
7623 648
6973 8222
2192 8275
3654 8759
9806 1318
6814 5912
4216 9281
7918 2719
6141 4578
8554 8121
4832 7617
7117 9862
7706 5807
6157 2451
3289 4325
8358 3283
1879 4371
9789 673
3298 8118
7575 3108
7161 2992
5971 1584
7513 4006
9793 7892
2368 8684
5599 8383
2827 8353
6404 7801
9275 5703
8483 7776
6117 3749
345 50
545 3816
9824 3402
1569 7542
3758 6352
1171 3911
1850 8574
7933 3018
9993 1795
3834 6939
2942 5346
3793 7432
8222 2284
4250 2685
1112 3768
7937 2923
1315 9007
5616 5575
4229 4888
1549 1446
9445 9735
9823 1829
8355 2860
1185 6713
5823 3049
2850 3866
5956 6443
9993 3843
3130 9605
7029 9775
1456 4948
6780 3239
5917 8123
2115 1629
6912 1385
2216 5132
2023 4429
9354 7064
2436 9948
6927 6563
9421 3451
4621 7240
8834 3056
3786 1236
8703 1786
4430 1908
4247 2100
3425 1846
547 8503
6193 399
587 7864
6550 9627
4671 4134
2928 4603
1110 1307
2041 3319
9546 6873
3343 4048
5176 4004
2109 7312
2434 607
7999 4559
1213 5613
258 8621
7216 9811
8327 7572
321 7237
7196 4585
7392 4285
9672 8488
4916 4041
7753 6264
7331 1182
3556 8266
1869 1563
7889 2170
6075 5031
2389 3840
1212 3337
7476 1291
4370 5286
1703 2314
5389 9135
2235 5738
9733 7660
1461 8025
1062 9330
5107 3867
5817 5874
97 9080
609 7591
9197 7252
4529 8080
3654 7498
3698 1773
7859 6284
2138 5423
7536 3622
1551 5461
6272 2197
3911 2635
3878 9651
3220 2034
7404 9675
3276 1552
8242 4173
7094 2500
6078 7052
3019 1724
7033 7347
6380 8001
8356 5952
5719 9099
3226 6687
8482 2148
633 1416
840 4639
3667 1627
1793 2894
2522 8804
7749 8072
9172 449
4079 7837
958 2050
893 2630
7768 3899
8947 9733
1026 5770
867 7815
5629 3154
2176 4894
1048 8557
1653 5549
1449 1476
3141 2462
1242 3630
930 6110
3394 4524
3465 6601
3820 7697
2299 3898
8052 3799
7912 7364
6577 1376
6645 1405
6565 1643
6234 6796
9604 7503
4479 4123
7680 2806
300 8544
9274 2089
9600 3167
9198 1820
152 1670
536 7381
763 5565
4665 9659
9629 752
1786 3455
317 5529
6234 4197
4645 8895
2747 1845
5860 6097
8849 2456
9409 3594
8757 9013
4200 364
4530 5828
306 2534
5526 8284
6818 2488
8740 272
3861 1974
8415 8848
562 7106
549 6665
4133 5867
8686 2232
3664 7163
4504 6127
1985 4858
4866 8891
355 113
9697 1868
2904 1133
9865 1122
9091 8924
2477 2988
8241 5169
7216 6461
1078 449
8155 555
6932 9190
590 1751
3368 308
8771 3559
6924 9127
6859 33
3185 1236
6390 3159
8141 7425
4272 2526
8907 7147
5438 9468
6510 2315
2285 1516
1660 2362
1582 2316
2075 5714
4433 1460
4244 7272
5481 7147
3937 6138
7528 516
3111 2731
701 9342
7879 1705
3594 8751
930 5489
2427 184
4380 1269
7334 8264
4499 461
18 5755
3810 5075
3570 2858
2518 2460
3841 6789
2513 1770
7362 9993
2457 8037
978 9808
1307 1073
9874 1715
363 8556
730 7445
6294 156
1587 2020
1823 3069
3316 9681
6306 6796
1023 1280
6271 8624
7604 468
9635 7383
950 1403
3946 5887
3645 5527
7960 3119
9570 4934
2911 6952
6106 535
8018 2167
5889 5085
1919 5394
8114 7710
7738 7026
3834 2478
5316 6077
4198 3888
3876 5729
5388 1273
1651 6816
4148 5345
66 9343
4904 6009
7172 1516
7894 890
6874 8945
1691 689
7220 7562
1130 8605
8589 5038
8332 4055
5253 173
220 1250
7857 5610
9325 5973
1019 5757
2218 846
2875 3486
5411 2315
6523 8626
7020 5982
6641 3336
9983 2177
7054 1667
583 5464
724 4367
8316 8891
2763 1350
2362 2215
1179 1560
387 1532
387 8037
9211 2641
8130 7482
6574 6524
7585 3761
7285 997
5137 8327
6816 3934
1513 9438
2969 8867
4795 323
5887 2478
553 4925
9869 1400
7785 9430
6289 9339
1096 4961
1941 4794
7600 8072
4763 5485
952 440
6219 6821
941 5037
4220 5895
2423 4370
5501 6416
3733 3790
5579 6289
2905 7413
5276 410
3349 6089
6448 1992
4511 19
2208 8100
8080 7568
1529 1820
4881 3028
6623 8089
1672 5573
6584 9832
1935 6905
5195 9170
8135 88
3072 9689
7188 8277
288 6354
6024 3321
5894 7140
7515 2741
2253 3661
283 9299
6600 1760
3060 1974
5855 4973
1277 5794
1942 321
7345 7629
6436 654
539 8239
3326 7526
2713 6444
4898 8467
8870 3694
9246 9448
1888 5138
3397 5381
1324 8725
663 188
8901 8154
3445 5967
2105 5378
6023 7148
8357 865
9642 9790
7702 1504
6107 746
5042 8992
1755 3496
4444 2715
1424 7901
6150 833
3492 2806
3860 2796
9400 937
4779 2284
8903 5822
2058 6772
5666 3364
4466 9421
2738 4620
1554 7212
965 6880
8607 7172
8346 2385
9683 1900
6556 3670
9849 7605
9573 961
8210 3101
8882 589
9929 4364
6856 2155
5408 6257
3113 5630
954 7614
1433 2819
5829 9193
6188 6637
1645 4002
8859 2810
9353 8467
7320 648
9577 2880
5178 9707
4602 6850
798 4671
162 9585
4878 1021
5584 3182
4932 1780
3949 4890
2106 2787
8029 8229
2817 8440
5868 6313
1866 4163
7486 9394
5439 2207
4694 5640
6777 3562
3825 246
371 2024
852 3153
6456 5791
2097 5000
9622 9708
8902 3364
5703 7176
2399 7114
5821 8988
2360 5393
8632 7508
7686 979
27 3348
1023 854
6875 5853
6451 7586
5355 959
7756 1209
4169 6220
9596 2178
3984 866
4708 5444
349 67
6711 609
7051 4802
8085 8334
6635 3
6476 2883
6084 37
9900 5441
125 9394
8295 8826
6388 8768
6716 6073
9101 993
9073 4055
6299 3492
7646 5581
4181 6366
4263 3775
7249 6091
9831 9068
4367 8415
4625 8662
201 3228
6135 303
706 1026
4930 6604
1154 914
558 9255
4575 1700
9883 8260
4113 5256
5512 6271
2868 4978
1367 3170
9502 6211
8065 9117
8567 6618
1554 5706
7262 590
1506 6926
2085 6782
264 3329
2613 3442
7054 7299
1332 3120
7853 8706
4933 1431
8056 9470
8278 4932
4815 4059
8058 2760
8001 440
588 103
6747 4745
4716 6141
1688 7151
45 6976
3009 9762
3177 2207
5403 1663
5210 8897
6183 9885
4073 5782
6283 4192
5551 9012
9755 5066
942 6838
2182 1804
3101 8183
7775 6070
4992 811
5768 6431
3882 7773
8676 7932
6926 487
8911 3204
7007 6583
1884 7302
6574 9605
9106 7614
1728 3660
918 8709
87 6953
3095 3594
9855 9582
4194 4622
4778 8813
5391 304
9916 630
8925 3318
8467 9561
6047 9823
2550 7201
3007 4111
3419 5819
8577 1587
4355 642
3678 8731
6261 5240
135 7396
4689 7694
5382 1906
38 960
6888 7059
2021 9865
1870 6100
9169 4020
7893 3373
270 1123
2632 5528
3950 9542
2662 7236
7006 805
4575 9323
836 1908
3068 7338
330 1026
3978 3926
3145 5823
1789 9096
5356 6037
2923 8494
9335 7207
4074 4303
3354 4691
5046 7450
8770 3453
4489 4538
7746 282
2103 3151
9181 2113
5378 6060
2745 4549
552 4150
4155 7685
8987 1653
3707 2107
1868 5974
8075 7058
5495 2561
3734 6326
7875 4626
8839 718
6813 2506
3957 5318
8282 414
652 9479
3816 5169
3806 3319
9761 8042
1756 3419
6905 8683
5677 5963
1377 3689
829 501
2561 7131
1318 4799
5332 4138
6104 2750
8005 6257
9658 2789
8639 9029
4632 6686
9869 638
6482 9498
3346 5322
6617 4406
5332 1903
6470 1759
3766 8973
574 959
7665 8771
7749 4137
8045 8654
1902 4811
4031 828
7459 8100
4075 8107
775 3847
2062 4340
3676 476
8074 5505
1784 8303
5995 8765
6518 9222
5313 8716
7339 2085
2139 8462
8767 4011
901 8044
5863 3978
837 9703
7639 3380
6229 9224
2398 5301
3219 4150
7956 7793
6045 4173
5267 8443
9796 4757
8474 213
4685 618
8414 9885
9540 9969
2176 8962
1990 4219
1332 9202
3825 6213
8014 6847
4704 9949
4187 7120
8994 3132
1977 7020
3074 390
4669 9587
2949 4993
7607 7981
8874 5766
8545 8983
8202 828
1031 6503
5787 7479
5490 9343
8743 1696
6677 7750
1502 2812
1746 5272
8407 6397
123 4866
8334 8008
7394 7711
1479 7018
196 3086
7761 4429
8149 7547
1640 2499
6537 7906
6270 7421
1854 6220
1236 9
8706 695
8526 5790
2387 9242
9928 1964
763 2434
4840 388
6746 172
9244 2256
3326 878
843 8059
5671 9508
6226 7913
3393 7980
4889 7971
843 6653
1672 6814
8331 1429
7876 5274
3500 6730
3246 8779
6153 8723
5627 5520
1342 4286
6650 6509
4607 2315
1925 2023
1365 319
1024 6822
9913 1385
3475 7118
6969 7124
3918 4342
4112 6657
1393 3432
9000 104
7781 7919
2004 421
7470 1801
2723 6420
7257 2866
3791 1354
6581 3138
2281 3523
4184 596
275 7377
2002 7621
1443 9819
5622 6774
9525 840
7731 7321
5205 6128
9843 932
8450 1180
5077 5014
7714 2710
2656 4810
7059 6976
1859 4848
629 8518
6241 963
2462 8767
1694 1570
67 590
4529 6195
4390 876
8689 8480
8218 5416
8853 7957
7603 1943
1898 6665
3484 1226
8252 4745
6457 4825
9722 12
8014 1156
8213 4246
5673 8679
3458 7663
5624 5543
3390 1660
1497 2918
769 4344
5124 9002
7768 5508
5867 3112
8319 585
6337 6493
5013 5619
4251 3269
4094 4356
734 785
598 6829
3612 6611
7518 2255
5099 7337
6851 8258
8191 7109
6436 3584
4599 3990
1264 3460
884 9355
402 7570
7211 1055
5901 3004
6822 8105
7024 5638
1492 8787
2464 9967
8082 1299
2148 5578
5455 2814
9692 2049
1333 3611
7817 433
384 8646
4480 1597
4564 5240
7247 6032
1191 4383
8416 6083
9428 6605
3419 4207
6530 472
9596 8728
685 3025
8005 8550
9202 9036
1442 6943
3257 6920
1044 4394
1570 5647
4103 3214
2188 6099
6875 7909
9284 1245
7433 7515
4174 7893
9344 5933
2974 4934
6000 5895
2871 2972
5588 703
6965 1082
8922 6054
3577 3736
6011 5349
1013 6718
1862 7286
34 3308
688 5093
3760 8043
4492 6723
9955 1903
7336 9312
1164 6185
1533 2364
6161 9295
7359 6853
4283 7275
1544 9601
8161 5147
222 5297
8412 2889
4699 9084
3625 6269
1064 9783
2484 4520
2241 2319
7110 617
5367 2746
1074 3398
3702 8004
9168 8298
9040 7389
2738 1091
8882 2885
58 9417
326 4858
7370 1781
3508 8634
2637 416
6669 4533
6262 9555
525 2138
4428 4434
7888 5157
9125 956
4739 7259
426 7518
8628 9316
450 1568
5697 5505
1529 6047
4443 2447
8489 8723
94 8403
8420 4176
7951 1595
8368 2395
9277 4203
1448 1823
2414 6714
8966 8705
6563 3608
5799 9373
5619 2456
5151 940
9679 4792
6714 9408
9294 5011
4572 6769
680 2223
6452 5229
1208 1665
5653 7040
862 3043
6979 582
7357 6031
8469 1104
2322 5107
9968 6337
7048 9650
2600 7263
3958 4310
8077 869
6819 3787
2390 9131
329 5517
9774 5435
2343 9476
6054 1365
7372 9997
2084 487
5547 9720
4780 9495
741 7987
6347 4561
5407 4995
1276 3165
4192 9797
0 7550
1787 508
9240 7558
3707 2559
481 3627
4821 8939
5062 8871
7190 9589
8796 8218
727 5478
6859 6170
3923 2953
8327 4195
8747 3953
1959 1537
4945 5585
3444 2071
3208 6451
8979 1593
1051 1784
3767 145
1854 1773
7313 1505
4969 1236
4347 3398
9777 3257
9847 1476
7571 7447
5813 3778
5190 8059
7616 4579
3285 5218
6886 2463
9418 2807
7868 4005
2546 3112
982 1352
1662 301
876 5021
3985 7264
6668 7565
5362 4380
5955 7848
3711 4620
8730 2728
4945 8011
8839 7309
7682 6613
3612 2728
4845 6186
8395 5354
7756 6298
3741 5217
7881 1404
8316 5838
390 2214
6748 1961
6572 1233
1844 2579
9551 2476
3502 3934
4682 7818
4687 329
7423 9939
2542 5525
1521 8004
9720 4486
4831 1795
7361 4001
2670 8505
4704 4560
9842 6611
5358 7492
4840 4764
9915 996
4063 91
5630 4204
304 5223
7755 785
3935 8092
3580 7517
4510 9832
7314 5310
7415 9356
145 4858
6290 4307
7645 5069
3328 6588
9248 1856
2131 296
7920 6115
8250 860
7439 3527
8383 5389
9261 6251
6551 8372
8805 8822
3091 410
3737 6120
3949 811
1 6704
5903 1934
1494 4804
5764 4527
7766 4407
1748 8292
4046 2883
6885 9587
9563 1883
3488 2716
8852 4044
6578 553
513 3654
4185 4263
4731 6367
5996 1774
8543 3991
3053 2718
673 1948
1326 2667
8473 7265
4047 2642
9061 374
7509 703
2979 9608
3622 4580
9815 2600
5985 4257
4841 4940
7744 664
5275 5160
5409 4047
6934 1118
2422 7801
4998 7489
7838 1338
3124 2701
1808 6779
6915 4084
1682 3703
2085 1622
504 5433
1542 6671
9288 2501
5924 5486
8584 6794
4062 6314
3553 4963
4067 7687
7138 3229
6783 112
473 1541
7051 3491
5030 2291
831 9621
4651 5583
8866 1551
2381 1321
5555 6747
394 6716
8552 4977
3257 6182
6734 7466
4336 3667
2142 2305
4141 2391
7374 5979
8495 7705
309 9007
9050 4698
9979 9965
9205 8855
217 7713
4660 9599
6234 2533
9966 8918
1067 9740
7319 21
404 9192
5095 5745
8234 5831
9789 1953
2259 8654
6919 2133
2049 8128
9088 4436
2130 5225
6516 2134
3827 3768
7714 9119
3511 1863
8856 8629
8724 5796
968 867
191 5350
2112 2243
2750 3854
3498 3940
2570 1110
5637 5574
2552 8595
7301 9131
267 4170
6945 5140
5516 7456
9132 6243
4715 2587
8253 3629
3087 1118
250 5684
3748 1960
4166 9461
368 5099
3507 1899
3476 2025
1998 1879
6006 1027
6098 3997
5154 8012
1133 2306
4949 5072
3518 5613
7194 537
203 2770
4672 4593
672 3828
1320 4127
2287 6080
1945 7089
8438 3998
2981 3086
1661 2679
5851 8463
7627 3514
93 4414
2187 3577
9279 640
5609 9994
6047 9674
611 6751
6813 6926
1444 7905
366 4766
2612 7500
2923 3031
8720 8674
9597 5596
6769 4458
9205 9721
1425 8342
5059 2795
5174 8113
1896 4611
8298 6164
7835 223
9930 7303
8428 369
5442 4839
6428 7675
6082 1589
8106 214
3132 3495
6498 2331
1033 8611
4519 952
1438 128
913 1027
8533 977
6908 8034
8825 7294
3502 5477
7164 912
2083 4974
6475 3247
6194 4030
3913 8020
6078 525
2997 3646
5410 8471
217 2879
6864 595
2696 2124
4473 7239
9924 641
2108 8131
3063 979
9481 3323
5965 4726
6714 4602
2037 7615
7018 6357
1536 4866
9934 3857
1741 9909
586 6806
7236 6962
7921 6817
4420 6846
3102 4636
1411 2983
4174 8627
5824 635
9727 2467
4832 1395
5600 8374
9472 948
595 8576
5455 6743
6887 9831
2132 2039
5571 9540
9672 9161
2434 7782
3885 1317
320 7151
7852 5389
9445 9175
8164 2384
627 3345
6822 4697
3051 9523
3719 6736
276 6689
5710 2642
3319 5627
5742 5699
6792 4129
524 5916
3765 9038
6731 9310
1278 3483
9865 2089
7804 7967
6966 5929
2019 5106
5955 3643
5592 7955
4152 5277
8886 5129
6570 6194
457 7138
6751 7866
2379 8493
896 8646
544 7612
7036 7468
1341 7739
6673 1789
5855 8833
4190 9297
7117 8887
6112 9767
1591 1484
1089 389
4972 4083
4526 1521
7247 7087
4418 3365
1388 1019
8533 214
2402 7155
6600 4831
6535 2605
1408 5117
5893 2890
319 697
4913 1660
383 2164
7442 3027
5757 2996
8987 3388
2212 3880
255 5085
7366 3229
5521 7616
9433 5264
4499 9577
2045 5552
4720 3450
8898 9328
6429 8132
959 4035
7452 2397
9668 3972
6819 897
6159 3340
731 6145
4879 9921
6894 9323
3157 616
8302 1625
8687 8079
8848 1267
5522 8372
4213 6878
5604 2402
9459 1305
3204 4006
5688 3853
5603 4428
2794 9134
2760 6308
4552 270
515 8846
3302 305
3335 3149
4750 1305
9995 4616
781 5398
6503 6475
670 4907
9547 5659
897 6837
8822 6459
3500 9845
5722 2627
9014 4910
9469 9314
7047 1779
6781 9368
7772 7861
1328 2485
1555 6370
9752 7522
344 7135
3840 2326
4602 4974
3470 3678
1396 8394
3589 1396
7377 5269
7082 2288
2451 9893
7699 7380
150 6661
4778 9767
9322 132
8909 3299
3013 5976
7940 7333
344 6162
9251 1274
1523 1810
5667 5581
9295 9672
3306 4463
3902 2085
561 1711
5901 3050
3937 7416
2698 5843
9395 9821
1110 5917
8016 1502
8023 4171
5458 9793
3511 2036
8338 2493
9783 8133
565 3971
3590 780
3256 6820
7257 2329
7406 9545
2505 5813
9262 2534
929 4279
9887 1325
6849 64
4551 657
2126 1024
5817 3393
7791 6401
8869 7412
6756 1056
3401 9922
9839 6093
3893 1736
2670 7085
5110 5721
2651 6015
4952 7184
4658 2355
7387 3306
1660 1168
8621 5523
9386 256
2840 5194
3186 4341
3890 1842
6184 7073
8555 8690
5874 4894
714 3802
4430 4037
2503 7955
2657 365
3740 2951
4419 6781
4522 7345
1656 2708
536 2563
3461 6934
7146 8298
8131 9382
7812 5381
610 443
9797 7922
4260 4537
8269 2109
1478 2354
9273 9008
5411 4746
6610 2000
8197 6182
1885 9365
3324 9173
9090 5863
5543 6254
8948 6257
1801 5883
1921 7550
540 7468
296 773
8083 9173
1995 8682
9917 706
2526 4479
9777 6895
7709 3581
9973 1686
6843 9750
9458 3049
5141 8269
1326 9041
7415 9935
1251 3512
7542 2351
175 135
4670 169
5329 5641
6810 2545
4811 929
6160 9330
6269 3031
1206 3359
7719 7479
2427 5368
2250 6606
7615 9140
7764 1591
3695 3286
6293 7422
8689 546
2651 8377
6050 8806
889 7678
3594 3189
207 5619
7563 9265
915 5467
5201 8724
8698 3476
3457 6116
5922 1871
2118 8525
3820 1493
4577 7735
3511 6960
6867 9218
5966 8183
4610 608
7248 1179
8529 4032
5489 8191
9210 7463
6492 4965
6668 4437
9159 2584
7513 4551
6450 2313
576 1089
4185 6809
5956 5225
3178 8585
4817 7730
1512 6585
5019 7570
1813 5592
2572 757
1551 1533
7471 4447
283 3328
1572 794
5360 5865
3762 7077
3128 2841
5630 9500
4696 5773
7655 8548
3070 4600
9558 2322
2806 3860
446 598
5391 8081
5684 9659
8590 2418
6059 7322
1185 6807
1813 9872
6248 4263
786 3631
3966 9646
6806 6176
6695 9202
7200 7
9976 4849
5968 2481
5532 5785
1686 502
6745 697
821 152
7992 6812
2000 1835
3113 925
5592 4228
8545 7466
4161 3451
2296 8695
4222 5672
9608 13
2137 1204
2594 134
6860 5257
218 3971
1932 7728
6484 8460
2725 3123
2478 8976
3688 4798
6617 3836
2855 209
9846 3323
9803 8171
3475 7361
496 2537
8672 718
5086 5816
2382 2686
6901 2051
9601 9948
4921 1973
1394 5713
7499 334
6484 3572
4816 328
3571 7305
9824 6482
226 6944
8999 9519
9939 2251
4 9728
3380 9976
8209 4696
2311 397
6340 6193
9490 2267
1935 8975
6527 3451
5444 1779
7829 8102
6744 2378
6280 648
3636 5423
492 1086
5403 6353
1633 1616
3196 2418
7314 2930
1979 559
1540 1279
5458 9741
2653 9354
4546 8767
9578 755
2933 5044
8852 9039
8348 7780
2995 4836
4394 5636
1194 6340
1458 6611
5620 8824
7832 3901
4874 4227
5987 1636
2923 7422
2818 2688
6138 9880
1569 6669
5563 2076
633 6566
2556 5209
8046 7418
6747 3631
7034 3106
8650 4104
7940 9867
6199 2091
1348 6991
6160 5081
2399 8377
5538 1929
5094 345
5560 340
8797 7770
3646 7207
3668 3963
1785 857
7900 7817
820 6431
5255 2137
6846 298
2789 9725
5074 1581
3758 5975
114 564
9623 2909
4812 74
5628 1516
7366 3337
3184 3930
3995 7779
8559 3997
608 2560
4689 6255
8488 4477
7059 671
9726 6369
4383 6094
9162 363
1337 6513
3990 7382
9557 2203
4608 85
7632 6662
9714 7104
6945 806
4887 1784
1670 3437
1288 645
1883 6738
9203 7620
118 2794
7710 3180
4883 7467
1860 2476
9573 7493
6248 7657
813 4379
118 6356
9159 9160
433 1769
1962 4969
4517 7852
3744 8242
616 6943
6929 2226
2589 5189
4293 15
9499 2011
5787 8613
9531 5230
6449 2366
8989 2361
2753 4323
4490 3585
3158 3452
2402 1823
7798 4604
6537 241
9268 1921
4278 7013
9397 2380
4110 3311
4689 6734
9632 1654
3057 616
9583 7792
3527 2377
7462 555
5890 7051
1817 5171
2762 7240
2080 9706
8311 4213
1804 8420
8377 6249
6582 472
1342 5991
303 3626
6875 2904
6073 3501
5985 8671
2170 315
2989 5295
1199 7429
6287 4970
8694 5354
8763 2797
3201 8521
8528 7918
948 810
9538 1863
7325 7750
2449 9602
9356 9632
6841 7097
4548 1468
966 5770
635 2796
7605 5047
5888 4589
6221 8297
4355 1622
9642 3313
9316 7231
2155 1713
4958 2683
836 8681
385 3078
2543 6163
6648 7147
2128 6752
727 9755
7653 2817
4211 1028
4599 5477
6659 1231
7415 608
5214 3229
9813 6806
8544 7881
5158 4168
2967 950
6698 6960
1120 8410
879 5488
5600 9847
9272 8000
3507 8207
3359 6390
5764 2547
9518 3848
1752 6074
3211 1242
4636 8408
8286 5425
3008 4563
6175 7727
4375 5334
4351 5016
922 9233
974 2067
3853 9407
5867 5223
9438 4674
4289 689
4149 1149
7659 4714
4544 9111
8408 5556
8290 5921
2881 1859
9549 3852
4417 1990
9693 3359
5698 4402
7303 5211
3482 8283
3693 4351
3547 4304
2782 9913
6329 1957
3787 3931
2198 8456
2999 4370
9737 1975
5922 1570
2944 7916
8641 8442
8149 4527
9203 6305
2767 1161
7874 7462
4839 3678
8064 13
5810 4114
1409 5353
5248 4174
4029 6896
3317 5948
8828 6360
9730 9287
8804 7146
2066 3922
8943 2097
1147 6603
4101 5666
8393 7367
7848 2816
7261 4163
2979 2478
8686 7254
536 8983
6197 6037
3688 6516
8367 2729
3747 4094
1852 2023
7876 9086
5943 4291
3366 3149
7224 1406
3065 227
7661 2196
8768 7671
8574 166
4847 9068
4283 860
9168 7123
314 3260
4386 7691
7029 3407
8550 4415
368 8892
975 9827
2277 6212
4624 7934
3668 363
14 9128
8688 9770
1539 5727
6126 7659
1058 2392
4374 3
9073 58
2496 6165
9839 3847
5172 8092
5312 9087
3178 3278
3107 8439
1539 4940
4616 6779
2264 2871
231 4018
4497 6216
8417 2585
4253 7777
1312 5219
557 8546
7771 2067
434 6649
731 5012
2642 8853
2715 975
9296 5894
19 9119
5170 3922
8229 8943
9562 6021
8069 5164
2980 7593
1023 7559
7859 2349
3435 6546
2429 1189
1279 1575
4140 7480
4156 5869
8583 6336
1790 3116
5993 5761
4772 3231
2448 7385
22 6510
7816 3472
6254 3878
5973 3228
4969 4593
1447 5772
751 3241
7939 8740
8787 6820
6624 292
1211 5292
5046 6666
3613 6739
6952 5970
1646 9938
9875 6032
133 1693
6241 4769
5000 6894
4377 7629
3277 8332
3860 7565
8106 457
7330 5366
2828 754
954 5395
6288 2874
2253 6216
1282 6
5555 4181
93 7047
9494 873
9272 9884
667 2091
7058 6222
4355 7727
9348 5280
4582 3404
4655 9429
977 7549
173 8550
474 9968
8250 4287
7737 8695
9551 3967
7237 7749
2003 2343
5058 301
7520 2269
7800 7364
5857 406
5834 5801
1295 4971
3480 4416
1264 2910
5368 3552
5422 3194
4051 7359
93 4227
6119 7167
1356 8685
7871 940
5549 9476
1511 5363
5231 8206
755 2831
1891 6853
4609 4074
4676 9351
9190 3333
5383 5428
1406 559
2369 25
4381 5030
2548 4920
7523 4198
1044 1302
767 953
467 5290
2519 3712
2612 8939
328 4631
1073 8904
6863 4196
3562 8422
3899 1916
7807 921
6842 9214
7558 21
4223 525
5883 7952
1974 2353
2247 3790
4767 5086
7526 7109
9329 8965
421 6418
1653 854
7049 7880
2311 9850
9010 5576
5807 7787
2805 7235
5213 9246
7628 8838
315 9391
5944 674
8189 6182
3702 4508
2648 4189
8204 5288
2447 9011
7389 5861
6640 7887
4685 5591
4075 5739
8514 662
7916 9090
8232 9153
3964 9566
3762 2464
868 8291
6153 8147
5025 2325
2405 9392
6870 4757
3987 9452
7652 5204
5305 6735
474 1453
1820 8683
1391 5755
9160 4303
8054 9648
386 8923
2896 9900
7682 8864
5867 9707
8990 875
8594 5394
5708 9922
9573 1227
6402 2392
1996 9839
6254 7685
7302 9951
3597 4431
4826 2400
6444 6720
1770 995
1509 7094
576 9699
9501 3704
7942 1502
8427 230
9229 640
268 1661
7902 5154
7540 1631
3279 6707
7574 8021
9947 3677
4780 1523
6362 9216
5419 2602
9713 4611
1515 5028
2337 3900
6258 2389
6911 3605
6837 3888
9242 6143
2671 5911
7704 8286
8281 1854
409 9560
3076 8861
8548 531
4452 6525
9531 5893
9045 5682
2330 4537
6676 2468
7938 1957
414 6775
352 3570
9770 3808
8199 4747
9415 8627
8084 7223
6783 4836
1694 8972
1758 2903
5754 5110
104 6859
2683 8367
2988 2191
263 775
3256 7669
586 6593
2928 3070
2654 7000
2679 8075
1152 2824
8806 5942
2737 5920
6759 1706
4833 7287
4962 151
6595 3141
3646 3519
5918 8307
6311 5357
8367 3003
1169 5313
9494 911
8972 279
4685 1
2577 8585
8095 4365
9910 4640
2999 6951
7208 9166
7712 8598
1752 1594
2365 3313
3661 6813
8067 291
6964 5686
8760 6132
3556 2270
2323 9716
1749 7195
5232 4317
7762 3466
52 8224
6034 196
2950 7714
5559 2323
8575 6655
8622 2988
7662 959
8253 7537
4758 4650
3531 9923
4420 7160
1205 319
5141 8876
8798 7535
5262 7113
2630 9828
8250 9026
9619 9076
3857 3302
2997 6186
459 3754
5891 2646
6514 8216
7306 8910
3686 6888
4662 444
1512 1249
6168 9075
7782 1745
7197 2888
3770 7185
2767 7746
5853 960
3262 8069
8826 1849
9700 3772
6136 7446
3780 7065
2941 8022
5997 4276
403 8164
5106 6575
5535 1194
7231 9074
8634 386
1467 4601
8925 2570
8217 2856
5363 6372
6063 901
8578 2954
9433 7433
7056 8994
3328 1966
2079 9472
5660 4378
1102 8138
6613 8271
2327 7430
3239 2011
4690 5585
454 1257
1844 3193
5123 8180
6620 968
8603 9163
6381 1061
9872 7789
9329 6731
1975 4856
7699 5836
1777 916
9791 4202
2336 7759
4038 3888
5123 8557
9713 4065
3815 3121
4325 3249
1830 4705
6108 7612
4877 2265
7585 4735
8506 5254
1997 9248
2769 9531
6532 3267
3041 87
7080 4821
2163 5994
1025 4309
8946 5086
1967 504
8643 1548
5804 1212
6550 1280
592 7754
2394 1814
5806 6683
8753 9254
6343 9882
7095 236
8245 9779
7529 8381
3871 8512
6721 2033
9497 657
3228 1289
20 7177
7056 5313
5289 2282
7403 1888
3846 7508
4844 2281
1387 2869
7421 979
6345 7860
7969 326
8446 642
8218 2837
5571 7370
720 7530
3354 8541
7805 2284
9797 3083
5718 6766
1950 4534
9490 6198
2305 6174
9160 7380
4883 1859
4735 8244
9764 6322
737 7869
4708 6698
2567 3396
4883 9596
5159 3843
5372 2963
2573 5463
7712 3885
3991 4493
3164 3175
3053 6166
5856 4158
4549 2725
1658 2950
7512 1261
8759 2792
138 6011
9536 8846
4758 2523
4619 1208
1951 5188
3629 5678
9840 2326
4425 2827
8275 9921
7786 9755
3034 8301
9182 2737
1013 9834
5296 5522
6364 8242
9718 9581
6863 1273
3468 3217
4784 5033
5931 2303
9795 9198
3093 4621
3795 3015
4272 7792
8099 9939
9440 4938
9772 4105
5142 476
2790 9475
6728 2623
5425 4604
257 8121
4304 7366
5170 4387
5894 432
8227 292
2497 2795
6132 7883
436 4394
441 185
6153 4736
2419 3961
2443 4480
7661 5245
8490 8671
3785 3516
1162 2829
8979 2570
4002 3562
8795 812
3371 4413
3696 4385
3795 7141
6300 9749
9376 5476
5008 8750
8449 5889
5714 9422
7977 7730
6369 8558
8502 5386
9669 6554
1460 4244
81 987
276 5575
6763 7576
5134 4438
3217 366
5122 4268
6338 4010
9239 2712
325 1204
9891 8126
6178 3655
7969 850
770 804
2078 5440
6052 6648
8619 5114
8613 901
4392 8365
181 952
8863 7360
991 6437
1961 253
8259 2307
3608 8202
7993 2660
7737 836
7655 2291
3268 5681
9223 2347
6089 3365
4976 8199
5979 1191
4474 3951
9934 6002
176 8462
7769 9606
1723 87
6725 7890
2882 3747
6760 7837
3364 5046
6245 2990
826 4052
495 1263
8649 9099
5441 6582
1532 5446
4245 4770
3319 8834
318 6853
6800 7652
7095 2246
3663 1073
9797 4264
8299 6204
7628 3902
7224 6664
1915 4553
4405 1990
2488 7567
3614 7038
3079 5329
4842 4697
4630 9245
4436 671
5763 2558
6978 1223
9211 4777
2700 3959
2171 4118
185 4009
9908 6525
6527 491
710 861
3732 9417
2634 747
1440 8778
4120 8494
4458 1186
7695 616
6663 6218
5719 4059
9575 610
5132 6734
4607 2411
2196 6644
5591 7458
5862 4555
8247 153
7542 387
8748 5528
712 6817
7336 7229
5982 1465
378 8628
7007 5928
2067 6053
5656 9927
262 5443
8028 6473
6308 100
2099 2128
9380 2055
8372 2507
9017 8871
7070 218
9309 74
2905 554
1721 8337
284 1629
4324 2022
3713 9078
2877 6597
8686 3062
1666 6408
3998 7647
817 5841
8957 2855
8086 3525
335 9996
3577 7592
5456 7174
2226 6780
8308 483
7257 8075
2344 2262
4568 7018
7435 2669
7833 407
3860 7552
1038 6842
3282 3483
7298 2728
1603 4792
3705 275
346 2943
453 8702
9643 5284
3339 753
4267 8096
6076 5469
3548 9916
5374 3376
9079 9397
2386 9202
212 1211
8558 5060
3701 227
6777 4399
9770 4112
1507 9833
5946 6266
7314 455
2591 831
6307 7137
4025 1648
1103 2917
2446 5014
4789 1202
7725 2542
4911 2852
4 2111
9079 4526
1129 134
7830 7993
6219 4167
6133 6148
2019 9699
7837 4637
6594 3632
1644 5120
5389 1984
4291 350
6145 7690
3920 6499
2448 5232
1414 6600
2749 9651
1167 5410
1588 557
7500 365
8297 2039
3886 9004
9680 1724
722 975
115 6984
416 7240
6968 3778
1571 3135
3330 8683
9020 9040
9105 6465
5644 2763
1861 2878
9846 92
7268 4409
9956 7686
9746 2642
3164 4684
5473 2266
2055 8583
4715 5586
3129 2188
6232 228
7524 8743
1749 6883
4475 8711
1847 9244
4611 4943
5216 6469
3850 2112
5619 2436
4758 9787
9701 9682
1603 3347
4443 429
4210 8244
5899 9100
3918 6512
8847 2928
7669 5043
1111 7200
5715 5529
1199 6946
8384 3046
3971 7794
4167 1133
7218 2592
5201 2494
684 5202
5474 694
7279 9230
5968 1987
3338 8185
4608 484
1802 6638
6698 5348
9983 640
3172 9931
1765 3591
86 3025
4950 7280
4307 2686
4630 4575
5242 4083
2517 9123
3488 4448
9544 7225
9659 9239
8987 9190
4008 6319
5251 636
4238 5767
5724 4333
5072 9928
5283 3823
3938 1977
6772 173
3868 6859
4353 6082
6860 6498
9477 6857
6292 608
9179 9856
2420 4823
9196 6256
5409 3369
371 9685
8110 2060
3000 9969
586 7711
4609 2407
1102 7699
4551 98
476 9006
748 7151
6987 9646
477 6757
8683 1157
5821 3208
7144 6944
994 7505
5773 2505
9559 2147
127 5626
5268 8159
6061 6080
3384 1803
2500 7854
7510 2613
1229 1929
4255 9905
3999
501 6953
9830 4393
5812 3250
2800 6552
3358 2965
2582 9033
1232 2221
2184 7399
9013 3002
4365 7106
4450 1128
9904 1976
8104 9549
3289 5238
7506 6126
1825 9879
690 4705
5870 2656
9561 4899
2248 7201
2340 5613
2062 3902
8393 9153
4842 1615
5254 3617
8147 9356
2134 524
7226 7775
290 6848
8393 5989
1222 3039
4370 2205
5159 399
9483 2296
6386 6353
5578 9906
5497 975
9730 7728
1256 9073
1547 5519
839 5768
5021 5905
5120 8141
8068 495
7636 8261
8819 8404
7738 9398
7678 534
3019 8248
4623 6598
8648 7288
2286 3719
4861 8190
7900 4937
8173 163
8647 2700
4503 9289
5694 4295
2919 6760
770 2032
4184 6651
2411 4578
6702 7275
513 5186
8022 3146
9817 8495
9940 2085
6857 2326
4908 8444
2152 4604
3735 5805
2733 4199
7295 3698
7164 7487
8280 2866
4469 7596
2534 8385
576 7446
2624 8973
2994 2556
728 3504
6605 9619
1506 7976
4075 3653
3479 5421
6695 1178
1005 2819
3261 3466
4420 9824
6425 7917
244 6186
692 4277
4824 90
2293 8840
4677 5994
7632 6477
704 6140
7780 2299
8414 5437
1036 8231
7896 6245
7968 7636
7950 6350
5050 7406
9117 5833
37 1932
65 8735
8173 6016
6266 999
6246 9063
346 4017
6923 1787
5093 1297
1515 6604
9498 6885
1799 3458
632 36
5682 5118
5708 8979
1207 7222
412 3012
1580 9263
3915 6528
6759 2162
5782 7816
2013 8973
5260 9148
9961 9558
2861 4889
505 2199
1163 9285
3587 6590
2137 5142
3445 5218
5199 3291
7382 3576
1086 12
2630 3307
7812 6390
15 1065
3833 9847
737 3258
6703 8405
7010 179
6908 1120
1086 9950
5265 1956
1360 8593
7407 2289
6738 2183
4995 4573
4761 9028
8364 3794
7332 766
5033 4229
2416 7964
7509 631
8566 6464
6539 9150
73 7832
4203 7586
4555 6997
7028 6116
6228 4300
4216 1831
2501 8248
4352 8352
1528 516
2848 8534
344 307
6871 6303
8057 9945
2854 3286
5894 6493
3685 1215
5112 888
4439 4690
9887 8607
9813 8719
1960 3275
587 5545
7149 9248
1595 5600
9032 2016
21 3376
5969 4311
7267 7879
8729 9066
443 618
6058 5327
5666 6405
7061 4648
9814 3898
9756 1575
4646 2172
946 9698
1533 2346
1313 5057
4819 2233
8089 9900
5929 7062
2562 2919
8928 7615
1974 1780
1290 744
7681 3833
659 5357
6302 1679
9615 1990
5959 5523
8260 5725
9962 9013
4999 9745
9048 1866
3501 8258
3068 7859
1434 8571
3483 1659
6655 5885
871 4710
2485 8214
4483 4514
862 4542
6577 5918
3497 6686
7227 5980
3694 6265
5508 4649
7463 3179
6158 8304
7743 4819
3699 4341
3604 8058
8632 9146
9108 141
701 2450
7730 1368
5684 9463
2710 531
3544 4181
3081 2026
1089 2279
5971 7983
8269 3353
2041 8124
7056 9564
1961 1247
402 4213
9808 9429
5038 9010
710 9112
4595 2578
703 4664
7222 9609
7496 9000
5180 7139
4871 6259
1579 8413
1897 4637
7335 6575
9333 8190
8742 966
7787 6387
8330 2229
6099 1718
620 951
9397 7245
3370 9048
7707 3474
4574 9655
4319 3174
301 4352
4142 84
1643 7688
7016 2142
2207 3997
4134 9999
4938 5706
4255 2300
6348 1891
979 6065
7286 8554
5971 6749
7751 3488
9816 1516
5422 5747
4377 5517
8438 8220
9632 5279
6810 2387
4824 6250
2973 915
4941 8902
4632 8281
1098 9634
2465 2775
7432 1966
1118 6380
6076 96
9985 7788
3984 2031
8720 1858
6640 2239
8340 3290
9442 9200
2393 1916
6994 2445
4433 4395
9518 3712
9696 4979
9655 2416
4190 8722
6328 9973
8852 4381
9225 8654
8024 5648
3023 2546
3119 9633
6204 3138
5361 7057
2300 3070
4530 8807
6970 415
3377 3780
1774 2179
5398 2739
4277 2383
8550 5785
8629 9705
7651 8872
3001 5261
5304 4006
84 8645
8453 4299
2509 9211
8775 3772
7078 4877
999 7037
9576 2801
2518 8283
4199 6073
8247 7329
5323 244
9984 609
8367 541
8193 2498
1883 2392
1248 1396
5651 133
2029 5457
4392 6805
3816 8325
4216 2796
3310 4120
7866 2111
5913 3416
9800 3809
2415 8816
9757 2101
3448 4868
2036 6613
7727 7703
979 2972
2131 5762
974 7841
7422 9059
8277 9193
5466 1935
835 9092
8717 2464
8357 792
82 7337
297 8737
1728 1059
1224 7497
4672 8041
5038 8849
4631 426
8066 7902
7678 6888
7403 2716
6865 4673
8676 3569
5030 6372
8324 3275
4090 9046
9806 6250
7872 4518
5096 5535
3866 8962
8543 8630
4418 3188
2071 123
2705 139
6357 5713
7932 7816
3270 2836
209 8559
492 501
442 231
1567 2739
6273 11
9358 5972
5476 4483
5651 1629
6054 3690
4306 2871
6100 252
9434 5530
4443 127
6473 7788
6334 3761
3370 4344
4252 413
8342 2580
239 9528
3995 6071
79 7063
2304 2364
4946 3548
9130 8659
2772 5898
1744 4873
1584 281
7475 2675
5150 2914
7608 6033
1015 4875
1588 3958
5537 1469
8167 9473
5706 5168
1705 8878
7879 2684
4868 6435
5887 7886
864 2029
1716 3060
9465 3117
5574 5837
4645 8003
4923 8409
6488 4474
5322 4234
1734 6006
5213 968
7161 3193
8172 153
5167 5477
9727 8599
5133 8696
5241 5957
1842 9200
1089 2113
1302 8010
8005 2084
5672 6702
9157 1760
4949 2596
8769 5588
1252 9749
3981 4147
4668 7855
742 5095
1050 6755
6973 2784
6803 5719
157 4042
7025 9723
6122 5817
8936 9095
1152 4776
5389 8488
9328 5534
7739 8961
1228 5146
5266 4470
5852 2881
3750 4239
9586 583
2560 3881
1631 7572
457 199
2058 5945
8988 259
2952 3487
8666 6744
2996 932
1524 1550
2636 5030
2937 3330
7459 8685
8380 7527
2927 2270
7164 3737
8174 9206
5705 9607
3205 8832
978 1858
1405 7352
2939 72
2679 515
3371 6288
9961 1930
5224 2176
5036 4273
4826 744
4275 6506
4915 240
329 8996
1740 7596
7411 5636
8403 6026
8625 4029
1575 6914
9955 3424
2564 8220
4478 8126
4024 6302
1908 952
5265 396
5002 5197
3235 7628
3783 1591
8304 2629
6136 4277
4583 8158
9408 147
8975 5246
1783 6217
3453 4512
5192 8939
5324 6948
6880 8778
2328 1503
3543 4029
8509 2978
1341 9565
2076 5079
7868 6893
8483 2912
7228 1740
4053 5194
8362 6147
4419 3257
6680 9855
9588 33
6505 8757
7447 9115
940 9581
431 3097
1388 8464
8253 5538
1306 3722
2125 6988
4734 5133
9941 5251
672 4155
7636 1117
6316 3426
1231 91
6332 4398
1015 6659
214 103
7150 5583
8709 277
2348 9925
6598 7725
5769 6885
2832 4067
5157 9073
7128 9967
2663 1426
3122 9029
8395 3630
8456 8793
9458 7892
5265 9568
8800 5356
6967 5474
1726 5637
8226 9098
8963 4039
7326 2079
3807 743
5237 9067
1103 7690
8792 9384
3642 3451
9690 1563
390 1765
3245 1783
5755 2988
1205 4891
3444 2225
7212 3119
8885 8202
8146 2569
1129 3935
9477 6628
8616 4175
3390 1099
4745 1845
2514 655
5691 1374
1156 5916
2116 3388
3381 2579
411 5678
9017 814
7007 4011
388 7541
879 8483
4357 5637
4630 3303
7232 1280
1182 8658
7428 8557
3690 4909
7182 1554
236 4832
2183 1501
794 2471
2094 1651
1079 8691
3083 309
5342 288
3134 2365
6860 7062
9784 8361
915 9747
7076 7580
6068 746
9686 2886
7926 4011
9689 9312
804 2114
8173 7793
3486 4302
6113 6554
4755 4426
5191 7889
6646 403
1017 58
77 6122
8433 4915
4503 44
9019 241
319 3767
8797 2158
1621 7902
2121 2031
8654 9440
2966 2322
6361 8945
1047 7567
6444 7865
4434 2211
1794 2991
9956 5215
2144 9574
6374 2209
8304 9544
1873 4008
2353 6553
2237 9779
8502 4437
3715 3956
9260 8007
8631 4370
6583 6112
2470 9398
4988 4145
8847 2050
7604 1613
7829 2587
3981 2843
5520 2657
1819 940
5302 7562
6266 497
4366 5761
8918 9117
1413 8195
4920 1794
9259 7782
4334 4841
6571 1956
6722 7310
6767 23
3782 7781
658 5023
4208 3674
6824 6857
3634 1913
9573 4429
5884 2561
7705 2463
8161 6114
108 5177
2127 3222
7264 3742
5773 1982
3113 6417
9776 5936
1677 5316
6837 2076
5435 9418
1598 6494
6646 4503
7413 316
2175 6460
9298 4298
1516 3309
97 7169
9011 2694
4682 7189
8665 8515
3138 1377
3349 3812
4053 6103
4761 98
4758 8333
5302 3253
6914 9616
6693 566
4535 7278
583 3106
5228 9891
7072 6243
4627 4877
6748 4981
731 6063
1497 74
9421 5812
2992 562
7062 1312
8907 9230
3365 6233
3800 4090
9816 1299
4423 3883
3836 8770
1057 6091
6152 9260
2454 5370
4234 3253
5624 8755
7448 8320
2908 1435
8438 7846
3671 7700
1864 1795
7722 7666
1326 8797
3524 1513
5111 20
2182 9450
2221 8313
5879 2001
8579 981
814 5886
2439 7490
73 2056
2408 272
9379 3979
4040 6871
2479 3325
2833 1517
1584 9880
4372 6232
1127 4075
5555 8478
3194 2861
6664 7616
8717 383
697 330
7408 8342
3994 5626
1319 5504
365 9573
7125 8481
6678 8451
3617 2785
9449 2638
6216 3976
4264 8225
4375 8553
1414 198
2276 1381
9585 8585
8683 5178
6469 4457
9014 9776
8729 3887
8133 2471
5975 5328
1622 2058
1619 1811
9008 3175
9471 1265
2761 4799
852 3711
8176 9692
65 3021
5284 8096
6296 3913
7068 5564
5180 377
3241 6489
8776 7960
9830 5173
7200 2350
9584 2205
1021 7432
1864 3137
3019 7745
2546 2047
180 4741
2709 64
7449 4322
9622 662
4497 5885
2386 4403
826 4401
1557 5607
4269 9397
2614 8435
5614 4338
8223 947
8229 791
7001 7535
3980 3131
3680 4162
5576 9072
5586 1372
598 1171
9481 671
4947 3938
6877 1629
8931 3384
2594 9869
1249 7333
4383 7698
6441 3819
4147 2497
2483 5390
4739 7512
9606 7261
9360 2927
5449 67
9038 5913
3239 9881
718 505
2113 9823
1386 2738
468 5139
6143 6817
5000 2427
8151 1867
6592 3504
2588 9044
8958 2151
7580 9768
6766 1130
1123 2845
3909 1247
2389 5706
1487 8831
4954 4633
433 7141
5364 2275
7570 9867
3844 5752
6134 9052
9567 7817
6814 7561
2064 1879
7493 4227
199 9902
4860 4416
6190 4063
1564 1860
4853 9793
3194 8007
4455 9647
2857 2417
5939 6404
7123 9441
713 9994
5778 5396
6639 7454
8071 7836
531 2570
106 5995
1573 3051
8939 2049
4678 3041
7228 4239
41 8346
8756 3457
9664 1126
7418 5243
8565 2055
9983 4892
1405 4919
9552 4006
8208 3839
7889 1680
3035 8207
143 7896
5723 6388
3656 4875
5677 7222
5311 3954
8739 5182
6428 3557
9483 1396
7716 9206
6036 4347
3800 9072
9537 9940
5280 6803
9949 6813
8998 8497
1794 9156
5699 4819
2875 2843
1669 1952
3283 9465
7287 6875
8966 4152
79 551
6492 6334
3033 3140
3686 9043
3819 1324
9802 9076
1380 1175
993 5055
3956 1880
6560 4931
2223 7231
6908 9952
6222 1598
3233 5022
7469 2573
9555 6543
9227 8006
91 7367
1319 53
7364 4991
8715 227
1613 464
2879 9941
6173 6473
117 2081
3810 8596
7021 1319
7192 1644
9327 7613
3754 519
2144 2738
2841 2128
5379 6099
1581 8913
9938 4694
3965 2746
4184 8338
5931 8832
5292 5631
6052 3391
2741 9390
1922 3659
9643 4932
1129 2962
3492 8258
8482 8785
196 4346
4095 5294
1918 8308
6204 1911
748 732
4720 4771
5542 4282
9527 2312
7075 6130
1395 4551
6348 2034
4392 2650
4938 8350
4722 5654
3393 1429
7201 8182
6090 4313
3262 5196
8364 3422
8311 3371
8531 7501
1534 1071
2298 9897
3464 2072
1848 9119
8435 5318
5942 766
1015 8852
5226 1857
5596 3231
3249 124
1016 388
8814 1434
1123 1762
8908 4222
4141 9912
3155 2042
7383 6034
1461 4714
1888 7139
611 9362
9819 1865
4463 6256
5947 2796
2349 8074
8757 4001
8998 3700
4729 2295
9446 2225
7977 4278
8148 9911
4431 3767
3288 7232
8873 1287
7640 1860
2634 109
6324 5275
3077 8475
5676 9405
5501 8124
5022 6230
8500 282
4761 8009
9252 7555
8122 527
6563 6230
3431 9895
9518 9058
9103 6297
3971 1780
8332 324
5701 567
5564 7905
2966 9093
504 4133
4138 5343
4432 6413
4936 9751
7948 719
5338 1983
9539 4867
4804 1284
2522 6804
4337 5973
6529 6666
3676 9485
6050 1335
5487 7022
9889 6664
1622 5956
9315 1780
1973 7949
406 582
4628 3628
170 5090
3499 116
5751 4391
129 403
7945 709
9082 8835
3540 430
6766 2766
6409 5052
4252 9147
9672 3509
1488 9960
2895 498
6896 2730
7239 142
6365 9882
5353 1753
9527 7679
3505 2716
6572 2499
658 7973
2952 2217
7414 9897
8660 210
36 841
900 9029
5020 9198
5764 9218
2995 7928
4045 8016
2563 9987
7956 6989
6283 9116
2899 9510
4196 6705
7447 9511
5890 7589
6324 8240
111 5349
1872 396
9153 83
6139 28
4664 4979
6318 343
1399 7708
5480 3363
9634 6080
6039 5409
2863 6475
8876 7229
85 8249
3858 7989
2338 1251
2086 3650
1657 492
9893 8901
2529 8600
1096 2572
4283 541
7464 9573
5101 5196
4678 4819
5223 2712
5883 5258
5641 1853
3151 2114
7971 7667
9447 188
3906 4797
4963 5749
8352 3178
4044 3416
7268 4377
376 4522
6772 8877
3804 7327
3698 2340
7119 2700
2778 9178
9605 2599
7271 6767
6049 7190
876 2346
2063 6315
7710 3723
2645 537
3689 7703
2398 2591
9752 889
957 3911
2494 8743
1248 2874
7001 970
1698 1272
3938 754
5891 9177
8783 8945
2830 6263
4472 7512
5192 6123
5719 4988
4607 3400
9480 2665
7124 3410
4288 3819
1396 2414
1217 2951
3265 469
1394 2707
4196 4159
7412 2948
6770 3337
9451 4550
5163 1875
7455 5179
3536 6004
8648 2217
835 5437
1297 8003
5620 1290
6255 3865
1064 5135
3590 8934
662 2515
8490 7100
9592 5085
6276 9507
5084 8143
3789 423
8133 9843
1000 6711
3121 4370
9118 5769
3389 4208
6056 5944
9622 3686
9217 6656
7 2174
6587 5030
1364 7899
2666 9824
704 5723
9892 4789
6473 6025
3670 8850
6247 5087
8670 222
2947 6506
9193 3035
4208 9624
7991 6999
5274 9679
5253 4452
8733 3080
3439 9962
3128 6909
8465 7359
9185 8381
8553 8864
3913 1864
5394 3554
3689 3600
4777 2313
9569 9024
3676 809
9376 8910
7771 134
345 3642
8397 1445
4904 4210
6771 2297
3013 3922
573 7085
7717 7473
4821 4894
5849 1375
2702 1914
5306 2654
9390 7786
4210 8628
2168 1865
6106 9661
5468 7606
5961 3799
8454 9191
6968 5393
4325 4245
4837 121
4817 6124
8395 1173
7463 1472
848 1177
5071 6221
6147 9848
1853 8997
8137 1734
6191 2453
7265 4072
474 613
7381 9329
7498 2248
412 5708
3931 2127
869 9822
3069 4923
7753 9963
6361 1095
8389 2415
3883 1074
2567 1185
8346 6864
2890 3547
206 628
1582 2215
1367 1542
4264 6003
2658 1263
2113 2905
1167 2051
5214 5409
3159 783
4369 8754
7958 9844
8525 204
4427 8365
8280 5150
7420 7998
2226 3775
2262 8971
1528 5488
3813 3879
9953 4409
5813 8670
9082 2242
9804 9544
7735 3231
6136 9155
784 7975
7922 3512
5095 7820
7176 6697
2900 2239
5103 7295
1455 162
3226 2197
1795 562
7591 8762
5927 1343
3375 1282
3078 9272
5515 2784
9936 2236
4901 9253
2739 6396
8925 4439
9710 2516
4098 7691
169 9885
2428 3285
6645 1325
8090 6493
979 8576
253 4772
5941 820
8311 7499
5655 4902
8377 9217
3951 2269
8077 3354
9386 841
2156 4253
3086 4695
732 1557
2811 9109
787 264
7122 1264
7140 466
6301 121
1693 1622
8590 6545
6474 4945
9158 7368
2968 9233
4084 6901
5596 7159
3164 7998
472 8979
8466 5729
7132 7352
7255 7433
4649 7563
4225 6468
3409 1062
2335 9254
1730 3981
1021 8379
1730 3323
4235 7574
4154 3183
9062 1092
3592 8525
8244 6252
9943 5922
2640 898
3752 5611
1760 74
2924 5811
9668 9751
3852 5324
2230 1917
7404 8705
6755 2839
4663 990
7589 5241
3622 4808
5068 9343
9952 3091
109 9781
1473 7466
4204 5215
4777 3570
6491 9935
3271 1431
473 7772
223 7896
7073 1629
723 1724
7039 5430
5091 4450
1214 1047
4756 4299
488 8984
4839 4618
2130 9366
9626 3043
7065 7957
9895 6159
4794 2956
4977 8065
7865 3871
9706 4022
9301 2005
1805 3967
919 2427
746 2763
1790 6479
3615 7361
7121 2453
8198 502
3844 8886
3098 9695
7385 178
5595 5307
8929 6038
479 4350
4069 2329
8787 3264
8552 6943
969 3455
9977 6056
4145 3982
944 6517
8972 4429
7911 762
9747 3670
7332 7745
316 1116
5999 494
5883 1573
3321 9041
5946 7140
2358 3788
2715 2635
9184 4462
6845 6799
1319 6650
4871 5589
1597 2276
9251 5543
9139 5728
3148 6901
1704 3440
5202 7546
8481 5467
3735 5323
7525 8399
2400 6114
2127 9826
7067 6423
7033 2198
5845 3982
3787 8877
4045 4479
9764 7150
7045 8196
1893 1326
2829 5328
305 2600
1944 491
847 9031
4617 5565
9614 8881
5101 6522
9188 2761
1138 4193
8475 4948
3403 9733
6903 453
8426 5930
9864 6851
8552 6752
5279 5464
405 6820
7829 7491
9575 1723
3670 8091
3918 4652
7220 1446
5140 8326
885 4541
9984 3049
7323 8814
4711 4466
1694 8301
4074 2912
8124 5920
1824 5997
4238 5902
4877 8082
5911 2264
2463 638
7236 4931
3744 4777
4601 5772
4123 1321
8529 2533
4601 6023
4226 1921
1219 9570
9932 6411
212 6756
1463 3791
6936 8851
1950 6135
7075 4859
2908 4352
5424 6371
6294 1778
1290 3149
103 3080
4725 6510
2154 1184
7682 6523
63 0
8596 5004
845 5917
4707 7473
7313 9737
2671 8609
9569 8860
6262 7768
6166 6603
3169 7272
4735 1689
8351 435
1805 9912
5047 611
4949 982
4863 8294
411 6498
1971 5719
2207 973
960 3683
1863 7774
9276 8931
7888 3350
2960 9983
263 6732
6241 6495
2807 6229
8795 1991
7393 3245
510 9182
1826 5484
2138 3264
1021 2559
7725 9693
8270 6615
589 3708
236 6731
4881 9464
5648 2312
4049 5328
1823 2078
4848 1134
4789 2475
8973 4169
2135 325
7254 9289
1620 7039
2458 2190
6226 1947
9446 3065
3813 3193
8304 709
81 8942
9592 7853
7906 6270
6170 3420
1352 9523
4847 2444
9155 7244
4522 330
9148 9186
6106 8956
1889 590
6475 3613
1765 6742
3252 6657
8213 8795
5952 7099
9192 2243
9655 3231
6717 5106
8806 6371
5057 8928
4429 3839
7452 2680
1317 6941
1768 7996
9404 3185
706 7199
649 287
1468 5156
5150 6431
4131 5358
9073 9414
5568 2957
7636 7544
5193 9939
5148 6724
8794 9712
9337 2011
5601 1414
2422 6878
3166 7438
1439 8692
9825 5445
7992 7865
4022 9242
6978 3220
732 1844
1800 5362
8449 4844
2832 887
4699 3563
4108 5591
6214 2974
3475 5995
87 7546
8644 5788
7324 9836
461 7338
4757 5263
4999 4664
6065 4787
5075 4053
4407 6746
4781 1061
1262 5820
1539 1827
5230 9167
255 7290
1838 4284
6010 4536
3739 416
3751 4217
2937 7610
4902 1007
2986 1333
3242 4332
7856 3068
4918 2747
7970 7616
7544 6443
2588 827
5410 1863
1110 4143
2283 301
7585 5170
3969 3002
5166 3651
7876 7512
509 7170
7978 685
8723 288
9294 9751
1250 4534
9136 2138
4000 3604
5782 4806
3068 5011
5858 4233
6662 1170
8352 1631
8714 1932
4144 1292
9570 5250
9086 6756
5314 6990
1815 2010
483 6234
4009 1390
2188 7583
6643 423
5598 436
3645 6488
4341 7353
9364 879
2039 1657
512 1203
2630 7875
9299 8603
6832 2632
5195 947
3318 9239
7770 8016
1616 30
9490 3524
7392 4410
6855 6456
4592 5338
8515 8637
543 2410
1577 1273
2167 948
973 3597
3732 9222
3395 4486
5379 6324
4539 2163
213 9344
1439 4032
5307 4382
1586 7959
8308 9717
3953 392
4157 3981
133 7888
5994 9836
8702 3274
2497 7176
7866 3705
6511 8430
2970 7838
8325 6645
8346 5760
9123 6545
2444 4875
9108 3213
7393 6005
6078 2839
8403 1920
4865 8115
9399 2706
1418 3722
2189 1256
7631 1771
4878 5266
5103 7636
1298 7383
8800 2717
5421 6745
4256 8718
7888 7362
7403 4443
1381 3786
9805 7675
9644 7943
5398 7730
538 7132
5490 9866
1031 1096
4007 2364
8636 9233
1815 5436
8564 2324
8828 2642
4024 3531
5892 6336
2903 8504
1620 480
7860 1356
1061 3493
2425 667
2295 3530
1225 1183
5544 6523
9811 750
617 6238
4908 7548
4575 3642
658 1088
8860 8621
4962 3487
6810 2959
3495 254
1280 5117
5363 6536
9851 1247
5100 9864
2357 7872
3963 4447
9996 5964
7276 9466
3209 4594
7939 2909
1892 3085
7957 6201
1499 3423
259 5499
2224 3600
6076 4992
1340 3552
7821 630
6883 9467
6761 6503
7396 3408
5554 1232
427 7421
552 9296
75 4347
3001 1910
8355 7454
7633 6320
8024 1062
9412 6932
2262 9372
6013 7798
4760 3891
5289 7474
6802 3370
747 15
565 2129
2409 188
9917 7164
4418 1372
9472 1369
6710 7278
441 2185
3234 5822
8528 3434
1992 5525
2430 245
8012 5451
3613 313
4337 13
3548 3060
3702 9451
8068 1080
8455 618
134 9792
5735 3944
4494 2183
7867 7848
9244 5335
9165 5859
3673 1450
255 2539
2676 675
5137 6554
713 9955
6746 7643
4023 4644
3314 150
2769 8815
4977 2753
3917 5514
8949 719
396 4509
4191 5064
835 4543
6813 599
8448 7430
124 984
7226 5589
7856 9809
2067 8405
7967 2638
9925 3569
9207 1659
3944 1354
8542 9678
7382 6405
8734 1400
8865 9643
4233 2907
5765 7598
1977 5364
9366 8599
7937 6737
9360 1360
4828 484
5933 4517
4319 6798
8800 4008
1993 1063
3140 8543
7599 4502
821 2395
5015 2281
5718 2043
1008 5699
2887 2053
6885 753
9896 7116
8454 6614
3206 4639
6089 7290
9225 6433
3862 726
4138 5596
3612 6156
5668 3362
1459 9218
8679 7256
3408 8701
1079 9342
2499 4257
494 8149
2224 9117
1868 1060
4170 9879
9226 4686
5033 1992
1796 8286
9307 6714
2990 9244
9214 851
132 2529
8928 5397
6209 9542
4171 3814
5789 25
8941 1081
119 4022
4658 6556
5755 6853
8378 7064
9310 3921
9507 6841
2548 5808
1919 3621
1126 7525
2131 8221
5507 7942
4317 7838
422 9515
8622 7695
4208 8359
2613 1259
50 4592
4763 3903
7030 9240
6113 4872
167 7974
1007 6547
748 3556
6833 4428
1230 5239
8802 8963
2362 5035
2235 8702
8748 8059
8087 6259
3836 129
4068 5274
4829 7736
8125 1479
9944 6376
1484 6706
7157 7925
3757 2088
4979 3072
4683 9434
7280 6798
1316 407
2969 8678
6215 5245
2670 3179
9422 9735
1621 4422
1075 5217
8559 6213
3178 9419
7576 3421
496 1739
6076 8149
5287 1993
7993 5472
4600 8539
9982 215
9591 2374
3976 6664
8959 5637
3967 1048
7517 9402
6521 7362
9071 3932
9750 8033
4836 3150
2184 8544
7772 531
5896 2313
413 3192
3514 7878
3613 1723
316 2897
270 8048
6405 9610
5901 543
4275 3473
2844 3977
7309 1143
5499 9910
2253 2877
2310 2713
6130 8004
9450 4992
3093 6682
5863 6704
8486 237
2178 3357
9339 440
9763 4433
1316 1878
6240 9866
8248 8452
7309 8086
5252 7032
7425 6684
8876 4351
6303 9161
5520 7384
3388 4890
7606 1353
759 1202
347 5717
2610 5155
1262 5542
5274 7002
1301 6899
1892 4464
5323 565
5793 9617
3742 8083
2082 9127
3275 852
6694 9586
7369 9295
5685 4926
2778 5257
690 9112
764 3381
5508 9335
9711 8391
8583 5921
255 936
2106 8485
4844 6667
559 1311
9829 8819
3912 7150
974 4468
8353 9137
7183 3824
4706 971
6325 6612
4763 1389
631 9947
1687 8798
5768 7879
3578 6677
2513 5185
7279 6240
792 6296
7065 790
2903 2155
7617 8710
460 3884
2397 6234
2621 8965
5191 378
873 3766
9429 8953
2869 710
1753 8706
433 6544
6060 9309
155 9579
9890 3179
5681 5109
8084 7284
6256 2127
1689 2881
9193 3991
8477 5741
557 5950
8235 5584
143 1347
811 9001
6706 132
8680 2878
8182 4052
7497 1281
950 3497
9282 7929
2581 6383
544 2195
3656 3051
5721 360
6524 125
9733 6596
8171 7490
2100 9143
7973 2945
4131 4887
1786 4661
8418 757
839 8988
6545 6993
7452 8192
9055 5829
9069 4416
4335 7177
4082 1525
5986 1653
6605 1378
2223 9643
5080 7607
13 4421
3539 3959
2937 1253
3792 9426
3496 4052
4664 3248
8473 8472
5069 2932
1912 6579
4218 4158
8871 9321
2494 2361
3342 1866
3253 2883
3189 763
5080 3197
8583 6118
6682 9244
2013 4421
3022 3703
6780 7188
4218 149
9484 4182
338 5117
4421 5571
5996 2667
4489 6528
2051 6613
7326 5006
9564 3455
7452 866
2220 986
8263 6758
697 7374
8759 5230
4479 5763
8432 6460
3283 9824
177 5172
8862 7440
6657 815
606 280
7906 3766
9017 1230
4454 5586
9501 1497
6376 5234
8559 9472
3075 589
7398 7736
908 9465
9318 1602
5734 968
7645 3146
8327 4354
6556 485
6989 5403
5312 5104
8606 6296
4412 4794
8427 2858
4938 1397
4484 2636
2246 882
9613 3466
1458 5443
7627 4462
1002 2086
6854 3140
6729 4010
6 5466
2116 6815
9009 8062
5294 6193
7880 1782
2129 9108
8773 8878
1380 6037
9685 2968
246 2393
5137 8226
9840 8078
7461 8205
9778 9771
3315 9895
7595 325
2200 1135
4729 6755
173 4340
7229 6445
3931 917
7781 2166
670 1090
8651 8768
4864 4656
8846 8795
9214 6088
2962 9678
6636 8336
5675 77
6617 4605
5602 2964
1818 1698
292 3514
9857 7646
6141 1638
6560 2178
7800 9904
7138 3959
576 7307
1967 5646
8801 7960
4117 3982
2125 1343
5993 6920
5080 3537
2891 8800
6955 3965
3951 3885
6304 9758
6398 7585
4062 9054
5205 534
759 7082
3014 1701
9669 8053
7044 1732
6362 5521
8095 2931
4640 6600
1678 4582
4172 870
8013 3136
5803 6014
7082 4839
9374 7165
4815 2562
3083 5931
8495 9107
8135 9290
1520 1390
9821 8948
4135 4439
282 2562
3250 8253
3482 5217
3847 9403
3940 6859
7770 8140
2465 9522
7323 7211
6956 6528
3638 2184
5054 1494
6621 7862
4558 5217
149 7221
4469 3980
6550 8633
6615 4925
792 9815
5036 8998
7319 2750
1853 8345
4863 4186
1380 7520
4259 6703
4210 8165
7153 8780
6935 4422
5518 8506
9070 3774
1600 7640
2959 422
4785 5971
9472 2994
9263 9393
3714 9711
9280 3528
9820 5733
6628 409
7233 3026
3537 2115
3244 5177
6008 2734
5623 5772
2977 5007
7144 586
7563 4811
9956 5964
7052 4598
2690 905
3335 4058
1203 3410
7972 7165
2200 7668
110 2707
9745 148
6257 3822
5187 4535
1557 2902
8856 6963
3850 5948
696 3837
2625 2906
5132 8909
6999 2031
3596 2932
6836 8282
1300 6274
5634 2098
987 9875
4205 4465
8808 6931
7029 4665
5278 6729
4812 5472
442 1021
15 1704
4820 8551
620 8446
6708 3408
475 6406
650 590
6939 3338
4651 3250
6135 3354
926 8443
8622 2536
8832 4931
3784 2563
824 6075
6964 8922
1224 8766
5079 7511
7297 9554
7509 4497
3664 7484
3730 6447
5679 5504
3778 3507
7044 4565
8644 2608
6231 1282
4327 3464
8456 6513
6838 6231
372 1205
4381 5464
5836 6968
425 3797
5968 6079
8226 3506
9209 8328
6358 4778
1107 2704
155 240
1144 4451
7228 2215
4821 4418
585 7233
3894 3282
4383 8057
1315 5043
1914 9939
3527 8949
9198 7211
8229 2178
3478 7893
1574 7551
4607 3086
5306 8929
6324 6924
33 2710
7009 6123
8023 2917
8458 3914
6194 5846
4031 6892
2312 2363
5680 170
3954 7933
6614 6598
7837 4542
4780 6884
216 7795
9442 8721
9412 3969
5534 8770
6703 3839
8454 4587
4121 5658
4738 2527
9724 2348
8390 7706
8788 9441
1500 9403
442 895
9646 891
6181 3759
3259 3380
7360 2648
7974 7812
5656 110
6685 4356
3326 4482
9040 9977
928 6598
5710 8286
4238 499
8760 1962
7022 5582
4776 9056
59 5375
7307 3130
655 1676
7733 9963
2621 6275
6255 6479
7181 4866
8029 3139
1420 6392
2774 1981
8071 4533
4095 8252
2194 1806
4820 4674
6876 7325
158 2176
9738 7813
6970 9228
2551 5877
6953 3742
338 9594
73 4526
6297 3842
6721 6779
7422 7290
5832 6427
9511 277
4164 2971
2415 7588
4972 2145
2126 2261
7409 1101
270 2301
5734 6480
1028 5450
3088 5650
1568 2304
8047 6810
4920 972
8384 7957
8110 1040
9229 5506
8781 1252
6666 2683
3303 2379
7340 3617
7021 4902
4341 9432
8867 9174
3118 2219
5600 8625
5995 6433
2846 7446
1250 4986
5345 4994
4586 6449
8111 8135
1523 9826
3532 4561
396 8271
4655 3121
8723 8309
250 8400
21 6781
9135 3556
1348 2770
9476 8789
2368 8517
3101 2191
7539 1730
1952 752
9031 395
1679 3269
2265 1342
4125 7037
4834 9470
16 343
8303 647
5450 2508
69 8007
5073 9219
2642 6506
555 5250
6441 257
92 7295
5771 4746
5293 2229
3872 1509
384 4955
1529 8954
1588 905
7977 7586
4951 6708
1513 4190
655 3746
8698 5087
6780 2288
4973 6373
2290 6745
4606 8539
1578 3485
8619 5528
21 6198
8012 78
3664 1239
2944 6955
2892 1418
8575 6341
4928 4749
9245 2528
1480 3321
3919 9899
6732 821
7471 1384
2502 5891
8841 2125
3165 7122
1448 5039
5598 1758
1996 8861
3479 9764
3384 6243
8520 9402
630 5240
4169 3555
1748 9694
7943 7572
72 4713
1195 3067
3367 8113
7720 7919
6557 1778
7454 2497
3846 7502
302 1596
2533 1184
9256 9611
5801 6931
925 3912
7758 4291
8960 3353
9003 5155
3960 9573
5079 1811
7118 1029
660 473
9932 2632
5956 3543
6409 1658
814 7051
6468 8533
2462 1302
2497 1378
7345 5243
8425 4605
1476 4920
7906 1597
6812 7199
39 9506
149 6892
5517 4902
2487 3308
4959 732
5665 7670
721 6830
7129 4265
6765 9320
7495 5345
8292 8888
1609 4746
5881 5557
1629 2133
9701 1180
5965 4955
7234 9200
1697 9141
2902 7845
1470 2304
4305 8716
224 2617
1820 2077
1587 9965
2527 8374
7861 671
6630 4139
1549 2034
6100 2123
6619 6415
9588 4983
4592 3294
9198 7167
4387 1027
3174 7620
1832 5443
223 1641
4317 4868
1908 8087
3259 8957
9242 4396
1376 9370
8082 1675
1906 7960
9103 729
133 2352
7989 1562
1413 5776
4067 6077
3866 5416
3606 7898
5909 3769
5064 9793
8391 947
8503 1651
7093 1131
8756 1750
335 6589
1157 2379
4947 1892
2314 587
4939 4381
4238 3465
3387 1185
647 7627
6260 1261
4922 9153
4780 4454
9194 806
3277 9801
2993 8861
2133 985
6273 1742
6044 2651
2711 8726
4028 6167
3172 736
8999 7461
5757 5829
2010 1846
6538 556
1646 1872
4355 7873
6672 6885
2380 7418
8116 2935
7844 5179
8940 3232
2759 4814
2661 941
5210 8287
3543 7973
8727 5129
8841 506
6147 439
5302 3868
4597 936
1596 7317
2744 9683
1648 3094
9719 4071
2095 5327
7694 5296
7445 848
2694 1769
6173 8686
9590 7343
4596 2789
6090 2131
487 3984
7629 5641
9324 6679
6068 1603
3738 9858
6841 184
5542 6521
1293 167
40 7070
4500 71
7050 491
606 4688
4057 5372
1326 7657
6034 5345
7291 4165
7769 2652
5322 4121
5336 5024
6131 6039
5299 6832
1154 9422
3021 5046
1402 2683
2468 572
7013 2646
8244 4286
9759 7541
4468 2727
6218 5595
2524 327
1274 2011
2750 1521
3171 2699
9434 915
5942 4344
4503 6746
4292 6334
5988 3881
4565 7282
873 3142
6679 1769
7674 4852
2835 6850
4849 1030
3340 1862
8456 4733
947 9977
8230 995
503 2921
5615 1644
6809 4050
223 8911
988 5078
2732 1890
2313 9792
6442 4534
1597 4423
5559 661
4039 4779
9306 5594
5736 1873
6450 2057
758 2803
9135 7046
6970 6075
6761 1556
77 6493
7627 3346
2168 6542
5384 5168
5503 2075
1324 8898
5805 7224
1629 3313
3896 6378
5643 6523
8186 6906
5780 9778
2565 4964
4779 1866
2573 8036
3016 6980
6805 3457
3307 6669
6732 3536
264 3917
8345 5996
862 2946
8442 2025
343 4288
9181 3280
7765 8727
5317 9222
7751 8296
614 2447
6822 4776
8471 1420
579 8762
7502 8134
9740 5658
3681 6880
9538 2380
9159 588
820 4035
807 6650
6090 6480
2588 6184
5494 267
1978 2813
3422 6913
8797 8080
2984 2978
1212 4775
2827 7616
9117 4741
2477 1010
8210 5074
9294 3942
4675 3742
7587 885
1635 4544
8155 2408
5508 2120
579 3629
6176 1730
4135 2517
8215 9145
180 6303
9328 4664
6458 3278
8431 5613
7611 9221
3694 9147
9924 1730
1306 4821
5931 6539
2697 8812
4093 8564
7850 8606
178 7127
7747 6092
4861 5316
9904 6312
8462 2534
5603 1773
3366 7042
5587 4090
4005 363
1753 1691
5620 9480
9559 4102
7530 860
3646 3321
4935 8769
8426 3351
7964 4290
2240 3512
18 2850
7894 6917
6115 9419
5753 8810
1614 1915
4254 9389
9394 9872
5105 2569
9422 9845
2110 1833
1333 6187
9277 5281
6154 7027
2851 1334
1075 8095
6590 9911
8274 2674
8240 5977
1950 1800
3091 2880
5621 3396
5785 8832
6417 2706
4170 5404
180 3704
29 7069
42 1663
3818 9858
6299 2495
3360 7321
9291 8014
5323 1446
1098 7844
6796 7942
4806 5075
979 9202
8594 2548
1171 4729
6816 9639
8753 8908
451 8128
280 4588
4440 5243
1176 5664
7228 5583
2746 1119
7269 2737
8010 2392
6661 3768
7064 1758
1302 2530
6644 602
2290 9553
1703 9826
8277 5443
5040 747
6084 6372
2237 598
5348 4651
2455 1249
3871 328
9760 7131
1044 9957
5250 8858
810 4719
3204 5803
7596 2949
2644 5081
9833 7314
3290 1205
3528 2156
8217 3515
3854 2900
4565 4439
882 2366
3535 5115
4587 9914
3188 1715
2507 4935
5953 2665
5292 4663
448 9207
2584 4603
8604 3769
1933 2979
6892 8901
6867 3328
3592 7253
8730 884
6497 9358
6890 93
6236 8411
6793 919
1085 941
5203 4144
3196 2923
8835 1496
8348 5801
8077 9077
2232 1316
1393 7763
2088 3176
1769 4434
5122 1033
491 3863
5805 3304
9882 9284
1683 5517
4760 995
7537 2611
4801 5252
9587 2
4072 3355
3119 5510
7240 2185
9829 7645
5997 1605
35 9391
230 4032
4648 1648
9277 8613
3171 3679
8738 3212
739 9611
4063 1380
4511 5937
1333 2946
4455 4765
5099 5444
5555 9416
3081 6640
8794 5331
1355 8979
8041 1671
4328 6846
7965 6514
2169 6748
341 7450
8165 4388
1594 7500
2319 6000
3 1979
7035 8389
1706 7310
6425 1723
847 3603
8836 347
8690 9907
5969 9952
3266 3323
5803 3326
4675 7475
8049 9824
1545 7841
6169 9191
6233 6794
5641 6167
1703 9466
3879 3836
6166 7085
9214 6223
4099 3648
5346 1179
698 8699
8772 7630
1459 3347
1338 7037
5552 487
773 3568
495 928
8887 5493
6482 3796
9435 3151
4109 6998
7926 3674
7048 4822
9425 4958
2550 8176
9541 5610
8264 3727
408 5619
3831 6344
6540 5842
9035 4522
8269 2693
1234 1263
9604 2752
5173 4191
2157 1004
4462 4046
9315 7456
5537 3399
6361 4051
7587 6032
7079 7942
3276 8885
4494 5545
23 3385
210 642
3532 4472
582 2540
1050 951
6265 221
7538 1686
417 4905
2027 8153
3273 7828
4523 2425
9998 9410
7536 9051
1783 6385
4134 3238
3535 1853
6504 5046
5716 2369
5906 1059
6729 993
3446 9179
8995 6938
2389 3316
1718 7474
1545 4929
6483 2145
9719 5910
9397 916
550 8095
4942 9955
1224 1044
4267 8580
2826 3513
182 458
3634 5339
9324 3176
9660 3209
742 5353
8116 3960
761 1606
1342 3192
8753 2212
3522 9596
4867 4626
4342 7051
5946 8859
704 5448
2573 5375
245 9958
2594 7040
4400 553
2531 9526
7371 838
5090 3916
8067 1102
7765 8075
8506 1546
4385 3416
8765 1716
9604 9853
4609 4676
5823 947
8542 2414
7289 2486
2822 9151
2664 9439
5575 36
8749 5341
6507 2932
509 6720
1183 3529
4379 6074
8045 8527
5822 8925
7266 9326
2583 8039
6569 8793
8319 478
2627 2750
2916 9831
6932 4486
9245 6203
1645 5421
4704 8737
5928 3192
2685 8620
9176 9523
1628 3457
4673 5089
7746 8987
6542 4391
1939 3661
8835 3424
2334 9768
5179 313
5506 222
4745 5543
6290 2100
3134 5068
8868 6256
9898 5745
7683 9421
2512 1986
2735 1066
6161 4586
9629 574
3586 5184
2628 8435
7430 8776
3096 955
6359 3203
1863 8151
9068 5112
2809 7496
2685 4703
1927 9015
9681 4895
929 9389
8645 5546
2667 7778
9444 4151
4002 8244
2145 5668
9957 7600
986 4779
5187 9868
4126 9293
2293 6475
2574 5184
5421 7836
9606 4928
1710 6576
8515 1204
9308 9183
3908 1447
5575 6818
58 9716
1834 6374
9418 8430
7920 4843
2755 9255
9070 6364
7211 254
4687 4295
1202 2343
1522 6805
3658 7591
4555 3640
1732 9361
7307 5748
3548 5280
2216 9300
6613 6878
2672 3320
4539 7837
3691 5611
9333 130
822 6540
3339 8290
1277 9603
8102 2276
5957 9483
4927 9994
7219 2621
3832 3531
1092 6986
1525 9709
3155 604
4911 3775
5945 3846
9361 789
9680 2636
4623 4581
9499 7075
3229 7473
8560 2174
9309 7722
3691 3115
5061 3719
5489 5764
1550 1342
1657 9611
6466 3115
7917 1909
4633 7588
6445 7654
8214 2333
5515 7687
6241 7495
2490 4996
2763 4352
2802 8190
7973 4198
659 9216
955 9722
6646 5925
2003 4077
1635 2029
128 7342
6733 8829
3556 8274
554 8055
638 8326
8163 6727
6482 3279
219 2152
3321 6017
4147 7460
1538 3479
4805 1563
7976 3897
6711 8008
6051 2705
7397 9924
8726 4960
579 6840
1083 9466
430 9420
2053 8596
5692 7835
3400 2748
2605 5373
3177 5944
1355 2080
6923 7697
948 4379
7003 5625
949 9492
5006 1321
7343 5336
1721 770
3815 6724
3445 8871
519 429
5463 2026
2563 7791
7363 6070
7516 6636
8254 8120
9950 8267
5366 9425
7679 5319
8240 8131
7528 8767
382 6855
5528 9556
1998 219
3944 6350
7769 2018
391 4316
3522 1220
2519 5979
2573 8076
4998 3708
789 1815
7242 1667
2031 8081
7072 9870
6678 4936
4426 3318
3534 6889
8510 5401
7095 5732
9413 9635
4731 8591
6413 8216
6632 1441
620 8179
1310 8325
2407 9055
9925 2037
7284 2278
5762 2784
6307 364
9982 5937
6546 198
5622 9254
6380 5053
7432 3019
683 2435
8003 8597
3038 6941
9262 1808
6584 2168
2717 9630
290 3215
2752 1968
2018 7578
3382 8160
8516 6213
8406 4381
5098 8736
8574 7406
6625 5293
7467 9094
9674 9276
5931 7804
5391 3539
5489 829
1133 6713
3901 3093
9189 3842
1259 3813
8347 531
4622 3859
835 7367
7940 4740
1203 3620
892 868
4434 6672
4072 7282
627 2612
362 3305
4058 2364
3691 1121
7924 2803
6955 1596
6115 7008
6379 470
2084 7909
7625 8087
9851 6523
8351 1365
9261 5944
8180 1087
8643 3629
845 568
4592 3917
5553 2137
5432 4058
5530 4977
5143 5586
9129 8312
2687 4444
7052 3783
3253 3939
8520 6130
3009 1594
226 550
9120 932
7027 3129
8170 9677
303 5975
4390 2901
2044 1887
1585 6784
6087 5973
3745 8984
2771 4502
7383 1348
2952 7049
2408 3649
2708 8236
4351 5027
5069 8586
6520 2193
7741 7765
6859 9686
5324 2267
2275 8585
573 7841
9415 2243
8110 8909
6554 9141
3179 7009
3868 2319
987 9547
1712 6197
5889 6544
7830 5627
5924 2049
9682 4639
5308 1353
3261 9987
3530 4076
4584 5875
9782 3003
3906 7521
5861 3122
1720 4943
6861 7961
9954 3903
715 8107
7846 8943
3135 9469
6866 5716
8016 9248
951 8405
6339 4739
5233 5960
7608 65
9157 5399
1221 6448
5232 1898
7385 9849
132 2102
85 2193
7550 8780
4254 4823
7910 3958
6530 8254
497 7493
6919 5788
6379 8036
5650 5468
4299 3260
8291 8654
3458 7085
8200 9284
7754 3424
8544 193
7396 8207
920 8071
2925 7133
7989 7587
8459 6579
7961 4979
4573 2703
9772 815
266 6826
5094 1075
9863 2439
6263 5263
6965 8015
6790 576
3703 7081
6042 946
2988 7804
5618 8527
8990 6011
6910 9586
7094 9285
2380 6554
1010 6442
9848 4857
670 3990
9138 7169
2689 325
6670 2204
8481 2807
5017 7103
1458 2507
4637 3008
4373 9118
6655 3803
6823 1265
3977 7783
6344 117
7743 3191
9272 9870
9001 6966
6369 9142
2010 732
8515 2432
2010 9822
1111 2464
9551 4782
5036 7578
815 6305
7190 1354
6115 9315
8656 2193
1726 2956
5530 7706
3571 3126
287 167
6639 9264
2022 7713
3065 8806
6538 5192
9829 6076
5376 5204
3741 4641
7519 9620
2970 8579
52 130
5314 5962
6780 2749
4481 6718
9818 7070
4028 5505
7926 8047
5262 2071
5399 3306
3431 8444
8107 1462
7925 5416
1673 324
453 754
1152 3967
3016 7771
1673 2496
3130 9506
2710 8177
5885 6297
2793 752
2967 1452
5238 8900
806 8546
8849 5116
9470 4736
9478 9667
9128 21
16 1047
6913 4908
1796 5648
1436 4526
7014 8583
3727 4866
5490 4179
8980 5818
4175 3079
8996 2131
7700 1130
3920 1143
821 6189
1856 7744
2660 2374
5569 5558
7517 8577
7504 9850
6146 2277
7562 2551
6624 5955
2658 8004
3984 4304
8342 7875
8418 521
6543 403
1694 5343
6715 8596
7911 8808
173 6143
2760 7937
7366 5542
3302 1315
3858 2481
5945 3412
1174 5905
9726 6259
3026 5618
2674 9457
3345 422
5583 7086
6407 1109
2989 2155
1165 7928
2637 6868
2205 9602
4984 9128
995 7135
7986 8206
3603 4517
9883 2100
4173 8932
2230 1488
926 1526
9711 8606
1940 7687
8432 8258
4304 3495
7113 8252
9990 124
4100 3351
5557 4842
6797 8836
1925 8613
9940 7018
9384 9138
3984 6502
5651 6237
5943 7516
4668 4629
1861 1229
5468 2737
8175 7368
6436 4222
1105 4847
1742 9379
8195 7479
8861 4805
4647 2785
4502 4607
3989 6506
8781 7269
5015 6792
3568 7684
9920 2580
5942 9088
2665 9615
3704 2758
1391 5743
8885 2221
6138 1803
1567 9250
5872 2837
6078 4437
9753 8030
3037 9118
4153 8560
3909 4173
3106 3345
5576 6079
8556 9287
258 8120
2464 752
3686 3912
3780 5928
5151 6613
1651 2553
9946 2696
4933 5724
2147 7184
3778 2092
9106 9326
1286 670
1478 9095
9040 6505
7856 4708
3016 8442
714 5054
1680 6530
4357 9791
1214 5870
5431 3328
766 694
2526 3571
706 3275
4535 6397
7293 2924
8438 7117
5048 9924
180 5339
4061 5538
3855 6709
4107 4804
9958 7692
1334 6753
1249 8945
9798 9126
8893 1025
7041 3526
4993 5553
9062 30
8304 6257
3793 8190
6519 2149
3032 5208
3922 4925
4539 3482
2165 7986
9120 1871
6301 1687
1426 2671
9193 2496
5669 5985
5268 1149
3461 1966
3376 9159
3183 229
9988 831
2742 9565
4726 4363
585 9749
7813 8778
6580 3686
1430 1034
228 7632
3884 3987
6516 138
8839 5274
1282 2902
1904 5872
8211 9389
9049 9287
7653 4631
8082 191
2208 7653
3756 3622
1543 5677
9412 5123
7905 597
688 9866
8129 5070
143 6880
962 1513
5009 158
2888 4218
5802 6804
9889 8519
9025 7573
291 5426
3432 2602
8474 4605
8977 6400
3295 5212
4896 6312
4496 4477
1700 8048
5302 5846
2715 2284
3310 7696
437 6964
6422 3144
4005 1284
8985 5683
5900 1400
4504 3718
5047 6662
6237 6795
6282 6142
383 680
24 7156
4989 4150
9375 12
9277 9195
3107 6995
480 4165
8617 6662
2911 1299
7214 1170
5092 5122
5166 9239
7006 9441
9370 526
2562 5723
2949 5410
7739 3807
579 1561
659 5277
1739 9447
9942 4363
6910 128
8318 5882
884 1244
9584 6515
9332 6371
3632 8626
4645 6015
5266 9033
3084 3821
4363 5603
4821 6387
2568 9452
1176 6730
2921 7061
3520 6456
3821 6235
3108 9911
7075 4619
8974 7501
4105 7031
8924 9595
5881 8757
670 5008
9620 5299
7952 6443
556 3388
4707 847
4754 7728
7470 5921
2984 5893
2339 8821
5451 93
3655 1056
1118 4755
6444 9072
537 2859
2142 5370
6027 1286
267 4126
8518 8717
721 8810
9359 9949
604 4215
9901 6620
8568 1413
7260 1485
9789 4634
4262 3218
7627 8844
8454 3700
4236 5277
6364 5407
2605 3615
8743 6041
157 3641
7019 2199
5102 3192
1779 9373
6705 3336
2693 8741
4099 1669
4997 5399
5475 1760
9324 3914
9498 9717
4877 7690
5136 1763
4535 4058
9242 7589
8902 2142
5150 7934
238 791
9589 2878
1024 3194
8220 7840
2217 6624
9648 8692
8310 8156
2960 7838
9631 5387
1687 3366
984 2574
7812 5864
5112 5779
471 4830
2305 4616
2105 5442
8659 5210
345 1982
8333 184
388 7107
9930 4940
3084 4782
2414 1006
9925 8081
7091 7452
6288 2978
7504 7483
4523 7440
4545 2805
7729 6660
1864 7249
3534 3986
3373 7572
8191 9548
9909 3118
5362 3229
5431 4402
342 2858
2347 9951
83 9042
7241 8690
2211 6058
6717 2988
5102 495
8157 3277
770 6467
6064 8345
8723 4565
2093 4180
4338 1035
8727 9996
6998 4161
7742 1031
6517 9557
7994 1580
5261 4239
7361 8377
9858 3092
9465 8149
8883 5607
737 9900
5054 2814
21 4028
1988 3904
6725 9363
7953 9204
2019 5275
9913 4982
8794 7073
7188 9488
5324 5152
5112 5455
1124 2261
2775 6244
6172 9727
5468 793
1225 2481
6929 8379
4625 3802
8421 1413
179 3126
5988 9551
9445 441
5576 3790
2547 1297
4387 795
2425 7864
5283 6408
3601 5721
9352 6675
4097 9844
7982 9047
1086 4972
7239 3854
3050 3143
8813 1332
8699 8386
7119 1632
5334 8441
9637 9940
9218 6038
6883 3833
5109 2392
353 9020
6346 6504
634 2665
3823 4948
8725 3655
6985 7811
3663 8459
9822 1257
781 7391
8694 6426
4272 4972
7167 999
4819 4321
3979 5565
6229 6035
3469 4211
8646 1923
5601 9668
6967 4788
4905 8164
4236 487
2148 3614
7537 7066
645 9575
1484 6018
3737 5357
4274 3481
4571 5609
8769 6798
8183 8475
5656 2823
4680 8603
5541 4284
4087 701
3111 1610
9869 2195
5905 4654
2577 6665
4898 5927
3934 3263
4964 2058
7328 3732
7888 4266
9091 5979
4170 2508
5082 447
