2001
32204 72333
65210 56398
29029 92968
69793 983
99136 91839
88808 88315
35476 51433
39843 2766
44202 10008
72664 40141
14787 61162
27988 78108
17972 87395
94732 33250
15307 99220
25220 20602
89781 83047
7868 71966
45220 42526
6343 77657
33189 56562
59816 36312
83184 58498
50750 60404
52670 43120
74128 48018
53312 80239
73011 99625
23139 79873
95082 96396
39713 81080
47881 57362
53369 85293
21024 83347
6210 70183
47755 62513
67831 52753
29678 63352
45785 33956
98760 95310
31311 65548
82219 15499
94587 96626
29231 5514
5566 36470
42410 1504
14874 97900
23540 33825
77850 96998
3766 69433
70137 67078
60236 79282
84633 98121
37291 67182
16577 90652
6335 37327
78 96124
29881 75053
24313 61399
39420 96296
41685 3378
8082 66368
67813 65080
13581 77026
36480 98214
59668 19407
68579 53771
78387 90871
21346 33746
82306 87159
41663 34080
48940 87364
65736 97098
37454 97795
53899 29363
22692 75847
98877 61762
65826 12953
32669 5166
12885 25026
28282 66665
86622 34907
46070 85206
57558 77523
80498 4031
51464 76416
77717 27336
48216 56935
16278 4894
13269 70788
56556 78964
43868 21366
90293 97117
37912 6959
20809 33602
89924 4940
45470 66637
5070 32017
53292 81828
32418 46516
34612 49421
94017 854
24461 31529
99276 84329
84013 20051
46059 38918
90283 46310
43298 51607
74928 16009
25088 90319
11650 59892
96308 42109
19577 8466
67332 86550
8716 43793
13043 87985
57845 35383
16614 83278
42416 97637
90291 48136
11484 46000
68476 10507
48912 24798
10688 36220
19919 76694
32863 96992
77175 82005
65505 19994
25241 37492
89215 41034
23585 45472
86874 50455
78272 93288
24455 43069
59585 94483
84017 42766
47737 61150
25491 30648
15571 17954
76410 99559
16580 70449
33430 75265
10549 20039
55711 85859
49547 94882
5214 33041
12086 99679
50281 86683
68427 60563
60281 47236
58529 38686
12723 13663
58415 14834
42974 8989
37539 61602
25677 93831
13230 26432
56224 37505
15165 72109
7646 46107
2858 41858
31312 21891
91521 88186
46002 96871
35084 71169
70152 31912
48186 84570
74410 39368
77654 2228
5451 1267
15602 86847
3010 32133
33824 83241
42190 91331
96507 11887
20995 77010
29245 43166
79313 94783
55146 35941
59371 32524
31344 80873
4942 81629
74205 42217
7987 49611
90150 5615
63972 48593
29280 75569
754 23251
28321 46713
19632 20460
8374 48834
1011 91584
60460 52063
38794 25026
11444 88248
65716 8921
1317 54422
37077 29860
89575 20446
98122 52976
40646 56153
67982 95631
84478 31625
25340 81637
40083 9146
69647 65902
86020 74170
3828 53019
40719 74488
26000 24833
65232 39838
8628 21321
23306 13336
16010 46583
76935 52024
84037 93945
19388 61625
34641 29060
57790 73418
48242 42865
72940 50255
30853 26285
39287 38571
62824 73579
10800 37107
31126 9008
83671 56013
72766 93875
97039 64779
86170 80620
31436 68516
3921 90543
49997 28807
17243 53223
91440 53852
20556 16782
99515 17681
55485 73120
95098 7210
18466 15052
7362 15964
28722 42083
17874 28396
25653 10028
32226 93805
52557 45417
80595 4677
29798 40610
94130 94262
89478 96682
45459 67724
42136 74077
32824 79528
8730 67692
43926 74831
343 57808
14048 65821
58930 51351
10536 3611
13964 9818
49574 40082
32192 30499
93352 90658
31524 76133
34799 57790
856 72095
14630 66371
64089 16315
49896 27256
43699 1188
94770 908
70916 21240
43369 79933
61790 50047
52512 49008
32629 85250
83543 6599
89121 68132
78482 69139
32423 20143
90272 98241
69723 35296
79418 44427
73526 10485
6008 84911
39939 70022
37696 25083
3424 86121
52726 45145
14788 23611
94051 63000
50288 18191
84141 72714
51787 47864
15139 70022
21110 45603
19494 55548
26376 12464
26010 51613
72722 39024
61648 44748
91803 639
23291 94857
16688 83664
44633 30406
7554 47509
52140 42970
85491 77903
47729 29570
27635 68725
4736 60672
21743 24580
53358 64817
93259 85025
16448 50308
41446 62384
64089 45082
52328 91501
27707 46481
49608 70756
2357 22653
37402 28139
3779 33653
42052 26292
76065 92367
74892 10521
63285 62507
54109 75861
50576 4962
6766 8050
89939 13531
38469 72202
71206 56335
87413 86537
70218 75337
67207 98927
97426 3730
4257 95972
44260 54300
75410 8812
60753 98416
85904 81940
83980 47353
10999 37833
12354 27832
85926 80854
32351 45253
91494 96202
82832 8615
97614 14152
91019 39096
9143 90077
91508 56975
59633 3879
40552 53217
23888 17756
15864 80656
91899 89412
21826 56422
29125 52025
6961 61949
50147 78366
15403 3084
14159 44657
33619 43534
86498 68288
34932 46338
61920 58085
1055 31317
25167 81274
63965 56785
89765 88494
86458 90508
16128 12654
75915 27004
17746 13086
88672 26931
92780 85508
76205 3895
75166 63988
68540 58306
27198 48587
91155 73597
93374 50913
61979 48780
6837 74454
18466 60309
35293 53165
12779 88053
37659 97228
88731 10826
671 40267
45686 95520
97942 7733
4996 91473
92058 58819
631 88884
77798 5981
1710 97671
47780 94667
30143 83243
91550 82915
25601 12183
6023 25856
11232 96515
83587 25038
54031 95602
71261 9936
57096 83263
26669 46627
94107 49184
2648 62946
87197 24112
10299 26901
20351 71677
91995 66
68134 30274
23922 93620
94190 27259
77387 68693
13381 57341
30132 51782
15457 34871
497 72113
42157 89176
82703 1751
79060 72144
25160 56171
77372 14909
93533 9145
87841 73241
20707 37380
79552 93128
32476 98677
47598 26501
43562 16489
30568 69535
20771 64961
8397 66936
27460 5280
13395 224
14553 23640
14031 1297
91990 88828
72849 15154
10024 71541
66399 66060
72578 45155
51022 30181
10943 50149
31496 38540
87330 1252
94449 17387
1646 514
41288 16452
16227 51861
9541 88742
88909 24003
53377 29611
50476 81378
42418 63963
35346 24542
44994 33364
60998 68276
19618 13487
59103 54807
3844 28403
66591 56577
41205 28491
64231 88652
91495 83073
5306 37987
88329 85159
50098 83726
32999 98038
50053 50526
57391 14998
66312 10619
37086 78420
7851 34070
95109 64122
68604 18301
73308 46623
17107 80561
98835 86598
60431 43580
7005 78694
2936 56352
18844 9774
66535 66589
64207 61284
19082 3100
68016 101
46990 29068
28767 27139
77404 32894
25735 92608
27050 81456
31415 30560
67571 19131
2064 30557
39339 80620
5715 32674
10655 18450
10713 89044
3030 66863
66476 17249
62593 14942
86685 20649
94421 58197
80425 13135
22420 87399
96872 51306
68492 67833
12815 50757
21230 1566
55780 34563
52800 77847
53386 30247
6707 26274
32761 13162
20382 49146
90868 99443
86903 99731
54909 62221
83577 12699
1674 44027
61256 43051
60763 92090
74465 97269
7771 92327
19836 95047
56770 16480
99111 61047
10763 13861
54198 80522
1459 4329
97884 9535
33321 65221
99568 27779
2618 51215
80034 19089
20210 12828
10162 39310
22077 64153
52127 73655
43423 82924
58810 56955
98144 68497
17020 15115
93329 46322
98274 24032
80711 17970
91551 18872
37 22106
8103 26592
78278 14385
6745 42826
58881 26508
45972 45213
60536 52103
38161 36205
17817 55137
66557 80421
7945 26113
91306 64026
46705 48069
57415 68086
53456 4379
72761 63152
1136 90555
18205 83659
26362 4230
80259 27337
1305 65186
11570 34436
45879 13840
90007 91395
12163 6400
90672 1756
84449 74383
52454 69408
73645 60144
25577 67293
63097 54679
69386 38454
70068 36934
18732 23291
73823 83975
66401 68480
49146 93143
26084 64750
16509 81716
4083 33767
43573 97464
74999 11088
58889 66541
29165 14395
29266 9242
43401 20096
75847 64164
89304 30844
70053 73199
88242 30432
68166 38469
56404 82119
31878 60201
5239 18086
60170 11995
28718 5517
87543 29198
15286 57048
13632 23881
68693 66175
38539 97896
99498 58649
79082 15952
43519 10250
57202 59047
55838 32665
2837 46073
74070 42409
90348 53156
16345 94528
62957 49968
33200 35031
3361 79385
98049 57692
72475 29262
76417 13609
63226 83419
61052 49182
8614 24917
12394 86561
65856 7262
40302 49966
87225 77086
14558 54160
37934 32297
77700 52152
83740 99620
78963 1017
83423 8692
27799 53732
75808 5789
30276 42949
75368 59404
21749 53406
94043 72933
15303 35192
89818 64029
60175 37478
77666 95665
42037 83368
97909 63510
96103 23368
29664 95649
52783 874
60943 84112
14726 12626
42860 26062
38562 49030
25067 35231
32973 52841
79695 3473
40802 28794
846 31218
43496 51123
19178 23223
41406 32944
47325 90662
55049 7020
49220 63210
58916 31668
46896 86209
73774 10794
42019 81935
38055 22763
1836 54222
66739 55674
31786 13323
66587 35393
76836 78837
28147 44266
2805 12611
1071 98244
32710 32208
20627 21973
19978 68395
1847 85031
80658 82158
63453 90669
97420 37769
3560 76270
91765 92148
9266 47790
72254 59657
89569 85762
74099 90842
58478 94726
27955 33945
98837 51043
4192 23777
22468 74976
50177 17338
21158 15329
56523 20470
69347 89119
95657 39432
6569 59965
50929 25654
69719 99837
91564 15918
88199 32971
99257 70599
18521 47660
13962 65622
99681 77404
3597 2934
89471 79746
94119 89390
40437 5918
24587 82321
84252 81661
28502 74951
24947 10177
5969 98166
85190 74417
36510 58032
48823 70886
61920 79409
7478 4164
35589 4247
10805 1596
11402 44557
7922 29533
42517 75711
26897 790
76236 38495
14341 3498
85796 7278
48286 44168
88404 78243
54221 85224
66863 37830
5151 97594
11226 20215
33307 57346
93750 22160
15834 41325
38370 50669
19694 308
60118 64548
36041 8014
3782 36039
64 98037
48391 68750
87476 20651
72326 14586
24262 94320
19693 47697
15591 16305
3414 84991
99400 73115
26124 28034
57808 43079
75316 18849
54664 19248
3299 33376
55766 73177
94390 23186
70857 53764
68368 39805
23667 14503
36769 59368
27508 41913
20548 58677
75689 93719
72514 53589
76581 55505
19482 54185
37806 93385
88787 2997
86518 21482
12466 28097
16720 54873
458 97755
22379 5647
83230 95284
40830 71143
30123 30405
3255 87795
95293 24560
83548 83970
11729 51334
84244 63373
19701 84411
55653 1021
49697 77379
62080 54576
33476 80319
71413 24309
2174 94372
28225 97732
38617 47524
19616 3662
61145 61811
55911 75409
11343 97561
37347 31201
87844 30245
86090 77235
99681 2372
97473 4047
48983 37726
8660 81406
66355 94110
62917 68643
71010 31303
98107 60468
78009 87662
45730 55995
93895 97477
62124 74937
1136 65982
18818 95654
57170 73083
2254 7866
28291 34433
72489 34928
2949 72737
69373 52323
51749 41680
55789 16535
74858 74488
22711 74838
67870 47762
80307 96898
8247 25433
99077 22567
62635 44292
30640 29734
39225 4791
76175 90644
14282 64950
52287 1691
54552 40144
88307 27049
53356 50244
10966 36749
87325 5963
8767 90489
65805 17196
40168 29920
485 60348
46682 71772
34117 53451
77406 75684
69666 73579
49002 11167
62948 66593
66765 28441
71210 37992
19342 22429
60335 35754
64878 57985
42365 7119
404 62899
97287 10214
26190 24838
39770 4499
11718 19089
74244 47782
66367 72421
68667 1664
43201 80019
79899 96228
91653 70035
43711 97258
82651 86882
91032 61015
27794 3053
87464 84923
57229 53210
99146 99524
60414 3178
89205 74628
29732 54266
99806 42732
93689 67703
35725 83575
97412 27646
42318 88892
30571 39678
74840 84760
73336 28692
56291 18845
99151 26545
98014 84552
53406 22645
33493 62788
73712 2993
36888 40629
66495 89165
95123 62248
39017 23061
68279 1103
43595 11695
61717 92380
93011 99505
25138 77283
85953 37502
8256 64926
36620 45250
92652 37299
24796 63278
50665 65638
29903 29883
55399 80363
24057 77137
30499 99494
17991 63116
37939 14741
22616 19133
42394 19264
268 71253
55088 86386
24878 34876
14995 63367
46360 54393
55976 65158
6480 66869
81329 12341
61345 48039
46859 94011
82024 47145
22250 36755
88498 61867
70058 55572
23188 38488
16994 16376
56590 63049
26856 80259
38651 37468
77390 72609
99376 34270
42763 61702
69248 25717
15047 97615
69622 59469
68579 81081
51043 44142
15473 25562
183 27395
92065 5476
61609 26
13014 5877
30678 23338
72310 36936
61524 72794
18691 30613
2806 13853
97814 93535
67792 30544
95249 72829
44439 45430
82396 24727
66883 96519
17446 55866
3875 28764
16715 63951
28357 39141
71409 32636
29569 30585
68938 77653
70885 1215
97473 25827
2499 88231
75605 74285
91011 20492
84487 78749
23187 42448
44556 81915
48418 29133
23684 92161
12910 46484
98655 47052
17755 99217
65348 41004
2494 71985
75227 90969
49660 61607
2428 65455
34811 57238
78357 51930
37375 73056
28115 97543
54023 73483
40335 48744
94526 74096
21737 95645
43403 4334
43586 13045
25517 20188
94349 52515
61412 58737
69083 42890
49698 83980
4367 61735
94394 77785
44049 25709
17901 85522
16586 99608
48926 37133
39844 32915
11575 2300
64744 35497
72511 87742
50471 9442
8276 81085
20508 14283
8485 57978
40154 31593
46954 67820
43824 9561
88946 68276
85285 28330
35811 49995
16144 37415
20795 93051
95039 71453
9240 21
7459 32143
82280 7929
26616 14064
17755 43980
58801 3136
30172 56962
66651 54489
15624 45636
13397 11261
89224 60974
39409 47476
32233 86593
20453 17114
19676 98613
27428 64597
73502 97810
10642 14091
37348 44662
66839 41182
67545 91614
75878 36526
50082 88035
49887 78282
35671 88033
34111 70876
49512 59975
97825 14725
69414 62429
66476 75272
93848 64776
14600 12767
25016 70526
97754 80273
56996 79287
39992 80706
70476 25733
14350 46616
54259 42096
41807 78506
88742 46750
29190 59356
56537 25477
85298 19524
79379 46011
8914 40131
60472 45852
61290 2496
61554 39759
67053 98007
86524 38555
75384 56076
18220 45119
21182 91460
73362 66122
37609 86940
94366 96821
32895 47165
77328 4789
22527 72108
81442 18400
57282 83992
24036 99033
39574 16589
25763 98836
36022 64378
36021 64602
41985 54389
39306 97843
5517 76518
98120 54978
42306 28941
94383 57764
49744 60819
45478 17204
86344 37726
44814 5874
93600 26563
38391 89924
44504 40447
50227 49626
7357 4752
83577 39520
39581 81549
8760 12203
67108 69470
75334 54451
87426 54518
22086 74736
91323 91885
77437 61709
13728 66657
27085 64345
56226 6081
33484 45931
91813 7128
37480 6838
14771 68813
23740 88390
82949 27114
24933 56467
51703 67212
17485 61600
15451 31822
68256 21656
10065 63733
46220 75238
29259 18371
53661 63625
65283 46094
97327 79992
97085 4650
24259 60724
87367 57001
62210 46429
33367 11406
36874 7234
20255 26427
46286 19448
12327 32401
82903 4965
9118 22910
35002 5779
56162 32754
25452 22090
19496 53023
55173 91650
9902 21417
50187 6178
18912 74603
95365 1861
3472 68463
99869 22715
92221 79936
22079 23921
58663 27859
39422 32263
27618 23217
29251 30193
87600 63178
20680 15682
26382 3264
69890 34588
68346 13351
34524 78342
79091 83682
46255 55369
38231 42683
1496 9206
20420 48276
17458 51895
96744 25273
664 94874
99876 2138
63852 38758
89919 13662
30119 92346
98449 58836
38922 40988
85734 9258
99270 63589
19214 22407
78228 75721
24448 75056
87464 86550
70187 87987
1906 41518
49991 69280
61362 80025
44359 28921
31175 27765
95546 36082
39799 39593
25728 88123
45994 38150
1778 299
12873 62540
7735 67161
67309 67865
6613 58830
31253 50770
69808 35974
24752 693
39763 46558
45397 75361
72372 31310
18006 41869
26758 28598
12950 67990
48755 73608
75910 60430
79171 32876
84676 62744
2124 53141
77973 67902
72961 33038
86940 38646
47582 61627
62354 5314
10295 33188
42316 9296
97619 37456
35481 70582
47818 16232
61448 46963
11984 63675
88139 72546
70760 76762
75450 19725
42116 40714
24715 36682
3542 55927
36874 88315
35443 17090
36420 60866
87148 68521
1179 17701
65543 24687
6322 88892
68055 3355
26035 91538
55024 7692
87319 37018
76657 22941
39712 19080
42820 66133
51870 80162
19604 86565
406 93575
78737 40975
25197 50679
34824 95343
42060 76337
88610 34468
44038 72919
9574 21365
59734 35817
29447 66055
13160 56750
94137 34807
47627 92073
50834 88903
77482 31643
79465 13274
7034 34083
46773 84520
31226 57258
58017 30767
54134 80122
72936 22343
74809 43010
55078 57303
26006 53607
81289 50622
71591 34315
98199 98373
75308 6550
23097 77373
82727 8548
88541 7646
85838 45796
75105 74524
32981 94825
98540 51812
11880 93125
1156 14103
6387 62935
17796 67609
45857 55855
61753 8822
85288 57082
8153 14700
76858 13898
23770 75028
71876 3259
582 34625
90810 44066
23137 3075
88494 87625
62927 63006
59754 71326
47218 32484
27172 5440
82094 55278
67792 57619
38182 55359
40524 52970
40356 28156
31860 63837
40533 25412
3388 10794
10480 65802
4930 67811
51541 56672
85430 19609
91432 26075
57261 61086
59247 47698
45181 78465
81540 51882
46516 53959
55587 83961
60028 27429
55833 11826
40081 61542
80199 13693
98490 58212
14768 40904
85287 3695
74035 85623
18780 54400
76199 21712
22919 18011
65102 69582
73977 21075
53282 21109
95788 49226
60769 67707
36399 6919
21384 59568
66991 46383
34425 62400
83978 94900
12262 72531
93248 34155
98158 28099
89781 71575
21877 9003
44988 52155
42368 59610
74525 13971
86673 68789
69450 22109
39297 65541
57051 11174
34211 54314
89205 3819
20009 48111
70615 21725
14632 95450
64926 20299
95132 28681
20380 75435
53877 31846
4181 8763
79285 93879
60652 73302
55821 6140
30116 47954
86848 11921
65324 33503
14723 26103
54190 17800
95552 30492
51474 51635
24300 64774
57402 23181
74992 63812
68555 1039
4830 39615
97363 78265
34118 57162
29031 1944
25271 23274
14499 28781
29193 46405
71276 9143
55556 42056
11818 21245
26031 97141
2771 36101
59796 906
72108 85696
52421 81628
37956 51332
30204 53717
25340 23540
79990 2047
659 87792
32863 44650
93208 7515
3964 94804
17314 12837
32962 63518
64874 7642
7758 14976
20421 86737
11039 32325
64621 36337
14787 41364
9052 62284
31442 56487
92873 28716
61005 76633
25806 81287
96871 30370
88277 85760
43012 14651
35638 71052
99759 85228
73347 56448
10051 38749
99891 54687
38548 5556
97853 61557
70171 69826
73130 46392
92954 2457
61223 10921
73152 68610
75231 24118
62446 44949
21415 60255
52885 45081
28910 72666
97014 73361
7853 76212
32835 62812
43768 69994
89565 77575
75253 41432
62275 92513
74470 63546
79067 81352
45686 82838
46943 16077
84682 60501
57804 38188
73501 85094
4949 20023
28225 39703
67764 38651
891 64520
27665 39500
49677 37640
72217 37255
85519 36635
62818 68508
54759 30253
30148 47444
13234 98694
89392 43889
11664 18605
98884 18233
9267 99674
16443 28304
36708 11225
47133 19808
61937 10807
96889 41193
21935 32619
54994 66184
67065 67216
70592 65592
64896 29700
89110 62844
10777 51841
77799 69191
54055 45076
94785 91271
8352 42054
99263 80547
30197 40544
68554 84911
31905 17393
52039 46863
88146 49656
14741 75124
13080 18062
68759 47638
11376 59441
28960 87557
74564 39141
20726 65830
93859 19355
29226 89654
47069 67719
96599 95932
93682 74337
34493 39742
97455 56978
9352 47792
59038 812
82240 57976
8250 54292
5791 19522
99945 20227
52223 52678
46777 32030
24756 80718
34294 60571
86004 67029
73695 91587
72315 37674
22177 23531
87740 38339
72128 74648
77335 29929
62628 64542
64134 84341
9374 85028
96371 22874
53922 85138
99595 6758
40450 64543
29450 18643
54378 50922
16908 24113
61245 8045
78915 33535
77641 73579
83721 62036
45241 17151
98220 33658
2097 10675
6430 775
19495 51007
90764 54557
48519 26677
46216 2430
12120 31074
58726 18963
14501 39972
42885 98792
95575 47482
57849 31078
11868 63387
83913 16565
7401 1602
86983 54314
54349 36817
983 26574
7697 13220
2387 54089
43861 70030
2174 32609
42717 41009
91270 99145
70690 76449
32498 82412
33859 22405
94447 13663
3666 13050
77300 35594
26831 54968
25082 42402
50195 78649
54392 53268
40506 17670
98796 44062
8816 78420
30129 65577
47877 2853
72100 93364
2198 99830
76379 17926
43783 26441
45486 97478
56571 6224
75881 3355
9291 30041
81494 58567
15452 43560
96819 67572
29083 38372
58811 39079
49399 58362
96029 91988
93954 82115
8056 70884
16586 51461
6502 7303
91756 32379
22777 62834
33844 6943
84712 13743
37739 91245
2005 59439
43455 51914
36765 99791
71685 94826
17304 11227
98375 49116
11155 69417
97097 1364
94202 6354
37858 16969
40820 26350
86780 88151
3523 28126
19186 36329
82460 48127
86304 67902
46472 92959
71700 98292
57872 57274
84238 94138
14398 80549
23773 57459
51080 21647
82816 11714
50348 85573
2649 13057
85755 85862
69201 9869
98290 69854
53903 49181
33669 45584
18253 4262
40043 1820
72141 10616
47180 61346
6242 40087
69052 58260
99381 42520
57290 14263
92547 89572
85580 87536
57998 61393
73813 41272
21116 53366
34627 98909
63721 46577
2913 56619
62132 93735
69869 2650
86596 37795
14294 80845
9541 64170
18628 96207
20899 18829
53322 77662
67425 44651
44872 73840
59579 15393
39931 41438
87891 36998
65885 9819
34792 91463
25659 12002
44071 72581
44742 83227
5086 36453
14359 57132
39791 66145
4049 48342
19856 8090
93721 35759
91105 59124
86256 51725
46691 43339
21553 44315
87851 19742
91949 51678
13600 43127
600 49407
89458 24277
64105 16981
96280 67349
9781 52991
44763 46633
47527 43029
31515 43289
76519 43666
80247 79295
78590 73093
58483 67145
41903 74133
61564 25571
96200 95793
88166 3994
50266 79386
97739 71646
93942 90629
13592 95423
62051 7997
48366 74507
66926 98934
99733 10777
88250 28921
65729 20926
80349 53952
43915 61285
82309 69821
1582 83560
96450 82392
5989 18620
89082 5285
13321 26433
9804 15403
29970 16331
85281 8156
74597 9316
70187 55447
56040 54181
35893 29401
659 80029
55664 64803
69741 50769
17198 4717
64500 41774
25531 29993
79939 10881
97089 75838
4648 15539
98637 37758
60299 1136
18352 4176
86465 6020
87354 11520
63486 5535
83871 31844
97085 40766
57601 85714
72452 17006
48494 28240
67576 28383
67952 44591
16133 31276
66890 61677
23501 22137
11748 92725
23995 89228
891 45883
47899 43840
41672 48887
15014 6187
22337 74901
31897 74673
42189 16847
25511 58297
11352 86002
71730 89841
55469 27160
51802 62704
60814 20159
87983 44536
13730 29278
94969 24696
71749 16599
39603 11539
4000 39436
90949 49914
71011 97499
57464 39542
4810 29300
5912 62233
23073 25976
42820 25465
59157 24823
72660 69314
76886 84332
85825 84706
65376 54652
67845 37683
70178 3734
23492 55643
31301 16339
24077 47432
42920 86233
63404 61864
94133 82418
38182 51037
40757 74234
70065 96411
96034 93418
69351 96749
68989 30132
85328 23491
3034 83497
39905 15548
50315 30391
91517 47654
75507 1237
26430 86614
76441 92575
59420 36786
74059 8567
83382 94435
17081 41769
24892 42526
55469 3520
7373 30386
5959 69368
11240 89412
10964 24477
90325 39579
15674 31830
85886 75218
79743 29733
71056 1146
61318 42891
20992 24854
35170 92790
87899 33335
69880 42304
81796 54026
78636 79613
37890 20199
92287 52363
66268 42864
60093 66139
58792 66641
54764 47149
58810 49156
5418 46024
85089 76835
47200 1373
73092 66048
60557 17751
57064 36475
21980 15826
26979 26199
54957 3244
47394 28543
99781 85865
80662 60587
44471 44699
26134 22136
74193 82851
98704 59081
69807 9442
55186 72114
13555 11840
63169 61885
63327 6519
68705 2651
26000 43726
75556 64400
3530 17962
36041 3394
61641 42788
38231 44183
39877 1395
49989 41961
65473 24926
47937 50969
43292 35674
88830 54301
90528 99887
94526 1796
46564 71405
11483 77955
21057 59168
48062 31829
17677 98706
26817 60803
78751 66246
27402 84038
86863 81797
51298 77875
91537 61972
77991 55680
47004 16755
71473 66663
66711 25292
7492 52543
22388 64218
93394 10189
73037 70245
3472 53701
71581 94996
57447 79694
82793 511
95493 14304
47349 92119
14249 24918
40390 62111
16216 58799
90904 97527
28647 69870
2686 46862
12616 19277
70038 4555
83570 75703
59750 2094
17555 82840
35930 14281
65405 30971
83729 29278
6316 50040
75291 96808
18003 87464
64540 57067
85869 59746
55844 16084
93726 60783
67131 56620
56121 97559
95818 75755
72745 3184
63974 57936
76538 62952
61706 32341
8921 24854
60304 20503
98102 56019
85605 25836
17595 98392
70533 7800
1736 51706
53908 16691
61906 52710
79227 96793
76708 36867
62139 25694
19477 36508
65787 91711
72519 77441
72101 35374
79144 28794
35083 78384
83897 75617
79488 8351
76415 57425
12830 17287
17507 8206
21999 31044
42506 49090
86308 55512
1933 69558
41763 82072
86639 50049
23392 80337
95795 60805
55293 50117
23624 90280
21914 5880
53479 68871
34740 16937
24197 52879
51512 38048
52472 58850
97284 34120
61665 19117
10471 62310
59997 64880
27598 22297
45073 52181
86526 62266
40902 26135
6639 66739
47579 10770
32391 67800
98722 55506
48916 62723
1359 16028
23758 93144
5513 28679
42474 88906
77914 64824
85497 20976
40171 32175
47731 43041
18281 61796
992 58226
35874 16033
78469 61529
92711 68924
50655 61425
2468 7278
53554 91997
43995 66223
97667 85695
41235 21279
32648 7296
23217 34189
47952 21756
91424 18619
73442 37640
2200
91075 17030
62631 94692
56413 63381
94676 98852
60389 53241
69039 50065
87292 56737
65391 45463
46026 84710
53469 90436
45889 76276
23006 11319
3120 67443
84602 3153
75709 18299
80845 17736
81034 5676
92313 7220
80585 78225
54801 79692
72541 12710
10180 53282
37532 84130
75354 93270
71009 71247
50965 1366
39205 33908
57190 25894
35134 74656
28645 41766
81442 76692
83080 32204
70477 1974
21049 85679
48241 29694
76013 31196
12820 50557
2485 17355
55901 27337
14089 16751
36345 47014
56140 73407
92788 59967
85009 47898
62462 78360
36399 23244
29359 63117
17264 26516
94745 57573
34458 87715
89242 4150
29733 7331
38133 193
48718 64278
66698 44789
7075 47310
26407 78426
14450 28849
62750 56378
28241 99966
5118 94985
81800 52553
25011 15850
39621 3575
22354 39070
32053 66425
20038 82951
34437 33666
22912 53566
11793 73748
73861 47244
68579 1230
50097 20292
38463 29322
25561 2809
43943 38510
89130 41552
11320 27711
5436 57207
64472 94418
50964 51556
31035 30404
60077 17319
31460 45048
86182 44337
41837 93786
3101 44743
85177 54483
78785 14672
81358 23253
58279 50977
34072 57119
9489 73322
53778 68769
46225 26144
55322 95782
80865 26458
14981 78345
99853 62257
22876 90930
80658 75492
62827 23660
14005 45408
65365 35219
65122 23321
97554 92443
28652 35076
10072 39779
57337 92567
6319 70079
18526 77918
27525 64245
48966 11727
69332 30909
77228 79190
89773 42564
41528 56383
22842 91103
95012 32625
61204 13550
25073 42874
48703 83992
29503 7538
99766 42935
48443 72990
45224 80782
81572 83915
61958 35822
62994 44932
37228 48317
63576 3192
69668 77561
83629 35565
42807 50459
73717 3535
42914 34480
63742 42137
33503 55237
18487 79078
38264 79988
97516 33530
43674 80033
21908 26010
79669 11136
57288 32908
55461 14371
64738 56300
2411 65593
59535 90617
44869 9512
4100 67797
86999 69946
59299 576
84820 44555
39224 98244
61588 633
9048 16490
13661 15623
64814 53971
33869 96355
92910 78945
89841 88243
90487 13977
1724 32101
41032 38370
93422 77176
19950 28584
23338 3329
27233 98511
60627 32761
64039 99076
37978 14355
71548 40268
57139 98644
62241 89438
4178 72986
69064 64501
29625 51521
36146 3951
43081 41605
1884 64159
74810 95559
88776 29766
8187 9647
62128 63283
56968 93858
42885 75676
34322 98233
91338 25481
9825 55239
70671 7620
52541 59927
75591 47099
33092 63586
23722 20061
53296 70633
15156 26577
65972 41324
22430 34044
47119 25554
15802 19183
39761 30095
72035 84625
94892 90343
79264 68127
18564 42980
60999 68573
77625 99317
10450 64210
56197 65610
11741 80297
49877 12203
70561 39192
29548 60672
29516 59171
74703 81784
53245 43575
88246 30885
75665 259
75268 6729
33800 45429
1277 59020
90450 27593
86936 25553
22568 69884
25127 48163
4670 21504
38224 53151
57247 87313
86009 37181
12822 64906
79237 89111
5402 30786
73323 94484
82882 27801
3680 58120
57029 84948
7949 14981
40215 19216
56154 9825
50335 24873
37096 35615
47919 15304
98887 82095
52266 55896
89052 48453
14825 98782
87747 51152
82852 34112
92503 60010
38551 17046
95938 3538
13874 56282
26729 40212
35807 8332
43285 94349
8952 91074
46906 30405
26731 3622
98842 99123
27365 75063
99790 68977
61145 92200
22513 56329
47137 5301
64933 41048
85079 51524
78129 74776
62998 29540
74222 84497
48397 54093
33737 69835
46293 55699
63071 37595
8849 78701
11523 42958
11501 74640
42048 87815
17180 96816
96071 51284
6084 61391
78295 1182
62874 75339
59479 97627
39521 37210
7645 67532
5332 45918
57936 2441
17021 73962
5423 56810
99133 18252
33641 95892
42826 40319
60041 83483
12235 39325
84703 23100
82917 87809
88603 27351
25991 77136
57118 21476
31806 65800
88563 32957
62966 63798
68120 93693
51406 43500
68960 34564
7358 8010
16343 48221
14662 83319
43190 10781
37848 80706
40403 28660
74815 16226
54266 10244
65164 43152
3883 9102
49876 23351
98485 95180
62743 63753
5494 98085
78915 90908
82137 24887
98385 26411
31698 52319
47701 26757
14129 57703
4489 74383
16110 73185
60339 82724
74489 71452
16675 91139
16914 19231
16545 14481
13565 31297
66058 18177
67292 50965
46268 62358
60376 59221
52761 28879
17752 77911
25244 91502
5312 51377
27874 98500
58592 68827
89093 26470
61177 31349
7263 42718
78983 56554
94716 11259
86551 1862
98409 55764
50572 2207
858 15218
32855 73312
72651 20309
49116 50921
52787 17605
39644 57466
71280 38908
41503 45615
87665 73245
84937 60658
11884 79464
86055 19026
16624 60542
47524 44285
24687 32041
19162 5936
59274 41601
1108 65114
92854 79885
68461 46962
13671 61836
75422 75982
24369 30547
28299 83009
30779 40063
74675 44483
24113 46684
62358 19023
61142 55486
29657 32641
25178 89979
31337 53716
98187 12059
61536 99616
77771 58960
19068 87748
47385 23755
18607 66095
95913 71222
36553 88102
12951 28007
35783 62691
62957 19181
53758 61933
66641 13177
39450 61832
8659 80387
74339 7945
56479 4788
18945 92817
25143 85013
75007 65842
97206 77920
89667 71125
51419 90480
76779 80256
53850 61766
71023 93463
3275 36466
15661 76038
30458 26849
26123 27962
51835 57383
89428 63912
78380 5110
30795 34754
49682 42153
89380 58028
92403 73365
38370 27659
16347 4486
82231 88427
86911 76659
18078 93058
45890 90004
44930 61306
1603 69238
99465 30349
20777 43083
74454 42269
3354 61337
64810 93413
82074 8010
26032 68666
91680 86337
80468 32608
318 814
55590 36643
25644 88548
14183 72972
85605 97164
94049 96926
12165 67332
33915 15327
17696 15222
8659 84001
29447 28211
49410 30729
39636 90517
3637 13190
66859 21294
59449 65353
32125 10923
79335 85204
39481 75458
84065 94520
43925 89493
41564 96266
82002 48615
57522 61685
81580 87311
39506 40091
93159 88335
89222 21529
9563 28260
11704 70643
18979 76976
98794 52863
4126 79377
60658 94755
5709 68927
64422 235
94034 75421
57829 26163
640 33307
64436 3889
78506 380
51596 65248
13689 78646
51933 4036
54681 57338
81651 73414
13603 73438
11125 58205
32317 25014
37195 94367
87757 15252
58977 459
9591 11012
20839 94452
82875 66155
51830 70555
32882 3204
32842 77180
28348 15002
28100 58778
38997 53546
85582 87124
90923 72824
38847 34541
67087 14346
34597 11660
6261 57979
70553 83973
9408 18498
78816 36741
36530 78652
62695 2932
43038 78502
655 28379
97801 9979
78097 91904
37165 33617
57431 48724
29295 24388
15239 45255
49406 59645
41554 13147
25734 3109
62402 90877
24300 65460
54216 12641
57019 52520
70644 99739
17215 64783
74645 428
17844 69295
55096 99564
59355 75778
6349 90947
62938 91868
95361 30449
72897 36472
90535 70759
98565 21969
87576 59348
90759 53879
93460 79911
19868 10916
74488 52334
34443 17895
51522 76818
82907 45328
26934 49725
66408 80
46519 76989
85112 22698
97560 98488
24780 23077
2660 25070
32099 33801
42968 26084
10065 31643
83501 50655
85162 97641
82696 16929
90543 15961
56401 45340
82598 17058
72600 41524
10101 92303
5827 88667
58344 22068
3963 88303
38169 19635
44498 7190
40505 10407
3746 1027
73173 38981
21302 35176
54660 45196
66552 70707
79076 16148
39061 79508
79008 32138
98055 11034
9805 37376
71798 87401
22694 15380
6899 97026
26341 31820
30243 93591
32821 12470
19023 25770
73818 5763
17027 61023
69681 60754
916 68617
19898 83377
8358 4924
81535 79985
8621 33244
3107 82655
68106 62185
93203 80076
33616 30840
94675 76224
20675 73100
19154 84047
72116 84669
59259 53521
95627 1004
8876 96691
51810 37097
45577 41619
93568 99968
61955 68185
17315 98148
3466 33024
95448 40825
94098 27449
49956 25467
97956 28680
9186 54417
45503 2055
36884 9304
4747 81304
92576 57117
29145 39868
38664 63579
2363 98528
78209 41946
41692 68337
61456 75391
16679 45028
65077 44544
80973 19976
15849 75475
43690 20322
38723 71268
63524 49433
12001 17177
81354 94393
17904 14566
5894 67796
32607 66116
72655 86909
99045 11865
8493 86946
12932 58562
70694 74028
26093 97767
30797 48088
91335 26273
27457 12545
18053 6389
89889 65161
97003 76876
88799 98316
54358 71359
36175 93933
97604 76943
25670 36769
33983 1672
62128 28564
6099 20077
8680 44221
37617 58834
2302 63258
39991 96079
55418 98087
55969 53773
56033 9799
93561 40241
2862 3878
67012 95902
79683 95410
11134 19993
6377 58915
96974 74512
61920 78471
19568 77728
83014 80783
2772 79705
23352 49795
78872 42668
17306 2492
26589 42920
50208 19265
76798 38392
61744 49441
53910 22206
52387 44938
1402 26619
66196 58413
28743 13843
23770 72199
63945 46372
1077 5748
72544 22862
39911 55861
76701 58452
83113 27948
61578 6239
37212 93161
82195 33779
73117 31628
47853 4194
22911 77429
40895 72168
48629 33572
88467 9331
8793 7012
81663 54751
45221 55671
53130 92671
7105 81923
94232 69289
66769 5537
62325 44566
21431 37287
8386 83814
22930 20798
65727 20908
81168 98316
67398 87196
81940 93996
88029 38894
15515 55663
81540 73177
66570 98956
99240 6659
48346 44395
61814 75010
95836 37388
86451 68303
41347 86399
60711 6125
21355 70765
40527 8124
96566 7755
29097 12959
9749 60822
56254 7201
74892 70894
71647 63226
25712 77995
48219 13579
44965 10319
62928 2514
2003 30559
3811 88825
50536 82379
92006 69826
94750 89463
69066 25241
79525 23575
8840 42599
32873 98709
53612 73093
37514 72978
7872 79590
64489 74486
89509 81443
65841 51554
19093 71469
95858 63319
29882 874
68036 84464
30216 68024
82390 85623
83023 36643
97648 41901
15288 63460
14735 92220
14558 67582
91779 13253
71125 52981
56380 53189
85053 3818
63152 22391
92580 13048
24623 31316
60144 48399
6862 81189
28143 51626
49968 86325
76439 33198
81184 318
30885 62927
76658 11378
77068 92523
30404 16163
57834 40033
41428 904
92641 70731
4392 58652
94448 41464
45700 86003
5878 56586
22755 50915
19434 61897
61669 2690
37103 29610
36753 91889
35398 83077
80392 17996
52413 19524
30257 7641
45270 84855
53425 79934
66511 83522
67221 62910
53066 7254
89672 56532
10560 47146
28688 3740
10744 20425
64562 90703
65439 59272
99526 77527
33479 54557
46312 66299
75406 14779
94541 833
62876 45606
25035 57261
46332 91628
22374 79809
30021 97320
33463 2649
19914 87759
18411 71291
78794 23727
97652 60755
88215 10557
54443 44536
69844 79696
19863 16226
83393 49889
7974 18271
15120 14650
80075 8344
27614 72060
46270 99397
68651 75244
26632 51078
8336 64440
52569 46453
49788 84908
29939 43897
93759 4649
27499 26652
68515 22124
96686 50876
35127 78421
61080 10519
81939 7872
61453 98129
12635 8611
38288 72805
5002 80287
6387 52137
79792 71702
99536 5443
75768 69007
12277 78854
98130 29896
43146 277
52381 96273
47803 60266
71249 36826
70893 31593
99839 37187
95948 53851
3129 79745
64431 92516
48829 67988
49040 11605
26064 78229
53463 45477
98567 86187
90601 3296
12524 85268
41405 19610
59777 58607
59585 13023
13039 20191
47222 10660
95983 26662
50199 87586
52505 18678
76349 57978
6345 12742
87461 30711
46269 3331
92062 24053
51696 34572
94132 45026
42760 75337
46759 59702
11230 29373
55260 64997
22010 74105
71986 22726
40101 12750
29190 22748
45256 60632
92861 9796
53495 40248
25953 73613
50454 88183
93648 63231
84451 7256
46773 77133
17185 50123
72578 4319
80725 53547
147 88357
93180 6873
10444 28319
96254 46240
15231 60952
56491 44447
67488 22750
78260 15133
78280 24993
69131 87652
9490 87367
21180 27535
8931 49942
33160 21621
95905 58046
24518 55232
74765 95547
64205 35915
19856 94432
71164 43495
13213 96014
87199 21392
82757 9709
72213 85864
86448 62300
93523 98294
1872 80678
93603 49467
30803 74064
98906 79829
81782 15002
17214 74787
7101 62951
27474 6585
72051 29867
27805 54222
69756 45261
11138 54833
66400 52934
22252 54197
43748 13611
11351 44162
61096 56898
72650 50440
25303 43442
39197 17740
98545 10157
85124 50138
64368 65422
44324 41933
27677 15340
95827 12018
45293 4973
61 26981
4951 31384
26107 99469
21883 62648
69946 18106
10900 22127
7077 21991
80376 60109
13651 86765
76758 81348
73463 38076
2722 65583
72004 13850
37038 6346
36971 66162
13501 96079
29316 74984
11330 13843
24131 54871
77854 90550
3739 29468
57162 49570
54203 70962
85693 25975
27014 22975
44245 2601
11819 16407
39984 45061
34922 85913
56340 11822
82706 17309
36090 80503
5425 94981
39912 22345
5050 57595
90456 48954
94167 40854
78751 50895
85750 17800
94935 99384
80281 99331
53048 31704
71303 43224
86357 32200
63404 19925
77701 70429
29323 17310
12429 31282
10546 5425
50020 15923
87738 17002
23307 36485
87352 82770
16770 55592
48062 85864
20739 30817
2394 88943
42285 56136
66722 83057
95081 73632
64793 24114
50519 61877
60848 83703
13140 18706
83495 50788
14533 91770
34925 28679
84606 11951
27252 99432
30206 11375
62943 13740
76217 68271
2618 78170
24081 42056
82105 70234
32284 91156
57351 1811
87931 62112
71558 22015
17891 6149
47820 96217
33301 83683
67941 34514
60569 60050
11262 94169
29653 78946
92800 89350
80630 70397
83122 44581
92774 80793
34268 83680
15033 27942
58678 34051
74239 77793
42726 4257
22823 51472
59355 27273
99087 89984
59966 48232
62513 21769
50233 47127
28945 69764
72573 77111
91092 37699
42784 69683
77961 79446
45352 2232
6420 98413
10042 20429
42148 52814
8160 61610
58555 50007
35948 18471
86764 82960
93884 41208
9070 35497
2458 77028
83788 83720
92259 19440
72855 77017
99625 77598
23937 32584
69375 15503
41353 12609
67348 95379
42379 55502
14880 77846
32277 56857
24678 54298
64929 27990
46486 59222
96299 70282
35885 65475
60830 28697
71470 5485
93326 82585
79118 34416
33877 95842
71521 63371
2685 97376
88965 79139
20713 89588
94642 37846
93504 12980
13532 8633
86324 29883
34591 72099
83860 89945
5701 79254
38094 6786
65148 5320
7434 48951
25070 30695
41923 17317
60480 10393
80976 21257
29995 40127
93938 9564
39614 49637
97246 26867
37016 33118
77540 97725
84607 90301
13445 58944
92617 88604
46567 90478
56905 7796
65830 23404
30957 42145
8452 19538
94313 95693
90886 25423
50842 96000
84227 84906
43974 76744
79490 38792
53007 1092
38660 67364
27779 62243
50563 75702
8508 92660
8373 45614
27028 65567
57676 58967
68975 39124
80946 87225
31735 37364
41500 26810
90293 42362
63670 18540
93598 80649
87371 268
25087 91385
22217 17433
88662 92552
74351 47929
19681 46566
22040 21603
62810 56310
3501 45535
57202 62328
36652 19120
9158 89219
27074 68830
67460 82738
32469 9369
29704 53701
32144 44933
51113 6799
51466 75672
20809 88703
77618 65983
61803 68546
19948 55328
93417 16588
32780 65021
99411 68687
77785 4060
45607 52644
97957 14062
80294 45954
32639 82896
82684 68592
39498 12933
74048 75641
9003 40863
7829 87912
36293 87596
59975 82876
97237 75195
82610 96934
55768 13601
13965 11251
38846 25178
69008 40964
92011 8699
68992 41917
81563 16670
36268 55445
33375 48409
37376 68055
35611 60249
45737 18317
44466 35921
95439 46928
37708 10324
94040 37318
10725 23634
65274 65676
82025 60212
92225 94066
54722 36616
91106 35559
98857 75661
79818 70608
90706 41662
87619 83049
29044 35247
45113 91305
74430 14443
86608 96274
67476 54936
39906 95564
84869 91111
96316 32236
39342 55569
44632 20645
71770 73437
25652 81541
17209 67316
17023 34671
35944 97549
24377 29389
57231 29556
42217 98597
75807 84038
79388 81585
72250 73091
42086 24294
9705 20141
21897 29326
16446 9369
36828 73795
59378 5416
36224 54335
48872 13635
10604 31672
30434 26393
14017 48523
20399 12501
58486 91383
13657 74149
49069 52811
51415 54502
71407 39427
35441 57301
12696 64854
10135 11923
53109 20744
28900 49622
77925 85621
61552 83053
55069 12103
53868 70450
97410 91947
92133 11791
89537 49598
42390 68072
61873 93007
15647 11759
29321 36484
11405 91285
81381 37745
32949 35006
75630 13656
92023 93096
27431 61108
56502 85895
784 71067
93729 57126
91810 96284
63859 27677
44047 68317
24939 82376
6127 38016
45544 68399
97774 91140
32497 83280
13890 91118
51296 98442
95893 29566
76375 64067
27965 616
29376 25914
92785 3710
7012 80297
30168 93742
62364 78485
98774 57537
10017 75763
96674 87777
47282 55515
27600 32066
76899 24620
58377 30962
55266 55248
70555 60874
46522 48979
13650 31524
83968 88731
71268 68269
15417 96723
96944 49582
60994 17315
78962 74845
92779 98119
96843 85161
59982 65650
30546 10676
22042 42681
36849 85901
12417 97248
97687 45881
64531 81241
48484 81628
44685 93781
8636 19509
67468 58073
17837 59893
6329 36128
86039 50058
66187 30864
99089 11422
33224 7914
65217 25652
1890 44556
51155 32386
48071 12630
1464 53026
52682 67637
92100 11059
66925 78963
3881 47776
88764 72578
41578 42435
13049 58407
96367 34451
34394 40197
70026 6047
44713 98286
36996 52808
53549 59653
14579 52256
68041 28283
80844 76671
51336 86173
991 44207
71252 42698
16463 22134
40927 17493
53126 94659
45256 9916
92229 98445
37359 48261
3433 67864
98116 37697
22294 87743
43033 83129
55445 12627
62246 64856
86570 54952
48380 24966
29980 15210
71853 95435
33144 36395
90123 79789
39276 49468
32854 79422
42530 40568
41987 12426
18234 20254
98830 97880
21845 51841
58616 67433
1392 57682
98791 60458
70706 87778
58146 37434
53380 65129
93910 74402
71737 69166
51194 3270
56591 27919
26502 82217
5451 91902
70310 52654
26551 2896
73596 78543
52364 36075
21617 71922
75348 13948
22538 33513
81783 80224
11282 80626
49545 8586
44991 834
96434 62377
2705 87736
24922 16579
63390 23496
91227 42998
36319 27338
39320 15599
32601 28084
90840 11132
34084 4839
45262 85887
71027 78790
71943 93311
28697 52615
52910 71019
35051 97946
64519 35502
25146 35324
76508 2517
3966 22354
94435 43834
6789 64188
48279 94165
81676 86056
10516 72430
59906 61894
51157 73223
59627 67500
5482 41127
88780 3091
53108 17585
45489 22752
5814 95066
89118 59733
99339 69
99785 99406
91583 6981
99119 90314
39031 87471
63829 13897
59040 34731
94233 1020
17087 31629
89238 15599
58645 71979
51625 67906
63623 18518
46505 53799
83349 78069
83400 63417
77016 87204
86925 8849
25121 54016
95971 792
1602 47481
95031 38027
34195 1138
82304 48370
94681 19782
28184 25049
87966 29686
53374 29789
71187 18779
26790 34689
94429 66922
4369 61384
42756 96875
31915 46384
61257 9084
74971 1348
71364 41207
61474 10756
4780 925
40578 25720
47737 55263
49314 4273
46901 96765
44050 64304
16251 78880
7925 24933
10201 9022
33221 25521
62674 34683
62241 53196
1534 37534
5137 77598
12915 13387
69166 77431
70131 38372
18954 67023
50126 2867
81860 36485
23308 61203
99922 81610
34927 22610
22289 24781
71355 59888
20282 31451
25293 53469
24995 63490
40340 87626
74896 72801
56703 92614
44575 24244
85445 9806
11384 37799
58495 28820
33798 78059
10069 10663
90959 6501
70263 82244
52048 71717
39503 8118
45597 41146
57047 34465
68921 94076
4481 36069
43370 82022
49762 28632
68460 16170
56538 94306
95433 50495
98483 45982
69815 80190
40751 97187
41765 92688
93341 73076
59756 17859
50934 31765
14479 27466
51380 66643
24634 66965
76707 13943
2130 42288
82095 67320
84797 20925
6194 8785
68575 91686
24955 82007
95616 33139
30449 87235
77432 24948
14508 94751
34822 51151
19844 60794
37281 36441
85522 90644
10290 50298
79588 88440
44683 52583
37231 94566
61049 93317
89394 99266
44215 83647
3381 85665
56877 91428
68805 33316
35060 61614
63744 61853
39782 92498
17656 61007
5486 94199
52340 65946
55918 77753
190 49121
58845 78077
54932 28051
89562 50021
66934 15423
31016 62487
17890 17225
90162 26486
14121 27912
18764 21221
64229 30453
72693 31484
51575 32495
52908 4529
77747 84259
59229 16299
22109 26845
4326 10122
63381 96597
34865 15193
23624 83518
90284 44622
60676 88418
12673 47473
28927 38654
31763 33551
18398 8963
11361 70870
46354 34633
50565 96286
31716 47182
60910 95116
30640 43808
88441 87966
59337 22365
59841 57968
99592 99331
96159 13323
81348 87215
84514 50504
58413 26369
12982 64092
52451 17411
58867 84141
67705 69711
64551 95426
58461 94181
82211 45505
81128 79479
24304 27381
95399 84224
10969 21288
44692 32600
72129 37503
16907 2224
48248 21957
31110 15480
6873 65643
29086 72035
36289 48821
66711 28675
6233 89070
29402 67441
26404 13457
84329 33988
79365 63166
16159 39187
95775 65704
72517 91443
45740 17682
71387 13601
76548 1238
81832 73819
71404 2121
76639 54936
10931 58671
97184 13498
97909 29672
766 75165
67656 63300
64497 25212
50597 89307
27899 35733
73961 92476
86238 37679
31724 97452
9136 62216
81598 52160
10799 61381
21255 91066
24947 63237
99465 17060
51444 15446
84718 16124
51708 53327
96420 76736
28367 85975
23932 53034
96292 69300
43090 98389
51168 57714
16120 27337
60680 55696
1152 22892
80410 95079
33960 81392
76135 80121
61259 84352
61417 38312
7845 25744
24747 83370
5422 63958
52253 59634
79959 25061
58278 53936
16065 12581
62812 46760
85907 60048
62940 78322
97417 57550
48383 36690
29173 73247
24125 21811
30560 55741
76814 68639
66929 89515
72595 18454
65893 24297
63004 16865
70562 39980
40332 63098
58549 308
31246 50703
50495 54596
75289 23071
6524 43604
59013 79293
6313 26094
4667 52922
65594 33856
70992 85463
33212 93192
18092 77303
89019 77021
49718 10354
97965 66181
54757 17274
10117 30522
28618 39289
4803 58099
30391 63225
56364 9641
16357 73522
22822 12649
6636 29246
23925 6282
72781 95379
14940 10021
10989 98578
4873 60259
80672 78136
81802 76523
57316 22263
29748 9067
52578 81841
82873 87738
92099 85338
2180 34232
89763 12407
97872 79410
83266 16352
29311 97064
62052 89928
46992 86556
84068 60529
39028 8585
44364 74065
96055 45478
62914 94959
60531 49083
3314 53705
48425 65352
70225 9705
74952 68224
62868 32363
67848 5345
61239 75084
19151 37377
13998 44614
46231 26892
26618 11700
39933 45083
83897 52012
356 46270
275 42455
97709 52859
41977 68326
20629 77540
39266 71846
93088 46243
34203 6285
28519 39505
53868 84368
77168 12525
35335 19122
67718 30212
44563 76779
66443 1858
70330 22096
2038 91736
79544 52833
46784 13471
67308 40361
1678 76107
91356 38317
51789 8727
83647 45385
3993 47854
83361 67988
95882 44366
9157 34530
10493 39309
44471 83645
6396 11874
77914 57579
36377 18406
43308 91872
94439 40280
45398 64342
24260 97560
57235 5162
67842 43122
87892 30725
89549 4346
68778 41333
67799 69261
83041 49192
10126 2451
12359 96129
66575 14656
85984 69266
38790 818
93582 88302
80363 10141
9938 53948
26372 40299
53469 27469
50807 14276
25746 64584
71993 58076
64955 49907
72668 43259
93103 51070
66065 16109
36157 43117
72520 76474
81563 28309
62742 98764
73545 84088
74968 7188
75314 16207
78127 42284
73301 81629
15460 76436
54901 45964
38801 76854
43788 92011
18616 52318
7251 76916
28678 59140
65502 99167
99091 58369
43562 34508
4131 71343
79429 61614
51813 55580
40688 64891
36632 61668
32268 15453
34750 90826
24093 21931
27655 90614
83081 81227
17360 14055
84221 69567
19511 60228
91199 88946
68965 1975
25242 40490
72258 74369
92074 17657
36760 77759
20601 87083
69798 81082
12199 2198
10919 48206
81617 12345
4895 21754
65400 75518
59876 60146
75192 84160
5320 39682
32379 48720
74297 92380
63125 45953
11565 40055
39593 33461
42006 45623
50293 54237
55533 59360
1677 58125
43923 80337
99342 63283
29101 12558
50174 17452
24951 93783
28769 36934
59887 45672
78697 16450
58607 96872
46461 23530
13289 73394
46170 4816
13078 66914
80202 81720
4698 38914
75830 51293
27816 70013
8322 59259
49616 45181
92357 95839
15467 95395
79263 44643
13682 21194
95650 56787
62438 66592
21503 23336
58847 31307
18872 50164
93021 64582
1927 4447
13686 48848
36198 76301
83247 49148
55706 14760
32735 40364
82030 68953
76399 82493
59324 36984
72124 38903
42931 56677
66280 86427
38488 69375
88232 65461
57795 56220
17295 83896
31984 92913
94662 80152
97802 35470
28710 28202
99403 71895
56837 18202
60623 58610
54106 10140
99600 5939
75996 25972
40452 36533
45438 68163
98761 20215
3755 15215
93538 3444
96625 45936
71033 41629
53736 29014
74972 58635
23156 35364
22916 91143
45085 33033
16233 79757
15144 64976
2915 11016
90133 26432
99787 24196
18484 27140
32317 92183
96508 63455
65682 41222
69516 46905
2054 22572
98093 31426
22623 75537
4033 83366
22246 99419
1825 92196
94303 35726
20610 27956
80408 77804
72660 42426
2339 44117
75061 22958
43739 45263
94054 52544
85885 9089
89886 17058
79033 55166
1621 62086
52626 57386
88961 36074
8054 99865
30692 40312
56594 77310
45917 34653
9486 95088
14365 3073
5747 68829
52072 42322
47855 88956
56102 69568
15741 73931
96024 35662
957 18182
3207 51775
71274 53215
15938 20523
36728 57854
64985 45319
41755 92044
24224 65507
19909 85384
79930 74978
71120 72484
13607 98005
74752 64327
96056 60378
82214 91026
82017 2017
76993 26382
45332 51152
16467 24205
71092 56380
31640 59456
77519 50277
65038 62705
30751 18230
74717 58100
18044 58679
90042 81795
82893 55491
42945 27398
25852 30331
34269 38788
95019 83608
71448 98871
18428 16861
65962 49856
2799 58354
89742 60958
72842 85141
23570 401
32783 6451
2062 33178
77342 96410
8518 84124
844 10463
68998 80539
86431 78789
66996 27909
8839 15899
61375 1482
92034 98613
55968 35142
9939 21414
63989 23655
13983 65218
67652 37797
48375 24200
98116 32754
80095 82838
84390 42082
66049 52337
48121 40394
39049 56132
66962 95577
88096 32489
96763 24236
5433 4420
71090 11998
98339 74504
43734 63249
6882 46121
13849 11483
98114 78020
20951 93034
51449 79916
53895 26409
40272 23220
32580 47088
49644 24294
56357 73489
38799 78242
74917 81788
35942 63463
64423 61553
58250 16469
15438 10939
26240 93989
77394 3550
38151 3247
59109 45439
31138 82898
452 75448
29919 48759
73828 3929
55314 67462
56001 46076
50682 26164
64234 630
94860 49895
68577 33537
59348 20769
54291 42169
42813 80982
8224 61497
32989 14636
75469 95511
94543 65570
69592 17272
23794 14367
23946 73042
90944 90035
33258 96750
68252 44360
58314 21387
93040 68810
26808 70644
25363 77111
31373 13436
43875 32556
37404 69894
92186 25818
58074 4870
5888 81903
53884 24823
20833 61878
27785 59513
61593 755
68216 84025
95602 77241
88883 42486
9516 30322
91245 20105
71283 46307
5217 28893
83988 22747
5198 76555
29490 21413
60375 22774
5958 34486
40847 42658
57303 78668
18247 91581
57756 34940
14715 64975
2550 3099
97266 54470
97509 60222
19096 24473
94432 52274
51005 39939
74053 50120
79815 8103
90510 54374
48854 68444
60723 86289
72507 95688
83127 58358
38787 53081
84249 79632
13183 97407
8868 91251
11492 30279
76122 21180
40541 35083
84423 80033
69146 91758
19425 64906
26794 97060
9393 56524
91409 72246
44883 56898
29313 12546
46403 64572
82562 75222
64712 33046
37498 30145
14881 14327
89372 22067
85949 36667
380 19637
80435 5940
72941 5988
2099 11404
53122 30174
88183 64455
46051 59060
47749 40640
75136 32295
60889 96209
71881 44403
5977 65144
30690 36497
77923 49922
27720 98111
14035 22023
29930 53762
2300 56262
51489 96864
44572 59537
64293 66293
89848 8107
6591 83977
56104 47147
82893 27399
34476 26041
85816 58653
53750 61662
25314 32766
