100
918546 842078
942354 694582
182263 130302
241667 990087
244823 89785
684815 383257
863518 838646
658029 277970
133057 943979
938377 969398
537486 205810
380032 251019
572507 954154
146828 446312
20795 890613
97611 564561
675852 584415
795600 537473
457313 603345
167194 495642
366196 313366
511938 62112
725502 619460
222773 50486
930334 350122
517628 409082
46632 473354
532442 176719
324118 41902
107028 636349
69207 250234
95026 145507
405322 304761
680549 843199
741186 603064
898034 314350
364066 3716
6255 217467
202474 933800
552459 503553
752545 791016
747904 836446
175897 152692
879196 805425
930405 441362
140860 941588
145711 387072
400706 731976
709712 807149
793435 42296
87344 413834
833082 234979
737936 651934
476269 183826
220612 385284
852293 983575
796568 351141
198881 811130
159049 534301
356637 204577
944200 27065
989274 917095
194623 480290
373065 398047
697424 230525
983559 376844
302725 186801
205550 252833
606601 58073
687597 438972
113518 589270
103339 838512
71973 781605
711467 562651
457697 976873
47131 953773
110095 572012
154541 86540
786048 942720
741108 761283
86275 454551
333895 759895
85002 463902
293899 77305
705321 803928
942851 228599
40988 839538
881805 119344
935842 567884
771409 639811
97314 218653
918804 732893
993598 608852
408111 630921
289346 575595
923245 940916
388553 19794
350078 872726
725890 904434
209833 79321
100
836668 110673
96473 426442
976580 104656
338931 898085
73615 647839
323448 153146
666696 292102
8984 615431
226637 77576
587538 519634
193517 799305
900364 789304
744022 631264
716034 735197
232015 677521
245270 232276
409778 504825
832886 161488
5260 495421
501874 556520
729548 482548
46554 775981
991553 469528
147432 544038
614828 33322
538471 747244
188147 330592
142671 932902
402690 69452
992870 548734
52151 746870
811017 608953
79857 845569
987583 75760
545706 953650
400326 517379
157816 694504
978644 673517
83011 505112
18895 174628
191843 627057
254172 693304
193405 861899
179033 183446
331979 375405
841189 543691
970413 44660
161187 873820
533618 172291
459953 876492
259618 462743
588906 646706
347501 427768
967746 356646
696471 48454
741551 320726
565453 398945
95169 769650
83871 768866
694558 375922
855641 954435
271228 208345
912058 768087
771393 667438
58134 666725
906195 317130
410543 3257
897241 638996
285342 938344
95346 6524
590804 751400
801093 251716
946798 852913
945022 682963
863638 345155
677712 136456
223278 913846
121069 27970
439699 768522
261165 9968
931926 534492
668564 263052
20814 136845
773216 225139
937753 132151
57218 402379
78849 240664
537984 686127
144209 34388
489677 956788
328527 640376
134327 121554
977781 223733
142773 809454
866950 903823
550747 544101
943601 775133
484986 547960
617248 738610
293480 727235
