2100
19704 37776
249 91800
92268 377
30023 72823
33279 10354
38084 56572
50113 72200
64861 7862
74044 62650
59690 7104
62866 26403
55981 74415
13678 87946
17002 10884
61122 32650
81105 66811
88370 86807
34751 10201
68548 59720
87010 7346
53558 72256
46104 23775
13485 34778
92885 66527
89103 54413
83746 74129
94670 35563
40094 63952
46340 55199
41589 64543
61342 50826
98645 34649
47109 41043
77153 29511
52640 78624
71619 58946
69476 93605
79350 81584
27250 76955
98095 63105
64243 99542
86872 97644
35511 21585
69642 38312
88015 2605
4920 40777
6165 40260
12982 71085
10992 10787
73117 94467
37701 80051
31990 90212
37223 53652
55521 45839
28414 27542
70442 66029
30936 90375
80604 4694
74034 15393
28648 49365
43296 44050
74453 86084
52238 75032
73229 31890
58771 54408
43501 12729
31997 25654
80903 10212
9892 55690
61621 16483
19705 70033
38307 64929
14599 83728
33790 56076
99367 90301
42601 794
27654 84986
53300 23388
33238 97006
4559 87330
30509 36905
38019 76896
73529 18794
2257 10259
53999 33338
55398 81559
44576 72689
89626 21369
76098 84253
49123 16103
18729 52107
25666 71895
45333 10284
62358 27739
46258 30836
6261 54983
30497 82353
99118 49092
18764 1027
67351 17703
69647 55957
17656 76162
29678 43418
7996 17113
47729 18582
27242 31492
58871 36566
14345 21622
47692 59486
47148 56857
72559 91928
43700 40599
60556 97171
65054 69124
18363 95680
88030 24109
30667 50190
31879 6694
198 72568
46722 99623
5218 47266
69087 34686
48052 94912
24132 71424
59735 22522
34437 94849
24350 53659
75713 19301
36682 96329
35875 97089
39003 30783
94149 60555
54936 60939
23002 86359
89268 80359
51864 40372
38413 9447
2805 69770
73254 78907
40611 70501
73592 38114
42548 10625
76846 61497
64133 37288
79062 92766
15146 57083
97918 1012
63302 1998
88627 54039
72006 67607
32839 47418
74156 78201
16930 20065
95868 91566
32898 13691
25078 60875
21594 64714
9912 10349
45953 12282
50141 80608
62443 49617
3641 9116
67176 13225
45581 22306
22984 37828
31864 24100
93170 61959
72306 38440
97724 92081
78674 77151
8307 25135
94436 79573
8933 111
39312 98749
34482 34683
96381 40252
95318 8085
81855 14356
86732 54867
69320 63094
18280 91571
43295 96158
20568 1565
46832 47864
86210 68417
66528 13913
1645 74207
82538 12872
71831 79450
95541 89823
11292 16469
73958 59434
43197 81888
64623 32708
75821 61581
84179 62936
99918 75608
87823 71031
11486 12040
80291 6831
15360 15857
91415 42988
55229 16033
92769 43189
305 11894
25547 2701
55303 7581
13744 41454
45682 99594
67445 31200
62776 66663
95645 75685
88688 10342
3431 62388
79688 16144
37612 75382
5973 88078
47055 29411
24152 52642
9655 99556
73258 46809
6717 15465
19662 27838
32678 91815
46966 64084
83777 85252
71525 47910
88438 39184
65199 33812
40843 14289
88100 6505
1113 24338
61530 83648
52249 94238
22734 17418
14820 78172
18012 95575
67153 93696
4314 41560
70851 60563
44381 24386
11782 22910
84639 21197
64465 53905
21883 35303
73211 61221
46570 78137
19066 91059
2738 15280
5549 26137
1510 89909
94877 60616
27784 3068
59229 2190
32461 32215
26096 26227
22823 12883
43971 44120
53878 37508
69273 93284
51997 69618
8699 11423
96621 49459
3316 1349
51441 2983
58291 52605
51850 99074
81007 95194
86581 79199
84681 9910
98799 7310
2098 82986
4328 58246
78148 92297
93738 70438
53489 74096
78923 48108
52396 25836
62169 71691
50292 62130
97428 25753
49892 98730
7758 6520
31198 99438
80698 14220
43980 66826
44659 77064
40189 64455
87823 12549
15304 50284
30753 1598
27950 22906
56233 59794
49301 69358
75326 46671
65568 95133
62755 43305
57973 3294
3832 40925
8117 26570
79943 23357
45006 561
12889 955
71326 6420
20970 49575
83294 12623
90085 40289
54352 91815
96764 63517
85615 34890
77814 24
46681 77136
7541 12686
83038 37144
26414 81719
95946 92498
53742 12071
14564 55748
84067 60584
15627 62560
86161 62658
38014 1482
41153 76406
31430 88407
88210 46003
17226 45397
81566 47998
18161 95454
13938 78079
94604 81272
61451 30954
58477 70012
80720 94254
72752 37945
59111 48733
54350 26157
86334 59133
89782 14454
36863 34707
22256 13842
98177 12171
93928 99794
19746 42689
1354 73707
96393 57225
8680 13403
4202 45610
64133 74414
40270 38160
10999 83614
31456 12479
12821 99945
36894 79350
73875 9577
14557 84742
82246 66395
5730 91142
98074 18844
93586 99895
83349 9695
93402 17414
83982 54087
14880 57918
57063 15107
94105 62175
88825 65297
26206 35978
62134 13442
94885 93660
71808 39049
45599 82151
55553 30500
74373 28638
41899 36438
34958 53596
52165 20511
68662 67923
44078 82888
39081 22323
50936 24850
52898 73526
65007 253
61618 15936
358 76408
9536 56723
48253 32940
16094 69819
77841 19411
18991 70437
72444 92065
47670 80501
89149 72644
83050 4733
29087 91971
7545 80426
50488 28065
28419 78801
74380 6274
59309 53683
42582 21891
6145 83174
69594 10359
22313 72632
21900 9801
65221 1294
97570 88527
7151 56391
32536 32065
9823 64556
16780 97748
95589 12804
58826 5474
10430 27860
11143 79850
87032 96514
711 45450
24080 86296
39945 85167
17565 79965
71617 19927
87755 27694
34320 26474
56582 76724
51359 92311
62993 10950
12315 37474
90193 80685
65877 38778
65678 23224
69598 49294
94834 24536
51330 88481
69513 12984
63581 28543
2575 54372
43047 89806
93450 39683
84045 29646
13079 66137
97215 28066
85705 9819
64793 10949
11693 69376
80433 55959
46920 22943
67945 28648
27387 51740
5317 80432
8329 3375
62289 91123
38322 85524
53270 10609
53616 29061
62152 75472
52806 55781
29429 47492
86578 39322
86447 59210
75818 89691
43131 23932
81676 38077
91148 98563
99005 25797
70055 6528
73238 82890
4859 31639
98530 71226
14956 25450
90419 46540
70925 37448
65609 53249
89825 98075
72646 46588
52188 91019
4508 98703
62168 1989
91310 15737
3135 74929
50579 74443
7555 31485
43159 37047
99278 41678
92227 41382
92048 88026
68465 35710
38829 57463
34328 87604
14828 2374
98589 76744
93789 35991
1048 1596
31331 66264
81798 54455
48210 55110
34850 9263
61126 85763
39160 99861
81841 75913
70527 82276
67565 63341
35552 33282
20802 87593
34634 64650
53425 56333
26841 13367
74724 4719
3886 78625
36608 73017
63603 68482
93856 43101
93439 50607
42350 52390
70475 45109
23144 33542
69419 51630
11104 79814
56861 81593
56621 32269
64321 35328
92977 70724
72725 79477
87983 20640
76427 35707
25741 94304
89664 46993
21735 79514
14892 62406
74867 61561
35271 98761
13802 30835
53303 33150
85416 57826
32781 58715
88732 51279
86224 80523
46260 54771
98134 57782
25556 27159
59208 84814
42348 57419
27626 47259
908 81704
99145 16463
42877 2650
10752 96373
23698 25489
81655 54252
34026 90461
50926 62508
84998 84255
88988 14112
59922 11260
23975 79302
33022 12072
11087 70361
40499 68445
1755 19819
45407 89069
85541 41816
68835 8442
56771 8945
13696 29493
13144 11577
19606 9136
82634 28662
58439 79203
8107 83447
50659 30401
12504 95370
67912 58160
96775 45270
46203 88223
21652 59566
61193 19862
1389 6433
1539 89506
95018 19880
61698 26481
1448 88147
93360 73628
18700 88010
11393 83457
73932 16638
28598 11414
68583 84902
4416 9686
61430 7530
73450 66265
59723 31175
86543 11506
64809 64705
43217 80498
81728 46283
14779 75000
51961 11597
53039 59934
67376 72186
87280 44288
10009 46332
73364 5268
3453 59515
37516 77092
50545 61460
60065 21842
60272 96704
4774 4697
24450 52501
94465 50400
70930 90595
70854 80799
89046 25603
36448 44990
58602 66025
3181 70035
15362 73253
48704 13195
32978 50757
78445 56234
64841 18546
75391 80208
83077 84918
27227 78717
29425 4430
17626 92975
3867 85673
48406 97499
61309 84911
37268 36630
50838 85412
29622 75270
43575 43974
31944 49399
62396 43157
34302 8568
34492 87828
12926 272
42377 18042
45960 28246
56592 21222
17159 51412
21394 72990
25098 28499
74904 28372
95096 74593
4772 28317
26442 89796
458 8474
74762 4239
34 1289
78037 65057
82213 11662
72470 39343
47125 56151
70635 34410
78750 96243
6324 55190
41382 11748
16195 69252
53307 92661
17715 26505
67114 27139
53378 84268
62854 14737
42721 11060
31068 95141
62537 58241
41905 57469
2082 19080
94679 61936
24915 56820
92099 99321
30367 2047
89151 77916
99492 15313
16524 69370
40832 85039
96011 24114
51591 63405
92300 93034
31653 20743
41835 99424
23213 11802
70772 90439
99776 73094
97334 5419
84033 65086
39126 12549
94435 34578
55115 63092
78808 90474
15690 66316
29107 85023
20989 94184
71402 49733
16448 80707
64923 57020
89095 67636
28379 76483
57619 63990
77075 82444
6230 83983
37996 20409
41160 85866
59405 35697
53194 65574
98637 19944
19353 98892
55429 16382
89332 57548
73108 74036
89914 9830
69340 29495
43259 52399
71949 19121
25254 41588
70158 58091
71731 82006
5238 89412
1632 59544
22 40467
31434 3165
2326 63648
46451 25492
63366 33157
27390 73532
91145 22833
61376 22167
95457 87265
45348 54841
7018 38684
19112 48321
17081 44889
36156 51500
62951 99254
38044 80283
32892 40904
84345 96103
56329 35141
60999 18901
52472 8296
4337 96753
18076 8198
98101 46904
50945 50807
18021 92137
27220 86292
58802 54674
51026 5333
58604 65515
8379 31761
55422 27659
43815 36336
22484 50817
98237 32450
89929 93388
38249 23533
80926 10561
92954 38578
28371 42883
42569 57290
63322 81099
69575 87632
33242 59409
57440 56670
82041 72039
25190 99730
89400 21306
1224 37409
62314 88558
65601 89586
43943 10291
21920 44960
93805 35651
76389 88946
62364 64243
5171 25885
75656 67669
51340 77480
88790 14525
60747 38235
61760 87662
81782 72419
35073 3813
51514 92678
4961 15344
93305 89171
94994 43684
72082 86239
6153 45439
61825 75367
40022 39778
64547 72352
87187 46202
18411 1435
93341 30099
21598 5344
86493 56944
73746 5573
88551 11309
27317 24095
87906 83563
95265 68002
15825 96421
86527 78618
48177 53315
37962 49254
3925 44465
16150 66055
32083 99419
43052 61674
20628 51818
82556 43297
44933 1600
39275 42375
5124 40849
99042 82008
92956 15148
5275 11291
23320 92996
65425 91316
77964 3125
18700 99812
52319 67855
58763 52516
43796 67710
6532 24203
42865 70695
29723 4842
8114 47553
75094 13743
84911 54593
42827 12468
42930 95423
43847 96485
75981 55214
14822 82765
29684 7561
78858 64209
41236 47743
27956 65132
49451 48105
41878 87468
46550 12524
60986 37356
19315 11362
66390 8792
45174 62465
5551 72310
43665 79625
95361 21477
69008 60658
58276 59258
90996 2632
22362 53837
96357 95714
54655 40789
90788 31143
81457 80967
31229 62508
48556 7148
25321 25982
88727 42437
14263 74150
35314 7896
39734 73121
68872 89981
26080 41679
63586 4966
41706 37685
42422 61552
93811 50696
69285 76923
83032 41604
97353 17421
73645 84754
62119 22209
34431 88771
84513 33853
95131 16254
67286 57472
5315 43456
41877 98775
53771 26532
19211 95791
49307 76148
45764 68494
38917 53608
61491 44236
7232 64945
47023 47643
41217 24200
1629 32935
46792 40272
59045 86937
75856 6111
36857 15429
20031 34215
87618 41826
86632 88895
49998 76762
83288 17210
26752 26491
71948 35239
67145 30811
83438 82509
50627 81332
42947 8712
59931 51690
64450 41086
44666 33702
63934 4051
20459 3097
35821 15583
58140 10127
32849 59464
26457 14392
19725 2028
87943 60973
16582 46569
19709 69860
78934 29801
98361 55928
42665 26595
34660 41090
32440 9407
50032 50118
39140 19060
81242 68968
72607 80837
56768 21961
45498 9118
95343 84804
43527 25707
59824 1021
72459 17824
12196 18604
17670 75165
97766 59043
83028 64792
48070 3722
3985 24505
48076 96147
45705 31308
72651 4057
48351 88864
57079 93541
15615 42736
9545 70654
53599 1107
62054 91141
95635 58038
15635 48754
84269 44530
88080 41641
52007 14698
65175 38103
12258 39089
79035 62912
97385 74384
7336 29252
36247 48636
29516 84525
80280 29884
27344 45793
41076 73427
66363 32091
78724 25924
95565 8253
91142 47680
20990 42493
57738 68718
33602 62129
25058 42855
40147 33419
37915 36354
73882 45763
17906 98263
85447 75158
6469 76894
41501 26976
61882 86493
93649 36805
76923 30790
53485 45332
69552 98105
33606 24605
77671 17763
87526 17827
66797 76977
77182 15200
46251 31026
10325 97683
98332 82595
70753 2008
42871 51875
71867 49663
36820 12275
48444 20983
69535 83318
68540 84643
63154 68891
92133 1349
18277 96851
93497 60861
67972 88778
50871 70501
39786 71845
90507 96168
87981 95050
23208 77542
55502 12287
75587 38390
90019 70139
71702 54483
46792 58052
90707 93428
71354 36089
4820 29515
38913 33529
62139 58495
70562 87802
77126 42242
68788 6957
25322 84599
87206 88627
92395 923
95212 85057
42758 93827
61997 93542
24136 7403
11600 95477
55707 4372
93813 19016
57046 21843
4496 11090
67931 7058
58302 13558
63963 7065
36620 33482
15692 27962
55573 68380
64771 94646
7501 9681
63671 53333
47163 3423
31562 29590
89929 54348
9241 94630
62267 44578
46694 57667
56346 5802
67792 93288
69768 61997
25855 37598
5773 28300
30119 56329
13091 68025
82231 26717
76468 53638
38379 14151
59859 60250
40411 90857
8107 54927
22207 96089
89224 53299
48381 48054
19599 44338
97956 77250
54477 2318
25797 41450
18251 18301
21718 99347
18997 78470
57732 9781
29066 75929
20968 88800
85121 36955
22323 49467
78073 44015
9959 89662
94772 9505
5883 51187
21370 93757
32145 48096
76028 73247
65443 88487
44162 96889
14530 58204
18074 9689
50390 30009
88737 69447
81357 58326
71390 24118
1129 9596
71515 49555
85042 51327
2837 76792
79254 53276
10741 14915
70289 42624
47989 67957
90545 18217
21237 92341
6521 24567
74617 12604
84810 34397
81269 32704
91564 80874
47536 55857
6562 48319
87422 96115
68357 732
97515 58590
27473 66108
50959 52380
19929 39724
12178 42537
63524 60486
14290 25557
10293 83955
26834 59013
91743 61439
81344 7804
86904 47884
97169 54903
89924 90863
84373 31875
53750 95339
36119 26275
97038 79762
84710 10615
53679 8301
92954 26221
91514 18937
51592 20205
23790 74550
20281 3230
22574 78110
16511 66934
99686 23135
954 67416
77766 73756
47763 54365
73443 29129
41089 72839
78364 8080
11712 56155
59735 53473
50476 77446
95856 63280
12996 59295
98376 98337
35778 38575
76727 52150
49926 23905
57220 78614
21992 67022
71767 34377
12021 1811
64358 3536
5639 18291
46405 21379
18129 71287
81019 97173
76636 81480
84147 96122
46609 88620
45971 9905
75912 71985
4777 42847
21899 98002
21738 366
84873 82749
20494 45056
32714 94876
49196 90675
70275 53277
66857 45797
14213 52682
71407 23653
74052 53722
51568 55156
31742 49431
41304 17708
21951 34817
81620 15154
41426 39352
90573 70674
79836 37871
73902 92654
92087 43466
45666 93720
78826 30975
59927 20332
76871 29802
8060 71517
21087 65726
59892 7817
66626 97103
86087 18288
88978 34734
4710 60729
67435 79494
61180 27467
84476 36786
6373 13477
21435 40884
72571 31620
81424 70382
40684 65616
80726 84757
27712 22479
79266 16537
4229 55641
1740 44505
94554 997
95215 97975
1120 46714
41612 30138
53957 1054
90057 21769
39928 15831
48855 50568
3620 48372
30875 67782
68945 87575
44971 33007
33620 90834
74954 26777
64820 87424
84391 32723
95211 44702
25633 84006
40891 68375
59997 80776
22771 14068
16289 42215
49980 52444
72222 23038
74621 1707
47943 13575
1477 39438
39437 92094
4425 48067
32573 16557
35965 20612
25207 74492
96468 12918
59400 22792
64089 89037
6308 53123
21988 52856
7244 95409
71114 12577
45560 13117
64718 66955
72227 59569
84911 82133
5267 10466
84713 89109
68688 66316
73318 85397
42513 46880
80886 48094
85674 36827
97527 17561
42267 27177
5176 54426
84338 43658
74999 40315
1860 35038
35456 73565
44955 21942
16560 35003
12320 8174
55513 18740
93786 47181
67728 9137
89428 18263
50971 70094
11776 95506
25303 56735
57875 84955
21635 58562
79177 43014
5428 37421
16572 58932
46551 20687
2033 76790
80742 61858
50470 54984
73444 71597
95565 42687
84900 36626
59164 83184
70003 42275
98352 88425
71816 17796
6194 41559
31385 26079
26981 40674
93170 76950
67896 58890
81600 19921
68482 50917
42395 87447
18645 39404
92701 16750
55846 3482
54108 73060
7138 57066
5892 76948
28849 50913
99368 96094
15779 3775
94846 28232
75929 37510
71270 74980
62644 83321
91118 9613
36399 40889
33616 40978
61657 47875
49727 97791
4561 11465
76031 20211
30263 7351
33325 96003
59046 38736
10287 71086
79398 41886
46806 56436
14120 18769
90037 85736
40352 30338
4722 97300
8917 88774
54366 21690
3782 80777
85612 15077
90854 96281
55685 75186
55841 80497
53889 61302
15007 44972
26028 19231
29999 96877
54389 51632
14104 97849
41181 20410
28523 70443
72767 54405
62350 62707
48930 20344
84999 14369
16446 55437
93928 59221
34884 29603
31867 61764
67597 54727
58108 1014
45338 74137
45589 3781
5248 64559
46280 62751
56833 64214
64993 18388
57060 47337
27264 42146
36485 48079
75290 4537
39654 36517
70128 79124
46155 16930
81310 99106
56010 10270
21448 71770
62159 82367
79913 41858
22725 1605
94573 25876
55515 85080
53056 49099
78298 61502
74368 5263
64644 2191
52521 59697
21219 56907
6181 82154
96952 13409
27120 14598
72315 19886
38358 13974
22840 48051
49099 71924
31309 43264
63191 56926
71925 35770
9138 74152
93948 85722
95218 92990
32715 33209
75227 36258
6142 42323
97042 50130
77981 62743
96949 32182
34176 26722
18270 14272
73407 82190
28098 45400
75986 11649
46909 39328
72697 72114
11312 89919
92913 38164
76271 1974
59828 17463
76893 14118
18724 27083
57635 38105
71180 67512
98424 97259
7821 88688
52146 69635
1240 20530
15245 45778
85021 66917
43675 77306
26422 78572
98100 66145
31817 72809
86300 4626
76570 16339
83056 39186
12062 14802
46161 25930
39843 15544
31821 3526
98720 15998
69923 43513
19094 63602
49265 54274
23649 54230
76893 70035
14555 55408
56126 74147
84299 11752
59973 13843
48735 37350
65518 49938
69579 33654
97551 80077
77834 89792
35087 16928
20123 46079
93087 71758
34101 998
57968 28132
23343 31641
47462 41973
91225 80726
27999 11068
2306 28208
79921 61276
49429 88536
91884 79416
15321 921
86683 39330
11037 49736
3494 59217
41137 4626
86584 60292
55495 92770
20953 84498
56692 78321
39155 55491
85144 95078
41589 99717
74636 29672
43224 34497
36100 50747
5089 19923
5910 7122
4345 23422
94443 16572
77203 93332
39601 2169
38985 44249
39714 68563
52158 78666
33285 51738
73025 65044
8574 80945
26946 80900
16859 15334
15427 17322
13043 35743
69209 30715
39592 19312
67949 53547
50667 39677
23735 15807
48240 33292
90426 74965
57692 28133
42470 4682
39545 78957
7518 88407
22538 88842
41387 65877
32079 45691
5140 86060
34398 46527
96310 44202
38747 74222
24359 99421
5800 96294
39920 32020
33542 74625
3612 35422
51284 59331
98408 23151
52757 66048
43517 27964
8051 20494
26857 55008
37975 22076
75758 38889
42045 36561
86976 46603
73633 15413
69488 17759
49 46878
51358 94250
68086 23780
90523 45925
35115 58661
1899 13756
21779 74379
74216 80402
48932 12523
57072 22243
17125 73502
7923 49112
64093 25144
8362 36131
41974 19962
97440 91873
22141 8611
80655 2750
13951 63319
93012 79590
71414 96737
72275 60189
56051 73000
26713 4887
68496 53623
73570 63742
79137 48723
65605 65063
97751 96284
40940 20494
79938 74204
98677 85697
15534 82712
30832 52823
82786 46761
51033 23966
85888 48960
24174 44342
31845 30540
72510 25575
89971 73850
90621 8544
38747 97183
10498 1790
49393 33044
84915 50782
59276 80331
55612 91214
73099 98340
92971 69067
14353 64674
39380 92213
58215 4510
7554 84954
81939 80310
90223 38581
72889 91597
44081 14018
69107 5855
7117 76922
80365 27800
62385 48521
65316 95681
24900 67309
98624 9012
71472 27317
23118 3749
94964 72491
10720 46852
64388 40263
54058 36575
59997 91508
68258 58693
12251 88077
91788 85964
66331 85689
84702 78034
1742 44813
59967 92646
47283 6982
39338 74759
95937 63123
66807 70272
83563 78747
46944 30420
2816 61564
32693 88874
47346 39310
65027 77076
4561 64230
38517 15689
44651 59826
48628 13118
96456 72667
69259 77888
10525 79630
91849 59950
3022 32432
81535 32716
23131 98097
52093 59727
32332 72332
17053 27679
72859 17867
53579 97784
99004 52712
20844 15096
88284 28843
97401 62866
11900 73666
34671 28729
64421 37648
64491 9641
31115 73279
59342 65952
8126 86373
92560 68372
38629 4124
86131 28858
43131 34525
81110 18366
20598 2535
22139 71900
89374 69730
581 68562
44774 54590
6402 54850
78394 41949
64306 61320
61630 41589
53646 90336
73088 65707
56669 31834
18129 96973
60593 31631
99167 56345
77095 42568
92978 31942
49451 58544
85938 52704
68567 90959
38423 43
94700 25870
45503 1441
41488 26293
79319 30316
84482 28913
22226 53118
33827 21906
70698 94176
20814 50754
41149 63336
37351 1769
55424 46882
82716 73834
15664 81027
41134 87226
96369 14314
80458 69455
95254 99612
25116 43687
79250 76045
60886 27363
183 93140
63423 95096
50271 36368
89953 73203
98564 71214
98961 74236
22123 64009
36143 40021
8954 86858
8660 51135
77231 53662
65780 610
31170 33063
32975 19730
79462 13682
95861 31609
14201 72906
83207 40969
13425 86440
38077 86729
47535 65740
26345 10641
77025 69701
88068 9327
39557 29375
64958 79866
72418 56688
76671 69118
22399 95644
30426 10783
77649 23622
82182 40240
98213 64343
14316 71369
15036 21880
71629 65698
23291 17513
37919 56443
84637 2040
71394 94516
2397 13859
59550 54575
79569 91556
34113 51517
96234 45748
57843 35466
5220 29235
72243 45190
67304 37275
27565 73849
9342 43800
63955 87742
72812 73406
68950 56099
96045 15513
25057 79429
87885 95252
24602 7660
71740 8846
93470 9749
28310 95943
96673 76585
33387 10737
92259 69447
44884 81774
24417 62145
3753 81886
40885 3263
2297 59561
98622 23017
71974 88695
25296 36544
14553 8813
38685 6699
59253 71695
61725 93363
82326 37497
31503 58404
19787 71252
40317 48786
27154 81031
82342 73829
82093 81930
32112 47075
70637 41905
76908 50388
20216 3494
56260 73134
48816 46493
8351 47871
83551 9988
36994 29843
46311 18663
60928 42738
76620 37476
94594 61356
15820 66612
34483 93599
50350 33083
67182 45672
25577 33713
35742 79405
56514 27279
89495 98918
45427 38459
37066 53471
23319 97083
6229 39405
32465 90074
71763 34907
98251 58922
73837 60866
21837 88079
31036 61223
88978 13179
16538 59337
17749 29024
3340 90160
83527 8145
58252 73470
49066 75524
81692 89946
51479 91030
74595 44542
63793 12697
39662 2454
21023 12629
19310 40307
78931 84269
10457 70524
39121 16234
33638 45255
89719 48614
66589 27859
17087 38715
50549 60149
30478 48416
34550 52636
44991 73235
42033 12475
16187 96187
70140 15858
2606 27777
39798 23172
51376 78000
35237 56345
7788 5607
54994 96089
39711 94624
39219 10800
4074 93017
21908 63584
80768 62873
42956 59960
81330 46189
51826 81293
36468 6473
47916 3035
8696 43916
60377 21416
90821 52709
88192 32738
38629 35695
14462 13339
24993 23525
77180 36348
12177 5990
37743 79918
69219 37592
8892 73532
31652 30160
67016 82401
45210 78394
18020 76307
80679 66855
54143 38586
40733 7915
84438 31086
33138 21343
58703 48654
64196 97440
62490 34060
17029 97410
14411 82700
23127 62611
92471 2888
17051 98175
88268 13245
39910 34656
64312 17797
47255 60450
32206 85641
48882 44314
39342 80765
84545 54280
10964 13785
9193 33023
24536 1336
38882 67009
35586 26046
97223 22970
21336 44296
29135 56070
31947 79612
4493 13679
64316 75221
71529 41792
64160 93898
63841 93831
21416 90662
64900 30172
99196 74763
65328 80078
30336 74415
42321 67349
90547 19424
98456 88130
9201 63081
45712 41271
57585 89691
75159 74968
19121 86305
50816 92838
69300 32662
41344 23933
94393 49045
989 2035
26046 36008
9334 61375
69819 44877
86217 46189
73155 28509
88576 71486
13997 65158
94027 379
18627 70199
18673 25966
43940 9270
75375 92568
20437 36696
46566 7989
28524 60475
94530 19110
17272 16026
4733 1132
31978 71004
70087 8556
29061 3146
3955 83116
26411 62649
68358 30298
89751 7397
94986 60836
19724 1765
73088 1825
20448 95856
35741 63672
77070 26077
18221 5720
5492 67583
91454 27497
35610 36516
53799 94789
51862 2848
45251 45035
52659 76811
11999 79746
7315 56290
17500 62853
65409 67890
21081 3995
33329 3012
89946 3267
75829 25310
77933 9858
82561 67836
51908 15084
4383 4829
85126 62569
49177 89826
62447 64458
70122 99543
15061 71295
31061 82518
22714 40103
17769 9594
39060 4854
79177 62001
65015 45283
47053 18901
58486 30395
41274 86731
72578 13360
79983 4448
6088 13098
93221 88464
47549 34571
79012 48379
28737 55783
70893 48556
71092 97573
21316 38502
98644 51157
58041 64184
17733 40513
5937 81901
60204 1770
41291 50081
7244 18198
59987 10893
68612 54656
43257 44433
97804 41144
14841 78450
71473 65587
16692 74132
2389 80984
31091 55662
35047 78218
28441 28757
20124 46512
81732 62851
72679 42244
57972 43241
30396 68749
68647 81989
63758 81273
9992 90487
45019 14961
1975 37594
98896 4929
95278 69510
25419 26335
56362 38240
38444 90303
39881 72735
57815 8366
70549 10875
72543 18797
89300 62423
62572 8003
26031 94545
64800 62544
66082 17591
48183 42220
73320 74285
59019 84983
73315 31144
36541 99024
37635 47418
72562 15939
69223 67717
2416 43476
46793 55462
44060 82723
52252 14049
74796 25909
46271 66273
70759 68685
23514 13172
58995 14368
99576 19566
61689 64300
38988 24305
12782 78123
37319 79298
19047 55914
1436 10547
58615 58877
80457 4660
8053 10955
95761 96093
98121 78028
64293 66944
39760 50117
51773 85992
64525 87194
18246 2956
47747 3338
72914 52724
37197 24161
55424 20193
44497 74514
55395 94780
7987 35596
59131 39020
75256 13593
65934 45484
74941 39163
82421 40857
75321 17344
17227 44165
90992 69353
15123 4102
81527 35403
63077 36622
18441 4324
45052 52528
14959 85484
63358 3268
52940 61497
36395 52153
748 6966
55796 69695
2099
5140 58913
68199 62117
83838 65876
13283 32860
75130 94647
77182 67828
76768 33906
74375 7121
25154 16416
43083 1594
7912 88386
83867 61314
96800 6813
65978 80765
21080 51027
69940 80139
67631 29582
31567 15503
80471 65943
44786 19641
20830 60302
23330 60016
46679 1827
19613 41750
93478 84371
35213 81025
3765 16021
61828 1350
9019 59479
52187 71735
56734 36762
90875 64760
96603 96240
83524 85269
62770 65784
62796 18068
91228 9091
65487 76790
25014 61316
88165 38353
85469 67343
27373 48710
81628 69224
12849 5227
89446 49123
15286 43492
17360 93118
12135 59409
10101 92204
32124 34618
68174 99279
56774 44486
26086 12224
11504 67532
12123 84214
67641 84743
91613 8504
42600 86129
46926 76613
46797 10653
66328 72186
69462 54360
32263 7690
48003 87501
99620 79124
94915 49475
86890 3138
77611 20891
77235 96531
99464 44876
36118 64269
37397 94170
66977 23941
42193 42092
72643 94292
81403 24240
40104 85528
48638 2476
30801 84353
59570 67881
86636 29947
857 489
19373 33774
75334 25385
36982 63203
19417 25424
14535 75201
9167 65041
61130 55678
5577 70724
73740 40295
87648 53293
94573 14597
4429 52281
72821 75148
82163 48726
27680 32717
32922 48348
14295 97622
17260 17453
51678 21213
6973 49107
19436 72571
23231 53706
77264 65762
47948 83889
63608 14153
61271 31394
76027 99807
79111 41886
35488 16944
10646 76176
99292 53526
1081 25436
27243 83026
32268 45658
84514 80648
72960 24229
53281 25034
67082 63798
86682 45178
86412 26189
72005 86942
62974 27855
69502 95236
81833 61250
22244 6167
15962 65479
11173 63304
63613 85468
69488 68833
65519 20850
38731 37178
18303 82390
75843 40178
80260 52633
64418 80897
3320 47400
92236 12361
87231 4168
70599 39094
17198 2759
83337 72706
72976 33701
84699 84199
19834 79011
98116 18061
26879 1768
83544 19998
48929 75507
88850 11756
86623 97458
34367 88490
54579 71818
774 81874
72447 58627
40610 19680
24286 18374
69471 18221
38101 63549
96900 64169
87157 25946
26993 50979
16170 32092
70013 94151
58782 4071
16505 41479
31738 89331
24450 6242
45353 19304
30684 50546
82334 20602
44559 87553
1392 3618
48362 16194
34783 36901
89103 2760
24827 40686
58449 37415
13711 83508
82035 79806
59943 6662
88384 27161
58696 30766
11739 58575
64450 83089
79387 68643
26118 82386
93796 56078
38232 72210
14355 7279
54728 22477
57114 80690
3128 57208
29239 88223
95518 56608
1122 95387
37577 6347
44519 1970
41371 44106
42495 1628
16085 31346
34068 67142
84730 55037
88814 94753
20521 97157
74542 91172
33148 11152
36825 29699
91903 81337
25194 73839
13390 8876
27704 3880
79050 75958
82658 92734
26811 71573
37246 37882
22330 36342
11657 13074
73918 75603
64622 16574
65186 72107
34750 63282
50846 96739
54112 72169
44706 97176
85500 42963
45171 55952
5119 10295
65701 16414
68303 73922
88533 90503
78297 8629
19501 24643
11945 50167
2983 23929
74609 56872
85716 67025
22150 45654
74415 60946
51291 8594
38396 65701
50322 43987
59682 87330
39445 24750
67619 88562
7229 52193
76509 8019
64445 37025
24580 42497
47513 98614
4510 7945
92984 40071
94035 54812
62458 41662
90027 2197
23916 18720
41825 47195
47250 12796
9437 83117
61818 5140
30307 66652
19189 48958
35220 12824
90469 52176
2593 45687
7648 49013
94453 86714
59974 48631
54029 28586
96400 20845
24558 68578
64786 30157
13481 71493
42057 35744
11284 86908
40359 38314
15654 50021
91648 51633
39112 482
11958 72836
20901 69258
35070 30756
45888 23149
64484 58208
76416 18318
68427 65538
15195 23438
73235 23217
48823 8690
6787 19053
96843 53655
85516 8166
80500 21168
42660 26952
28138 11512
66628 46081
75769 44013
98018 52872
90461 61983
22654 16603
46548 17163
65449 5588
94644 72940
46580 69674
34583 53265
54438 6407
39435 28338
84678 12135
1148 37759
39983 91356
49534 4502
2696 44678
71082 13514
41723 18661
45898 54610
3162 54787
68007 53791
6029 31775
63260 49789
14274 47866
53060 8587
26659 12991
89371 96928
21246 95738
97433 56207
89273 50666
30309 68356
99458 71704
67137 52681
24288 37474
66787 36356
16309 416
49154 27093
28950 31005
15744 58010
4857 94341
54165 39745
24618 75662
24881 23549
98468 2140
8855 90143
45175 64952
14875 35232
2968 5255
41771 193
47479 15797
2542 53743
17247 56634
96048 15308
24066 13698
82071 44236
51997 64487
92322 12136
29826 60624
59495 87342
62851 42905
56016 80775
4494 59973
7111 8749
19715 41674
75489 817
28783 89777
36730 36897
7941 43807
16071 97073
77374 77695
94777 11121
56693 24389
16646 83870
77810 40215
96873 86101
73825 22153
45704 98707
83479 21672
35543 35052
53282 81513
95237 96957
94086 83402
69610 21366
21990 79948
41066 21745
26179 5861
74774 39413
33841 83625
11914 49942
73600 85167
38663 45949
47827 16047
31118 94295
50084 7223
25533 76842
518 23038
75499 75511
78920 56155
92376 24293
95626 17065
72373 61613
40753 49214
17759 33138
49077 2851
23684 45124
14444 38631
48548 65191
95605 30767
64544 31343
65815 35814
43315 13526
22634 66565
71457 14786
38724 74494
91570 42702
18890 87037
86979 35305
51470 62766
78111 41164
32963 67941
63970 63701
85283 24878
30065 80842
15934 11946
93189 21879
53547 59584
99062 94765
58492 97525
86248 25120
96271 21694
66706 64769
83216 44430
67271 25335
306 91190
52324 27338
93709 56339
139 35297
20968 5182
78968 9241
64163 40184
23334 42355
35443 7471
3826 45670
36684 83401
90667 2644
44789 99470
52128 69537
73511 11062
2860 63723
11800 46478
65620 66962
55820 3013
75256 80952
41647 76424
99922 46856
98154 93523
44816 29095
95263 95799
51985 52162
61494 48440
70214 42002
94690 48505
44096 53200
17101 4393
94259 5416
64050 33145
15523 85486
95816 61342
45361 88234
93918 94572
18262 79830
62449 52471
40541 38986
45133 80648
45368 52997
22328 87176
47797 808
73079 18189
49311 53091
10637 83700
10981 576
11776 18225
33829 8982
36297 10572
58360 52712
21174 61673
90449 67936
54482 82258
52085 74218
48102 23884
19265 39027
91218 21950
87087 42744
68325 87926
12667 15250
66774 68499
33486 23672
35953 30037
46885 97137
80907 20469
95775 3253
7937 6529
38269 84429
28734 64508
56901 64706
25667 28985
50533 63737
85255 60451
67938 40749
41647 64582
85612 63230
87858 37498
36360 40912
87411 14255
74431 62201
26875 59424
32479 87055
16568 30429
8685 58906
63543 21776
68605 1535
92869 30683
89809 87683
51301 86831
80358 26046
32361 3530
45527 34988
70394 32551
93357 55868
51088 60249
94368 54697
44161 67529
50666 32646
15192 64443
67998 38653
63392 50879
28382 21421
90849 87479
80939 79100
36919 69076
91839 79023
12518 83479
67509 2899
28227 35030
7847 79005
18466 37097
43036 1155
28368 19229
51744 60667
98350 64324
45615 57954
18957 54487
53906 17235
20674 98751
29910 99720
94548 99701
29398 53245
54918 86430
15745 40467
29035 54012
61561 16908
7952 83397
78000 45845
54455 89495
79448 97676
29152 38055
40807 41078
92681 2183
53850 35212
75037 2903
56529 81783
9642 55114
70528 53870
39541 16091
10729 63228
64212 26362
38104 37656
86415 27865
63279 81126
46054 71654
76430 26588
84233 64395
46876 83106
89105 30203
22931 30265
78456 99818
40033 87260
60173 6555
5729 62753
27137 83278
66673 11659
98070 24053
23310 18884
61319 33079
10171 95992
71829 87994
67320 94484
20299 47697
16858 76214
28626 8769
47523 26789
29939 75102
52145 52851
45451 77037
77989 52900
15345 70332
51365 81254
81482 82371
26906 98240
97162 51874
24003 6535
4845 55954
95924 5474
46812 82866
23486 37408
38282 56966
51297 74097
86765 52960
71255 26680
73181 81549
19551 42173
27713 42937
20105 40132
47964 2246
25343 97916
25510 68761
93713 64806
98796 26575
87093 34965
24929 10867
60638 59600
64101 42193
58645 34133
74799 70076
9889 39810
35527 73331
66049 26814
67680 27444
2461 91024
73393 95799
30145 39068
72350 6947
49066 76403
60771 28184
63543 86987
45721 21126
93310 67156
74823 86454
67825 35006
78072 88258
94662 83665
73635 46302
6785 7636
51224 4631
30562 90217
5809 86746
76857 89186
73775 18575
74177 37870
45808 67071
59615 62172
51326 70219
54537 55993
49185 55514
58475 68439
70516 96854
70715 64361
2832 66854
69192 14144
41880 1746
14340 25955
25443 88368
87929 35704
28978 4889
12326 94879
14696 63827
83877 51942
16729 70134
44496 62090
22023 36916
27583 77028
59929 83055
37817 31713
24276 33600
7212 33046
73553 82798
79864 59668
3805 4456
45733 70506
68543 26433
36732 79170
99742 31919
62397 24597
9297 16706
30643 853
48836 25798
90768 56814
37744 15620
34208 22957
97112 7877
22471 11371
84479 85303
54796 98424
51644 7574
60783 54487
73770 75531
3477 42063
67771 7281
4120 35134
93799 57690
28578 43371
52539 87258
62828 79715
848 66275
25703 32465
28987 475
1352 6137
32247 16876
22568 93586
89234 64702
18400 44931
93203 86612
24290 67679
19829 97153
55537 99100
78450 11528
8880 77011
60844 93796
75715 18108
42603 7798
76825 95779
49901 47113
96333 89477
81535 68532
25371 92628
9409 99644
30756 57558
48034 35545
39451 37230
68159 23838
47697 88961
78922 20074
2227 29086
67488 25706
52927 30961
42464 85826
87741 93415
30033 5770
4972 82051
14807 26382
90164 10311
89025 81606
81366 8311
82896 57848
90240 15428
44209 11218
3138 27649
99843 9734
62396 9146
36941 93186
78235 51477
61855 28289
30255 96545
1952 3759
29901 30067
59076 44322
62400 20712
60164 67327
68739 14567
4397 56372
58868 33071
12826 31218
86410 77638
72166 69887
59182 7758
36492 65349
29539 4744
59865 6962
62152 58891
5761 23330
16453 67983
62214 60294
37165 56789
76304 34883
63376 97930
90872 58441
86237 55392
73858 50155
77625 68791
11879 82851
78577 6321
95674 12021
79050 31714
84591 71360
38592 32276
42839 37039
12433 11536
79703 75875
19088 5545
16264 38083
61960 97768
20562 33883
25132 93732
79023 84590
11607 59298
38867 91450
41707 74855
32043 95892
39120 42037
55995 300
10245 48752
70211 38768
56681 41399
92267 5995
29287 9092
14510 25198
65477 53558
41267 71282
58494 61841
24995 7344
6016 87167
42192 36402
38503 21533
88612 66215
60433 3961
96675 28518
92461 12323
54781 9983
62974 76908
11986 63852
42786 66631
97236 24275
67959 42415
21003 86834
59862 67550
46775 11574
5748 73128
3791 35463
86906 79325
73354 12144
80551 84248
87880 84204
30398 9956
46180 78048
84134 43057
99217 47666
99592 49881
33291 67276
74000 33514
6078 13758
52840 430
68146 52118
1896 50342
10676 68635
20575 65553
77953 43381
32760 76359
68504 4408
27136 43451
81706 60409
41027 22865
71529 19459
60865 52643
74582 86445
91605 71240
54240 53439
43429 96574
50120 26691
4159 40152
26283 55376
83068 92602
24159 15913
59499 74655
97203 73710
87604 62811
25071 55214
94334 64203
53071 86603
4839 23408
42742 59288
80878 90573
67125 72123
17119 95875
40198 81574
63709 24438
34784 29429
27633 70600
55650 18955
50024 61552
55289 88459
77396 74333
26214 67749
76350 84741
57660 69866
20227 76573
30985 17815
80419 21422
11301 66260
73576 15177
3698 71680
71951 69291
31 38757
88195 29569
92936 47553
28968 47772
67323 43460
11981 68476
62872 54785
68099 39676
98308 91995
27053 24379
96756 96374
98243 39697
90913 59663
69452 52676
69355 63805
66011 68063
89716 62738
70491 49811
14387 79846
49265 54663
71062 72375
93491 43049
77820 38964
26650 19672
76200 8103
84429 41961
5651 16670
95567 20394
18748 80206
59338 26367
77141 23630
39856 13
90280 16553
38411 2579
10508 36757
88730 77371
60415 88646
25076 94122
40680 47683
19354 61866
9943 8628
95829 63461
40512 5736
4111 40841
30658 31554
49769 386
87807 98386
57131 86896
94130 58962
93392 98507
98573 62421
46993 47189
72064 5032
92542 33530
40885 43961
11002 22900
93884 41493
50345 48114
10618 64059
91547 72491
20143 54999
82435 99878
93499 38052
71318 55272
77609 202
42097 1438
23499 82530
58898 55760
88554 93927
94687 36395
41197 28906
13248 45353
67941 45992
8981 25888
52593 57571
20047 74932
49618 87262
70001 86214
65710 5732
84525 96074
15642 60531
16316 79545
81740 29964
61937 41466
41978 43750
30786 61330
77382 167
41236 55673
43750 25036
17639 71387
93964 51510
18760 73500
1897 77071
26317 93783
23469 68032
80352 80988
3341 78662
51434 84090
55928 12464
8969 48193
80154 8053
64529 74340
75828 88372
74302 47248
4718 8004
48537 8470
53832 73188
79691 15875
94501 50104
79604 69306
75408 97202
84173 48337
33683 49947
78378 39687
43101 45846
73120 91560
87029 54985
16362 54692
71347 67424
53164 91581
6193 59432
36423 92838
41737 39804
74535 89838
63809 68567
13295 77947
65103 15123
58299 15097
85334 36625
88190 32012
19137 77454
47785 12314
86170 60564
75853 24270
10032 48115
30582 29719
84208 89000
94181 48695
37110 28806
36285 65578
8841 75924
53811 92449
69867 25333
29784 351
79561 35820
61326 80190
40755 16352
96741 45089
31391 2088
88393 39627
50257 45981
27486 35324
11329 21092
47160 69464
1446 80659
26402 81911
71349 2799
81663 57608
47556 57261
93208 71331
80528 51718
36543 28297
56830 32007
63320 51570
9939 10136
13717 50409
76214 6194
13893 23837
1266 14197
44955 37903
50796 37788
2140 87172
14124 96851
18097 31499
72878 75124
73882 38709
61315 69145
90318 30631
60861 49830
97978 18271
67718 28658
39332 3435
39560 20712
24010 59366
97359 61473
24144 20284
87310 45194
52562 55556
2067 15880
83770 59107
99396 90423
31193 75253
19396 8381
97708 17934
80366 95921
68562 93240
94260 76557
63700 36585
91129 76582
22225 53657
88546 48663
16656 33727
58147 34999
54046 64954
8290 66244
99501 34640
20405 63669
86288 95816
50487 82637
96464 45990
42747 78845
39370 95
82162 90498
76614 4672
79900 3101
17662 79152
76919 50113
25589 5491
41885 95148
28338 69892
39279 32610
91395 63362
71365 59032
27704 38689
97494 73890
93076 66303
26276 66749
29553 49942
60147 78383
90169 51139
17567 15546
36483 81421
56755 78067
70512 56420
35942 31868
82158 30
19375 6741
77004 99727
41721 66833
29055 82538
39698 43544
16103 43730
96162 10932
52666 47747
42322 19954
81011 415
10625 42901
94130 79507
231 55585
2091 14222
63133 18910
764 83837
27799 42675
16179 1966
4977 3200
47350 11802
58316 71367
13269 91947
37460 35051
25155 12221
30960 52534
73478 73108
47698 53144
29973 1031
28034 84492
32510 40181
45168 94070
60431 12473
39386 45529
53917 16420
50977 83514
14156 40385
96379 12087
30345 45953
35910 85927
67664 64253
75478 67889
39803 44526
90663 79408
65830 69666
32134 52911
67062 79851
24162 97432
24764 90223
4832 93009
36075 49673
32675 78214
58320 9620
70147 18464
56294 66323
41697 91020
63486 89220
50649 78234
65094 36149
15246 75461
42473 60293
9431 83738
58321 3418
41775 70660
5941 38327
28141 8925
88634 25817
26375 42919
86716 6829
39626 41279
35295 89190
98217 20184
73226 7010
11561 39062
74565 73707
50916 44443
61293 48219
40953 34539
31049 35804
64945 80582
65134 55413
2711 84413
94574 47537
5114 38717
87885 87645
8349 6763
79721 84331
74082 15713
20628 13813
34791 15229
86810 47452
56384 50452
16260 38648
88622 74846
17268 51899
19976 62728
90890 89355
94242 74021
2356 28433
68182 65804
7763 36360
66334 67763
44527 69145
57294 82814
56306 72853
8187 76126
11415 20342
30113 22810
31050 72519
39501 61848
34974 69190
81979 85233
80202 85742
27347 38883
58040 42301
77194 85682
36813 6091
85355 73046
72634 63785
17009 78973
92518 36880
60023 6435
70603 28424
96899 6527
13743 64591
4249 75480
26292 44238
24112 33127
20533 97183
40734 50999
31033 64266
89200 18942
89749 5472
14708 31773
45596 64907
93087 7678
34484 28839
60716 42458
592 34581
33193 50925
10289 28574
17829 47494
96301 27348
9430 93650
63956 74320
93859 39742
69367 51838
90753 89310
21677 64112
15462 13637
48522 51369
29131 95911
31127 96301
87384 79171
92826 90171
45392 41521
16416 91559
15500 8736
70683 12795
97299 20126
68268 85963
62782 39707
76262 28912
75475 21512
67276 27995
80062 120
84511 65612
85513 32725
25133 17086
88935 12201
60472 42012
49390 77081
21615 59073
66123 63419
50118 23266
70698 27111
76668 14976
92303 28128
80772 56684
17711 28567
49422 65345
42654 89858
25721 62171
62083 54007
4218 48492
36322 76374
37113 76643
50469 36158
68969 14317
43034 80138
69249 61003
52860 56446
24090 20424
81065 85190
81537 16108
54129 75869
6013 13230
20023 40644
87389 51137
96427 96447
11242 84477
77357 60892
85693 85531
31330 60509
84764 26246
78097 92814
15172 35891
31209 74595
35989 15314
90810 92960
77812 13671
24417 4275
67552 55242
45101 14037
709 37671
77620 86928
51847 56247
62169 12271
11362 86023
1692 7944
82866 24427
61030 44388
52770 3537
7106 41686
38913 1279
82505 7171
48368 91353
62784 61760
29377 39670
70938 57933
77915 68797
9441 11364
34895 34502
44318 44564
14135 24153
22548 70623
57593 56284
24754 9803
55055 66379
65175 44151
81816 78869
5262 79526
46658 56658
84025 3797
31763 4969
78263 79001
75859 76249
57974 64479
21867 36510
76301 6359
62427 21541
22493 65200
84307 38026
42705 28979
82940 42512
71456 71246
598 68199
88420 56345
22548 27806
83193 94048
61186 88910
27065 69174
85599 77073
35752 29687
37812 58924
61195 32882
15915 85709
76816 77849
69194 67729
56251 18824
1831 54357
46938 56653
33702 28523
41972 6620
4484 57934
35891 38133
20380 15067
14600 94691
73576 72199
35400 43392
38026 80900
64515 80116
37173 96236
81845 28863
93316 93162
89357 20228
49827 41750
17277 256
50416 60910
34775 87996
51336 79278
48045 28974
80512 57258
42768 6525
85321 68246
37309 8013
99913 18750
50827 32392
36826 34635
78802 54682
19567 45502
56703 39339
97655 38202
30208 9039
50379 46861
27080 92278
52019 72992
88766 53046
86276 19811
62465 82987
77900 37642
38385 99776
11166 30952
99886 93287
7051 38855
29905 52623
81457 83669
56225 32672
62070 99290
95059 63892
31038 18159
59712 30826
3180 59535
51827 32540
70342 2757
31892 55045
89046 92836
58695 13492
453 50553
81522 60473
32135 83670
89852 60311
53739 90730
17675 11144
24523 62937
98140 70883
68528 80092
12893 6019
14684 59345
74974 52143
73291 83071
93531 44400
12978 71097
77475 88304
52292 19204
51799 84011
93124 46114
81989 9859
82082 27223
29122 95474
97397 99186
66583 21263
74373 50744
76657 29288
65277 58148
91932 98340
8286 86343
45877 48221
67983 49174
70176 11270
94308 71446
18238 16022
25642 91699
89425 38412
72345 3278
78391 7278
95748 35237
5336 5212
78573 44943
40408 45854
19978 48206
37404 98895
95209 53472
21498 85304
89065 79213
50430 34444
73953 19549
20535 1297
83407 16516
26609 11622
76316 34203
28682 58615
12224 12805
44203 44147
42647 13752
53655 8821
28058 37
38297 93948
8772 63954
15822 73061
17903 40934
5405 48323
27850 76825
50622 948
87575 5307
88378 95210
88777 70410
69399 11926
43795 29884
57878 13028
72854 24673
89024 96258
20550 12456
80126 15611
3438 10088
64854 66511
28190 89783
9616 59328
82627 70760
72166 94721
39440 96014
22895 3415
41564 60311
17356 6101
25853 79878
55970 14668
8870 49129
27476 94670
44405 78676
93899 22427
17059 75788
2792 56980
31183 80304
36647 9509
1966 8876
15936 72392
29246 62776
16170 99740
89813 1196
52836 28333
76850 78847
42373 60829
17770 2256
237 30357
3750 48610
73913 12445
52144 12537
22821 28899
72409 56671
40793 5764
17034 20455
8439 86344
60094 88541
58584 77927
86123 54689
8554 90241
57236 34133
646 50535
65664 86604
8676 12146
23599 6535
53738 9815
39126 82578
81912 45115
16906 22505
10609 31896
89651 7777
51228 92492
54974 68749
81160 3286
94137 53987
5315 29443
7064 51342
43647 21171
24399 60715
61733 268
19559 77326
10530 34990
4057 97479
35281 47508
25316 2971
21007 9681
53233 30901
6212 67243
41832 63289
63990 75668
47867 20779
29085 3627
7096 63512
47286 52357
90684 97395
33996 40491
87903 74449
32422 53169
5909 6787
3908 54908
45934 23360
68080 51961
37185 59724
7737 66397
14324 75415
20868 60898
52627 6058
72570 85512
31066 95422
43194 21464
46991 89415
70730 46169
40538 62017
26680 59914
21006 28599
34047 41249
44304 92539
35165 91889
28630 97384
51882 4735
20061 78004
89430 76597
75356 10517
39276 30186
58764 36715
31030 87266
57475 30300
18432 78524
61986 858
57902 24114
38393 99265
40511 7713
51634 36355
97516 40167
42949 74685
88936 8442
60673 48544
34161 40519
65592 43016
35898 37032
174 65749
82926 34922
98918 6026
42615 50119
86346 66248
28649 42636
29233 89301
13692 43774
61868 93211
92249 10683
62554 74482
1035 28735
79604 92653
93545 66484
57242 56566
54567 34238
53908 96345
91912 72150
46845 8919
56024 20969
73590 15148
74680 29653
55800 68712
51 67890
86037 56862
36573 68540
41659 40793
73351 46262
19841 63308
83200 31566
63327 10804
85301 91033
41678 936
50807 92885
58335 25338
18952 39445
1277 79663
64683 34677
37152 18233
52988 52546
86874 22528
3163 8691
29907 3509
77398 98239
8895 6703
55022 19618
27182 18298
86200 55396
89679 12157
47750 86967
27409 69246
34622 61657
16185 6454
93359 2493
82479 79533
1668 29827
28635 5471
67793 79923
78058 28369
83903 26426
37694 45819
68300 97669
44711 18921
23968 94062
81060 60915
90137 81945
8326 85346
46667 24721
59530 46504
78173 77321
46302 17707
24024 53528
24331 50118
53438 86119
13510 75123
60220 84954
74039 33821
81499 66911
70730 70909
72050 94755
23010 47943
32956 71092
93014 77225
72481 9849
40016 274
38418 48489
92095 22998
6958 48533
99967 38614
75208 55308
3512 67404
80464 95724
4252 24716
61227 5059
51294 15276
21687 48431
61622 81662
20513 77704
8440 73215
82051 90131
12305 44155
38236 92743
28812 14923
37789 72689
37383 19617
55657 21394
71587 39012
37891 15778
55561 62531
55673 59550
44560 5993
47479 90468
33835 30209
21398 20857
82652 30162
71440 94861
28640 56763
14069 79456
27690 43952
64049 691
21353 79565
42864 33175
76117 46871
36041 88729
93980 13662
78041 24471
47415 53594
81930 68524
25060 62598
18711 51657
4032 94840
86457 58160
79347 7513
82434 23534
85937 17746
63247 95261
90521 89475
55060 57823
98010 2667
67962 18307
97135 96855
11790 5462
92871 66482
26450 79042
10707 28577
23824 35683
45416 58067
67772 71756
9768 79778
98614 77653
99983 72369
23791 55406
99028 79892
28962 73204
75645 92934
77805 5795
458 18459
32346 40316
79008 26258
5564 31390
10436 93230
30355 13134
34893 90573
46229 77171
52362 68697
95459 65234
35525 1760
96105 27704
54919 43090
70525 5580
44673 68419
21877 81206
34669 85643
99704 97618
50230 751
2394 33383
35680 98102
89078 64488
5623 44217
71143 46018
4467 90682
93815 76536
8709 51395
22183 38777
558 23252
61554 48825
10322 957
79786 64256
29881 70861
18999 49056
89837 88844
87204 74148
50853 11082
1668 20393
33473 41582
40970 12098
25492 96653
74404 51358
38471 33847
92397 7566
61711 73429
20046 14890
26237 9907
58051 65801
91361 33696
59574 91731
39660 83625
98620 56169
66702 48681
69410 62667
90785 21343
37119 37463
22869 74608
25722 72257
28362 87277
52202 12320
90814 92531
45655 66065
4341 20505
65531 22344
13719 73762
85406 97279
31075 69651
83613 64293
87355 87302
21094 87870
35589 26413
67510 82064
85093 81674
87220 81576
28867 20945
60553 36296
5533 56771
29875 56624
41228 80859
6854 78511
52129 35896
53669 79893
88045 99999
93268 63454
67495 92849
36261 58336
87340 30102
13841 39591
96267 3262
67023 39240
2006 22182
16737 60421
57345 82986
43567 32094
55787 69292
27381 88835
83647 66321
984 26841
71534 31517
65728 42369
64816 31579
78024 41450
60549 67679
63722 30421
85886 84712
60202 69155
26362 74295
133 441
92201 10912
17541 45808
95806 25501
19196 12712
65233 17150
3585 20198
69264 10656
72948 35282
48030 69791
33741 83319
61976 13486
5594 86388
75146 14731
54684 92114
62139 64933
93325 14147
34941 25354
99428 7599
64326 65947
74230 64285
40764 81943
46063 73788
48937 72594
92112 68082
73267 73251
57761 62894
90920 10548
97441 31472
77424 10986
25310 21570
88220 11790
3545 30551
23474 68780
98397 98088
49537 5981
92540 10243
63212 12014
25737 51333
25751 96435
64211 56882
61704 48322
5776 25879
85445 92508
30422 44762
66331 42746
56836 44848
46532 755
3097 24701
23497 54923
48545 12547
96767 99685
57850 74092
86448 98451
83133 82092
45031 12943
43055 23910
88650 89036
55266 26510
60962 51962
87413 29968
49380 48966
2297 40022
78816 71630
37358 64807
5491 25966
61199 47815
2076 99056
98041 77449
85340 68935
36217 50821
90069 92347
83954 57064
17415 38313
30178 29133
5382 91924
90164 24322
18603 49389
75904 79254
10720 99851
35977 15503
72727 15679
87286 27573
79285 83808
38822 20697
82188 81886
60001 52545
72208 4336
98958 36992
92028 73647
30247 61523
97558 81187
4982 18907
64106 9055
11684 86104
90513 66906
40987 42389
65439 65839
73292 81319
40988 85314
32220 13217
83683 35138
94701 26037
12484 30046
82728 92647
88802 76650
80744 95448
7825 7693
52213 96551
71711 67890
60967 78773
68964 33117
4390 9451
90673 86743
70434 56329
27399 471
36727 97219
70383 81355
22944 67200
75737 61983
13592 494
70792 30796
89372 73137
85567 6684
75040 28731
3052 2613
64324 36710
15207 90272
27853 41796
86832 3841
16287 93639
45460 83041
85892 40233
86699 7848
78844 60795
11081 61357
33475 57164
21660 73517
78875 2466
51713 48867
5090 89569
8643 97634
80779 63941
4473 76376
95509 5387
30677 80839
44625 31434
22344 91389
88818 23221
1602 80189
17964 85500
67310 80779
67190 89079
63752 25126
16623 38523
41082 92404
97980 37104
13230 68532
50718 43328
22863 78113
58307 48559
28909 82378
36698 16048
10869 44649
11442 12586
76720 70679
99894 39909
50030 54012
61789 54070
76398 29638
67163 1584
92928 72220
50206 8197
80860 69444
18564 80626
64033 54541
90803 77380
