1600
471 2212
6632 3157
2208 4497
4646 4826
6172 6113
1023 1782
1122 3521
2074 6754
4034 2048
4404 4329
1895 3463
6156 5320
1385 2637
4031 545
6106 503
2619 2736
5766 5056
1836 5947
2862 6992
788 3116
5832 2393
861 5478
4849 6810
755 4615
548 5782
5732 4689
4267 3851
4082 66
5731 753
4703 6491
2378 4181
1035 226
713 6122
5763 2603
6943 6274
5786 2298
4357 6321
2120 1770
7190 6202
102 2398
2141 3217
6832 2831
7241 793
5911 5963
521 3318
6349 6960
6424 4833
7941 2483
7402 7370
6848 2782
4739 5906
6483 6903
528 6891
5982 1012
3348 5175
1932 1286
6100 4148
1314 1160
6142 3402
4627 1376
2565 4771
1326 961
6224 6097
1209 5308
2049 7618
6772 1995
3653 6416
355 1570
3204 2778
4331 2191
4049 6661
6528 4013
7553 2255
2346 205
5958 4793
1427 2964
6964 355
7548 5536
171 4248
6711 5058
5591 1724
4165 7336
3370 4334
7863 60
7965 6837
3772 7151
2879 3701
7064 612
5527 3396
4882 7143
519 6764
6370 5420
2655 893
1284 2756
6305 1802
7472 665
2162 5388
2778 7147
609 4583
2144 5309
7059 5627
129 2407
6854 4840
7359 6328
6307 3451
2827 4876
7149 5996
3062 2607
1399 2752
1104 7954
158 763
6737 1290
4094 5247
3683 618
7227 4454
5755 3023
2636 1337
6708 3048
3221 6987
5066 3142
5469 2548
1680 2183
912 1815
7636 7609
3795 6638
6728 7810
7429 7748
4235 6777
5616 5298
6 1678
6431 1939
2367 5293
7631 4613
2031 4261
1559 511
6444 1085
1191 1599
4876 695
3239 1681
6476 6924
6052 561
4248 3728
4968 6080
6762 4690
1869 3670
2050 2018
4471 2679
1819 6979
914 7319
6097 863
6130 691
4166 3237
5980 731
6577 2927
1391 7228
1240 3916
6308 149
3618 3796
3398 7309
1795 2677
3474 4105
1243 2320
4678 7084
5453 7877
4236 4749
421 3560
7624 2359
554 981
1127 1559
7125 2618
6920 6743
5394 4552
7328 4470
4013 2193
7113 1680
1674 6197
3946 2883
1973 4288
6125 7510
2789 2508
6579 1122
3199 5687
6440 604
2868 542
1092 7725
5478 1063
881 6627
1428 6132
697 431
5382 6771
7528 3110
7527 486
5668 5254
6782 1996
5803 1973
6827 7871
1954 6049
4315 1419
7096 2476
7798 222
3896 6969
4370 2571
1175 4274
1171 1728
1069 450
7541 201
6374 5791
2009 1267
2233 5145
7415 5003
1658 3928
2847 4176
4671 6749
4493 559
988 2075
4117 6993
7272 2431
95 3974
927 3705
878 6608
637 1401
5809 4095
2582 3751
2324 6936
688 7145
7568 7569
6034 1116
2432 1214
5414 7445
1282 3225
3723 99
7935 4960
2309 4815
6309 5289
5920 6553
6211 5624
5348 308
1887 3722
5441 2188
4858 5333
922 1299
7547 7557
6298 6188
5590 7750
5031 5592
1020 4539
1685 5410
3936 5437
1651 1744
3883 1521
159 4554
4534 5369
3899 1443
1582 3186
5428 1353
7533 6467
1421 2567
2488 7536
2448 1553
6613 5523
165 4825
4230 6135
1388 1294
1417 4344
2674 5336
7549 2805
5224 1767
1157 7418
7790 4291
4415 7664
7411 7102
3534 4678
6086 1309
4102 5315
2458 7867
2701 2948
6289 4748
7696 7689
3744 5022
2374 5274
6628 4322
4509 3384
2086 7638
34 1158
6460 7716
5301 4187
3514 709
6179 3649
2300 1697
4255 1198
1925 6527
1189 7849
4387 1850
5163 3566
780 4365
2174 4087
362 6393
663 6407
3182 4263
7426 432
4737 3343
4738 3410
5672 7738
2152 1201
3574 7096
4458 2869
6938 1211
5280 782
1843 6863
6207 2261
7248 979
239 5416
5205 4099
2225 989
734 5714
5893 5545
7366 4653
5102 2469
4108 1186
2652 6010
3646 2668
6622 5597
7969 4542
22 3769
3820 6755
1444 2385
7435 1842
7240 399
6931 1752
3125 7798
6955 4515
7951 6522
2289 1605
2293 683
3296 2076
5905 7314
4787 179
409 5733
3867 4154
2446 4908
4797 3923
1029 5280
334 7662
4265 3689
3 3414
5819 3190
1605 714
2010 1486
6616 7937
6380 694
6189 4155
5797 4623
651 7256
3551 4373
7252 5967
1354 7772
3222 3674
4744 4535
2322 1043
5889 3756
1699 2026
7253 401
3564 2703
3099 5697
2678 7643
5648 2881
4575 3248
5342 6433
6051 5844
3443 3019
6587 2555
5112 4878
7845 6357
1000 4713
232 6579
1511 225
6729 1398
5881 4719
3540 4821
510 5164
6590 3358
1996 6366
7804 7317
6197 5288
3427 1310
3130 6998
2625 6440
6516 6934
6515 6133
7674 6794
3228 5892
3256 4429
4294 7441
6114 5169
2298 3024
4333 5427
7469 7753
5735 5243
1475 3199
1546 3063
6670 2327
207 6766
192 1493
1727 2600
170 2197
3046 1608
6600 7529
4816 40
6103 698
6108 6937
4766 649
2490 2070
3716 3913
7736 7269
2107 7270
176 5385
7346 1144
3352 5039
3066 4352
4807 3795
2644 5677
7714 2405
3391 6957
4805 7365
5190 1513
989 1874
326 3411
7835 7746
6198 4874
1790 667
5115 2605
3997 1273
2656 6070
1517 474
2417 1622
1809 6569
85 5110
1665 1470
5140 795
7600 167
1914 7162
3201 2526
6810 5425
5968 5646
5468 7181
2017 2182
6966 6676
2960 7669
6312 4075
932 3307
7263 3489
1107 7531
5929 6519
3614 6580
1210 6428
4378 2572
7071 7942
1413 6413
2995 5493
7413 2461
7433 3407
4877 7901
1479 4634
4828 353
2835 1496
7321 5438
1778 690
2473 6912
5162 7641
4675 7197
5933 3636
5603 1389
2510 6340
1132 6603
1113 5119
5622 5100
3747 7889
7849 1975
1592 3174
4643 2959
817 175
6155 3149
2443 5839
6828 7522
4513 3605
449 4800
2375 5756
385 7799
6767 6504
7998 3773
5957 5600
3730 7094
1543 1433
4181 7500
3394 1775
2842 2850
2811 5961
3231 119
7146 4256
3218 3943
113 1204
3720 6900
2714 4487
7095 7172
1397 4505
4602 5931
464 2397
11 6947
6738 564
3124 6439
984 3599
347 6938
5570 2819
6462 7913
797 3581
4788 4566
6321 4156
6900 7476
7156 1569
3468 1006
1242 3198
4638 6586
189 1854
5806 4594
7083 5873
7645 1615
6652 3053
3423 742
3504 5970
2792 5598
3193 3038
3553 6137
2854 3877
2006 5719
3419 1617
4914 6361
3232 2234
6779 1741
4299 6186
5697 5473
7828 3486
3558 6513
5364 4918
7349 4549
4841 4410
3678 2459
5357 5499
6799 1730
512 5491
7865 888
7799 7451
7665 3543
6369 71
138 2209
3206 2177
213 7744
6170 6222
4012 6555
2327 4561
2331 5656
6849 164
390 5125
2622 3137
1688 904
6282 3727
4515 7169
1155 7208
4130 4524
1065 2462
3539 7368
5268 6076
3448 6163
7183 1133
6023 6565
3170 3920
6411 7713
3822 1806
1102 4740
4722 4590
745 2627
5212 5872
3705 5202
7830 3386
761 3893
7936 7064
2699 115
6484 7706
3503 4692
5598 3963
5977 4718
2341 4039
1896 7974
7826 5415
5609 2723
4751 7352
5615 1238
1300 7997
5577 6314
916 5502
1180 1869
6822 5327
3302 6291
4551 3413
5130 7684
6063 3480
4526 7335
7722 7460
5562 7375
1103 6846
2397 1567
2993 445
7728 6184
6262 2815
1163 1609
6792 4997
7829 5940
1311 5734
2504 76
2559 4596
7647 6229
6422 3745
7246 6567
2863 6852
4423 4754
1683 3926
6242 7862
4217 5715
5859 2038
5856 3814
7701 4500
424 6409
481 6455
2566 6681
3396 2868
2088 3606
2042 6310
4185 1106
6229 5760
5847 7729
4981 5828
4106 7579
1540 2325
6547 2229
4150 7693
5374 2984
802 2891
6474 210
2169 7863
2976 7678
6896 556
7036 7032
2319 1579
3012 2118
3981 4932
1872 4783
2216 7904
792 7016
4642 1698
3669 5615
6208 1840
719 3127
2667 6295
5182 5390
266 3077
4777 1199
2187 3119
2830 6450
4432 7767
61 3274
7499 5210
6458 1672
2634 1260
830 1194
6054 1185
2752 4473
2134 506
5552 7171
624 3475
3195 2796
1081 7387
3739 3826
142 2763
7281 4092
2274 6884
518 4858
5526 3790
2360 6167
5702 400
3285 1790
2348 1910
3171 3819
6550 1295
3343 4948
7288 118
2846 1494
6117 6670
3072 2865
6713 5712
2383 1261
2553 7778
6588 4250
6789 4258
7841 4699
2828 7766
1523 211
4465 2239
7019 317
6373 6050
3721 3380
6642 7524
2670 4868
6845 5939
4535 5566
7278 5924
795 3093
5745 52
1969 905
1179 1379
4561 5074
1083 6588
2541 5266
3085 682
5874 3166
7956 3791
7760 1258
3996 1051
4913 4009
1773 7072
7784 4404
2658 463
1045 5979
5251 5009
1264 1460
2946 2128
6865 5759
893 2953
7973 5
3623 1275
1574 5444
6612 1677
6599 3840
3550 3645
1263 7255
646 7670
4186 1429
49 6911
3011 7069
7451 4684
7524 2287
5290 5686
1073 994
5575 4907
5866 5007
1096 6087
2304 6130
1 6791
4749 1613
3983 3519
7925 2674
4631 4813
6555 3011
6796 7721
270 5270
6924 5818
4851 5954
5367 1066
7851 4855
5666 300
7223 6899
603 2665
942 3930
1149 3212
5749 2264
7085 6748
673 6925
2111 5203
3741 5571
1268 7383
1755 4480
7157 6942
2129 146
4584 5300
2907 5548
1776 7217
1054 3487
3446 1846
3096 7859
5035 4938
4324 7342
6604 2047
7356 5456
7204 7063
2511 1793
1893 2464
5600 6060
101 1742
6773 3223
271 5078
6428 50
5970 2319
807 6000
4963 1948
3044 1788
186 607
317 272
4354 4798
4799 311
6240 7056
6568 5966
399 6536
356 1333
2772 1165
1278 2954
2100 2818
7860 7040
857 7736
6247 4490
2249 1848
6695 7097
5351 478
5928 3925
1437 5625
5098 4186
6732 7622
7006 6180
3742 1626
5734 3485
1267 6074
5645 3044
6532 1688
4520 3470
231 5076
7184 481
168 1747
274 659
7867 5368
1924 1084
124 2626
4579 5911
7901 4751
1193 7213
2079 2371
2736 5737
2604 2004
3726 6618
5690 7795
6347 3821
1392 3317
1535 7215
2578 4283
5171 5565
2650 5767
4498 2062
2452 5195
3143 4682
2729 2227
2668 2810
3261 1367
7490 1182
2967 969
4470 6769
6489 2411
1832 1065
884 7791
3585 5840
191 5614
2415 6175
4829 2727
5071 2794
3643 1603
1855 2135
5948 1716
5059 1587
6056 3592
4499 827
5370 1091
6235 7946
5047 4914
4695 476
3900 944
1129 2445
6847 3450
5074 3583
7018 6305
3740 3951
4894 1416
7652 5785
6874 686
6067 5579
2808 7724
7405 5256
4608 4146
3508 1035
7506 3654
5467 7400
5762 568
7448 784
1602 7880
6945 1178
2653 2159
7306 4974
572 2269
4923 7604
652 3031
3360 5721
1213 4544
5810 4381
983 2291
2645 2138
6736 5836
1822 1817
4146 1704
1039 843
2486 5054
5458 5051
4707 1600
831 1278
5895 1709
5493 7825
6265 5790
3275 4947
6361 4069
5853 6981
3487 6355
7371 4204
4519 3641
967 7749
4543 6380
5308 6474
7792 7820
1848 3713
1400 6411
3532 329
7053 7985
1567 7606
1436 2236
6157 5318
985 1467
4051 2335
1703 2920
4304 4423
2610 6064
2715 5856
582 5776
1926 5261
3833 3597
3318 4433
7545 3065
6093 882
7916 7328
4844 3108
4335 2681
3582 3135
8 3988
3789 2771
5239 903
902 3696
2795 6701
4057 3033
6413 868
3733 5332
4949 3421
4273 4306
3113 7007
6685 7338
5844 1971
3856 5339
6410 2768
987 5208
7443 1441
6730 7626
3347 6398
6739 1530
5108 3586
1139 2870
2299 4733
4792 4059
3632 835
3117 3998
4687 1983
7331 7983
2098 4221
3303 1102
296 4810
4625 1573
321 1457
1959 1713
3041 6862
4439 5739
7544 1232
4104 4725
0 3575
4915 2198
834 1723
3748 1245
1812 7545
3512 575
4192 5572
103 1511
1779 6111
4745 2438
4976 4777
938 6968
667 7687
7974 2104
4553 3504
1986 251
702 2921
5737 1859
4817 5653
3248 97
1159 2696
2642 876
420 7062
1638 3316
7362 7267
3357 449
4501 5842
98 2609
979 7705
6066 6219
6138 1596
6033 1400
1260 4129
2741 6509
1740 7715
3057 6226
5051 4451
3709 7491
2243 6584
7377 4185
2834 4173
5503 4020
997 3831
3210 7384
7103 1510
4932 6731
5864 29
3186 6598
2722 3763
718 652
1622 771
6877 7899
952 7111
3910 5689
7220 750
4657 3143
4518 5029
1742 4687
631 2455
4266 5616
3320 5601
4966 5681
772 7952
3869 7701
7906 5849
6880 3725
5914 7931
1178 3578
1935 3833
4704 4585
145 7851
5837 1328
3215 4541
7214 189
5286 3308
2734 2837
2937 5075
5361 3561
2514 1642
3351 4165
2012 7212
5202 891
4598 7797
608 7239
4723 1304
3464 1338
2666 1083
5800 1537
7962 501
6302 6625
2938 5240
6699 154
6784 4527
1553 4106
7892 2310
7370 2779
5896 954
6721 6767
5384 5729
4960 5307
669 1746
305 3120
1544 4139
7777 3134
6450 5464
2818 3379
105 3076
6575 5805
5716 2714
5189 4384
1095 5476
4911 5417
2453 7538
7032 1988
211 3777
863 1883
7734 2313
5992 5555
2092 1
4729 6237
5318 1683
2013 7873
7988 735
5072 460
6328 232
7866 593
408 3673
2839 3615
4224 2478
4726 5485
6794 7847
1347 7310
1596 2979
1889 776
6101 2586
268 772
3593 7982
6109 5277
2083 7286
5941 4803
6259 5831
5198 1822
7612 874
4995 5312
2857 1689
7337 7507
5054 6449
4008 165
2435 655
4574 3945
6596 98
6470 3491
2654 1322
1112 4950
4930 2248
1067 7245
2180 5807
2181 5541
3790 2202
1637 1536
2279 2916
4037 3638
6137 6833
2391 3056
1342 7890
981 5396
5326 5702
5152 7262
3485 2345
5784 3822
6391 2489
2649 930
4555 5269
1116 4648
2889 3786
7927 2413
6658 707
5921 2005
587 7501
3732 4547
470 72
3405 1298
5703 1531
3641 402
3065 804
2487 5418
3313 866
7233 6176
6538 1436
7623 5735
926 7884
3743 6466
6322 4794
5919 3917
273 3059
264 6085
3322 5535
4559 6037
3935 6860
6245 2066
5961 302
740 1532
2951 6351
361 3187
2317 768
1989 4452
4390 419
5990 4028
6902 2556
380 1907
1957 3140
7191 7430
4721 1060
2611 4750
2372 1319
2204 4427
2005 5038
3491 1380
5312 3640
4900 6337
4886 2773
4717 6818
7024 4247
6183 1879
1462 3829
6927 7645
1271 611
7896 6873
238 5529
7694 5248
428 2448
1028 2803
6741 2420
6329 4272
3123 6035
2735 5441
3806 4636
2334 5736
2896 3887
1270 237
5194 6348
644 7679
3511 1270
4762 2365
6930 3154
3878 125
1525 1927
2479 7979
3258 1279
3599 5341
7224 7103
855 6256
6426 218
3454 3687
7087 4474
392 5084
3207 7836
7442 1766
3368 2986
4098 5239
1600 1909
5774 673
1207 3793
3914 2580
4183 7214
3290 54
1791 5389
1953 7201
1259 2150
6300 2304
7155 7426
435 6402
1520 7513
1229 1797
3601 1010
5823 2518
4503 6371
6916 2025
2262 2262
7436 7906
5406 2732
2284 3221
417 1651
7772 57
6893 339
7035 3813
5484 2644
7369 505
4075 2344
403 3907
2790 5544
2726 3311
526 6978
4382 3709
680 7107
3329 4436
4640 2412
143 7673
3149 7066
1118 333
7217 3815
6447 6372
839 215
5407 2410
7617 7773
1232 4319
3675 1246
906 0
2947 6022
6338 6174
816 5922
2232 1458
612 5801
7952 7377
1043 2288
2247 2088
7684 971
1871 6379
398 4582
4148 7110
5839 3830
3262 1558
6273 7020
7576 5395
3205 1759
1894 7977
2217 1008
1704 1763
3346 2601
5298 2493
6879 1445
3321 1396
4943 5360
1829 3
5547 2788
6181 6945
4198 5495
4705 7227
1343 4326
3770 5811
345 4483
2440 3013
580 3855
6781 5366
4986 6493
7147 1219
7118 5944
1176 4779
6747 2537
3915 4265
1018 2214
1706 6194
2705 6065
5026 7189
715 1729
2781 1987
4101 2790
5792 3889
3563 769
3009 6270
285 5884
2266 5132
1386 5752
4595 6917
7710 2676
4072 3136
450 1832
7718 4834
7598 4670
6401 3949
2694 4492
5138 5267
5769 1413
87 7912
3955 5662
7551 191
4116 4426
2022 999
2717 7722
4866 1722
507 4755
3028 3595
5890 4137
813 1795
7065 1706
3442 3328
5029 1640
787 4166
3388 386
1363 7265
5513 1982
3214 3736
4029 4150
2062 7565
4139 7422
3175 6250
47 3004
1274 7663
1679 3131
919 6069
4481 7347
5829 4573
5192 6333
2047 6388
4143 7401
467 6292
7051 6108
89 743
4046 3022
4989 1488
3086 2452
416 1920
533 263
4355 5841
7732 7603
6833 3801
4195 2065
2105 4017
4596 5097
3336 2977
2186 5657
7364 6806
2347 5068
1623 19
7023 391
5657 3828
6656 2534
1731 6077
2336 1577
7731 5295
7268 6115
1713 847
4804 5799
3281 4934
4735 2046
4375 4911
5464 3738
523 6376
5275 301
6682 5155
6514 5881
3499 5061
2368 3932
3706 1499
2905 663
6015 6157
4910 3124
3425 6144
7260 51
1055 7160
5953 6468
2560 4848
4759 1336
3606 6669
5226 2563
891 5386
7727 3737
2809 6996
5121 2080
2592 5135
4420 7955
5701 346
4933 4739
5215 1717
7394 1240
2189 4447
1913 584
465 2613
1128 6729
6697 6107
2676 3266
5398 1925
7086 633
2824 1327
1316 7113
2518 2485
1808 5082
1230 4079
6552 7325
6032 2087
153 6699
5465 3897
6554 3994
7857 3234
425 4232
7991 529
6650 5335
1486 5220
4917 7852
5259 6554
4632 4986
6578 1034
4256 5196
7495 2175
1768 6420
55 2643
241 6637
7525 2544
373 4843
4901 7944
2512 4409
3592 6489
4329 7964
1984 1064
1555 7764
6478 3385
245 5552
5935 4169
1493 509
6225 1851
6042 5137
6144 219
2765 6216
3533 279
5750 7297
197 5452
293 1916
2116 5610
1762 7211
5299 4697
923 2902
2416 7794
632 6714
3984 2463
1374 6422
6907 5768
4047 6782
7783 1117
6684 992
4716 1498
6445 5850
4905 4215
114 5726
978 1798
5544 1364
1130 4111
3250 6141
1952 3611
5776 6623
5107 3765
6662 4060
1063 4443
1006 1039
6801 7864
3541 7731
173 1787
4791 1348
7141 2362
2762 5378
1824 3021
722 3859
6344 6482
5111 5481
1379 1507
7348 851
6525 7832
5916 4091
3089 7608
7797 6619
6464 853
1350 5411
5965 7661
1470 7178
3759 2064
6173 7440
1199 7902
68 86
4007 864
3884 7747
6141 7130
1106 2947
959 2034
7099 1847
1950 1564
3209 4560
1309 5062
2723 7166
3626 1523
5063 2101
2362 6472
1997 2854
4577 7951
7834 1606
5821 5620
2352 5866
1538 2653
2990 6594
7773 975
998 7433
7663 5527
7875 4666
5955 3653
837 4458
6436 7969
2267 5181
3457 7098
5427 5094
7667 6939
7976 5041
6882 4011
3058 7786
4572 4476
5904 5326
6936 4995
8000 766
2124 1542
768 4367
4843 723
6844 4969
1200
1236 1542
4896 4920
6379 7196
500 5075
1685 600
7344 6127
7437 2956
7685 7879
5105 1384
7963 5060
7732 3222
1466 5492
4615 3863
2997 641
1654 2519
4042 4493
2705 3366
1713 3624
3760 3641
6326 3066
5686 7895
2266 7542
7054 4165
468 2166
5435 4149
4208 7594
984 7004
7074 7084
7512 4785
7868 7524
1370 255
259 6347
5754 6270
3101 7882
729 7506
4502 7672
4342 7577
5196 7110
7676 4196
1377 7662
5086 3512
7719 4152
2114 7536
718 1374
3349 2799
6543 2660
7107 5350
1177 4952
1473 4934
1913 3101
1201 1605
3176 1802
3710 2781
4446 2284
7493 6891
7489 5003
1664 3898
6038 4444
4849 435
3407 4133
4897 971
3015 3075
7196 695
6936 5412
6758 3114
411 221
6554 3213
3547 3245
7827 4642
4052 337
4474 4518
5963 537
6618 4851
6892 1465
7084 7749
7200 6650
3090 1480
2495 3540
4881 5222
6964 4961
459 1479
1502 4657
2423 52
1790 7239
1478 1966
1656 2806
4163 7024
5630 4705
5061 6979
6290 2460
3892 510
3399 1202
4296 6284
7721 7910
1249 5032
7542 7581
2453 2003
1025 1567
6316 2527
897 832
5462 3534
4230 2940
5947 5609
4386 6214
3838 1561
2191 3732
6147 7460
2524 5930
6534 5238
3179 603
5987 2322
5752 2761
5619 5610
711 7162
3994 6972
4300 1563
1043 4726
5562 4230
6178 4240
3209 5193
2252 3702
6043 7399
1277 450
1731 5597
5699 7898
5960 3509
7525 4807
4643 5307
3958 4474
5751 7030
2786 7885
933 1404
2989 6134
4572 7948
2272 7676
7073 1684
7583 7248
1255 3071
929 6899
6765 3446
1390 1147
837 2757
2556 6522
3034 990
1217 587
501 2242
339 4
876 7257
4669 6334
7722 5421
7034 3864
4651 571
4837 7040
4320 4090
6820 6473
822 5711
2548 5276
523 6826
4108 4501
6968 1566
7847 1697
1199 2298
7184 7769
399 7273
3265 722
7596 6909
5219 5767
4707 3908
4800 6409
6590 5596
2586 6196
4117 1495
1211 3963
2420 1692
3268 5144
3322 5471
1770 1951
3283 1669
3069 5906
2955 6333
1321 3669
5790 4557
1028 807
2656 3445
3881 4398
3263 2240
693 3469
3579 5132
4204 2822
2511 5169
756 7343
4301 6876
6212 6632
3524 5089
7631 6737
966 6250
3769 1042
7885 3730
3694 4727
356 1021
4541 3703
2695 2932
5594 1135
5566 4455
7919 2605
7081 3665
6338 3619
6847 3758
520 6445
1559 7753
7247 7422
3137 3978
5461 5235
2843 437
6536 3281
3168 3089
4011 4411
3661 4561
4161 7513
6063 2324
4875 4826
1130 5536
6298 5948
910 3954
818 3346
5733 1482
6873 68
998 4110
5009 1671
949 1322
853 5748
1133 5026
2091 7575
4168 3977
3624 5359
4166 3355
7425 1655
4741 6968
7945 7719
6782 4716
5681 4373
9 7019
3054 1756
5694 4190
6609 3848
2271 2865
890 2608
5586 236
3449 7815
6745 6679
4096 3423
4530 5390
4205 1266
1927 2612
7218 3293
5330 7808
3496 4111
7038 4154
1265 2825
6014 1828
1714 3621
5748 5854
2777 6531
7275 2805
412 3625
4806 7462
3717 782
3871 3058
5933 2006
5793 6765
5702 5053
2534 6835
6055 4753
7520 1396
3585 6905
3764 5753
3391 77
5729 1677
7174 161
673 2969
4243 4964
3891 5735
1701 1727
6036 270
3757 7492
4807 4636
5001 4432
6174 7751
1296 6594
2301 6868
1494 6057
2458 1935
7522 2387
309 6059
7754 7051
4863 6159
2733 6992
2203 816
7439 6075
2137 6642
1020 7264
1540 1483
2563 5458
7350 7601
7687 7613
178 7790
6729 3151
4900 265
5758 4472
3842 5642
1438 2925
1831 2183
975 182
5235 2308
2783 1703
5625 690
1870 5410
7167 5016
1480 6311
6390 4288
295 1053
5833 7033
4587 5820
3116 1852
422 4751
2441 4745
3696 6534
1034 2771
6231 6138
3648 2635
378 5172
1017 1709
5723 6696
7604 399
5373 1884
1175 3630
2590 3567
3195 5560
3218 5768
6834 6498
4315 3096
7314 7398
3046 7532
4809 1793
3343 7778
2354 6476
93 9
294 6550
7975 7053
2985 133
2741 2627
7179 4991
6990 5263
5476 6187
7725 5002
1692 636
2362 7967
5768 1217
6780 2900
1399 127
5261 7979
2436 1019
3098 1379
720 562
3312 7293
1980 3285
3325 3680
2485 5453
4715 947
7125 2359
7381 3248
7211 6565
1039 970
3826 5429
4742 5393
6540 7787
6921 1354
5708 7102
2965 6485
6866 1629
1094 5664
762 5980
3528 1143
1116 3424
6640 6199
2324 6757
134 682
453 3069
5533 2466
1878 5489
2807 3202
5749 2491
3208 7891
7733 2031
427 2198
103 6733
733 4132
7911 1136
5817 1660
968 7780
5680 590
1730 4940
6415 7757
1159 1446
592 3036
3856 1288
4085 5865
645 496
5142 1501
6663 1521
4310 1553
7391 7558
4039 5555
59 2137
5053 6319
3279 6766
522 2637
344 1847
1825 6629
2387 2207
5837 6472
6097 6433
5878 836
2265 4260
3192 886
7688 1498
2579 5666
3555 1464
6085 6623
5475 3664
6940 1333
6193 7846
1234 7604
724 635
1827 151
725 1158
4110 2689
5845 7187
1110 7569
6232 2376
4120 3596
7329 1681
654 3227
168 70
6030 573
504 3557
3396 3283
3957 1470
4525 979
3313 5295
4504 7226
3860 883
6024 3498
6427 1413
3008 5191
1301 1571
6109 7050
5582 3174
7778 3079
5848 2481
4786 4262
1680 254
5821 259
7231 3876
7806 5939
5192 1188
3951 3247
7873 5608
955 672
5442 6581
7168 3773
6432 6933
3413 6796
574 4846
7259 6091
4640 6841
1008 1721
6766 674
5366 7880
4794 3653
5861 3788
2913 6725
1556 5580
6739 2756
173 610
6279 4374
7310 7992
6470 4181
2418 111
2598 2386
3371 7499
3165 2715
7060 3760
6549 6255
1923 1258
1966 6744
77 5481
7695 2765
5129 5576
6456 5080
6596 818
1676 2963
483 4439
1883 6014
5075 891
1751 629
1457 4300
480 3332
2112 7956
6007 1970
2267 6025
7220 7647
624 1192
7145 5409
3556 5769
6217 7031
1767 326
4023 3896
1598 3056
4884 1712
4858 1126
3592 2150
5227 2585
5410 2871
2857 3855
4911 5689
307 3092
4328 7122
1906 6919
7591 4364
7109 6158
7294 4489
2620 6050
7128 5613
1079 6729
89 1411
5896 4773
6569 349
7169 3789
6751 1436
6761 5733
3274 7291
6634 3581
4203 7058
803 121
839 3905
2799 6132
1928 5635
5178 2931
5229 4611
6824 1222
7628 7616
5005 2107
6168 5623
4178 3268
2162 5787
88 1213
5344 7587
2044 980
3701 5313
429 950
3817 5938
6302 4619
1001 5261
5293 5718
6041 1582
0 6760
5175 7598
2024 2350
5017 3184
1837 1499
1974 6715
5415 7993
6622 5620
1670 1083
3350 6280
1661 6037
6931 3643
2413 2249
456 2451
4318 3844
2289 1658
4078 5899
4247 1321
7665 4302
180 6339
4693 3552
3987 2331
741 2253
7650 7589
1800 559
6524 3975
5090 4534
6034 2316
6862 2566
3300 7095
746 5086
751 6446
5849 4367
58 7347
512 4167
6827 7713
6772 2367
4636 550
7432 6541
2674 260
4749 5931
6277 5962
1227 7120
4187 3039
7764 958
5962 5602
7336 6401
5813 3537
1817 3648
181 380
2424 284
2519 1987
2530 3589
4697 2479
3675 5166
250 2081
3596 7697
6399 43
5645 7352
3560 7817
5391 5525
6214 480
2031 3372
5588 6066
6098 7208
6138 3818
5649 6028
6894 7557
7267 4902
1097 7700
5326 6355
5727 4749
3847 3858
6787 7318
2372 7479
3787 3054
1449 5833
736 3937
6659 3214
3402 1535
4151 1036
4266 6145
2256 4291
1785 3342
2719 6477
4731 302
1318 2038
1698 7028
3145 6189
1625 5108
6352 5912
1185 2908
5676 5777
7879 4921
609 1608
4428 3808
6361 4009
5731 6336
1699 5762
4165 6894
6683 3961
7980 837
6243 7052
5490 1312
2214 2779
2694 728
5262 4495
338 1395
2143 7521
3383 748
3522 5334
2208 6275
2338 6764
497 2874
903 2448
5614 6261
4567 913
6331 669
7735 4545
1052 2929
7266 4256
6641 1653
5156 137
6358 1797
4868 4960
6604 263
3676 6952
1525 1673
5794 3891
7629 1264
7967 6750
2798 5335
2557 7872
3703 1441
7153 1585
2921 5007
2308 4485
5161 456
566 5840
525 86
1121 4680
3212 3836
7881 5779
4557 850
1207 5543
3100 5366
2815 1292
3966 6157
4362 2421
6071 5296
6134 6898
6369 4195
6096 5591
6053 6587
1728 716
867 6149
781 4242
3802 3153
106 5755
3375 888
4279 2890
2198 4059
386 4322
4723 763
4717 2270
263 1995
7949 4287
3932 3156
2866 5646
1783 826
5182 7651
2874 6194
3814 1650
4865 1198
7619 1484
3726 3543
3395 7547
4866 1020
941 7899
292 1481
5895 2737
2233 6548
423 4151
1583 4517
6 6209
5977 3086
1695 5126
4953 1057
1689 7766
1304 6521
2231 3257
3320 533
3614 463
582 6798
5534 4691
4118 4896
3698 22
5186 4513
4344 4337
2678 4879
2178 2657
4472 7603
4618 4981
445 1116
7684 355
2119 1517
474 5520
2411 2304
5077 6506
3773 3012
2555 2197
6867 2881
5297 4514
2401 3187
7015 871
1029 6303
5408 696
2111 3175
6436 1865
3708 4679
7921 3811
7249 7233
6826 7659
3798 1216
2309 6239
4045 3945
5808 1832
4197 483
5508 996
7448 6872
2081 4070
6473 5592
5037 1584
856 6549
5100 31
1303 4278
7838 5545
7755 5705
2876 5888
4767 4313
2139 431
4551 1627
614 4409
5678 4996
5467 1476
870 6698
4688 1914
2782 1430
1401 458
2863 5715
4695 3219
7551 7692
1567 4397
4340 4809
3207 639
3620 3846
3146 6532
110 3262
4106 6301
5829 6624
7507 5901
1757 4241
850 7234
2910 2764
6088 248
7076 4963
1006 3408
3233 95
7327 5955
4503 1084
6136 3936
64 7434
2319 1837
1108 5864
319 4794
5546 1268
136 4951
6887 7510
3074 4904
2434 1978
4792 3097
3839 4552
4229 7592
4313 2866
6905 5312
5337 3561
3224 7571
5331 2048
5561 3259
4784 5450
145 734
977 1117
218 1880
1589 4451
147 4406
6164 5579
1465 1915
3141 5488
2566 2068
113 2655
5111 3492
2580 608
6591 4356
7464 1773
7936 5707
2124 2786
4455 6683
1288 1916
462 140
5394 7227
198 5683
165 7519
4368 3553
1577 5778
69 269
1176 5367
4867 5935
2494 893
2454 2711
4076 3221
6003 6365
3314 2456
2536 1873
5550 3582
2731 3554
790 1874
2295 2210
1873 1193
1853 5752
7724 1064
2927 7768
919 473
2903 4774
276 7855
2054 4192
7021 287
2639 5512
1960 7941
2710 5993
2209 6218
2977 5399
4638 7900
5078 568
674 957
5472 1447
7597 6177
6720 2598
2109 929
4496 7404
4252 2337
4825 561
1328 4818
6118 3656
4072 7695
2226 2791
7239 229
7739 4233
5473 4523
1374 5333
284 1124
4253 3739
7373 15
534 5114
3641 5501
2155 1182
7802 5231
5310 4162
7150 4880
2450 964
2282 4910
7096 5757
392 3265
6153 2258
2966 3488
4054 943
6221 1648
3326 6618
5340 7744
5655 2146
1782 932
4595 903
247 1657
4312 6013
2562 7947
5524 6392
5991 7063
4571 2461
1154 7251
7588 4911
6725 1282
7343 7864
6067 2595
2 6502
6630 518
2540 1659
5443 5357
2032 5763
7655 4985
3832 3599
3031 2639
5466 7691
2003 1546
662 2149
2811 3242
4722 7036
2277 861
536 1205
177 1926
7896 4064
4257 7679
6111 6217
2310 5353
1725 5183
5087 7608
4228 2728
3622 6920
7883 4347
5740 4511
3752 5278
3631 7800
94 4779
5798 5057
6445 5671
1483 2747
7411 2344
3321 3674
4346 7395
5221 5352
630 4569
1607 6078
7927 3205
2097 6759
1291 7082
1881 3116
4244 758
2967 1313
7137 2157
669 6426
5063 1422
6594 1324
1756 3419
3431 5127
5460 7786
5284 4266
6300 3981
1910 4933
4357 6966
2027 7253
2466 2556
928 3443
1206 5554
6381 3439
2946 5507
5102 2743
3380 8000
6937 3615
6927 1439
4015 6312
2541 3635
2683 5552
5988 7433
7874 1308
4111 6943
3002 4525
2180 7311
4573 2245
3128 1763
2076 926
5327 143
1614 3050
5824 5953
3406 7549
4729 6742
4851 2193
2515 1478
4531 6111
6898 2007
3485 2019
3968 1820
387 2433
1754 2379
2881 6286
4823 6114
4097 3781
4498 153
3953 5162
2693 1196
1149 6125
5204 5679
6068 1598
6657 5227
1564 5391
6987 7931
5067 5464
7541 2601
7545 3171
7670 880
3537 4272
5404 4065
7656 1022
4996 7543
2131 7453
6499 110
2365 6672
2880 6928
868 2256
5485 7038
4902 3065
2837 4729
6497 1342
4680 7402
7465 4938
2142 2753
7813 555
4237 200
4293 4207
847 2943
7974 181
1051 2252
3990 6278
2331 6825
6516 5558
6072 1485
6324 750
4360 6500
6314 5946
625 1368
1590 6660
5291 4639
4201 6601
7760 3875
3998 4108
6616 586
2817 214
4388 5028
450 848
4395 7742
7340 4684
7931 729
4095 852
1315 521
5698 2155
2743 4378
1660 4319
4260 3336
4091 2449
2842 3921
6481 552
3745 3610
1514 7496
1641 7441
5998 3383
5266 1863
3223 402
3735 4760
3056 6516
7853 5315
4189 2964
6175 3271
5820 1672
5559 5720
5792 226
6177 3158
3535 1973
2236 3756
4790 2259
5176 6474
6194 6422
6223 5381
4703 7299
7603 7602
3038 2175
6710 261
5159 6320
2478 2235
7981 6769
596 3787
6280 5066
4263 144
7171 2763
816 5786
3048 7388
7360 1705
343 3843
3778 1220
5389 1683
4361 275
5522 7703
7410 3063
455 4546
4846 1179
7607 5275
2688 3275
7527 7390
2034 6681
4836 3837
3699 2340
7119 4600
3259 5382
2241 4783
3942 5378
443 1527
5985 2722
7302 7945
3513 740
5139 3755
5873 7539
6454 1518
3810 507
5311 115
5303 2606
6234 1372
4671 2541
1909 7837
7131 2978
938 3362
1820 6103
6861 998
7605 2987
2276 4146
4970 678
3520 1736
5210 2288
2704 780
7811 1694
6447 2398
1700 2260
5552 2636
7162 1903
7584 6142
5203 4422
4609 5466
4696 514
1317 1101
