3000
2867 100
915 1500
1098 150
1159 1300
610 1900
2501 800
2196 750
183 1750
1464 0
2196 250
366 1200
671 350
122 1300
1830 2400
2013 850
2074 350
2013 50
1891 1850
1586 1800
1464 2450
366 2350
2806 2050
2623 300
2806 700
1525 400
122 2550
1891 2700
2440 2000
2684 700
732 2950
2867 400
2745 2300
1830 1100
2928 750
2013 1250
793 1650
2684 0
2196 2100
244 1450
2501 1450
1586 1500
854 1000
1037 2650
1220 1150
2745 1250
305 2300
122 350
2257 1900
1281 750
2684 2350
976 1600
1769 2550
2135 2050
305 2900
1586 1250
2806 1450
488 2000
1281 250
244 2700
854 250
2928 2450
2318 900
61 950
366 2550
2928 1700
2806 2000
122 400
1403 150
1281 1900
2928 200
2806 1100
1159 900
1525 350
1220 2400
2684 2700
2013 2700
1830 200
1464 2850
1037 2000
854 0
1403 1200
2257 2050
549 1400
244 1850
366 2650
2684 1100
488 1550
122 1000
1708 1350
1525 2100
2562 1850
1952 1450
915 100
2440 2650
1403 1300
1159 950
366 850
0 2000
671 1950
2257 1400
610 100
488 2100
1586 2400
1708 2650
2745 1350
2440 1850
793 1550
2257 2900
1830 2750
671 400
122 1350
244 1100
610 500
1952 2600
1098 1650
2379 1500
2196 2300
1342 2400
2867 2350
2379 1150
1159 2650
1281 1600
2989 200
366 2300
61 550
2318 1550
1769 1450
1891 2500
1952 2300
305 150
1037 2200
2379 2050
2196 2700
2501 1050
549 100
610 2200
2867 1150
2623 2750
2318 2650
671 1400
1037 1900
2928 1050
549 1050
2318 350
2318 1200
1037 450
0 550
2318 2600
244 1800
2623 1050
1342 1600
1464 900
2196 2650
1220 400
61 1750
1037 150
1952 2800
244 1050
1647 2600
1525 1600
2745 1400
2623 1150
793 700
1708 2600
1159 1150
671 1850
1708 2100
2623 2800
2379 1750
1708 2700
2074 150
1708 550
2379 1250
1952 1900
2989 500
2989 1800
2806 1550
2562 2700
2013 1600
915 1950
366 50
366 2250
2867 1700
1586 300
610 1700
549 2850
2867 250
2196 1850
2562 1600
488 100
1525 300
1952 1150
2562 950
2318 1650
488 2400
1586 2200
61 500
915 2100
2928 2000
1952 1550
2562 1800
1220 700
793 1350
1403 800
1647 2150
549 850
1708 1100
2074 2450
1647 1650
2318 850
1952 950
732 2450
2623 100
61 1250
2013 0
61 2500
1098 2800
2135 1250
2257 900
183 1000
1708 600
854 600
793 1750
2257 1500
1708 450
305 1500
2501 2500
366 2100
2623 2250
2623 2000
1769 750
1098 850
1464 1200
2196 2600
2318 1600
2257 2150
2806 750
183 1300
2684 2450
1464 250
1159 1550
2013 1550
2928 100
1586 2600
2135 2300
244 1500
2562 1200
61 2300
732 1150
2135 550
1342 1700
2867 1200
2135 200
1037 2600
2440 2050
1464 2000
793 450
2623 1300
2074 1000
610 550
976 100
1586 550
2135 1150
1281 2600
2684 650
2989 2750
2318 450
1891 2900
1708 850
0 1250
1037 1300
2806 2750
1098 1500
549 2350
671 2450
610 1400
2745 2500
1159 2150
0 900
2135 2950
732 1200
1952 2450
1525 2500
2440 0
671 1450
183 1200
1647 450
1403 2500
854 550
427 1450
1464 950
1159 400
244 1950
2257 1700
2928 2800
488 1850
793 1100
2867 1050
1708 100
2867 800
2745 650
1708 750
2318 750
2318 1000
2318 50
2867 500
2623 950
1830 300
2501 2450
2928 1300
2257 200
1708 2050
1647 2000
1403 50
2684 2400
1342 2600
1769 450
1525 800
61 1000
2318 200
671 850
2196 1950
2501 1200
1708 1800
1403 300
1159 2700
2074 50
2318 2100
2318 2350
1525 1900
2013 2100
854 1050
915 2450
2318 2900
2013 2450
366 750
793 1700
1220 2050
1037 1600
2196 950
2318 2500
2501 1800
610 2600
2928 1350
1769 2500
2379 800
915 1600
488 1350
2318 2750
2562 1300
2684 1950
2135 700
366 1250
1281 1350
2867 1000
2013 650
1708 2350
1464 2900
854 950
1342 900
2806 300
1281 2800
1098 2600
549 250
1586 2750
793 2550
1403 2700
1647 1050
2440 500
2745 1950
1037 2450
61 1600
2867 1300
2013 1100
0 1300
915 2000
2928 150
2745 1550
2074 1800
1952 550
2440 1200
793 100
2562 2250
2867 2450
1647 550
915 600
2928 2400
1464 700
2379 2750
488 750
244 600
2318 700
1037 800
2745 2600
122 2650
1220 500
2562 2350
244 1900
1098 1750
610 250
1220 750
1098 0
122 900
427 1950
122 2800
2318 150
305 2000
976 2100
183 2300
2623 1250
2684 2050
2989 2500
549 400
1342 550
1952 2000
915 800
2745 0
1464 1850
671 2850
1464 650
2318 1250
915 2500
183 1050
2684 2150
1159 2500
1708 0
122 800
2196 200
1647 2950
2074 2400
1159 1100
1098 1700
1342 200
427 750
0 1450
1281 1300
1952 100
1342 1250
732 2100
61 1950
1525 2150
1586 1450
1098 1100
549 800
1525 1150
2928 2100
1891 1250
1403 1950
2562 1400
2623 1750
427 500
1586 2900
1342 800
549 2900
2257 1650
2440 2500
1586 150
1647 2100
1281 1750
2440 1350
1159 2950
0 2200
671 2100
1342 2100
2257 750
1403 1700
2806 1250
183 2050
2562 1500
122 1250
2135 250
854 350
1586 2500
1769 1950
0 2450
61 600
427 1600
1403 1050
610 1800
2989 650
1281 1250
2806 650
244 1150
2379 2300
976 850
976 2550
1952 1300
1220 1400
366 700
2501 2950
1830 1600
1220 2950
2806 2550
1403 2450
2928 2750
488 2800
1769 1500
1464 150
1464 1750
1464 2650
2257 2300
1037 1950
488 2450
1647 1250
610 2500
732 2400
1708 1000
183 100
2684 2950
1098 2000
2989 1200
2989 550
2684 300
610 2700
488 1750
61 2950
2013 2550
2013 450
122 1900
2684 2250
793 2000
2196 1200
1037 950
732 1000
2257 2550
1220 2350
1403 550
0 1650
183 900
915 2350
2928 2050
305 100
2806 1600
976 650
0 950
2867 2050
427 300
2989 2600
2318 2000
427 1250
2318 250
2135 1050
1830 250
549 200
427 2200
1220 250
1769 2700
1769 1300
549 450
2440 400
61 400
1098 2300
1403 400
2989 2150
1708 250
2989 300
1342 1200
976 2250
2135 650
2440 1750
2379 1400
2379 1450
1403 1750
244 350
1891 1350
1220 2250
2196 1550
2745 200
2745 1850
2623 400
1769 2800
1403 1550
2745 900
1891 250
2867 50
61 100
549 0
671 1500
1037 2050
2440 2350
0 2050
2135 1100
2074 750
2013 1900
671 500
2928 1200
305 200
183 2150
671 150
2074 1200
122 2500
2379 150
244 900
1403 200
1647 1750
2684 1000
2379 1950
1586 500
2684 1200
976 2750
2196 1700
427 2950
2379 2200
2196 1900
1891 0
1464 50
976 2200
305 1600
1525 2450
2928 450
488 0
2074 1300
1403 650
854 100
1342 850
1098 2050
1891 1800
1342 1800
1464 2150
1525 2700
976 1700
976 2050
2867 2550
2623 150
1220 1900
549 550
1098 2900
0 1100
2379 550
2562 1000
427 350
2440 2100
732 1850
488 2300
2135 1900
2623 2850
2745 950
915 2650
2257 2100
1952 850
915 750
2928 950
2501 2050
1708 2150
427 2000
2989 2650
854 1800
2013 2850
2745 1500
2501 2300
2562 2050
2928 850
2379 1050
1891 650
1769 2050
549 2250
366 1150
2806 2700
1708 2750
1647 2200
2989 2300
122 300
1647 850
2074 1450
1891 2350
2501 300
1220 2450
671 2600
2379 2700
2074 550
1159 2600
2074 0
0 2100
2989 50
1220 200
2013 1400
793 2650
1525 2750
610 750
2318 650
1098 1600
915 2050
793 500
1586 450
2440 2850
2379 200
915 2400
2135 1700
1830 2000
1037 1450
854 1850
1769 1350
732 2350
2379 2350
2745 2100
1586 0
2989 1100
793 250
2135 2350
976 2600
305 1300
2013 1850
305 900
1220 2200
2379 1350
1098 2700
2074 300
2318 800
1830 1550
1342 1550
2135 2700
183 2800
488 350
2745 1050
2684 850
2135 1750
854 2200
366 2500
1769 1850
2196 1750
305 2600
2257 1450
1098 1250
1525 1550
427 2900
1037 1850
793 1200
2684 600
2379 2400
2318 1050
1525 1750
2867 750
1830 2350
2867 150
1891 1150
549 2600
671 900
1464 1600
2745 1800
1525 2200
2013 700
427 1150
732 1750
366 1750
2074 1950
427 2750
1586 400
1098 500
61 2750
1525 2300
2440 2300
61 700
1952 2100
2562 2450
1464 450
1159 100
1525 2000
2562 1250
1952 1800
183 2250
244 50
1891 200
2623 2700
1891 2000
1525 1300
183 2550
183 2500
549 2000
2745 450
549 1250
427 2150
2440 600
549 750
1403 2050
1220 100
1647 1350
2684 2550
366 1800
1159 2000
2562 1350
1403 350
305 2150
366 150
366 1050
61 2250
1952 2850
1464 1350
1159 1050
1403 750
2501 1650
2745 2800
610 450
1708 1250
549 50
1769 2100
793 2300
2684 1300
488 1400
1891 2750
915 2700
2623 2100
2928 2500
2013 1200
1098 400
2745 2000
61 1350
61 1800
1830 1200
2440 100
732 750
2989 1550
1159 850
2684 1450
427 1700
2562 1650
1891 600
1525 100
2806 2600
671 50
915 1200
2379 2100
854 2450
2074 2000
1159 250
976 150
2013 550
1220 850
2989 2350
1281 1400
2867 1500
854 2600
2806 2800
2135 1650
1830 2200
1952 150
2135 2900
1586 1950
1464 2050
2989 1950
1342 1650
1647 750
0 2300
915 2850
2806 200
2623 550
915 2750
976 2000
1342 1000
488 950
2501 1150
671 950
2013 1050
2745 600
2379 0
610 2400
1525 2650
1281 1850
427 1800
1708 150
2318 2950
2257 100
0 1400
2074 250
793 150
1098 2750
2501 650
671 2400
183 2000
549 1700
1159 1800
1220 950
1220 2150
793 350
427 2450
2379 850
1220 1250
2501 2000
2196 800
2379 2450
732 450
122 1800
488 50
1708 1050
1220 450
976 2500
2257 1350
2318 300
2928 1600
1647 1900
61 1150
854 1150
2318 1700
976 1300
2867 2000
549 900
2135 2650
488 550
305 1100
366 1350
976 2450
2806 800
732 2550
2013 1450
2867 2750
2928 500
122 1700
1403 2100
549 1750
2318 2700
854 2500
2013 300
1769 2950
488 600
1037 2550
1159 1900
2623 750
732 2150
1952 750
305 2700
2989 1000
2501 1600
2318 1750
2074 2800
122 2750
1769 250
427 2700
2867 1550
854 1600
1464 1650
2074 2250
2440 2800
1281 550
549 2750
1769 2000
2379 1650
854 1550
1342 2900
1220 2600
671 2950
793 1500
915 1450
366 2400
427 0
2318 2050
2806 450
1464 2500
2562 1750
2074 1050
305 2200
305 1900
2623 250
2684 2100
305 1450
2928 1450
2440 200
2745 1450
1403 100
2623 2450
1098 1300
2379 1100
2135 1800
1037 350
732 1700
2928 1250
305 2250
1891 1700
1708 650
732 100
2867 2300
2684 1250
1464 2750
1281 1650
0 2650
2745 400
244 2200
2074 2650
2196 50
1586 2800
2806 1750
793 2400
1647 900
2379 450
2013 2800
2684 1750
2684 350
671 650
1342 2950
1098 2950
305 1700
183 1500
2928 1850
976 500
1342 1750
1342 2250
610 1200
671 1550
122 2400
1098 50
854 1300
244 2900
2745 2400
2867 950
427 550
366 300
1830 1850
2867 600
1708 2200
1769 550
1220 2500
244 2650
2745 500
1769 1900
2440 2200
366 600
732 500
2318 1100
1342 2450
1159 1350
305 2800
1159 2400
732 950
2013 800
2074 2100
2745 700
2806 2850
2501 900
366 2800
2440 450
2135 150
2501 250
2867 2400
183 750
1647 2700
1098 600
1952 200
1708 1850
1037 1500
1952 1700
244 2800
2196 2450
0 1600
2684 2500
488 1450
0 200
1891 1000
610 400
2806 1350
1586 2300
1891 1450
793 2450
610 1850
549 1850
671 2150
1525 1450
0 2800
1647 1600
1525 1250
2623 1800
2074 1650
2745 1100
2196 550
915 350
2196 1250
183 250
183 1600
854 650
0 2400
732 1250
1281 2450
1037 250
244 450
244 2850
610 2300
2013 950
1647 2550
1525 1050
2257 2350
2806 950
2318 2400
305 1250
1769 900
1464 1300
1891 700
61 0
2562 1150
2928 900
2806 1500
1464 1500
1464 1400
1403 1600
854 500
976 450
1586 2700
610 1300
2745 2850
2989 1450
1769 1150
976 2150
732 350
1586 1350
1525 750
2257 450
732 1600
2135 2850
488 200
2257 2200
2074 1100
2501 600
2562 300
2013 750
793 650
366 1900
793 1450
1159 700
2074 2600
976 2950
1281 900
1952 1650
1708 50
610 2800
1891 2850
610 2350
244 150
1464 2550
793 2700
2318 100
1525 1700
1220 550
427 2800
732 1400
2379 600
488 1100
0 2150
244 2550
2501 2400
1098 200
2074 2700
122 650
671 2350
854 2700
2318 1800
2501 1500
2745 250
122 0
1952 650
1586 2000
244 2400
793 900
549 2450
2135 2100
244 2050
2684 100
2196 500
2074 1400
976 300
1464 1050
2257 2700
1708 1550
793 1900
61 650
1098 2250
2013 2050
2684 2900
1281 100
793 1800
366 2150
1037 1200
1464 500
305 1650
976 1550
427 2350
488 650
2440 950
1464 750
2806 1650
2135 1550
1647 100
793 1950
2257 2650
1220 0
671 2550
793 2750
915 2600
427 1000
1403 2350
488 700
1037 0
183 2700
1403 700
305 1850
1281 2250
244 1600
1342 350
2379 500
1037 2800
1769 1700
2989 1850
793 2200
1342 1050
2318 1350
1952 50
2623 1600
854 2550
244 2250
0 350
2989 2800
61 2700
2562 2500
2928 2650
1403 1100
1098 2350
2989 1250
1708 1450
915 2950
2257 2950
2684 1650
671 100
549 2150
2379 1900
2928 1750
854 900
1586 750
2074 1850
1830 2900
2684 550
1891 1300
2074 650
2379 300
1037 2350
61 750
793 2950
183 2600
305 350
610 1150
2257 1100
1464 400
610 1750
183 500
2013 150
488 1800
2196 2850
366 250
1525 200
2379 1000
1647 2850
915 1300
1891 500
1586 2650
2867 2900
915 1400
1342 1950
671 700
2257 2450
2928 2700
1464 2400
2562 1950
0 500
915 1350
1830 2800
305 250
1708 1300
2379 2500
1159 2100
549 1150
305 2550
1647 950
1708 200
2257 650
2501 100
1342 2200
2867 350
1464 350
2501 350
2928 800
915 2900
1342 1300
1220 1550
1769 1000
732 2050
1830 2150
1586 350
732 2750
2867 450
2867 650
1342 1150
1952 1050
61 1400
1098 1400
2257 1050
1098 2650
2745 550
2501 1000
2684 2200
671 800
61 50
549 1650
732 2850
122 2450
2501 550
793 300
1891 2600
1830 1900
61 2200
122 2850
915 850
305 1750
854 2250
1464 1950
244 700
1830 1950
1647 150
2501 1550
2562 2750
1037 1150
976 900
2623 1550
1769 2600
1159 1400
1769 1200
1525 1800
1647 300
2196 0
1769 150
976 1100
2257 0
1342 1350
2989 2950
427 250
2989 2700
1830 0
793 2050
244 1200
732 800
122 1600
2745 2650
793 1150
1220 1050
2501 2900
1769 950
1708 2550
549 1500
183 300
2928 1100
1159 50
976 800
2501 2850
549 2400
1281 700
488 250
366 2850
2562 850
915 2250
1891 2300
1159 1200
61 2100
61 1550
2196 900
122 2600
244 2450
305 2050
1830 900
1403 2900
1098 2200
610 2750
183 1550
1647 200
1830 1450
2440 1300
122 2250
1220 800
61 2600
122 250
1830 400
2745 1700
2806 50
2806 550
854 2850
671 1650
1891 1400
2867 550
366 450
2257 500
0 150
2562 750
1525 250
2379 1200
2440 1000
2623 2550
427 100
2928 0
366 2600
1281 50
1098 1450
1647 50
2135 1600
976 400
671 200
549 1550
854 750
1891 350
1159 2450
1586 2100
1525 0
122 2300
183 2900
1403 1350
1769 2450
2501 750
1464 1550
2928 50
1769 2350
976 1500
122 200
427 850
244 850
244 250
2928 400
244 1700
915 2200
0 600
2074 2500
1281 1700
2623 2050
2257 50
1220 1500
2074 2200
1891 400
1220 2700
1464 800
793 2900
976 1650
1708 2500
2806 1200
549 2950
2989 150
0 2750
1769 2250
1891 550
915 1000
61 2050
1037 2750
183 2750
2013 100
549 1950
2379 2650
0 2500
1403 950
2989 2850
366 500
61 1050
0 650
1342 2850
732 200
1952 2400
793 2500
244 2350
183 2950
1342 1850
2074 2300
2074 950
610 2000
1952 1100
1586 2950
2379 250
366 350
915 200
366 2000
122 2100
610 1450
244 400
854 2750
2867 2200
1159 2900
2501 2750
2867 850
1281 2000
1525 2850
0 1550
2867 2700
0 2950
244 950
183 150
915 550
732 600
549 700
671 1900
1403 2800
1891 1100
2196 2750
549 1350
915 1700
183 1450
366 1650
427 700
2379 2250
2562 1700
2867 2600
183 2450
427 1200
2806 100
1891 2800
2623 2350
1708 2900
610 350
2074 850
2562 650
2074 400
1647 1700
2196 2000
1525 2600
1342 2150
1891 1050
854 50
976 1400
2623 1450
671 2750
0 800
2440 1250
2318 1850
2196 2550
2013 400
1342 1400
2928 2150
1647 2250
854 2800
671 750
976 2850
2440 1150
1769 850
427 1650
2257 1250
305 1350
427 1100
1037 650
2196 400
2684 250
1586 100
488 2250
1281 1500
0 750
2501 2550
2013 2950
1891 100
610 300
1952 1200
61 350
183 400
1647 1150
2867 1850
1281 1100
1037 1800
1342 1100
366 1950
793 600
2196 1650
427 400
1098 900
2745 2900
2745 150
488 2650
2379 1700
1830 1400
2501 2150
1830 1350
1525 1650
2684 50
1037 750
305 550
549 2700
2257 800
2562 900
305 950
1586 2250
671 1750
366 1450
2745 2550
2745 1150
2806 2500
2562 500
366 400
2196 1400
2257 2250
1220 2850
549 2800
1159 350
2013 2650
1342 700
976 1850
2074 1700
1952 1500
2806 0
1586 1550
366 0
2501 400
122 1500
1342 100
2867 2100
976 2900
488 1150
915 150
2928 700
549 1000
793 1600
183 350
1037 2900
1037 300
2440 50
671 1600
976 250
366 2700
1037 850
1403 2650
671 2700
2867 700
854 1200
1037 600
488 1200
1647 0
2196 1050
1342 2300
1281 2500
2501 2350
793 2800
2318 500
2501 1250
1281 2750
1647 2750
1952 1400
976 2350
2562 2200
61 1200
915 900
976 1750
854 2650
610 2850
2989 2100
610 650
2257 1200
2806 1300
2440 250
2623 2200
1342 1900
2745 1750
2074 2550
732 1650
1769 800
183 200
1525 1100
1403 1500
2501 1750
2501 2600
0 400
2501 1700
1159 300
2684 1350
305 1200
610 1100
2013 2000
427 2550
2806 2150
2440 550
2501 2650
1830 1300
2379 1600
2440 850
2928 1950
1403 2950
1281 150
61 2000
1708 2800
671 550
0 2900
2074 200
0 700
1342 0
2196 650
61 2450
1891 1900
793 850
915 1900
2196 2150
2684 1800
1281 2200
1586 2150
1464 2600
610 2950
1281 2700
122 2000
915 0
2623 2500
915 1550
2867 2800
2989 950
2989 800
183 50
305 650
2745 2950
1281 1050
1891 2200
1647 1450
732 1950
427 1400
1037 2300
0 1050
1769 500
0 1800
1525 2050
793 550
488 1050
1708 1750
488 450
2562 150
0 450
1342 2750
854 1350
2135 450
2684 400
1708 1150
1891 2050
2623 850
1647 2500
1098 2150
0 1500
183 1950
2013 2300
1830 800
1952 2650
915 2150
2684 2850
183 950
2623 350
1159 1000
2074 600
1403 2150
671 2650
854 2950
2745 1650
732 250
122 2900
732 300
1647 650
0 50
2013 250
61 1650
1281 2300
122 1850
2745 300
1769 0
2867 2500
793 2150
1098 1850
2989 1700
1830 2550
2379 2600
2501 150
2135 1400
2379 400
2196 1600
1037 2400
244 650
488 1650
1830 150
61 1900
1586 2450
244 2100
305 700
305 2950
1281 1550
1586 1050
2867 1250
0 2250
2684 1050
1952 2200
671 0
610 1650
549 2550
2867 2150
1159 450
1586 1100
1708 2400
1342 600
976 600
366 650
2196 600
2440 1650
854 1650
1525 600
1342 2700
122 1050
2623 1000
2989 1400
122 1650
2257 1000
2501 0
183 2850
305 850
1708 300
2196 1300
610 1600
2867 900
61 300
1647 1400
427 2500
305 2650
366 550
2806 250
244 2000
2074 100
2135 2200
0 1900
793 750
366 1550
1403 900
793 1050
1342 2350
732 2900
1037 2850
2989 2450
0 100
2989 1350
2806 1150
1220 650
305 1400
2379 2950
2562 1550
2867 1400
2989 350
1952 1000
2806 1800
1769 1400
2623 1950
61 2350
1098 950
1647 1300
1952 2500
1525 2350
2928 1500
2562 2950
1586 1650
915 450
610 1050
0 250
2928 2850
1159 2350
2440 2450
1281 1200
549 1900
1647 500
2379 1850
122 2700
1281 2900
1586 50
305 2350
1342 1500
1037 550
1220 1950
793 2600
1098 1900
2135 300
1281 650
854 700
2135 950
1952 2150
2257 2600
1403 2000
122 850
1159 2850
1281 500
2074 1600
2440 2550
1159 1700
2867 1950
122 1450
1037 900
183 600
1647 2050
2379 1300
1647 1000
1891 1550
915 1100
915 650
1891 2950
2684 2750
2989 400
1403 2300
1220 150
2684 1150
122 150
2318 400
732 1900
2074 2950
1769 2200
488 2500
915 2800
793 2100
732 900
1952 2250
1098 1150
1159 2250
2806 2450
2135 750
854 2350
427 1550
244 2950
2379 2150
2684 1900
1769 100
854 2150
1464 1900
1830 450
2074 2750
2379 2850
1403 1450
1220 600
1952 2050
2623 1500
2989 0
610 600
305 2400
0 1750
183 2650
793 200
1342 750
2013 350
1037 1400
1281 400
549 1100
2867 1800
1830 1500
1830 2650
1220 2750
122 600
0 2350
1830 2450
1830 1700
1586 1150
2318 550
793 50
610 2050
61 1500
2623 1400
1159 750
366 2050
1586 1200
2928 2300
2989 2400
2684 1600
1159 2750
1769 2750
793 2350
1098 1800
2196 2050
2562 100
2135 350
2623 2600
1037 1000
671 2500
1403 2850
2501 1400
2440 2150
2562 2000
1403 600
1891 50
305 2750
1769 1650
2074 1550
732 2650
1159 1600
2989 1300
2318 1150
976 2800
854 800
366 2950
2196 2800
1647 2900
488 2850
61 2650
1281 0
2623 2900
1159 1850
2379 2900
427 50
1647 2350
305 400
2379 100
1830 2500
2745 1300
2257 1750
1952 2700
1159 1450
732 550
1586 1700
1647 1800
1830 500
2440 1400
2623 2950
2562 400
1403 1000
1342 2550
1586 250
2196 1500
976 1150
1281 950
732 50
305 1950
0 300
1098 800
0 850
2135 50
732 1500
2440 700
305 800
0 0
183 1250
2379 950
305 450
976 0
610 0
2013 1800
305 750
671 1300
2440 1450
1281 2150
61 1100
1586 1300
1281 850
2867 1650
2623 2400
793 950
244 0
671 450
1830 2050
2623 600
1342 2000
2196 2500
1159 1650
1708 2000
2013 2350
2501 950
2562 200
1769 200
2013 1950
2806 150
549 650
1891 1600
610 2100
2623 1900
1952 2950
1525 1950
1220 1800
2379 350
1525 2800
854 300
976 1000
2623 1200
2074 500
1464 2200
1952 1750
610 700
1647 1100
2684 1700
915 1850
244 2500
2562 2400
488 1250
549 500
244 500
1830 2950
1037 1700
2684 2000
244 750
366 1400
61 450
1464 2350
2745 2250
854 1500
549 2300
1464 2300
1403 2250
427 600
2928 1800
2074 450
2989 1750
1464 300
2867 1450
854 2300
1952 1850
2013 1000
427 1300
244 100
1708 1650
2562 2150
183 2400
2684 150
1830 1750
1037 1050
1891 800
2257 1550
1586 2850
1464 1700
976 550
2440 2600
2867 1900
1159 0
1159 550
1403 2200
2867 2250
1098 2850
2440 900
61 800
2806 1050
488 2200
1708 400
1037 1650
61 150
1952 0
1952 2900
183 800
2440 1100
427 2600
2257 1800
1708 1500
1525 850
2379 700
1403 500
2318 2250
2989 1650
2379 2550
61 1850
610 800
366 800
1037 100
2257 850
549 2100
2501 50
2623 500
1647 600
2013 600
671 1000
2806 1700
732 1050
2440 150
244 800
1769 350
1525 2950
549 300
1525 2550
2440 1800
2501 2100
2379 650
1159 2550
1220 2650
2745 2050
2257 1600
1830 550
671 1250
976 2400
1220 2100
2684 950
2257 700
976 200
610 2450
2867 0
488 1300
1281 1000
488 900
610 1950
1220 900
1647 800
2135 850
122 750
1586 1600
2501 1850
549 600
1098 1000
1708 2450
183 650
1037 1550
1952 800
2562 2100
2806 500
976 700
1891 2400
1952 2350
122 450
1281 2400
2074 2150
1769 600
2257 1950
1525 150
1464 550
2013 2250
2562 2600
122 500
1586 2050
2135 2150
854 1400
1098 250
2318 2550
2257 2800
2074 800
2074 1750
2806 2350
1952 900
1464 2800
2196 2250
671 2900
976 1250
2562 2300
2257 400
1037 2250
2501 450
2928 550
2318 1300
1220 2900
488 300
2257 550
305 600
1830 1150
1037 2700
1952 700
2257 1150
2440 2400
2562 2900
549 950
1098 100
244 550
1281 2950
1769 2150
671 2050
1586 1400
2623 1650
2135 500
1220 1650
244 1000
122 2350
2928 2900
1281 1950
1403 1250
183 1800
427 2850
1647 1550
0 1200
2989 2550
2440 1600
610 1500
305 300
1464 1000
976 1800
2562 1050
2989 1050
793 1300
1891 2150
2440 350
2806 850
1098 2400
2745 2350
2562 350
1098 2550
1891 300
1891 2100
2013 200
1220 1850
2928 2250
2013 1500
2074 1350
1098 450
2074 900
2257 2500
1830 2100
1464 1450
2318 2200
854 1100
1586 650
1647 2450
2806 900
1708 2850
2623 800
1464 1100
549 2050
1769 1800
1159 2300
2196 300
1647 250
305 50
2196 150
1647 1200
2623 1700
854 2000
1586 2550
1037 2500
1037 2950
2867 2650
1159 2200
1952 400
0 2850
0 2700
244 1650
2745 2750
915 300
2196 2900
1525 1850
2806 2200
1342 2650
1525 1500
1586 700
1525 1400
1037 2100
61 200
244 2300
610 900
2562 1900
2013 1350
671 1800
2257 1850
1464 2950
1891 750
671 2250
1159 500
2989 2000
915 2550
61 2900
2745 1900
2440 750
2013 500
488 150
1769 2300
2135 1500
1586 850
427 1750
2989 250
1342 1450
671 2000
2440 650
427 2050
1586 2350
1830 1050
1525 450
2318 600
2867 1750
793 800
915 700
61 2800
2196 1150
1403 1650
2928 2200
1098 2500
305 2100
366 100
366 2900
671 1150
366 900
2562 2550
1830 2850
2440 1950
610 50
1891 2450
1220 1100
1403 1800
2562 50
854 1700
2989 900
2135 1850
488 1500
61 1300
2745 100
2562 600
1647 2800
2318 2850
1830 750
2440 2950
1159 800
2135 2800
0 1150
1525 550
2806 1950
2074 2850
1220 1700
2135 100
2684 1550
976 350
488 2950
1159 600
2318 950
1891 1200
915 250
1403 2550
122 1100
1037 200
1220 350
366 1500
2257 2750
1281 2850
1220 1200
1708 350
427 1050
2379 1800
1403 2600
2867 300
0 1950
305 1800
366 1300
2989 700
2074 2350
976 1200
854 1450
1708 2950
2074 700
671 2800
305 1050
2928 2950
488 1000
427 1850
1708 900
2867 1350
2318 1900
2440 300
2135 2500
305 1150
488 2150
183 1700
1342 500
1037 50
610 2550
1098 1050
122 2150
793 1000
732 2800
1891 2650
1952 350
2379 750
427 150
61 1450
244 1350
2989 2900
1403 1850
1464 600
854 1900
2257 350
1464 2700
1586 1900
2379 2000
1708 500
2196 2400
915 1150
1952 450
1769 700
1830 350
915 1800
2806 1400
732 1350
976 1950
1037 1750
1281 300
305 2850
2745 2150
1647 400
1281 2350
1708 2250
61 2150
1769 1750
2135 800
2013 1650
1159 650
2257 1300
1403 0
1159 2800
2013 1300
2684 500
1281 2050
1525 650
671 1100
671 1200
671 1350
2013 2900
2440 1050
2989 1900
2440 1550
2440 2900
610 200
244 1400
2257 950
2989 2250
427 950
732 2700
1830 1250
2806 2950
1464 2250
122 1950
427 2400
671 2200
1098 1200
1830 1800
915 400
2806 2250
488 1700
183 1400
1830 1650
305 1550
366 2750
1891 1750
2196 1000
2318 2300
2867 2950
732 1800
2196 2350
671 600
793 2250
549 1800
732 2600
488 2550
1708 950
2501 2250
2562 800
2013 2400
1220 2000
549 2200
61 850
2928 1000
2989 1600
1281 600
305 0
1891 850
2928 2550
1830 100
2135 2000
2623 450
1525 700
1586 1750
2135 400
2623 50
2623 1850
1830 1000
0 2600
671 2300
854 2900
793 1400
2745 2450
2806 2100
1708 2300
1708 1400
976 1350
1708 1600
183 550
1098 2100
2623 200
1159 1750
366 1000
610 1000
427 800
2196 450
793 0
1220 1000
2623 1100
488 2900
2257 2850
2013 2200
2257 2000
2013 1150
2623 2300
0 1350
976 1900
2562 450
61 2550
1708 1950
2623 700
2684 900
732 150
2196 1800
610 1350
1159 1500
1159 2050
427 2300
2135 2550
122 1400
2501 2800
427 200
2196 850
2013 1700
1159 200
1342 250
2013 2150
183 1850
1769 2850
1464 200
732 2000
183 1650
2501 1300
2501 500
610 850
1830 600
1403 1900
183 450
1220 1350
976 1050
427 2250
1525 950
2196 1350
1464 1800
2745 1600
0 1700
305 500
2074 1500
244 1750
1342 950
2318 1450
1647 1950
2806 1000
122 100
1098 550
2623 2650
122 50
2928 2350
244 1300
122 2950
366 2200
2135 1000
2013 900
1464 1150
915 500
1525 2250
1098 650
2074 1150
2318 1500
2196 1450
1464 850
1098 1950
671 1700
366 1700
488 800
183 850
488 1600
854 200
2806 1900
2501 200
2501 850
1769 1550
1769 50
2135 1200
610 1550
1525 50
1769 650
2074 2900
1098 300
732 700
854 2400
854 1250
61 1700
732 2200
1281 800
610 2250
549 350
2318 1950
2623 650
1342 450
2318 2150
305 2500
244 2600
2440 2750
2562 2850
488 2350
2440 2700
1220 1300
61 250
1952 2750
2623 1350
1281 1450
915 1050
2745 750
2745 50
1952 1950
1952 600
1220 2550
1586 900
1098 350
2318 2450
2806 1850
1464 1250
1769 1250
2745 1000
1830 2300
1647 1500
488 400
2562 700
1342 2800
2989 450
2562 1450
1769 1600
2867 1100
2196 2950
2440 2250
793 1850
1281 1150
2196 700
915 1250
2928 350
1403 450
2379 2800
1098 1550
1586 1850
1891 2250
1708 1900
1586 1000
122 1550
427 1900
1952 2550
2135 2400
1098 2450
1708 1700
671 300
2989 1500
2257 150
1891 2550
2806 600
1830 2600
366 1600
1342 300
2684 2800
2928 1900
1159 150
976 50
1647 700
915 1750
1281 2650
183 1900
1098 700
915 950
1037 500
122 950
2989 1150
2684 1500
1708 700
1952 1350
122 1200
1708 1200
610 2900
1830 2700
2135 0
1098 1350
2806 2650
1647 350
2989 100
2806 2300
1891 1500
1708 800
732 1450
1098 750
976 1450
854 450
854 1750
2684 1400
793 400
1769 1100
366 1100
244 2150
183 2200
2013 2600
1281 2100
1342 400
732 2300
1769 2900
1403 1400
1647 2650
1281 2550
1891 900
2562 250
1586 600
1281 350
1342 2050
2928 1550
1891 450
2501 1950
854 150
122 550
2928 600
915 50
976 2300
183 700
2257 600
2257 300
2379 900
2989 750
549 2650
2196 350
427 1500
2562 550
1891 150
2745 850
1220 2300
2257 2400
2684 2650
1342 50
427 900
1891 950
2135 2750
1403 850
2318 2800
427 1350
2562 2650
2440 1500
488 2600
1342 150
305 1000
2135 1350
1037 2150
2501 2200
1403 1150
2684 1850
1586 200
122 1150
1830 50
1037 400
549 1200
488 850
1159 1250
2867 1600
244 300
2013 2500
244 1550
1525 1350
1769 1050
2684 2300
1525 2400
732 2250
122 700
61 900
793 2850
1830 650
2745 2200
2806 400
2928 2600
488 2050
1769 300
976 2650
2928 650
2684 200
976 950
366 1850
1159 1950
854 1950
793 1250
2135 1300
1647 2300
1037 1100
488 1900
1464 2100
244 1250
1769 400
2745 1200
549 2500
610 1250
2928 300
976 750
366 2450
2257 250
1220 2800
2135 2250
1525 2900
854 2050
122 2200
183 2350
427 2650
488 2700
1220 1450
1281 1800
1830 950
366 200
610 150
732 0
1830 850
2196 2200
183 1150
2440 1700
549 1300
2501 1350
427 650
2867 2850
2562 2800
1220 1600
1769 2400
1891 1950
2928 1150
2989 850
2196 100
1342 650
2562 0
2928 1650
732 2500
854 850
2928 1400
183 1100
1952 1600
2623 0
2745 800
2684 450
61 2850
1830 700
122 2050
2074 1900
2928 250
2684 750
854 400
610 950
2562 1100
1037 1250
1952 250
732 1550
2440 1900
366 950
427 450
244 200
1281 450
2501 1100
2684 2600
1952 300
1403 2400
1403 250
2135 1950
1403 2750
183 0
2684 800
1281 200
732 1100
0 2550
549 150
61 2400
2135 900
1037 700
2074 1250
2806 2900
1525 1200
2989 600
671 250
854 2100
2135 600
244 2750
2013 1750
305 2450
488 1950
0 1850
2623 2150
2623 900
1525 500
1586 800
2806 2400
549 1450
1769 2650
732 1300
2806 350
122 1750
2745 350
183 1350
2379 50
610 2150
915 1650
671 1050
2196 1100
2379 1550
183 2100
1220 300
2989 2200
2318 0
2074 2050
2013 2750
488 2750
549 1600
1952 500
1037 1350
1525 900
732 400
2135 2450
1891 1650
427 2100
2867 200
1220 50
2135 2600
1525 1000
2745 2700
1952 1250
2318 1400
1830 2250
1647 1850
2440 800
1342 2500
2501 2700
1647 2400
732 650
732 850
915 2300
976 2700
1464 100
2501 1900
2501 700
2135 1450
2989 2050
1220 1750
488 500
610 2650
0 1000
1586 950
3000
2501 1650
2501 750
2501 2750
1220 1300
793 2750
2379 2000
2928 2450
1098 550
1037 550
1708 2500
2684 200
976 850
2379 2900
549 2150
2867 1700
2745 600
976 1950
2074 350
1098 2150
1159 2900
2989 200
1830 600
793 1800
2928 1150
1159 2800
1525 2450
2135 1000
2257 400
2989 2900
2989 2850
2562 1700
2196 1500
488 1100
976 2850
1464 1800
2989 400
183 1750
1769 350
305 50
183 1050
2379 1850
1220 2850
244 850
2013 2550
1769 1900
1769 2450
244 1450
1891 1250
1342 2250
2440 2300
1769 2750
1342 1900
2867 50
1708 0
2745 2450
1586 750
2501 1350
61 300
1891 1550
2745 100
549 700
2928 2950
1647 700
2684 2500
2745 1950
2623 1100
2379 2850
793 1300
1830 400
2623 0
1220 1400
1159 2700
122 1600
2501 850
1891 700
1342 1850
549 2000
183 2300
1403 2200
1159 2250
1830 2600
2501 2800
2257 250
2745 1100
2379 1150
1464 300
1586 800
2806 1000
2989 2250
183 2600
2379 600
1342 1200
976 1700
1647 2850
183 1500
1281 150
1952 1500
1891 2750
488 900
2196 200
915 850
1708 900
2135 400
1769 1450
793 150
183 2700
549 50
1464 2300
1830 50
1708 300
183 1250
2928 2050
1952 2100
2440 2800
2989 700
1647 250
1647 0
244 2000
1952 2000
1586 2550
1220 800
1830 2900
2928 1200
976 900
122 2350
732 800
793 1500
1525 800
2684 1850
61 1150
2318 1850
2379 1650
732 2900
0 1350
1037 2000
427 850
305 200
183 2200
2074 2100
2135 2500
183 2150
2379 1350
671 200
1037 1500
183 1600
2989 2300
488 1900
1098 1200
2074 1250
2928 100
1708 1400
1342 700
1586 500
1586 1950
2745 500
1708 1850
2318 1500
61 1850
2013 50
0 1650
2562 2950
1830 2300
549 850
1342 1100
1403 50
61 150
549 2750
2562 1050
427 2850
2501 1600
732 200
610 1600
1525 1150
1464 1300
1708 1750
854 2250
183 150
2989 800
1525 750
1464 850
2379 1450
244 2650
1281 2700
2928 1000
2806 1400
366 600
2867 1050
2928 2100
427 100
1952 1650
1769 1600
793 100
366 2800
2867 2350
2867 200
976 1600
61 450
61 2150
1403 1550
1342 2400
1037 2700
854 1350
1464 1000
1281 500
1464 750
2074 2200
122 600
1281 2800
854 850
2440 1850
1586 2150
1220 450
2135 2900
1952 1900
1159 1000
915 2850
793 450
2745 950
1769 1050
1525 850
1159 1750
427 2400
0 2550
2318 0
2257 2000
1342 1950
1647 1900
976 1100
427 400
1708 2450
2806 1800
732 2550
2135 300
2074 1050
2013 2850
183 400
1281 200
1830 2350
732 900
2806 1050
1220 2100
2196 2100
1952 450
0 1250
2257 2050
1098 1300
732 700
2379 2050
2623 1050
2928 750
1098 750
122 1850
1220 2800
2745 2400
0 2300
2135 2000
2806 0
1952 2800
2074 2400
1586 100
1647 1000
488 750
61 2950
854 350
915 350
1708 700
2135 350
2440 350
2928 250
0 2900
1037 200
2379 1050
549 450
1647 800
1647 1600
1830 2400
2257 2450
610 100
2318 2200
2989 600
2257 2650
2013 600
1952 850
122 1300
1464 350
2318 900
1220 2050
854 950
2196 2200
1281 1450
915 1750
183 800
1891 950
1708 250
1647 1500
244 800
549 2800
671 600
793 2550
488 1500
2196 1300
305 350
2379 2550
1159 400
2867 950
610 2650
2867 1950
2135 1400
1891 650
427 1800
1891 2050
1037 1100
1342 2800
2989 900
2623 850
0 2950
1403 100
2074 100
610 2600
1403 1300
976 1850
244 2200
2074 950
2257 800
2013 1900
2867 600
61 750
732 2800
2623 1600
1220 2250
2257 1300
427 250
2013 2700
1952 700
2379 200
671 2000
1647 300
549 100
1830 1400
2501 2350
2013 2400
1769 750
610 700
1830 1500
1891 1150
1220 0
2318 500
1037 2650
1952 1300
1464 900
2196 1550
2318 2900
549 2300
2379 1950
2989 150
2440 2000
1952 1800
2562 850
1769 150
2623 2300
2013 2100
2318 650
1037 2600
1525 2850
244 200
1281 2300
0 150
183 200
1281 2600
610 750
1525 1450
1464 200
2684 2100
732 1350
732 2400
854 600
1525 1500
1586 600
915 900
2989 1600
1586 2950
2745 250
427 2150
2989 350
2806 1200
2989 1650
305 2800
854 2150
61 350
183 700
1647 2900
427 550
1281 2050
915 2400
2684 2850
732 350
61 650
671 2700
1342 2950
2928 1900
2623 700
427 2750
1159 200
2379 2350
1708 450
366 2900
1403 1700
2196 2500
2867 2300
915 1350
549 2550
2684 2650
1159 1950
2989 1850
1098 1250
2806 1900
1403 1850
2928 2750
2562 1350
793 550
2867 1750
1464 2350
1098 2350
549 950
488 500
610 1350
2928 2850
2623 2150
2135 1200
2257 750
1952 1100
1586 1850
122 1700
2501 1900
2989 2000
1342 450
1830 450
976 2800
2013 950
0 1150
183 2500
1647 600
732 2250
1281 1400
2867 2450
2440 2100
1769 2500
2806 2150
2257 300
2013 750
1403 1100
1403 2700
1830 2750
427 2650
2501 950
2196 2050
1952 1450
183 1800
1342 1550
854 0
122 550
0 50
1708 2850
793 850
122 2450
1769 800
976 1150
2074 1600
976 2050
2013 500
2989 2350
671 500
1220 1950
1342 200
1952 2300
1464 1350
183 2000
2562 2350
1525 1700
2684 0
1525 550
1647 2450
1403 2100
1891 2450
1220 250
1281 1050
793 1850
915 1200
1586 2450
671 1700
61 200
1647 2600
61 1500
2928 600
793 2150
488 1450
854 1950
2562 500
2074 2650
1830 350
1708 800
1098 1400
2623 2900
1281 900
1403 2150
1281 700
610 2200
1342 1750
2928 2550
915 650
366 1900
1220 150
2074 1950
1891 2000
793 800
61 1050
1098 700
366 2350
1891 1800
2196 850
1586 50
2684 1750
244 2850
427 1550
2074 2900
427 1850
122 850
2196 250
2806 600
2501 2700
2623 2200
976 2250
366 100
2989 1500
671 2900
549 2850
2257 2500
854 650
1891 500
2135 850
1098 200
1220 1150
1830 500
2196 2800
2440 750
1281 1300
183 2650
2989 2050
2257 600
2379 50
1281 550
2074 2850
610 2900
915 600
1464 550
2440 50
1952 1350
1281 1950
2196 100
2257 500
305 950
488 1600
2196 2150
2074 650
915 2950
488 1800
1891 100
61 2650
1220 2450
1159 100
2867 0
1952 2850
2684 1450
2135 1800
2013 2200
2013 1150
2379 1700
610 2150
1342 50
122 150
2318 2800
2501 300
2745 2750
2867 1850
976 2300
610 1200
1281 2850
2318 450
915 1500
2928 300
61 1900
854 1150
1708 2300
2135 2350
610 2800
1830 1100
854 1100
2074 2050
2318 200
1098 250
1220 1600
2501 0
61 1000
2501 2150
1952 900
1708 2800
2989 0
1647 2100
915 550
2806 2250
427 600
1037 1350
2257 850
1891 250
2928 900
1159 2650
2501 1800
1525 1200
2989 2750
2074 2800
1159 250
1220 1650
2440 2900
2928 2150
2562 800
305 1650
1525 2700
2257 650
488 950
2440 950
1159 1200
122 2250
366 2000
183 2950
0 1200
2013 400
1159 600
2745 2000
2623 2500
1891 1950
915 2800
2379 150
2318 1050
2562 2750
1159 2000
1586 2700
2562 250
2745 1050
2135 650
2623 200
1769 50
1708 2000
1708 2650
244 2400
2806 100
2257 2900
1952 100
305 1250
1037 2400
1464 2650
2684 1900
1830 1350
1708 750
488 2250
2196 400
610 400
2013 1000
1708 2950
915 1950
2562 300
2501 1000
2623 1400
1952 2900
1586 2300
1586 2250
2745 2950
610 1400
793 2000
1647 1400
1769 2700
427 750
2928 50
610 1450
1891 2950
2928 1300
122 1900
488 2450
1830 850
1220 1250
366 300
610 1550
610 1000
1220 2300
2806 1550
2501 2650
2440 700
2013 2050
915 2650
2196 550
2562 2700
1586 1800
2867 2500
2196 1650
2074 1650
1098 2650
2562 2450
183 1200
2623 600
1952 2550
2440 2200
2135 2850
2440 600
549 750
2867 2950
1525 1100
915 2100
2135 2950
854 700
366 2400
2501 1200
2806 2750
1891 1000
793 2800
610 500
610 2100
671 150
2806 900
2135 2050
1708 200
793 1900
732 2350
2867 2550
2989 2100
488 1050
2074 1700
2013 1300
2257 1700
1342 1300
1769 1100
2623 900
2684 900
2989 300
2257 1950
2318 1700
793 1950
2318 100
976 750
2013 1200
1220 2750
2257 1850
366 1850
2013 0
0 1850
1525 100
1647 1100
2440 2750
2440 250
976 100
2074 2600
1586 1050
1708 1300
2989 1750
244 1800
488 1650
1830 1550
2257 550
305 1350
305 2250
244 1200
2440 1050
2806 2450
2684 500
2318 1800
610 2300
1525 500
1952 2600
2562 1200
488 1950
244 2750
1464 2200
2074 1900
2867 1200
610 2050
0 2000
2623 2350
915 300
2745 1200
1464 1200
2013 100
427 1400
488 2950
1891 550
2379 1750
305 100
2562 1400
2989 1800
2196 1250
1403 1600
1708 500
2806 2400
2623 750
671 2650
2928 2500
732 2100
1586 650
976 1800
2318 2550
1281 2000
1403 2550
2379 650
122 2300
1708 2750
2623 2750
2501 1750
2562 1750
1159 1150
2806 1750
854 1700
2745 2700
549 1650
2074 1800
2562 700
2806 700
2318 550
2989 1050
1891 1850
2867 750
2928 1100
915 2200
2684 2700
1037 1450
488 1700
2989 950
2135 1750
2806 400
1525 1950
976 2900
2501 2250
427 1150
427 2100
1647 2250
671 1650
2196 2950
1098 2700
2623 300
2745 400
1159 650
1525 150
1098 350
2745 2200
610 1250
2135 1600
2318 2400
1891 850
1830 0
2196 1700
549 2350
0 950
671 1800
610 2500
122 100
2013 2600
1708 1900
1769 1800
1098 600
1281 2900
1586 2400
366 150
488 2750
1891 2600
488 600
2074 1100
2013 1750
2501 2000
1769 1000
1403 200
671 50
488 200
2928 0
793 300
2684 1250
793 2900
1464 2450
1830 1600
732 1950
1708 2900
2196 900
305 2700
1159 2200
610 1850
549 1200
2257 1750
1403 1800
1098 2750
244 1050
244 2500
1037 1800
1403 150
244 2600
732 500
2623 2800
793 950
2013 1700
61 1800
183 550
1220 50
244 100
0 100
1830 1850
793 1250
1586 1150
2806 50
793 50
2867 1650
1159 750
1159 2500
732 2450
2867 350
2196 2250
2745 1350
1159 1400
1830 1000
1403 2400
1098 500
1830 2450
671 1050
1708 2400
2806 800
366 1550
183 500
1281 2150
1403 700
2013 2650
366 0
61 2400
488 550
1586 350
1159 1800
2684 1550
2684 2300
2379 800
854 1200
2196 800
793 2250
1647 1950
2440 1950
1769 2900
2928 1500
2440 1750
2562 2400
366 2700
854 2400
854 300
2379 850
2501 2500
1220 1050
1281 1350
2318 2500
2745 900
1281 650
122 2000
61 2300
2440 1800
2745 2800
2257 0
1769 0
1891 800
2562 1450
2806 550
1098 0
122 300
244 2700
915 450
1464 500
0 450
61 700
2135 750
671 2250
854 1300
2745 2300
2501 1450
793 1200
2013 850
1342 500
244 950
854 2700
2989 1450
1220 1750
122 1500
2440 1450
2135 1550
2196 1400
61 1200
793 1650
61 1600
2867 2800
610 1900
305 2450
183 450
1525 200
1281 400
2501 650
1281 1850
854 800
2379 900
2013 1450
2135 900
2196 2750
610 900
1891 2250
671 2750
427 2700
2318 150
2440 550
976 2650
793 2100
0 2150
1891 2350
2501 2950
671 2600
1342 900
2135 0
305 1300
1159 950
976 600
2257 1000
2257 1650
366 450
1769 2550
2745 1600
1952 50
1281 1650
305 800
1830 300
2013 1050
2745 700
2196 700
2257 1050
2562 1100
2623 550
1830 700
1281 100
0 1500
732 2600
244 2100
2562 2500
366 250
2501 2300
2745 2150
2928 400
1159 2950
732 850
1464 1600
2501 250
366 2600
0 350
1647 2800
976 300
183 1350
1708 950
2074 1500
1281 950
1159 1500
427 2200
1403 1250
2928 950
1037 600
976 2000
488 1150
2257 2100
1098 850
2318 1950
2562 600
2989 2500
793 650
976 1050
2013 550
2867 2650
2074 200
2562 2050
1342 100
2928 550
1220 2500
793 200
1281 2650
1525 2600
2867 1150
183 950
549 1750
1769 200
610 1050
2684 50
854 1050
2379 2600
2257 350
2745 1900
1342 2700
1769 2850
1952 650
2623 400
1037 250
2989 2700
1159 300
1342 750
1830 1200
0 900
2989 2400
2623 450
2013 1350
2806 1150
2928 500
1830 1700
366 950
2745 2050
1037 750
2074 2150
2745 2650
671 350
2074 1200
1586 1450
671 2550
1037 2750
1586 2750
793 1000
2501 500
1586 2100
2379 450
1037 2050
1342 1250
1403 1150
2806 1500
2867 1800
2623 2850
610 600
2013 1400
2440 1100
2379 0
488 2850
61 500
2501 600
488 2050
183 50
2684 100
2501 100
793 1050
122 900
427 900
1647 550
2379 2250
366 1000
976 2400
2379 2450
915 1250
2379 2800
854 1650
2318 1600
2867 150
2623 800
1403 900
2745 2500
1342 2050
183 1850
122 50
1281 1100
427 1000
854 2550
2013 1950
1220 1200
2928 200
1647 2650
2013 2350
61 1750
2440 2250
1281 1250
1159 2150
854 200
1281 2450
2806 500
1769 550
427 1900
2989 750
366 500
549 1150
1342 2200
976 550
2318 850
1159 900
1891 200
488 0
1403 2500
732 2200
1403 2850
1891 1750
488 2600
610 300
610 1700
1891 400
2989 2450
1464 2150
1037 2100
2562 2200
1098 2800
1769 2200
976 2100
2318 300
2867 1500
915 1600
854 50
1708 1450
1220 500
2318 2600
854 2300
2623 1450
1037 900
2867 650
2257 1900
2196 2700
671 550
1098 1600
915 200
2074 750
0 750
2928 2900
1342 2550
671 1250
2623 2550
1769 2800
1342 2000
2501 1250
2684 650
2562 950
1952 2350
0 500
0 550
2196 1750
2745 1850
122 1400
0 1900
2867 2400
732 300
1464 1650
1952 1850
732 1750
305 1050
366 2100
0 2750
2806 2500
1159 2850
976 2750
1647 2400
1464 150
549 800
2501 400
2379 1100
2379 1200
1037 2900
915 950
1586 2200
2379 250
2196 2650
854 1850
2074 1550
2196 1600
122 1550
0 400
732 2050
1830 2550
2623 2100
1525 1250
1952 1750
1830 1900
0 2500
0 700
2074 600
2806 650
1159 1100
854 2850
1891 1700
2318 1450
1525 900
1464 1400
244 2950
2684 1800
2684 2750
1586 1550
2379 1500
2684 150
2745 1300
2318 1250
1037 2150
305 2150
61 2250
976 150
1586 2850
854 2350
61 250
1647 150
732 2000
1830 2950
915 2350
1159 50
244 2150
1708 1050
1403 2000
122 2650
1891 2900
1464 1150
976 400
549 1900
2440 900
1952 2400
2196 1450
1403 600
732 50
0 600
1220 100
1342 650
1586 850
2806 2900
2745 750
1769 450
1159 2450
2379 1800
1647 1250
1891 50
1037 0
1281 1150
1281 50
1220 300
1769 300
2379 700
2806 2050
122 2400
549 2050
1830 2500
2318 2450
305 2100
610 1300
61 2350
366 50
2806 250
2562 750
1952 600
2745 1650
2745 1700
671 1750
1891 1400
2196 350
1708 2350
1647 1700
488 800
1952 1550
2623 1900
1769 2300
1037 400
2806 2650
1952 2150
1708 1250
2684 800
2806 1350
1830 2100
183 2250
1159 1450
2440 1650
183 250
366 2950
1098 2200
2013 350
2135 2100
732 1700
549 0
1403 350
549 2500
1403 2750
1769 1550
732 1300
1037 2250
854 2050
1342 550
2806 2300
2135 2450
915 100
0 2700
2074 550
305 1900
2623 1150
2257 2150
488 50
1037 1200
2989 1700
2623 2050
183 2800
2440 2700
244 250
915 500
1525 400
1342 2850
2196 1800
2196 1350
2501 700
671 2950
1098 2000
61 1350
1952 800
2745 1250
1586 250
1464 2000
2196 650
244 2350
2501 1550
1342 2500
1159 1350
671 1200
122 1150
1952 1950
2684 1000
2623 2400
1342 950
2989 2550
2684 1950
1464 800
976 1400
854 150
61 1300
427 2600
1952 750
427 350
488 2550
2196 2400
2562 2000
610 850
1952 400
2379 2950
854 250
610 2000
1952 950
1342 1700
549 2400
244 550
2013 2450
427 2250
1098 1350
427 2900
2257 1550
732 400
732 1800
122 1000
488 2000
183 0
61 2850
366 2050
976 50
122 1350
2135 550
427 2300
1769 1400
2562 2650
1403 650
61 2050
854 900
1891 150
427 300
1647 1800
122 2100
2135 1650
1281 1200
244 1750
1464 2950
1281 850
2379 2300
244 1000
2257 1600
671 700
2318 2850
488 2150
1464 2400
1525 2250
2623 1800
427 1450
1525 1900
366 1650
854 2200
1891 1600
366 1600
1891 2300
1647 500
1647 2200
976 500
2257 1450
1952 0
183 600
2379 750
915 2600
1159 700
2684 250
488 250
2379 1550
1220 2550
2196 2350
1037 1850
1586 2350
305 600
0 1100
671 650
1769 2100
2928 2800
2257 2200
2135 1700
366 2250
2379 2650
1952 2200
2013 250
610 0
1342 1600
183 2550
305 2850
1403 750
2989 650
2745 200
2867 1100
671 2450
2013 1550
793 1350
1830 1250
793 1550
1403 1650
305 1500
1891 900
2257 1350
2013 1650
2867 1550
2989 2600
549 1700
854 2100
976 1550
1281 450
2440 2450
1464 1250
671 800
1525 1750
1586 1350
1220 850
2074 2450
1342 2100
671 100
2440 0
1586 300
2074 2500
366 400
2684 1350
2562 2800
854 1250
1891 1200
305 1750
2135 1150
0 1600
2135 1500
549 150
610 800
1342 1150
244 650
2806 200
1647 200
1464 2100
1220 1000
1647 1050
2623 1000
2867 1350
671 2850
2440 2650
2318 2750
915 1850
671 0
1952 350
1220 1350
1037 1400
2135 1850
1647 2700
366 1300
854 1550
1403 0
1464 1450
2562 0
1891 750
2562 900
305 1450
2562 2150
488 350
1403 1900
2013 2500
1159 500
2684 400
1464 250
610 150
1525 2150
2135 1100
1525 1000
2989 250
305 1100
2074 2550
244 1300
2196 1000
2806 150
2867 250
610 2700
1769 600
1952 1050
2745 300
1037 300
2928 650
793 600
1037 2500
2501 2450
2989 2950
671 1150
1952 250
1769 2600
2196 50
1037 2550
2562 450
1098 950
2135 2650
1952 550
122 2150
1708 600
671 2400
915 1650
1586 1250
976 1000
1525 2100
244 1500
1342 2750
854 2500
1830 1450
1220 900
1708 2150
2745 2550
2318 350
0 2400
61 1450
976 2550
2989 450
1037 1750
854 1500
854 750
2501 50
0 1000
2745 150
610 1800
2379 2750
0 1750
2684 300
1098 400
366 1100
793 1100
2867 1000
2623 150
2928 1600
2440 1550
1647 1200
1708 650
1708 2200
122 2600
610 200
2745 650
2806 1850
1403 400
2196 450
2257 900
1220 1550
2684 1100
915 2500
1464 1900
1525 1800
1098 2450
305 150
1586 950
366 2300
549 1100
1220 2950
1342 150
2074 1350
1403 500
1708 550
549 350
2196 0
1525 650
1525 1650
2196 300
2745 2850
2318 800
488 2500
1281 1550
2440 2150
1586 1750
2745 350
2562 400
2440 1250
2440 650
671 2050
793 750
1769 1250
61 2500
1403 300
1220 2400
122 1750
2318 2650
671 450
61 1400
1281 800
2745 1150
427 2950
2684 2550
1159 550
427 2550
1525 2900
2562 350
366 1250
793 2850
2074 850
1464 2500
2135 1250
2989 1400
1098 2500
183 1900
183 2450
1769 1700
2196 2900
2257 1800
1098 300
1220 2000
2623 2700
183 300
1037 50
2501 2200
488 1400
2074 450
1586 200
1159 150
1586 1100
2989 100
2745 1450
1464 1050
1403 450
1464 700
244 500
1525 1850
2745 50
1464 2750
1037 1000
427 200
1891 1100
2135 700
0 300
793 2700
2135 1950
1281 0
366 2500
61 2100
244 700
2745 2600
732 2750
122 1950
610 1150
915 2700
2989 500
549 250
1098 50
2867 1400
915 2750
122 500
1647 2300
427 700
2440 2050
2684 2150
2623 250
366 2200
1037 1950
854 2650
2379 300
1586 1300
732 1850
2501 1400
2684 1050
183 1450
2806 2350
793 0
2501 550
0 2800
2440 500
1586 700
1769 500
2440 100
2928 850
2928 2000
1769 1650
2196 1950
0 2850
915 2300
1342 2600
2013 1800
1647 650
1525 0
549 1800
1342 1050
2257 2350
1647 2150
305 2350
671 2500
732 0
2318 250
2379 1400
1403 1350
183 2050
1098 1750
2196 1150
305 2950
2074 2700
1037 2350
1403 2050
244 1150
1159 1700
1891 450
2562 2600
2806 300
244 1700
61 2900
2562 100
549 2900
244 2800
1830 800
1647 900
2257 1200
2928 2350
1098 2600
1281 2550
1220 1850
2257 1250
488 2700
2318 2100
2257 200
1220 700
305 2050
2623 100
305 1200
1891 2650
305 2750
793 2300
1342 300
671 1600
2196 2850
1281 1800
2928 150
915 1300
2623 2250
244 2550
2501 1850
1708 350
183 2850
976 2700
732 600
61 1700
2928 1650
2318 750
2440 450
2623 1750
1952 200
1525 1600
61 1650
1830 1300
1586 2900
1525 300
854 1800
2318 1900
1708 1100
2684 1400
2867 2900
2196 150
1647 2750
1525 2550
1708 2600
1586 0
610 250
122 1650
122 1050
366 350
1037 1650
1769 2000
2562 2550
1647 850
915 1700
1220 2350
122 2950
305 650
1220 1500
1891 2850
1708 50
0 2600
915 700
61 800
732 1000
1342 2900
976 2600
1220 650
61 100
2440 1000
1281 1000
1525 2750
1586 1000
488 700
1464 50
915 1800
1708 1650
1647 1850
122 250
1830 1050
305 2400
183 100
1342 1350
1769 700
671 300
2928 1350
732 2500
183 1400
488 1000
1525 1550
122 950
1830 2850
183 2750
427 2800
1037 2300
793 500
854 2950
549 1850
2196 1900
488 100
2989 1950
2867 850
1891 1450
2623 1850
2867 100
2501 900
0 200
305 1550
0 1450
2684 1300
1159 2300
2379 2150
305 2600
2135 1300
976 1250
2928 1550
2074 150
793 2400
671 1950
671 1350
2196 2000
427 150
2806 2550
488 850
1769 2650
1220 2650
488 1750
2257 1500
2562 1850
2745 2250
1586 1700
1769 900
1403 2650
1098 1100
0 850
2013 1500
2684 2000
915 1050
1891 2550
61 2700
1830 2000
1891 600
366 1400
732 1200
732 250
793 1150
2745 1550
1708 400
1220 1700
1098 1650
1220 1800
2318 2300
2623 1500
2074 300
549 1600
2440 2850
2135 1050
549 2250
122 700
1464 2900
915 1100
610 1750
915 2150
1037 1050
1403 950
1403 1750
2440 2500
2928 2400
1647 400
2684 2900
2501 2600
2379 500
976 2350
488 2350
2867 2200
0 2650
2440 200
732 2300
976 0
915 1000
2623 1200
244 1900
2684 2800
61 0
2440 1300
2440 400
2806 350
671 750
1830 1750
2623 50
366 1050
1769 1500
2867 2250
549 1050
244 750
1220 750
1342 2150
366 1700
1525 2000
1830 750
1159 850
1830 2250
2562 1500
2013 200
1037 1900
2379 2200
2196 500
1525 2200
427 1100
1586 1650
427 0
61 2750
1403 1950
1281 1600
2684 1650
305 1600
732 2700
2318 2250
183 1000
1098 900
366 700
61 2200
610 50
2440 1700
1281 1500
122 1800
2074 800
1037 650
1464 2800
244 1350
976 800
2562 1800
671 1000
1220 350
1098 2300
610 350
2806 2800
2379 550
2562 1300
2867 1250
1098 650
610 2400
122 2200
244 1650
732 650
2928 1800
0 2350
2318 1200
1159 2400
2684 750
1403 1450
2806 2950
122 1100
2074 400
732 1050
1403 2900
915 1900
793 2500
2440 2350
1830 2150
671 850
366 1150
2989 1900
1159 2050
732 2150
610 1100
2440 150
2318 1300
0 1550
2867 550
2745 1500
1525 2500
732 550
1830 100
0 0
2867 2850
793 900
122 2050
2196 2450
1403 1000
976 2450
2623 1700
976 1350
1586 2000
2440 1200
1952 2750
2623 2450
2562 650
549 500
1830 2050
1403 2350
1586 1200
549 1450
854 550
1037 700
2684 2050
976 350
732 150
183 2900
1708 2550
2684 700
1830 900
2562 1600
2867 700
122 1250
1464 600
1464 1850
1952 2500
2318 2700
122 2750
0 2100
1037 1550
2989 850
1464 0
1037 500
2806 2600
2074 1450
2562 1250
2013 650
2745 550
732 1600
1769 1150
1159 0
549 2100
1220 2600
61 850
244 150
1891 1350
2562 1650
2257 2950
2806 1650
1830 1650
488 1250
732 1900
671 400
488 2200
427 950
2684 2950
2196 1850
427 1250
1952 300
2623 2600
1525 2350
366 850
1098 800
1098 1550
427 2350
854 1000
122 650
549 1500
1769 400
1281 1700
1098 1500
549 1350
244 1850
2379 400
1159 2600
610 1500
1220 2700
1342 250
2684 1500
2135 2550
2867 900
2257 2600
1952 1250
1159 1300
305 1000
2684 2200
244 300
2135 2150
1220 1450
2257 2800
122 400
2074 700
1403 1500
2074 2950
1464 1700
1647 2050
2501 1500
2318 2000
793 400
2806 2000
854 1400
549 650
2013 2000
2013 1250
61 550
1647 1650
1098 2550
2318 2350
2135 1450
2745 1400
1342 600
1403 2600
366 2650
1525 1350
2135 2300
2318 50
2684 550
2013 2950
1708 150
2501 1050
2135 50
2318 600
2501 2900
183 1300
732 450
915 400
732 1400
976 1500
2074 500
1647 2350
366 1950
1098 1000
305 300
2257 2250
0 2200
2745 450
2501 1150
1586 150
1769 1950
1281 600
2074 2250
1830 150
244 2450
2989 2150
2928 800
1647 2950
1891 2200
2989 2200
1159 1250
1891 0
549 300
2501 2850
488 2900
1769 2400
1464 100
1708 1000
1525 2300
2318 1750
2257 2750
976 2150
1220 1100
610 2850
1281 2350
2074 1000
1586 550
2928 350
2806 450
1891 1500
366 1350
2074 250
2562 1900
2440 1600
1708 2250
1098 1150
122 450
2440 1150
1281 2200
61 2000
2074 0
2867 1450
915 50
2318 1400
305 1150
1281 250
2379 1000
793 1600
488 650
305 2650
244 50
1464 450
427 650
1891 2150
488 1350
2318 1150
2623 1950
2989 1150
2013 800
854 400
1220 600
1708 1700
1281 350
793 1450
2440 2600
1586 2600
1769 2950
1098 1450
549 1400
854 1450
1525 2400
2867 2000
2806 1250
549 1950
1830 200
549 2650
1769 2350
305 850
732 2950
1037 100
2623 2000
1098 2400
2745 2900
2928 700
2501 1100
1342 2650
1525 2650
1464 1950
2867 2150
1708 1350
610 2450
2135 1900
1525 250
1159 1050
2257 700
488 2300
1220 950
1159 2350
732 1150
610 650
1098 450
2013 2300
488 1850
366 2150
427 1500
2257 450
427 1050
2135 200
2196 1100
61 2450
793 2950
244 1400
549 200
1464 2600
305 900
2928 1700
1464 2050
2684 2400
1830 2700
2623 950
2196 750
366 1800
305 550
1220 2900
2806 2200
915 1550
1708 1500
2928 2700
122 0
1037 1700
427 1200
1220 200
2074 2300
549 2950
549 550
183 1150
1403 2300
1159 2750
427 1750
488 1200
2684 1150
2440 300
305 1950
610 450
2013 1100
1647 1550
1769 1300
1342 800
854 1750
1769 950
2623 2650
610 1650
2074 1850
1037 2450
122 750
671 1300
793 250
1830 550
2562 1950
2318 1550
1952 500
1647 350
2806 750
2318 1100
1342 350
976 950
2257 2700
61 1550
854 2800
976 1650
1159 350
915 150
488 300
976 700
1952 2700
549 2700
1769 2250
427 500
183 2350
488 2400
427 2000
2440 850
2440 2950
1464 1750
2745 1000
1159 2100
1708 2050
2196 600
183 1650
305 2500
1464 400
2013 2900
2135 950
244 2250
2196 950
1525 1400
2135 150
915 2250
305 450
0 1700
305 2550
2562 550
1647 1150
2806 2850
2867 500
2745 800
793 2200
732 1450
366 2550
2867 2100
610 1950
2806 850
1342 2300
2074 50
0 250
2074 1150
1037 1300
1098 1850
1037 800
2562 1150
976 2200
488 1300
1464 950
2562 2900
2928 1750
1098 2250
1586 2800
427 800
244 400
1525 1300
1342 1400
1220 400
122 1200
2135 2200
2379 100
488 450
183 1700
2440 1350
671 1500
1342 1650
1403 2950
976 650
2867 1900
854 2750
2196 2300
1952 1600
2135 2400
1952 1000
1342 1450
305 750
2867 300
2135 600
1281 750
244 1600
2501 800
1342 0
61 2600
1647 1750
427 1600
732 100
2379 2400
915 1150
1830 1150
2684 850
1464 1500
122 800
1037 450
2806 1600
183 850
1952 1400
2135 250
122 200
244 1250
2562 2100
1708 100
1281 2100
1281 2500
183 350
2928 2250
1769 250
2318 2050
2440 1400
2623 1550
1647 2000
1403 2800
732 2850
366 200
2074 1750
1830 2800
122 350
549 2450
1342 2350
2135 2600
1464 2250
2562 150
61 1950
1891 1300
1037 1600
1586 2050
549 900
2501 2050
0 2050
2257 50
2440 800
1464 1550
2867 2700
244 0
2318 400
1891 1050
2257 2400
1525 350
1281 2250
2257 2850
1952 2950
2013 300
1464 650
2806 1300
2013 150
1830 950
305 2900
2684 2350
1708 1800
2928 450
1647 1300
2562 50
2745 1750
1769 650
61 1250
2867 2750
793 1750
732 1100
244 1550
366 800
549 400
1891 2700
1098 2100
488 2100
366 900
793 1400
2928 1250
61 2800
1952 2450
244 600
1525 600
1159 800
366 1500
1830 2650
1403 550
2379 1250
976 2950
1464 2850
2989 1100
1647 1350
2928 2300
854 500
1952 1700
549 1300
366 550
1647 450
427 1650
2501 2400
305 250
793 350
244 1100
1403 250
1891 1650
2379 350
1769 1750
366 2850
488 2650
854 1900
2989 1350
2623 500
610 2950
1769 100
2684 2250
1098 100
2562 1550
2928 1050
122 2700
2928 1450
1220 2150
1952 1150
671 2100
427 1350
488 2800
1525 1050
183 1100
1708 1550
1098 1950
793 1700
2074 2350
2074 1400
366 1450
122 2500
2135 100
0 1950
1708 2100
2989 1200
2196 1200
1647 2550
2135 800
2623 1250
2562 200
305 700
1098 1800
1647 750
1159 1850
1952 1200
2989 50
0 1400
2501 450
671 2150
1891 2400
1708 2700
1281 2950
976 200
549 2200
2501 1950
2867 1300
549 1550
732 2650
0 1050
610 550
2257 2300
671 1550
2257 100
2562 1000
1952 2650
915 1400
1037 2850
2196 1050
1220 2200
2257 150
1891 1900
671 1450
244 900
2013 1850
2745 850
1586 400
1891 2800
2989 1000
2989 1300
183 1550
671 1850
366 650
122 2900
2318 1650
0 2450
2623 650
610 2350
2745 0
671 2200
1159 1900
61 400
2135 500
0 1800
2928 1850
2501 1300
1891 300
1342 400
1525 700
2013 450
1586 2500
1037 2950
427 1300
1098 2900
2989 550
915 0
1037 950
1769 1850
2623 2950
732 750
1403 1050
610 2250
2196 2550
1098 150
1708 1150
2989 1250
1891 2100
1769 1200
793 2350
1830 1950
1586 1500
2684 1200
1403 2450
0 650
793 2600
1586 1600
1281 1750
2379 2100
976 1300
2013 2800
2135 1350
61 1100
1525 50
1159 1600
2379 2700
854 2450
1464 2700
2989 2800
2867 1600
244 2900
2013 700
671 250
1159 2550
549 2600
2867 2600
793 700
854 100
1952 2050
1830 250
2013 900
1281 1900
854 450
366 2750
305 1400
2684 1600
305 500
1708 850
2501 150
793 2050
793 2450
1586 1400
2013 1600
854 2900
488 400
2318 950
488 1550
2318 2150
1281 300
1525 950
854 2000
2928 1400
366 1750
2867 800
1647 950
2135 2700
2257 1150
549 600
427 2500
244 450
1769 1350
2196 2600
1159 1550
2440 1900
61 50
2013 2750
305 2200
1037 1150
122 2800
1098 1700
1830 2200
244 2050
1342 850
1159 450
1098 2950
2562 2850
2745 2350
549 1000
610 2550
2135 2750
976 1450
2074 2000
610 2750
915 2900
2501 1700
1220 1900
1464 2550
1342 1000
2928 2200
1403 800
305 1700
1525 450
122 1450
183 1950
732 1550
305 1850
1281 2400
2867 2050
2135 2250
427 1700
915 2000
488 150
2379 1600
1037 850
2806 1950
244 350
732 950
915 750
2684 350
1769 2150
366 1200
1525 2800
183 2400
1403 2250
122 2850
1098 2050
1891 2500
427 1950
1647 1450
1952 150
183 2100
976 2500
1342 1800
1952 2250
671 1100
183 750
1769 2050
2257 1400
2867 400
976 250
183 900
1464 1100
1647 50
1586 450
2684 450
2684 2450
2501 2100
1098 2850
2379 1300
305 2000
1769 850
671 2350
2135 2800
671 900
1647 2500
2379 1900
671 950
2928 2600
0 800
1586 2650
915 250
305 0
183 650
1830 650
2745 1800
1342 1500
1708 1200
2623 1300
305 2300
2745 2100
2013 2150
427 450
2806 950
2867 450
854 2600
1586 900
2806 2100
793 2650
2501 2550
2318 1000
2989 1550
2379 950
732 1250
2989 2650
2440 2550
2806 1100
61 950
427 2450
244 2300
1403 850
1708 1950
2257 2550
671 2800
2623 1350
427 2050
61 2550
1037 150
2501 350
1525 2950
1647 100
671 2300
2074 2750
2257 950
915 2450
2440 2400
1037 1250
366 2450
732 1500
2806 1450
244 1950
2684 1700
2013 2250
305 400
2318 2950
0 1300
2684 600
2074 1300
1098 1900
2684 950
2135 450
1403 1200
2440 1500
61 600
2318 700
2257 1100
1830 1800
549 1250
2318 1350
732 1650
976 1900
976 1750
1220 550
61 900
976 450
915 2050
2074 900
1037 350
2623 350
1098 1050
915 1450
122 2550
915 2550
2562 2300
2684 2600
2562 2250
2928 1950
2806 2700
1708 1600
1281 2750
1342 2450
2806 1700
1403 1400
2501 200
1525 2050
305 1800
366 750
854 1600
2379 2500
610 950
1586 1900
671 1400
1891 350
427 50
0 2250
976 1200
1159 1650
671 1900
2623 1650
2928 2650
915 800
1037 2800
1037 2200
