2000
25640 102025
123072 126511
148712 122430
143584 114268
61536 179564
15384 40810
76920 122430
133328 28567
169224 183645
138456 57134
107688 199969
153840 159159
10256 138754
117944 130592
189736 4081
164096 12243
66664 16324
35896 106106
15384 138754
194864 126511
97432 146916
5128 20405
199992 89782
35896 191807
46152 138754
30768 20405
76920 97944
20512 36729
25640 167321
164096 175483
10256 32648
0 183645
189736 102025
82048 93863
123072 81620
92304 36729
128200 106106
169224 16324
123072 4081
56408 61215
112816 110187
184608 110187
194864 142835
148712 40810
92304 97944
158968 81620
46152 171402
138456 130592
143584 163240
56408 122430
56408 16324
194864 36729
20512 89782
97432 102025
71792 4081
15384 12243
194864 199969
128200 142835
61536 199969
97432 24486
184608 146916
92304 171402
112816 16324
76920 57134
164096 44891
148712 134673
164096 159159
179480 118349
107688 146916
107688 106106
5128 0
143584 155078
143584 183645
25640 81620
20512 0
56408 142835
25640 114268
128200 32648
102560 171402
184608 171402
107688 167321
112816 40810
189736 134673
46152 57134
164096 69377
194864 102025
66664 118349
174352 16324
199992 106106
174352 171402
117944 93863
179480 89782
148712 175483
107688 12243
82048 130592
169224 195888
199992 93863
41024 134673
97432 110187
199992 195888
0 65296
76920 138754
87176 12243
184608 36729
138456 118349
82048 159159
92304 138754
189736 199969
189736 179564
15384 159159
46152 183645
15384 8162
76920 24486
102560 179564
194864 110187
61536 0
123072 69377
153840 199969
25640 175483
41024 32648
179480 28567
97432 65296
133328 85701
138456 126511
66664 28567
25640 199969
46152 130592
92304 167321
76920 16324
117944 187726
102560 195888
174352 85701
158968 40810
133328 36729
164096 102025
71792 85701
107688 155078
87176 77539
76920 171402
117944 48972
5128 187726
41024 24486
112816 199969
71792 53053
138456 102025
148712 81620
25640 61215
164096 93863
174352 24486
102560 138754
10256 85701
71792 40810
35896 134673
123072 134673
158968 77539
82048 163240
169224 110187
82048 77539
76920 93863
0 4081
184608 199969
76920 118349
112816 175483
123072 171402
143584 57134
0 77539
97432 150997
35896 16324
179480 110187
10256 195888
138456 12243
148712 171402
164096 61215
46152 89782
153840 32648
30768 163240
199992 44891
15384 175483
117944 85701
112816 12243
102560 191807
97432 12243
41024 97944
56408 4081
5128 48972
194864 183645
123072 163240
169224 171402
92304 48972
123072 57134
133328 142835
56408 32648
179480 126511
61536 159159
164096 32648
107688 191807
148712 65296
35896 44891
123072 110187
10256 159159
56408 163240
164096 183645
82048 16324
97432 40810
35896 85701
71792 36729
35896 61215
123072 146916
46152 32648
133328 191807
76920 61215
138456 163240
46152 85701
71792 20405
51280 175483
20512 102025
148712 142835
0 48972
56408 48972
128200 159159
169224 93863
164096 126511
97432 61215
56408 44891
97432 179564
20512 73458
174352 191807
66664 110187
133328 12243
41024 171402
0 138754
169224 36729
102560 167321
46152 150997
51280 32648
71792 187726
179480 134673
92304 163240
56408 89782
61536 183645
123072 122430
174352 53053
46152 142835
51280 97944
20512 150997
87176 130592
51280 8162
71792 138754
92304 16324
184608 130592
174352 65296
194864 171402
56408 179564
158968 32648
61536 114268
46152 16324
0 89782
46152 134673
87176 134673
35896 163240
97432 183645
199992 126511
76920 175483
61536 8162
117944 53053
158968 130592
153840 73458
102560 134673
107688 85701
194864 155078
0 146916
46152 40810
164096 28567
143584 175483
41024 73458
194864 122430
179480 0
35896 81620
41024 102025
66664 155078
123072 130592
107688 126511
92304 191807
15384 57134
20512 4081
199992 69377
199992 53053
143584 65296
71792 57134
41024 195888
138456 122430
30768 146916
61536 122430
143584 85701
133328 48972
107688 69377
5128 85701
194864 85701
153840 36729
117944 16324
71792 163240
179480 93863
189736 130592
35896 199969
128200 179564
35896 167321
41024 150997
66664 93863
179480 195888
194864 48972
41024 89782
107688 16324
199992 40810
148712 4081
164096 199969
199992 102025
30768 36729
82048 81620
148712 138754
199992 175483
82048 122430
194864 146916
25640 20405
56408 171402
148712 73458
102560 81620
112816 102025
61536 187726
25640 150997
46152 65296
128200 126511
87176 122430
164096 48972
174352 106106
0 175483
128200 65296
164096 65296
97432 171402
138456 187726
25640 36729
87176 142835
41024 110187
66664 57134
82048 73458
174352 0
158968 199969
35896 159159
194864 69377
71792 65296
169224 142835
5128 65296
71792 179564
30768 57134
51280 199969
15384 134673
199992 97944
148712 179564
174352 150997
0 122430
66664 53053
41024 175483
25640 195888
169224 122430
158968 114268
0 36729
112816 183645
148712 118349
46152 81620
112816 24486
51280 106106
76920 130592
112816 77539
143584 0
82048 102025
46152 77539
158968 183645
0 155078
51280 4081
51280 40810
41024 8162
112816 20405
102560 61215
179480 175483
30768 138754
82048 199969
51280 195888
56408 183645
10256 24486
15384 110187
169224 102025
169224 130592
174352 48972
56408 155078
138456 81620
10256 134673
71792 191807
199992 110187
169224 77539
92304 102025
51280 69377
5128 36729
174352 159159
133328 44891
0 134673
189736 81620
194864 73458
189736 20405
112816 130592
66664 4081
25640 191807
179480 199969
92304 93863
174352 122430
184608 44891
117944 199969
92304 179564
107688 97944
117944 106106
82048 28567
112816 126511
184608 81620
164096 187726
199992 179564
148712 106106
76920 110187
15384 0
158968 106106
199992 187726
153840 126511
138456 32648
164096 36729
117944 77539
117944 118349
138456 53053
5128 28567
10256 28567
194864 187726
107688 171402
76920 12243
184608 77539
82048 138754
117944 159159
5128 69377
25640 8162
128200 16324
25640 28567
107688 44891
0 150997
5128 167321
0 40810
76920 73458
56408 8162
15384 155078
158968 36729
76920 89782
5128 77539
56408 126511
153840 150997
123072 77539
35896 65296
56408 150997
5128 126511
138456 40810
112816 57134
10256 175483
97432 134673
46152 61215
41024 199969
5128 155078
184608 0
30768 97944
20512 8162
56408 65296
199992 118349
35896 8162
82048 20405
123072 89782
87176 0
97432 53053
138456 183645
97432 97944
179480 32648
138456 48972
133328 146916
51280 24486
189736 28567
164096 89782
133328 20405
179480 24486
133328 0
148712 77539
128200 44891
97432 191807
87176 183645
112816 0
199992 85701
30768 179564
20512 199969
20512 183645
56408 159159
133328 195888
158968 159159
112816 4081
138456 97944
143584 187726
143584 93863
189736 195888
153840 102025
184608 126511
87176 110187
123072 199969
20512 57134
158968 110187
35896 77539
153840 163240
30768 199969
92304 195888
164096 155078
71792 77539
41024 167321
97432 73458
133328 122430
179480 122430
102560 146916
97432 118349
179480 155078
61536 69377
10256 48972
117944 114268
189736 163240
87176 126511
199992 32648
194864 28567
10256 110187
153840 138754
148712 167321
194864 195888
25640 97944
76920 44891
138456 134673
51280 20405
87176 146916
174352 44891
133328 187726
46152 53053
102560 57134
128200 167321
51280 110187
133328 134673
97432 126511
5128 32648
97432 4081
30768 114268
20512 138754
25640 163240
123072 114268
5128 159159
123072 118349
25640 32648
97432 36729
87176 65296
194864 138754
189736 16324
56408 28567
76920 150997
92304 199969
128200 48972
25640 146916
56408 57134
102560 44891
174352 118349
71792 73458
20512 126511
194864 159159
123072 142835
97432 159159
56408 130592
41024 106106
133328 199969
5128 106106
35896 114268
128200 195888
10256 36729
0 167321
10256 171402
41024 146916
10256 69377
143584 195888
143584 126511
107688 24486
117944 57134
25640 179564
133328 4081
97432 199969
61536 40810
35896 110187
46152 102025
117944 40810
123072 93863
15384 65296
76920 81620
15384 130592
112816 36729
61536 146916
102560 85701
87176 155078
143584 191807
128200 146916
148712 114268
82048 44891
102560 36729
128200 110187
169224 69377
148712 53053
25640 77539
184608 48972
133328 24486
82048 89782
71792 155078
35896 24486
158968 85701
61536 195888
138456 69377
61536 118349
30768 32648
153840 118349
123072 195888
169224 32648
87176 24486
25640 44891
87176 69377
61536 65296
199992 73458
174352 12243
128200 57134
41024 4081
10256 155078
169224 28567
148712 150997
199992 65296
123072 61215
169224 24486
158968 191807
123072 20405
112816 85701
138456 20405
189736 8162
51280 77539
123072 24486
133328 97944
107688 32648
107688 179564
179480 77539
184608 155078
123072 179564
15384 32648
153840 114268
189736 138754
184608 28567
179480 183645
184608 175483
20512 114268
10256 0
123072 28567
107688 20405
133328 73458
199992 0
71792 89782
107688 4081
189736 191807
92304 65296
0 16324
35896 122430
138456 159159
174352 102025
112816 44891
61536 53053
82048 12243
5128 134673
82048 85701
112816 134673
128200 122430
30768 8162
148712 146916
123072 138754
133328 106106
133328 61215
184608 24486
117944 175483
5128 16324
107688 48972
128200 0
123072 53053
10256 187726
184608 32648
184608 12243
66664 65296
92304 28567
87176 32648
41024 48972
76920 20405
169224 175483
112816 179564
112816 65296
76920 142835
46152 8162
164096 163240
158968 134673
128200 61215
128200 81620
35896 175483
179480 8162
10256 20405
30768 183645
30768 195888
66664 73458
61536 175483
112816 8162
128200 187726
82048 36729
10256 93863
10256 4081
143584 146916
158968 142835
143584 8162
112816 97944
158968 69377
41024 57134
153840 69377
194864 65296
117944 183645
66664 0
179480 142835
87176 85701
61536 85701
30768 48972
82048 97944
199992 57134
153840 171402
0 130592
133328 130592
5128 179564
92304 150997
133328 93863
30768 12243
102560 163240
66664 97944
56408 73458
189736 32648
56408 199969
158968 93863
199992 146916
20512 77539
199992 150997
117944 146916
41024 81620
102560 40810
179480 187726
128200 199969
128200 69377
133328 155078
66664 191807
128200 183645
174352 57134
15384 20405
179480 12243
46152 4081
128200 73458
92304 175483
117944 0
25640 16324
112816 155078
184608 159159
184608 73458
112816 122430
112816 195888
102560 0
15384 44891
41024 28567
71792 24486
153840 85701
133328 126511
97432 0
71792 69377
10256 183645
138456 106106
174352 32648
76920 0
41024 85701
97432 106106
0 20405
143584 167321
112816 163240
51280 61215
153840 187726
102560 73458
66664 150997
143584 69377
56408 81620
61536 171402
46152 12243
56408 40810
107688 102025
92304 69377
30768 191807
153840 106106
15384 69377
133328 175483
82048 195888
56408 77539
97432 69377
0 69377
15384 195888
174352 93863
117944 122430
189736 24486
138456 77539
102560 150997
117944 102025
5128 24486
184608 4081
10256 114268
148712 32648
25640 40810
189736 73458
10256 130592
128200 118349
0 93863
189736 118349
51280 53053
138456 93863
153840 175483
35896 12243
158968 20405
71792 171402
66664 146916
51280 163240
10256 16324
41024 20405
66664 179564
20512 195888
5128 138754
15384 126511
123072 32648
15384 187726
143584 53053
71792 8162
107688 159159
158968 163240
184608 53053
184608 134673
199992 16324
102560 126511
0 57134
0 44891
199992 171402
153840 167321
164096 122430
66664 106106
71792 199969
107688 81620
148712 97944
153840 81620
174352 28567
56408 69377
158968 61215
117944 69377
61536 163240
20512 191807
35896 0
92304 4081
138456 167321
5128 146916
164096 4081
97432 16324
30768 106106
174352 97944
169224 57134
5128 171402
71792 44891
20512 155078
97432 175483
20512 69377
30768 187726
56408 167321
164096 146916
117944 36729
133328 65296
184608 118349
30768 155078
169224 163240
184608 89782
61536 73458
25640 73458
25640 0
153840 28567
56408 114268
46152 93863
51280 0
71792 118349
189736 106106
184608 163240
15384 146916
128200 163240
66664 159159
35896 36729
15384 28567
61536 110187
138456 61215
15384 167321
169224 179564
51280 57134
10256 81620
61536 24486
179480 40810
174352 146916
189736 110187
25640 24486
133328 102025
66664 89782
25640 85701
5128 122430
71792 32648
35896 138754
184608 57134
20512 93863
92304 20405
174352 126511
92304 130592
25640 171402
71792 61215
117944 191807
169224 73458
97432 57134
123072 12243
51280 146916
184608 138754
51280 12243
5128 40810
10256 44891
138456 85701
10256 146916
169224 126511
107688 93863
153840 97944
30768 85701
66664 12243
5128 61215
76920 155078
20512 44891
148712 187726
92304 24486
97432 77539
107688 61215
128200 150997
61536 155078
179480 159159
51280 126511
35896 93863
174352 163240
143584 77539
97432 167321
184608 183645
41024 61215
143584 171402
112816 61215
138456 44891
158968 118349
25640 183645
97432 114268
189736 0
112816 73458
87176 171402
112816 81620
5128 8162
189736 114268
153840 130592
194864 118349
56408 20405
102560 199969
35896 97944
128200 4081
138456 73458
15384 122430
117944 28567
107688 134673
164096 8162
82048 65296
189736 167321
128200 171402
66664 142835
61536 57134
184608 187726
25640 159159
128200 89782
0 163240
117944 167321
107688 187726
76920 134673
148712 110187
25640 126511
112816 118349
71792 142835
5128 183645
61536 106106
107688 130592
35896 155078
20512 159159
87176 175483
5128 73458
164096 77539
138456 28567
20512 110187
128200 175483
112816 142835
143584 118349
158968 24486
20512 106106
30768 171402
0 191807
15384 106106
5128 175483
61536 150997
61536 20405
35896 32648
138456 146916
128200 134673
30768 4081
35896 150997
10256 106106
5128 118349
35896 48972
128200 36729
179480 191807
179480 57134
153840 146916
87176 199969
117944 32648
61536 4081
184608 114268
46152 179564
164096 24486
97432 85701
179480 85701
10256 65296
15384 77539
82048 106106
15384 53053
76920 159159
164096 53053
138456 150997
164096 130592
174352 130592
61536 126511
46152 187726
35896 195888
174352 8162
71792 183645
153840 142835
61536 32648
30768 44891
102560 69377
148712 48972
82048 110187
143584 138754
148712 183645
20512 24486
143584 44891
15384 199969
128200 8162
46152 146916
25640 142835
179480 150997
184608 20405
0 118349
128200 53053
87176 57134
107688 142835
25640 187726
199992 142835
87176 163240
5128 44891
179480 138754
92304 57134
5128 102025
87176 36729
20512 85701
194864 163240
92304 61215
194864 191807
133328 114268
61536 81620
169224 106106
138456 114268
82048 24486
138456 171402
189736 40810
10256 118349
164096 134673
148712 0
133328 118349
199992 24486
41024 12243
179480 20405
199992 28567
51280 93863
174352 89782
87176 40810
82048 167321
15384 179564
15384 61215
138456 24486
107688 114268
117944 134673
20512 163240
133328 69377
174352 195888
71792 150997
158968 12243
158968 171402
164096 20405
15384 97944
87176 195888
194864 106106
169224 81620
76920 183645
169224 155078
51280 16324
107688 110187
35896 118349
128200 155078
92304 81620
199992 183645
199992 163240
189736 44891
148712 93863
30768 40810
184608 85701
66664 40810
158968 48972
184608 106106
92304 183645
92304 12243
189736 183645
5128 12243
61536 130592
199992 12243
184608 93863
51280 171402
61536 134673
194864 150997
158968 122430
56408 106106
194864 4081
199992 114268
51280 89782
46152 48972
158968 73458
153840 0
0 187726
158968 179564
164096 40810
148712 126511
133328 89782
20512 32648
82048 171402
143584 20405
87176 114268
117944 65296
148712 102025
102560 16324
92304 44891
30768 167321
128200 12243
46152 118349
117944 81620
76920 106106
30768 73458
148712 155078
174352 187726
189736 77539
174352 183645
164096 191807
66664 199969
15384 73458
138456 8162
71792 102025
158968 53053
56408 97944
199992 36729
51280 183645
46152 191807
30768 110187
15384 24486
179480 171402
82048 175483
143584 28567
143584 89782
189736 150997
117944 24486
51280 81620
169224 44891
179480 44891
117944 163240
66664 175483
82048 126511
15384 163240
25640 118349
15384 4081
10256 61215
199992 155078
184608 150997
30768 142835
189736 57134
148712 61215
46152 126511
76920 4081
5128 142835
20512 142835
66664 187726
5128 81620
76920 195888
87176 187726
112816 28567
133328 138754
143584 4081
102560 97944
0 97944
76920 85701
199992 122430
20512 61215
169224 12243
164096 142835
107688 175483
61536 142835
35896 4081
71792 146916
107688 118349
66664 24486
92304 77539
0 73458
97432 32648
35896 142835
51280 85701
30768 134673
51280 138754
30768 61215
97432 20405
169224 138754
92304 155078
20512 146916
199992 199969
194864 77539
41024 138754
138456 36729
10256 40810
184608 65296
194864 16324
87176 73458
148712 163240
112816 106106
102560 65296
102560 155078
82048 69377
169224 48972
143584 48972
82048 57134
174352 69377
66664 85701
184608 61215
0 24486
123072 8162
179480 81620
51280 187726
66664 102025
46152 0
123072 106106
41024 183645
87176 138754
107688 195888
10256 126511
138456 179564
123072 40810
82048 61215
133328 77539
199992 134673
112816 32648
184608 191807
169224 199969
87176 20405
143584 61215
92304 126511
66664 20405
169224 191807
66664 36729
0 126511
169224 85701
61536 36729
20512 187726
10256 102025
92304 32648
189736 122430
107688 53053
87176 167321
184608 8162
92304 85701
189736 97944
35896 20405
87176 102025
92304 89782
82048 0
148712 20405
158968 0
0 81620
35896 126511
138456 65296
153840 44891
143584 40810
97432 138754
184608 179564
158968 8162
0 199969
123072 187726
199992 167321
15384 85701
169224 20405
158968 65296
10256 77539
158968 146916
194864 12243
30768 93863
189736 48972
76920 65296
179480 130592
10256 8162
148712 191807
123072 183645
143584 159159
174352 4081
153840 93863
15384 93863
35896 187726
51280 142835
128200 97944
46152 24486
179480 114268
82048 191807
20512 130592
87176 118349
0 8162
199992 138754
143584 32648
92304 40810
51280 118349
179480 61215
10256 73458
148712 199969
148712 69377
164096 81620
194864 130592
15384 171402
133328 40810
15384 114268
153840 65296
30768 122430
56408 134673
143584 142835
148712 44891
102560 8162
194864 53053
71792 159159
143584 134673
97432 195888
164096 73458
112816 171402
143584 102025
87176 48972
164096 138754
97432 155078
82048 134673
184608 167321
76920 179564
20512 16324
189736 36729
82048 118349
30768 65296
194864 114268
20512 179564
92304 159159
51280 114268
20512 53053
46152 20405
15384 183645
102560 24486
174352 134673
143584 179564
164096 179564
97432 89782
15384 89782
153840 110187
189736 61215
56408 24486
25640 106106
158968 102025
102560 110187
61536 138754
112816 138754
97432 8162
107688 122430
179480 36729
194864 134673
184608 142835
184608 102025
5128 130592
30768 159159
92304 134673
189736 187726
128200 20405
87176 89782
117944 195888
51280 28567
102560 142835
102560 89782
138456 89782
158968 138754
66664 171402
117944 138754
82048 114268
184608 97944
107688 28567
76920 53053
56408 102025
71792 110187
123072 36729
97432 81620
0 195888
169224 65296
0 171402
25640 134673
61536 48972
61536 28567
123072 191807
194864 97944
194864 57134
82048 142835
123072 16324
51280 134673
66664 163240
102560 20405
164096 114268
179480 65296
112816 114268
194864 61215
143584 199969
199992 61215
35896 69377
128200 191807
0 0
71792 12243
10256 142835
41024 191807
179480 48972
164096 106106
164096 150997
20512 12243
10256 12243
123072 85701
138456 110187
76920 69377
158968 155078
107688 36729
20512 28567
148712 12243
112816 53053
117944 155078
194864 167321
102560 102025
97432 44891
51280 150997
25640 53053
46152 106106
143584 73458
0 159159
46152 73458
143584 150997
0 106106
102560 175483
61536 191807
148712 57134
117944 20405
189736 85701
71792 167321
76920 146916
0 12243
112816 146916
92304 110187
189736 65296
158968 57134
174352 142835
194864 24486
194864 8162
87176 4081
138456 0
82048 187726
20512 65296
107688 0
169224 4081
164096 0
56408 146916
153840 122430
184608 122430
56408 36729
179480 69377
199992 77539
71792 195888
174352 20405
169224 40810
10256 89782
189736 159159
102560 106106
174352 199969
107688 183645
138456 16324
123072 0
51280 44891
174352 179564
76920 187726
46152 199969
179480 97944
189736 126511
112816 187726
66664 8162
189736 175483
76920 102025
153840 24486
66664 114268
133328 16324
15384 142835
92304 142835
92304 8162
92304 118349
0 28567
138456 191807
87176 179564
82048 179564
117944 73458
71792 122430
35896 57134
148712 85701
153840 8162
41024 93863
5128 199969
56408 110187
123072 65296
82048 4081
194864 179564
102560 122430
41024 179564
138456 199969
158968 89782
10256 97944
194864 89782
117944 61215
56408 138754
46152 159159
30768 175483
66664 183645
153840 183645
41024 77539
97432 142835
25640 4081
66664 134673
87176 81620
10256 122430
123072 44891
123072 48972
51280 191807
153840 20405
15384 102025
174352 175483
30768 102025
82048 40810
30768 28567
25640 110187
35896 171402
128200 85701
169224 89782
107688 163240
128200 77539
0 110187
148712 8162
61536 61215
46152 175483
61536 167321
117944 12243
30768 53053
71792 81620
153840 12243
15384 150997
123072 175483
194864 81620
5128 150997
148712 89782
66664 122430
102560 32648
51280 130592
189736 53053
66664 48972
71792 28567
199992 81620
35896 183645
15384 48972
92304 106106
41024 130592
0 32648
76920 8162
138456 175483
56408 0
76920 199969
102560 28567
174352 114268
87176 93863
153840 16324
158968 150997
61536 12243
117944 179564
30768 130592
30768 126511
46152 195888
153840 89782
25640 138754
148712 159159
92304 0
87176 16324
138456 155078
66664 44891
128200 114268
20512 175483
71792 0
158968 28567
117944 97944
82048 48972
66664 32648
107688 65296
194864 44891
56408 118349
66664 130592
107688 89782
20512 171402
184608 16324
102560 53053
199992 20405
5128 110187
41024 142835
174352 81620
56408 195888
138456 142835
5128 114268
153840 191807
30768 69377
169224 97944
112816 89782
0 61215
10256 179564
107688 57134
0 142835
153840 77539
41024 40810
164096 195888
153840 4081
143584 16324
20512 20405
164096 85701
143584 97944
102560 12243
20512 118349
153840 179564
102560 48972
138456 4081
97432 28567
56408 93863
76920 167321
158968 195888
164096 171402
128200 28567
46152 69377
56408 187726
133328 171402
133328 167321
128200 138754
76920 163240
41024 16324
5128 93863
82048 32648
153840 61215
35896 89782
66664 195888
194864 175483
66664 69377
133328 159159
15384 191807
61536 97944
66664 126511
112816 150997
174352 110187
189736 12243
143584 110187
30768 24486
56408 191807
174352 73458
51280 36729
107688 150997
46152 36729
71792 134673
123072 102025
46152 163240
71792 175483
117944 110187
179480 16324
102560 118349
128200 130592
169224 8162
123072 155078
189736 146916
153840 155078
56408 85701
51280 73458
179480 4081
5128 195888
194864 40810
41024 53053
5128 163240
133328 57134
71792 97944
169224 61215
112816 167321
102560 183645
174352 36729
76920 40810
87176 8162
46152 167321
61536 44891
82048 146916
174352 40810
199992 159159
71792 106106
179480 106106
189736 142835
133328 8162
35896 102025
169224 159159
199992 8162
25640 130592
184608 195888
117944 126511
25640 122430
158968 16324
117944 171402
102560 159159
41024 126511
76920 32648
30768 81620
5128 191807
169224 167321
128200 93863
82048 150997
128200 102025
5128 53053
46152 122430
194864 32648
20512 134673
35896 53053
102560 187726
117944 44891
112816 69377
41024 118349
143584 122430
153840 57134
61536 93863
133328 163240
102560 93863
87176 191807
66664 167321
148712 16324
153840 134673
71792 48972
97432 130592
15384 16324
169224 150997
174352 155078
25640 89782
87176 53053
41024 65296
107688 77539
35896 179564
71792 126511
87176 61215
128200 40810
56408 53053
10256 53053
20512 122430
35896 130592
164096 167321
123072 159159
71792 16324
158968 4081
41024 163240
153840 48972
10256 167321
189736 89782
92304 73458
133328 32648
199992 191807
51280 65296
61536 16324
25640 93863
194864 93863
51280 167321
10256 191807
179480 73458
35896 146916
107688 73458
158968 187726
5128 57134
61536 89782
87176 97944
5128 89782
199992 48972
97432 187726
179480 179564
87176 106106
194864 20405
20512 97944
123072 97944
25640 65296
174352 138754
82048 183645
184608 40810
133328 150997
148712 36729
112816 191807
76920 36729
76920 191807
102560 130592
41024 122430
179480 167321
41024 159159
25640 155078
46152 44891
189736 155078
10256 150997
123072 150997
107688 8162
169224 0
138456 138754
61536 102025
97432 93863
30768 77539
112816 93863
20512 81620
51280 159159
30768 150997
30768 89782
153840 40810
164096 97944
133328 179564
71792 93863
164096 118349
41024 187726
46152 114268
123072 167321
97432 48972
51280 179564
92304 53053
117944 150997
76920 48972
92304 187726
143584 130592
184608 69377
82048 8162
189736 171402
158968 167321
66664 77539
56408 12243
117944 8162
51280 102025
10256 57134
71792 130592
51280 122430
128200 24486
179480 102025
25640 12243
0 53053
51280 155078
199992 130592
112816 159159
199992 4081
61536 77539
15384 118349
169224 118349
92304 114268
143584 106106
71792 114268
87176 159159
10256 163240
158968 175483
148712 28567
76920 126511
174352 167321
5128 97944
169224 146916
41024 0
138456 195888
0 114268
25640 57134
66664 61215
164096 16324
143584 12243
102560 114268
143584 36729
133328 110187
5128 4081
169224 187726
10256 199969
35896 28567
82048 155078
20512 40810
158968 126511
102560 4081
20512 48972
41024 69377
87176 150997
194864 0
20512 167321
0 85701
169224 114268
41024 36729
56408 175483
174352 77539
133328 53053
112816 48972
66664 138754
15384 81620
148712 195888
87176 44891
46152 155078
148712 24486
35896 73458
41024 44891
179480 53053
92304 122430
179480 163240
117944 4081
179480 146916
0 179564
46152 28567
169224 134673
158968 97944
30768 16324
87176 28567
189736 69377
46152 97944
153840 195888
92304 146916
15384 36729
133328 183645
158968 44891
0 102025
66664 81620
41024 114268
189736 93863
107688 40810
41024 155078
25640 48972
51280 48972
102560 77539
35896 40810
117944 142835
169224 53053
76920 28567
97432 163240
164096 57134
143584 81620
107688 138754
76920 77539
82048 53053
174352 61215
153840 53053
143584 24486
123072 73458
30768 118349
148712 130592
30768 0
164096 110187
133328 81620
25640 69377
76920 114268
46152 110187
117944 89782
97432 122430
2000
56408 44891
179480 93863
71792 4081
61536 32648
169224 106106
76920 48972
158968 195888
199992 16324
35896 159159
92304 81620
51280 97944
41024 134673
56408 187726
15384 20405
71792 126511
117944 40810
30768 138754
76920 163240
123072 57134
112816 89782
61536 20405
71792 191807
169224 175483
199992 175483
153840 187726
20512 12243
174352 102025
128200 159159
123072 126511
112816 24486
66664 191807
20512 81620
56408 142835
123072 146916
117944 187726
30768 114268
0 114268
189736 138754
71792 106106
87176 61215
82048 159159
112816 118349
164096 73458
117944 146916
117944 126511
92304 65296
0 36729
10256 110187
56408 24486
46152 159159
25640 110187
179480 40810
189736 97944
82048 89782
102560 102025
169224 81620
174352 61215
82048 12243
41024 130592
189736 163240
46152 138754
148712 8162
82048 187726
82048 150997
138456 77539
164096 155078
76920 32648
102560 20405
35896 48972
138456 81620
174352 175483
0 187726
128200 53053
128200 0
87176 142835
25640 167321
128200 122430
148712 122430
15384 159159
46152 69377
56408 167321
30768 118349
71792 69377
143584 199969
71792 77539
194864 167321
71792 40810
164096 53053
25640 150997
82048 171402
199992 118349
76920 57134
97432 20405
30768 32648
15384 97944
76920 0
61536 97944
179480 102025
174352 81620
112816 69377
87176 73458
10256 24486
199992 130592
82048 73458
76920 77539
10256 130592
97432 167321
51280 130592
107688 142835
87176 106106
123072 106106
174352 167321
102560 175483
30768 65296
0 171402
20512 36729
51280 122430
61536 155078
123072 48972
107688 77539
184608 118349
184608 20405
51280 0
138456 142835
199992 163240
143584 77539
30768 191807
0 150997
112816 199969
15384 110187
66664 138754
189736 73458
112816 85701
174352 146916
153840 69377
148712 171402
138456 134673
169224 20405
194864 77539
46152 93863
179480 175483
143584 65296
71792 179564
35896 110187
10256 150997
102560 53053
30768 195888
46152 175483
123072 0
174352 163240
76920 118349
35896 179564
41024 24486
128200 126511
199992 179564
56408 155078
76920 150997
87176 134673
143584 102025
25640 106106
56408 114268
158968 150997
76920 199969
189736 61215
25640 146916
153840 57134
46152 0
164096 114268
5128 16324
5128 106106
10256 195888
71792 61215
123072 187726
56408 191807
189736 40810
138456 89782
128200 81620
117944 171402
41024 191807
5128 102025
164096 126511
51280 126511
184608 28567
107688 73458
143584 150997
35896 102025
25640 179564
0 191807
158968 20405
117944 36729
148712 195888
143584 61215
20512 191807
128200 77539
143584 89782
199992 8162
164096 97944
61536 65296
76920 114268
128200 175483
138456 187726
0 175483
179480 73458
194864 40810
194864 8162
189736 8162
35896 191807
76920 16324
5128 8162
102560 73458
174352 0
184608 106106
199992 199969
189736 122430
76920 126511
189736 77539
184608 155078
30768 167321
46152 102025
82048 32648
87176 36729
25640 130592
35896 77539
10256 77539
46152 48972
30768 53053
35896 126511
76920 142835
112816 167321
174352 85701
117944 44891
107688 159159
97432 53053
76920 20405
20512 138754
123072 171402
30768 44891
169224 138754
20512 93863
123072 118349
97432 44891
133328 159159
179480 65296
41024 142835
117944 77539
194864 106106
174352 65296
92304 44891
164096 130592
35896 122430
158968 97944
102560 146916
30768 93863
20512 0
56408 126511
107688 44891
97432 57134
82048 61215
82048 183645
66664 130592
179480 142835
112816 191807
97432 28567
194864 97944
76920 179564
35896 97944
87176 118349
92304 48972
148712 24486
148712 61215
184608 53053
179480 61215
56408 122430
143584 53053
87176 0
66664 53053
158968 138754
133328 69377
138456 130592
97432 16324
112816 40810
35896 65296
133328 106106
46152 163240
66664 24486
138456 36729
97432 183645
117944 122430
123072 175483
66664 81620
61536 81620
46152 81620
184608 183645
102560 163240
35896 36729
184608 130592
5128 118349
15384 199969
158968 57134
169224 183645
194864 175483
51280 114268
87176 85701
199992 126511
0 57134
51280 61215
97432 195888
41024 114268
184608 0
179480 81620
133328 146916
112816 106106
148712 146916
46152 20405
76920 4081
71792 53053
35896 118349
107688 85701
169224 102025
25640 122430
179480 36729
41024 53053
107688 195888
51280 134673
128200 134673
10256 126511
30768 187726
0 61215
25640 4081
128200 167321
87176 44891
143584 110187
82048 146916
25640 28567
15384 85701
10256 61215
15384 81620
15384 12243
5128 4081
87176 93863
138456 183645
102560 150997
97432 73458
41024 0
87176 40810
30768 8162
82048 20405
0 199969
112816 65296
112816 61215
189736 110187
174352 93863
158968 85701
143584 130592
10256 57134
117944 134673
97432 171402
148712 73458
15384 28567
30768 89782
199992 73458
87176 81620
61536 40810
51280 8162
56408 159159
76920 36729
5128 48972
123072 102025
46152 146916
87176 199969
41024 48972
10256 163240
25640 0
123072 167321
46152 155078
71792 8162
184608 69377
76920 53053
102560 134673
0 77539
153840 40810
97432 126511
20512 44891
179480 199969
199992 89782
128200 36729
133328 167321
87176 171402
102560 65296
25640 24486
97432 77539
61536 171402
158968 81620
56408 138754
92304 106106
10256 0
56408 134673
128200 150997
0 106106
41024 183645
107688 32648
107688 57134
184608 97944
10256 48972
41024 93863
128200 16324
97432 130592
164096 167321
143584 163240
35896 163240
82048 130592
5128 138754
10256 159159
107688 28567
133328 163240
35896 199969
128200 24486
87176 191807
10256 85701
133328 32648
117944 110187
97432 122430
5128 0
148712 163240
41024 61215
153840 183645
169224 191807
153840 32648
107688 40810
102560 138754
179480 138754
184608 167321
189736 57134
5128 69377
117944 175483
189736 191807
41024 8162
0 130592
117944 4081
66664 179564
123072 110187
71792 89782
107688 16324
107688 20405
184608 102025
148712 81620
87176 28567
184608 126511
158968 159159
143584 195888
123072 130592
123072 150997
128200 171402
169224 187726
25640 187726
102560 48972
174352 24486
92304 12243
153840 138754
41024 195888
143584 8162
133328 8162
133328 20405
97432 65296
61536 195888
20512 28567
61536 118349
174352 171402
169224 44891
5128 40810
123072 142835
15384 40810
199992 102025
158968 0
143584 114268
117944 114268
194864 53053
92304 175483
0 93863
30768 183645
87176 126511
30768 77539
117944 0
82048 155078
194864 24486
30768 163240
164096 118349
35896 89782
92304 85701
25640 32648
51280 73458
30768 73458
194864 195888
123072 114268
46152 183645
199992 53053
117944 81620
97432 163240
158968 199969
5128 183645
153840 110187
199992 48972
71792 73458
25640 44891
143584 57134
143584 126511
35896 73458
102560 159159
66664 142835
56408 32648
158968 106106
133328 44891
56408 40810
169224 199969
112816 183645
35896 155078
20512 32648
153840 142835
0 146916
97432 32648
46152 8162
189736 4081
51280 106106
56408 146916
107688 134673
87176 122430
158968 171402
30768 28567
143584 175483
153840 36729
184608 138754
0 24486
82048 118349
51280 85701
107688 199969
158968 93863
138456 24486
189736 69377
25640 138754
143584 24486
133328 85701
148712 175483
169224 126511
56408 89782
148712 199969
184608 40810
158968 114268
158968 61215
66664 134673
158968 53053
138456 61215
5128 12243
169224 40810
194864 0
20512 24486
143584 16324
5128 85701
5128 171402
71792 65296
51280 171402
92304 171402
117944 195888
112816 12243
174352 134673
35896 81620
123072 40810
184608 191807
51280 16324
30768 134673
153840 12243
148712 126511
123072 85701
92304 118349
179480 163240
0 73458
112816 150997
5128 20405
15384 0
25640 81620
51280 167321
164096 16324
30768 48972
107688 122430
41024 4081
174352 32648
56408 93863
102560 8162
199992 0
92304 138754
20512 150997
102560 155078
189736 12243
199992 57134
179480 183645
71792 167321
82048 199969
143584 118349
184608 146916
35896 69377
82048 93863
169224 142835
92304 8162
41024 73458
153840 24486
199992 106106
143584 12243
15384 122430
97432 61215
20512 183645
30768 97944
102560 32648
174352 159159
174352 53053
148712 4081
92304 191807
87176 65296
184608 171402
179480 12243
133328 191807
179480 159159
169224 146916
143584 73458
112816 159159
46152 171402
5128 114268
46152 53053
133328 81620
158968 183645
46152 61215
20512 179564
164096 93863
71792 199969
143584 97944
92304 69377
56408 102025
15384 4081
153840 44891
25640 85701
158968 73458
92304 57134
61536 73458
164096 179564
179480 4081
133328 122430
107688 106106
66664 65296
117944 20405
15384 106106
164096 36729
41024 40810
138456 159159
179480 89782
71792 57134
15384 138754
133328 93863
20512 126511
123072 69377
5128 81620
5128 167321
148712 53053
112816 102025
61536 167321
123072 97944
164096 142835
189736 175483
71792 0
66664 61215
153840 89782
199992 187726
174352 138754
20512 195888
15384 134673
97432 118349
15384 57134
41024 16324
25640 57134
46152 40810
128200 195888
112816 77539
128200 28567
35896 175483
10256 102025
107688 0
158968 16324
5128 179564
138456 106106
5128 175483
174352 16324
66664 85701
15384 93863
158968 36729
0 183645
174352 69377
153840 8162
128200 12243
61536 130592
128200 114268
92304 130592
30768 150997
20512 73458
5128 195888
66664 57134
56408 163240
61536 0
10256 155078
5128 36729
82048 16324
123072 134673
66664 48972
128200 191807
10256 65296
158968 155078
97432 40810
30768 159159
20512 130592
117944 69377
117944 118349
71792 130592
133328 36729
35896 61215
153840 16324
46152 118349
189736 114268
10256 89782
51280 28567
66664 195888
92304 40810
71792 122430
179480 134673
51280 118349
92304 102025
56408 106106
102560 4081
189736 36729
15384 142835
87176 114268
194864 142835
184608 44891
51280 110187
87176 155078
179480 179564
179480 69377
25640 61215
164096 77539
61536 69377
153840 65296
179480 16324
148712 16324
138456 138754
107688 65296
97432 0
46152 4081
102560 61215
148712 138754
138456 16324
5128 61215
169224 8162
97432 175483
169224 48972
61536 114268
82048 85701
169224 114268
158968 77539
102560 40810
35896 40810
66664 77539
184608 24486
87176 48972
112816 81620
56408 171402
148712 134673
5128 199969
92304 159159
56408 4081
10256 114268
123072 8162
0 134673
107688 183645
61536 61215
20512 65296
169224 150997
20512 110187
199992 150997
158968 65296
184608 187726
0 81620
66664 106106
97432 146916
143584 134673
112816 130592
61536 77539
71792 146916
30768 24486
30768 179564
117944 102025
92304 114268
41024 167321
0 48972
112816 126511
82048 44891
82048 114268
35896 32648
0 89782
82048 191807
5128 32648
76920 122430
128200 97944
179480 110187
71792 134673
158968 44891
138456 12243
0 97944
153840 167321
194864 183645
107688 36729
123072 191807
66664 199969
5128 110187
82048 122430
92304 199969
148712 97944
87176 183645
5128 191807
66664 146916
5128 146916
123072 183645
15384 16324
15384 36729
15384 187726
66664 4081
164096 102025
76920 134673
25640 20405
46152 57134
0 126511
66664 171402
133328 134673
179480 114268
41024 89782
112816 122430
138456 150997
92304 183645
20512 106106
184608 122430
61536 28567
87176 138754
148712 102025
117944 150997
15384 24486
20512 175483
153840 159159
25640 40810
189736 0
117944 8162
148712 20405
184608 159159
61536 110187
174352 183645
194864 12243
112816 134673
194864 44891
76920 146916
20512 134673
179480 122430
169224 167321
97432 81620
15384 118349
128200 8162
10256 4081
169224 89782
194864 114268
61536 12243
87176 77539
107688 4081
194864 122430
92304 32648
5128 155078
199992 138754
56408 195888
107688 24486
56408 150997
189736 199969
71792 32648
179480 191807
56408 36729
123072 4081
35896 167321
199992 191807
153840 150997
194864 163240
199992 171402
107688 69377
117944 89782
112816 97944
174352 126511
61536 36729
158968 110187
199992 159159
35896 4081
66664 36729
112816 142835
25640 195888
30768 0
41024 110187
199992 93863
56408 48972
169224 195888
61536 57134
87176 8162
25640 77539
174352 12243
169224 110187
46152 167321
66664 73458
0 163240
189736 24486
194864 57134
76920 40810
56408 118349
153840 171402
15384 44891
71792 12243
179480 187726
133328 126511
0 65296
71792 97944
174352 44891
87176 16324
5128 97944
164096 110187
138456 20405
61536 187726
179480 146916
25640 114268
164096 199969
30768 81620
194864 4081
194864 32648
66664 183645
41024 97944
148712 57134
143584 167321
41024 122430
20512 159159
164096 138754
174352 130592
97432 69377
20512 69377
20512 53053
199992 40810
5128 150997
25640 126511
92304 150997
123072 16324
189736 44891
143584 28567
97432 179564
82048 8162
46152 195888
199992 146916
66664 16324
102560 0
82048 24486
15384 150997
0 122430
199992 77539
117944 12243
174352 48972
143584 20405
76920 73458
184608 93863
164096 24486
46152 65296
66664 175483
102560 126511
82048 48972
35896 142835
15384 69377
20512 142835
20512 187726
164096 195888
71792 81620
153840 106106
51280 24486
35896 150997
164096 163240
143584 0
138456 73458
194864 93863
169224 155078
153840 102025
199992 110187
102560 106106
25640 175483
138456 195888
35896 85701
179480 118349
82048 175483
143584 40810
164096 0
51280 195888
66664 114268
189736 102025
164096 4081
41024 57134
41024 65296
76920 167321
82048 65296
158968 191807
82048 28567
194864 187726
112816 8162
189736 89782
184608 32648
97432 159159
117944 183645
61536 183645
102560 183645
133328 16324
71792 48972
66664 163240
138456 0
102560 93863
164096 146916
61536 163240
158968 40810
174352 73458
76920 191807
164096 175483
128200 44891
128200 57134
41024 20405
143584 146916
112816 53053
0 0
92304 163240
51280 199969
138456 85701
0 4081
117944 48972
169224 118349
169224 134673
107688 163240
133328 118349
174352 191807
179480 126511
117944 57134
148712 85701
184608 150997
82048 106106
174352 195888
66664 102025
20512 85701
199992 81620
41024 146916
123072 12243
71792 118349
128200 32648
153840 126511
169224 16324
153840 191807
112816 163240
92304 28567
169224 85701
123072 122430
143584 36729
87176 159159
0 142835
10256 93863
82048 57134
128200 85701
128200 155078
138456 32648
41024 155078
0 167321
164096 134673
174352 97944
92304 24486
133328 187726
56408 81620
102560 114268
158968 167321
5128 134673
61536 48972
164096 57134
169224 77539
184608 134673
138456 65296
133328 28567
158968 89782
56408 57134
46152 134673
179480 0
158968 32648
0 53053
41024 159159
30768 4081
148712 48972
25640 16324
10256 32648
87176 130592
112816 28567
169224 179564
107688 130592
184608 195888
169224 171402
133328 179564
76920 183645
164096 32648
133328 48972
87176 175483
184608 142835
25640 53053
153840 77539
66664 122430
51280 163240
179480 171402
117944 32648
35896 171402
153840 93863
128200 73458
107688 102025
107688 48972
148712 114268
143584 69377
179480 53053
97432 8162
10256 97944
87176 57134
112816 44891
10256 73458
5128 126511
153840 28567
153840 20405
61536 175483
41024 118349
194864 150997
133328 142835
158968 146916
15384 48972
107688 53053
35896 146916
184608 77539
51280 4081
10256 179564
97432 187726
102560 167321
82048 163240
164096 106106
184608 163240
61536 8162
76920 175483
133328 114268
189736 146916
97432 142835
46152 97944
148712 65296
71792 16324
189736 16324
0 179564
5128 65296
107688 118349
25640 8162
30768 175483
143584 81620
184608 61215
128200 179564
143584 187726
148712 183645
153840 179564
199992 85701
199992 155078
35896 0
0 85701
138456 69377
199992 65296
133328 110187
179480 32648
71792 183645
123072 138754
117944 65296
153840 48972
66664 89782
56408 110187
199992 61215
61536 191807
138456 126511
194864 191807
194864 155078
15384 8162
92304 61215
92304 77539
158968 118349
169224 32648
92304 179564
35896 187726
199992 36729
138456 199969
30768 130592
133328 102025
128200 163240
138456 191807
0 32648
41024 69377
153840 118349
138456 155078
143584 179564
189736 93863
138456 4081
56408 61215
20512 97944
66664 167321
143584 44891
92304 36729
30768 146916
46152 77539
61536 93863
87176 146916
138456 44891
35896 24486
87176 4081
41024 81620
102560 36729
10256 69377
92304 146916
164096 8162
10256 142835
82048 126511
148712 28567
10256 44891
30768 155078
179480 77539
10256 12243
189736 106106
76920 69377
112816 114268
128200 110187
20512 20405
107688 12243
61536 138754
112816 36729
148712 167321
138456 122430
158968 69377
174352 40810
30768 36729
123072 179564
51280 179564
194864 48972
158968 179564
128200 61215
138456 179564
117944 167321
0 195888
199992 142835
25640 36729
0 102025
46152 191807
51280 142835
153840 73458
128200 146916
102560 187726
46152 85701
143584 159159
71792 138754
102560 16324
10256 36729
112816 146916
189736 155078
128200 183645
92304 110187
174352 106106
112816 93863
66664 12243
0 159159
66664 126511
25640 159159
56408 16324
123072 61215
15384 179564
66664 159159
56408 20405
56408 28567
123072 24486
153840 85701
56408 0
87176 53053
71792 195888
174352 199969
102560 110187
46152 142835
123072 195888
179480 130592
76920 171402
35896 130592
25640 134673
107688 187726
128200 138754
123072 65296
194864 130592
184608 175483
107688 175483
35896 183645
35896 8162
169224 36729
174352 89782
143584 138754
66664 40810
25640 12243
41024 36729
174352 57134
102560 122430
189736 32648
30768 12243
189736 65296
194864 199969
179480 48972
112816 155078
41024 32648
133328 150997
71792 150997
107688 97944
128200 130592
87176 12243
41024 175483
35896 93863
15384 130592
66664 118349
123072 155078
184608 199969
123072 53053
15384 53053
158968 8162
184608 114268
133328 24486
169224 61215
133328 199969
194864 102025
46152 114268
102560 97944
30768 69377
76920 12243
82048 4081
35896 16324
153840 155078
174352 77539
153840 114268
56408 65296
174352 155078
117944 61215
61536 146916
51280 44891
138456 110187
20512 199969
117944 130592
71792 102025
169224 163240
148712 77539
194864 159159
92304 142835
51280 65296
15384 163240
169224 24486
138456 93863
107688 191807
20512 171402
0 110187
143584 4081
61536 142835
107688 110187
112816 175483
0 118349
199992 69377
41024 85701
117944 93863
20512 48972
169224 130592
76920 102025
87176 69377
76920 24486
164096 44891
56408 183645
87176 89782
174352 28567
169224 73458
164096 48972
153840 146916
71792 114268
102560 12243
158968 134673
66664 0
112816 138754
97432 134673
189736 118349
143584 183645
194864 20405
30768 40810
184608 57134
20512 16324
35896 134673
87176 195888
20512 114268
112816 16324
143584 93863
174352 150997
61536 89782
184608 89782
41024 163240
184608 73458
20512 40810
107688 61215
51280 150997
97432 36729
46152 12243
76920 81620
117944 155078
56408 130592
92304 73458
87176 20405
46152 110187
82048 102025
10256 28567
138456 175483
46152 130592
128200 102025
51280 187726
25640 65296
117944 16324
30768 61215
5128 44891
51280 40810
199992 114268
128200 187726
0 8162
138456 8162
20512 4081
174352 187726
194864 73458
107688 89782
128200 142835
179480 155078
71792 36729
0 155078
41024 77539
194864 138754
143584 106106
179480 24486
148712 0
76920 97944
169224 0
10256 167321
179480 8162
117944 142835
66664 69377
189736 150997
51280 159159
174352 118349
5128 89782
174352 122430
143584 85701
30768 102025
25640 163240
71792 155078
92304 4081
10256 191807
71792 163240
51280 138754
138456 57134
46152 106106
10256 171402
30768 20405
5128 53053
61536 53053
158968 187726
66664 187726
148712 36729
179480 195888
5128 122430
92304 155078
5128 187726
174352 179564
41024 106106
87176 167321
102560 44891
25640 69377
76920 110187
61536 102025
82048 36729
5128 28567
41024 102025
10256 134673
87176 32648
107688 93863
112816 73458
92304 16324
148712 12243
92304 122430
189736 183645
87176 24486
148712 187726
117944 179564
148712 106106
56408 179564
112816 57134
10256 183645
117944 85701
158968 130592
138456 146916
92304 195888
112816 195888
138456 163240
169224 28567
41024 199969
169224 4081
102560 85701
184608 48972
133328 89782
148712 44891
61536 126511
184608 65296
102560 199969
10256 81620
30768 126511
153840 130592
153840 97944
107688 138754
179480 167321
97432 97944
97432 4081
51280 20405
56408 8162
153840 134673
112816 48972
112816 0
51280 48972
143584 48972
107688 171402
82048 167321
164096 20405
179480 44891
15384 183645
56408 73458
66664 20405
5128 73458
164096 69377
10256 187726
128200 48972
87176 163240
102560 142835
71792 110187
153840 53053
61536 24486
35896 44891
148712 110187
92304 126511
164096 40810
112816 32648
194864 179564
194864 36729
148712 40810
15384 102025
56408 85701
128200 4081
184608 110187
20512 102025
41024 28567
184608 4081
71792 142835
123072 89782
76920 93863
199992 12243
158968 28567
51280 32648
199992 20405
46152 89782
56408 175483
41024 187726
189736 134673
133328 57134
117944 53053
184608 8162
153840 61215
30768 16324
107688 146916
76920 85701
0 138754
15384 191807
51280 191807
15384 114268
25640 97944
128200 199969
30768 57134
158968 122430
138456 28567
25640 48972
76920 187726
5128 130592
164096 65296
174352 114268
76920 106106
138456 97944
189736 85701
51280 102025
56408 199969
184608 36729
97432 89782
15384 73458
133328 73458
117944 159159
51280 77539
71792 28567
46152 73458
153840 0
128200 106106
128200 69377
66664 110187
51280 36729
97432 155078
117944 163240
164096 171402
51280 155078
164096 61215
30768 171402
189736 48972
194864 85701
174352 110187
133328 12243
46152 126511
184608 16324
35896 195888
82048 53053
158968 48972
123072 163240
15384 126511
46152 24486
128200 93863
148712 150997
189736 28567
87176 150997
143584 155078
199992 4081
30768 199969
97432 110187
189736 171402
189736 20405
179480 97944
30768 106106
133328 0
102560 28567
82048 179564
41024 179564
56408 69377
0 44891
184608 81620
56408 53053
164096 122430
194864 69377
5128 57134
117944 24486
179480 20405
117944 138754
46152 179564
61536 179564
61536 106106
76920 195888
61536 159159
143584 32648
174352 36729
174352 4081
20512 167321
158968 12243
97432 85701
92304 53053
92304 89782
148712 130592
148712 191807
15384 32648
164096 28567
194864 81620
66664 28567
164096 191807
107688 8162
87176 97944
189736 53053
87176 187726
20512 118349
5128 93863
153840 175483
138456 118349
0 16324
102560 24486
189736 167321
5128 142835
158968 175483
97432 12243
25640 191807
194864 28567
82048 40810
123072 20405
15384 65296
76920 155078
102560 191807
199992 183645
102560 118349
117944 73458
10256 122430
20512 122430
194864 171402
25640 118349
25640 102025
10256 146916
10256 53053
158968 4081
20512 163240
179480 28567
61536 122430
30768 85701
123072 36729
25640 93863
46152 199969
0 28567
174352 8162
143584 142835
194864 110187
148712 32648
71792 85701
123072 77539
82048 142835
138456 167321
133328 97944
25640 89782
153840 195888
76920 130592
71792 20405
143584 122430
41024 138754
25640 171402
189736 81620
10256 8162
138456 114268
97432 150997
164096 89782
76920 8162
51280 175483
71792 93863
138456 53053
92304 93863
5128 163240
133328 171402
128200 118349
107688 126511
133328 40810
61536 44891
87176 110187
133328 53053
123072 28567
123072 81620
189736 126511
199992 24486
46152 187726
61536 134673
117944 106106
82048 77539
71792 187726
199992 134673
194864 89782
189736 159159
133328 130592
5128 77539
41024 44891
87176 102025
76920 44891
164096 81620
30768 142835
25640 73458
35896 20405
133328 61215
138456 40810
117944 199969
82048 69377
107688 155078
46152 28567
20512 57134
35896 106106
0 40810
194864 146916
71792 44891
138456 171402
123072 73458
71792 175483
164096 187726
15384 61215
25640 199969
46152 44891
66664 97944
179480 85701
148712 179564
97432 93863
0 12243
25640 155078
82048 138754
128200 20405
56408 77539
169224 69377
112816 20405
92304 187726
112816 171402
51280 183645
97432 138754
97432 106106
153840 163240
153840 4081
179480 106106
51280 12243
102560 195888
184608 85701
164096 12243
51280 69377
123072 32648
66664 8162
169224 122430
199992 122430
20512 77539
169224 65296
199992 44891
25640 142835
117944 191807
128200 89782
148712 89782
199992 167321
184608 12243
148712 159159
15384 175483
92304 134673
143584 171402
35896 12243
123072 44891
117944 28567
97432 102025
102560 171402
35896 53053
71792 24486
61536 85701
92304 167321
82048 97944
189736 179564
143584 191807
133328 183645
199992 32648
30768 122430
133328 175483
164096 150997
41024 12243
15384 171402
15384 167321
35896 138754
133328 65296
158968 24486
133328 77539
87176 179564
194864 118349
15384 146916
102560 77539
148712 118349
61536 16324
128200 40810
35896 28567
153840 122430
112816 4081
71792 171402
102560 81620
46152 16324
164096 159159
10256 40810
61536 199969
10256 138754
102560 89782
66664 155078
76920 28567
46152 150997
71792 159159
174352 142835
76920 159159
15384 155078
56408 97944
184608 179564
148712 69377
66664 32648
92304 20405
46152 36729
97432 24486
189736 130592
10256 118349
82048 195888
76920 138754
92304 97944
138456 102025
51280 57134
10256 199969
199992 97944
169224 159159
138456 48972
15384 89782
20512 146916
51280 146916
35896 114268
97432 199969
30768 110187
112816 187726
76920 65296
194864 134673
97432 191807
41024 126511
0 20405
97432 48972
82048 81620
194864 126511
51280 89782
66664 150997
35896 57134
102560 179564
41024 150997
194864 61215
107688 150997
164096 85701
169224 53053
107688 81620
199992 28567
66664 44891
153840 199969
179480 57134
0 69377
169224 57134
169224 97944
102560 57134
76920 89782
123072 93863
20512 8162
148712 155078
76920 61215
164096 183645
5128 159159
10256 175483
15384 77539
5128 24486
112816 110187
158968 142835
46152 32648
123072 159159
46152 122430
51280 53053
158968 126511
194864 16324
10256 16324
194864 65296
51280 81620
169224 12243
189736 142835
10256 20405
15384 195888
82048 0
102560 69377
97432 114268
133328 195888
148712 93863
133328 4081
133328 155078
158968 163240
51280 93863
107688 167321
20512 155078
179480 150997
10256 106106
148712 142835
41024 171402
123072 199969
169224 93863
66664 93863
20512 89782
107688 179564
107688 114268
174352 20405
92304 0
189736 187726
128200 65296
20512 61215
61536 4081
199992 195888
25640 183645
153840 81620
82048 134673
61536 150997
82048 110187
56408 12243
112816 179564
158968 102025
117944 97944
189736 195888
133328 138754
102560 130592
