2000
4122 1360
4018 5880
9296 3353
8368 8946
2910 1950
7797 5860
1345 5335
749 5687
4628 8718
7998 1407
437 1640
9311 48
7510 9252
5866 84
556 3501
9198 3046
3760 490
5996 3010
8651 3737
2186 8868
4079 6146
4553 768
5341 5463
174 47
815 9622
1226 1758
317 8748
3617 4748
3474 2127
9997 1894
1125 933
7077 6157
9003 974
7116 4638
2971 7383
723 9579
9114 1781
6586 8014
6808 4261
3634 8148
6297 6585
5822 4697
3155 6690
8896 1238
1319 4523
3338 1543
1598 6687
7911 9033
7885 6639
3253 4127
8678 9053
5170 3288
5632 1728
4159 6463
6232 7946
5824 2105
5249 3854
3230 6265
4243 7607
518 265
8672 3475
2565 9829
1012 4538
849 4840
9196 1605
2636 621
6821 7889
6307 9669
9980 5566
9575 5179
6759 1073
5773 9036
8341 3004
6365 1438
8544 3633
9704 4234
1225 1737
8779 680
9627 8404
8746 917
6363 9380
7382 4926
4322 2944
8838 6243
542 9594
6913 1749
8329 1021
458 2226
1428 4294
2475 1256
2775 7317
5484 9404
8688 9181
6071 1818
4242 4491
2529 6429
1164 2542
575 6834
2359 8128
1881 7812
6553 4745
5745 8794
5380 233
6660 5939
4492 1599
5948 8094
1017 4610
8433 9761
4359 3960
848 7779
5354 1228
6601 2606
435 4832
5936 5996
167 1884
8439 4244
7333 3216
7629 9853
3753 9081
5236 3342
2183 7611
6709 5452
7156 4089
8122 5550
411 5154
3262 1010
5509 3935
5622 4526
3052 5738
211 9845
6933 3575
713 5591
3746 8415
203 9474
9465 519
8635 1400
4885 5846
4104 7023
7054 753
699 665
3954 5277
6549 9072
8072 6750
7707 1385
4476 727
4332 7037
3705 1408
7943 5617
7030 2380
5406 9355
1274 9239
927 888
4316 3024
2042 6771
4831 2354
3267 4995
7678 947
8571 2882
4771 2716
1781 9131
1076 3589
8137 1126
4244 1211
1280 4622
7457 4596
7598 1613
2619 4956
2890 9772
9385 659
2646 6873
7269 6068
5174 5341
5671 2118
2446 5283
4612 406
1271 4102
3321 2340
6033 7842
7155 1468
7966 7525
3660 4682
2027 6974
5270 4626
4562 3663
7713 1516
5144 9461
8344 3953
5545 7357
819 2535
7724 3063
5554 1860
9223 5322
7485 1847
316 7961
3471 5535
2594 141
3 8650
7191 2937
2471 980
9790 4153
2021 5823
465 4336
5935 7744
5796 8676
1229 360
1587 9089
8550 5868
698 978
6897 581
681 6663
4702 714
6172 781
4730 443
8384 5156
2989 4979
2215 8472
2462 4718
9137 6845
2480 2113
2860 2321
1656 7410
6997 5798
7258 2672
2209 1381
3879 8959
6673 4132
362 9025
4807 6161
5257 4072
3563 2181
3200 9586
5353 4096
8695 3826
9359 3421
9457 7387
3315 7347
320 2683
3206 7686
1196 3416
6814 5429
2268 4391
1566 6107
2884 7572
2517 646
2852 6285
1413 6440
1347 4756
879 1000
156 6635
1100 335
5147 3259
7826 7816
748 9031
6944 2203
5638 3025
7760 4553
9970 1752
3012 2773
5201 4681
1757 4930
2067 7488
6979 7396
6733 4943
2717 9635
5949 1660
1904 281
1071 8614
9557 323
6084 2266
6296 7856
4841 4753
9907 2501
3635 6373
3932 4469
8461 3006
7460 2135
9120 1559
3490 7300
867 4370
446 5110
210 6460
5906 1
4183 5141
5294 7083
8449 8286
2959 9610
8374 8540
3119 7774
1398 239
8884 6151
8066 3204
1724 1440
7583 9781
4896 1499
3317 848
8164 8416
9173 921
7634 791
2728 6555
8292 3354
2047 3997
9351 1688
3038 7503
6848 4309
3359 9765
4798 7299
4547 5758
8719 1393
5200 4919
7175 9384
647 7242
3532 5527
3749 9578
7190 4621
1482 8232
6749 122
3307 6533
673 1243
7389 301
852 1907
7624 8622
3511 8699
2874 4085
107 3321
2060 5428
6956 1030
6840 8620
1104 4592
9751 614
6954 3488
4720 7857
2931 6219
4462 8888
739 9927
9315 3509
731 1965
3166 4436
2997 6133
6574 9171
5642 2873
9648 5302
791 1500
7041 9717
732 5759
1662 4128
1550 9003
502 6126
5611 8376
4750 6714
3913 9244
6024 1553
5253 2840
5087 5564
4033 1076
5461 8563
954 724
6494 5639
3431 6786
5565 8106
1890 895
2548 9576
7566 6859
4408 959
8959 1489
2069 1842
8628 6506
73 9243
5312 3712
62 6530
908 7923
6703 6924
4990 8573
455 6292
6161 3251
3570 6554
585 210
935 2848
5593 2298
4202 250
2877 4559
9259 7255
5447 5016
6912 8186
3692 8875
4460 2688
8585 4305
7031 1212
3289 1234
1727 8438
7980 3221
1579 6258
3250 5014
7723 5112
2429 4701
4737 5299
4056 181
7763 9621
1620 9418
870 9340
3699 3174
8567 5694
3949 2442
1222 952
6523 3995
2794 1196
4934 1478
9910 2788
3404 8907
1133 3272
7646 4812
6659 3267
5291 6891
5439 2371
7742 3882
7805 3565
1691 2333
3405 35
8909 1552
8621 3492
5315 8702
7585 6594
4571 7004
2705 7218
1358 9391
5175 4830
6515 2695
5466 9123
5921 9504
8903 398
9532 2355
6971 3963
1460 3794
6123 4655
7312 1152
4993 4214
9854 2847
4347 2251
372 6521
808 3032
6561 1415
6217 8302
8064 2187
8892 393
966 6190
5295 9608
4603 4633
2530 81
4200 2471
1092 9303
2664 5214
8609 9649
3057 6266
8278 2737
8383 4774
327 1362
5292 9908
3946 8667
8998 2787
7978 5018
3697 9497
9588 2990
3173 1817
1971 1100
2681 1925
3458 4719
9638 7664
2911 6477
2338 3394
7178 8189
344 1276
756 5667
346 3635
1395 5723
2284 5633
5254 3448
1177 1061
558 7257
2554 2644
4525 7236
4226 9278
9853 8430
7037 6053
7846 6162
9797 7050
7533 3178
5118 6026
510 903
242 9546
1287 1442
1336 5329
2665 1686
4809 8520
3546 5326
5362 8863
9440 193
1247 8982
6528 5648
3024 6930
9075 5522
4279 3166
1642 6154
4953 5968
3509 3238
560 3111
4493 8457
1284 1644
911 8944
4360 4067
5786 9785
7592 1123
654 8562
4916 95
2913 2714
3893 9631
4691 8926
9763 7191
8845 4983
48 6782
4805 2071
2685 4483
2941 6178
4731 5173
1405 3636
2240 5888
7441 8985
4564 3710
4736 6856
2869 3104
6674 2153
8420 4489
91 9665
6119 7504
3751 3410
5458 3613
9882 7031
1250 5163
7738 3601
2135 5760
6552 9264
8824 560
5053 5903
7305 9145
9372 2372
5240 463
2582 3811
5855 1740
5613 6548
7703 887
7710 167
8174 4424
4131 6436
3840 6897
5442 5740
7988 9103
7412 5532
8135 5287
4715 5710
7927 8371
9393 3391
9850 2745
5019 7810
3178 3091
6934 810
1236 3417
5319 5477
54 8471
1393 9664
5900 4434
1993 6366
1591 7283
2791 5402
2868 271
9300 7580
5069 2035
2440 359
6853 5898
6425 1652
7886 9892
6924 7576
7904 7258
2470 9056
2118 3535
6816 7742
3145 7086
6731 8749
8378 4332
3472 2702
7602 7626
1065 2522
1401 5985
4871 5318
1956 4046
9084 4492
4559 2930
3006 4465
8506 4099
9373 6796
6690 7557
5496 9821
6078 5195
8614 2441
9623 3990
7682 3440
5962 4815
7114 6611
8208 4167
4876 3061
7905 2628
7700 632
4742 9042
9673 5970
7047 6253
6630 373
2325 1198
621 1204
1909 7352
2835 763
7550 5120
7049 5604
6040 1805
75 1402
8676 2908
5392 1762
8096 5933
622 6605
6255 7916
8910 7558
36 7447
704 6307
1653 1480
5957 8195
6751 2712
7370 7792
6728 7204
5146 5685
1361 3254
7963 4353
948 1145
9711 606
2361 6488
4795 2495
4857 5479
842 7915
9194 3471
378 7303
6712 480
1639 4150
1455 32
9055 8983
6047 3301
1496 5204
2093 6286
3833 9382
7727 6272
3496 944
235 520
3855 7802
5278 8806
8472 5500
657 946
9905 6842
7595 5459
7845 5715
6827 9167
4514 1502
4482 9728
8629 2653
7072 9995
9598 2379
860 3618
3851 592
855 5881
9745 9315
499 8727
2041 1421
3077 9544
6464 90
9213 1310
6082 7382
8490 8532
5217 9470
3843 9796
6905 2238
7932 3753
417 9989
1666 138
686 9155
6271 4555
6835 3683
4766 3500
2569 3212
9046 2723
6120 8850
4196 5047
1840 8741
9892 6651
183 6057
1668 6581
8680 3731
8681 6214
9734 3364
7792 3946
2392 1624
7577 8752
8381 9873
6993 6539
6947 4786
9326 7030
2741 2281
294 7449
7321 9354
5887 3847
4696 2785
8216 2797
3097 5368
4846 6652
7514 1756
9430 6457
6045 551
8448 5728
1288 9948
6285 5365
3275 720
1713 3103
2222 2537
2547 9808
6229 2849
3043 868
2260 387
3523 2317
8943 5817
3276 6249
4816 4073
1547 2538
359 7412
9828 8685
7653 6036
625 3769
6666 5338
1617 3129
5979 6551
1710 2347
4954 2301
7898 4375
8679 8009
9317 2363
9427 6241
8039 6458
4745 5116
5266 3556
6144 8616
9805 6060
2158 5393
6291 1775
9453 8054
7658 8379
3927 2916
9742 7820
1962 3876
9503 1292
4466 9238
5248 6844
8618 1298
3395 1713
7838 7740
5595 4387
2068 5774
9901 5802
1883 6692
5639 6899
3908 3823
7535 2194
5161 6748
9433 1268
1425 4975
6940 6009
8204 726
4662 6345
1306 2377
7042 6138
5168 1028
3517 7582
9464 6980
5352 7765
1560 2504
9109 6365
3836 7298
1056 5684
6706 6330
6886 4104
9473 9083
833 2627
1348 9269
3439 2959
7142 3495
1387 2770
7556 5732
9562 5416
2245 4359
1523 856
7348 8576
4112 8678
9002 4041
571 112
5620 9976
3747 4892
4700 1246
742 1861
8586 9451
127 4544
9267 2345
7804 1824
7698 1253
4870 2398
7447 697
1424 5555
936 4293
992 6418
7781 9880
373 611
3303 1707
6154 1151
9834 9529
259 4676
7770 6763
9680 8716
3799 6739
2433 8800
6469 2475
8878 7457
6953 2541
4569 607
2779 8442
1799 8896
3148 4556
1725 1708
3112 5138
5445 5516
516 6898
4893 4686
869 6497
5763 2755
9017 4513
6575 7523
2821 1072
3046 3930
1431 7051
4607 3011
8720 7574
5729 8221
1359 942
3545 5305
9239 4606
5476 1623
8451 9520
1072 7053
6487 1082
3600 874
4342 1035
9158 5638
6715 3368
5800 5557
7090 7322
6135 9390
3556 3087
6638 4484
8846 9574
8151 6860
2923 4302
5843 722
9126 816
3127 5012
4592 9284
5603 253
1873 5131
6405 9673
4447 9933
2696 2145
3867 589
5060 2864
9187 2064
6447 5065
2553 4272
7274 761
2545 514
4661 4355
4543 557
5933 2735
524 1020
5683 9751
1483 7485
9824 9381
5758 8588
9950 3373
6484 2443
3001 3866
5093 3889
7686 2050
444 6809
5158 576
1095 1862
1980 1546
276 5981
2698 8490
6321 7827
3976 4688
2360 7614
2527 1457
4309 5744
8776 8965
6371 3397
4617 3695
5918 296
1330 4200
6542 758
4006 8269
9302 4751
4040 3739
7516 238
8288 7637
2345 2086
2579 1796
5549 9914
952 3016
1484 2037
5427 979
9230 4960
8741 7766
3863 800
889 1766
7137 3814
3284 4788
5472 8864
3268 3268
4613 2931
8789 9876
9848 3741
9479 8925
159 8949
137 8909
3352 5577
2220 5431
3779 5113
3594 5565
5394 3572
2793 3167
903 9486
5850 7966
7316 2445
9678 7072
1368 6280
9334 321
3248 996
5131 6514
7334 5889
3806 1665
5893 1453
9658 4917
1240 6664
9545 2563
3907 2992
5668 1849
401 3467
9364 6843
2331 8011
8859 4584
7490 2430
3820 1951
4140 2171
4381 8311
1448 1873
139 8692
9702 612
5644 2059
7095 313
8488 5716
3641 7531
4695 245
4810 2879
2538 8429
3243 8607
2388 7931
6259 4573
5334 8566
7161 7862
357 2691
6625 5994
7144 8052
2401 9357
6190 5937
5208 8885
5819 6588
1208 6620
1364 7090
3652 9528
9524 4064
9809 6194
3730 638
5633 3758
3165 506
8646 5792
7569 6283
6056 1464
9541 2733
4922 9819
7849 270
3080 6177
9252 3438
3981 3404
4516 8399
2500 4618
9944 8413
6062 9889
9578 6329
1416 6313
3283 3585
1011 4519
1079 4671
3904 2401
6554 8085
9441 1108
3086 7166
3771 9828
4929 2548
718 4870
3791 1038
3529 527
3383 3521
2442 8000
9307 7358
5119 7662
4781 2320
6980 3947
351 615
8744 5597
7364 4082
8320 5797
5136 501
1995 4887
2875 597
8928 6849
1422 9020
1201 4052
1356 8958
3090 3031
9280 5979
7833 1090
413 6972
1648 3656
3106 8647
672 8512
3923 8252
5264 1754
7517 9801
6010 6909
6261 8971
6150 6874
790 2580
7783 5061
7234 1813
135 6143
1967 878
4964 530
7150 7340
7445 3853
1020 2834
9534 5611
2672 4853
7152 9207
6866 866
4161 518
6688 9568
49 876
9780 648
3816 8630
1823 4290
289 9473
415 4533
3093 2236
6218 694
9721 26
9822 6403
6288 9794
8398 2620
9743 8305
6050 2292
9912 2717
709 6800
532 1581
4716 4151
2730 3468
6571 1511
1782 6010
3081 5690
5306 7186
3355 425
1744 7483
8804 6764
5283 6027
4356 9997
1391 9601
9920 2818
9682 5448
9913 3385
5336 8243
3067 1174
9348 9127
8556 6435
4168 7982
8485 6069
539 1671
1671 3800
9891 975
4657 6827
3860 9317
8692 3064
716 1577
9148 9749
891 6970
7999 6802
5216 7248
8796 1075
9287 3948
6201 3019
9324 1918
5433 5251
9945 9194
9140 4125
8454 9464
5047 3349
5256 2322
3220 6015
7078 6540
267 2836
4560 3529
3675 7132
8483 8323
596 3994
3329 370
934 1970
5925 3987
102 489
8855 3942
6462 1128
6187 8374
2380 6459
3478 1423
5905 1107
8560 1280
6227 4306
4353 9556
3118 7727
5404 8113
1569 9567
3400 585
6805 8068
3743 8599
8737 4755
3613 3283
8059 7140
2559 5088
5289 7974
1160 3902
3694 8359
9112 9858
1069 7111
8050 9494
1794 6574
4595 9208
5978 8136
4950 3316
8521 127
4936 5387
5367 8115
7947 5333
2673 9643
1891 1245
8833 8759
143 1891
5681 352
4412 9360
7410 5904
9866 6779
7112 5117
9847 5736
666 2331
7983 6066
3883 7917
7704 9435
3502 5692
4288 6
1984 9139
6140 4791
8342 5613
2933 5547
8573 1177
6356 5144
2757 4228
802 6778
9376 1575
7107 2618
6386 6936
3033 2176
4058 3369
115 4793
2344 805
613 9057
4979 3804
8116 1631
3463 69
9818 8334
8790 3372
8193 8349
3285 3647
7735 7301
7026 2859
8300 6230
1021 7826
384 9242
4281 3900
3642 3580
7204 3137
6353 7930
9786 924
6740 2225
232 5222
984 926
6711 8043
7432 3141
1775 2687
1674 1455
7238 2861
4296 652
5412 5301
1822 6370
1952 8263
9298 2536
8886 38
4247 2655
7848 6920
648 5079
4143 5794
3213 5643
4743 5293
8316 1881
1592 6001
9992 2353
4959 6780
9471 6112
7067 9459
8254 8492
1695 6499
8880 3567
4438 7506
7399 4219
5755 6892
6823 8475
9868 1835
1459 7281
6239 4032
9916 4001
6091 1977
1718 3926
5760 5215
5917 859
5520 5779
7790 2004
3049 448
2927 288
6946 4871
2262 3480
1200 169
4171 7724
4531 1093
5547 444
4327 1161
6442 867
9579 2801
1406 5281
8136 4918
4711 9151
2458 7710
447 779
824 2032
201 9012
628 2690
1441 4232
7275 3494
1018 6703
4935 2437
4729 3917
8339 3913
7929 5965
5768 248
117 8709
9472 9683
6034 25
814 5415
3803 3145
6002 5531
8978 8821
3968 8141
2540 6526
2707 5650
198 4022
6026 7364
1603 2613
1860 6671
4029 8084
4833 2193
4995 4859
9542 3506
7563 8841
7249 6111
2032 7749
4526 4609
3240 3389
5487 6875
8430 5505
1562 9224
7748 461
1701 4931
2230 1191
8996 6788
4678 8860
3901 1982
2602 5955
299 4661
9795 7738
2150 6193
8887 7850
2348 4427
8655 8593
6055 4517
4184 5017
9001 2458
3978 528
9729 9775
4108 5015
887 2307
2207 838
1877 2141
9285 3875
1206 4414
374 3718
2987 4684
1599 8377
2435 6310
9271 1399
7632 6711
5677 2819
4621 7625
1955 4063
8367 1406
274 6445
4598 1702
3331 9018
9387 5347
9353 6105
7145 348
6334 8229
4530 2107
4886 7336
6845 2949
2898 1390
9855 1190
2337 1112
4774 4819
981 1763
7996 6271
6524 3286
7338 4762
6116 2670
6373 736
6059 3734
9316 5701
14 7223
5279 9205
4390 7349
2074 9462
1086 9359
2557 2581
8836 2958
773 818
7488 4229
3236 3000
976 9254
3541 3793
3299 7653
2102 8107
8980 9002
3897 5491
665 7128
4481 6119
1116 9481
9506 1197
6795 7091
8941 602
6727 8779
7121 5441
9935 4211
5413 8327
8331 2368
6392 6599
2655 1858
7861 2309
1916 8029
1434 582
3527 4902
27 7763
6377 666
6052 162
8507 5606
9513 2590
9273 9628
9813 5631
9987 9156
6641 4921
9511 2561
5969 4639
2019 8261
8468 4908
3269 8245
3763 6759
3682 4551
3755 4183
2329 429
6443 9935
3750 1582
5609 7656
7657 4520
4 1913
2315 1679
8572 3957
4811 8642
6077 8470
4275 1877
3369 9813
4758 9065
5997 1418
8925 6239
8568 5961
8801 9008
1080 9857
7400 2500
7933 8178
8395 4585
4735 5583
5213 1646
3884 8732
7398 3294
4962 886
63 4193
3311 1358
2535 5913
2443 3376
535 2609
9172 4071
4989 3485
2255 102
4210 5374
8020 2174
6095 2636
2434 3408
480 748
3394 497
6133 7087
2474 5972
4994 907
1806 4117
6520 1600
7016 7250
517 5562
3960 4814
1209 2662
4245 6958
104 743
5526 3872
7491 6868
9224 1413
3135 8342
9615 1063
3636 2154
3399 8394
409 5432
5212 9356
8370 4260
9900 5801
4692 9328
5872 2008
3309 5872
5672 9347
7990 9572
3214 2886
3620 8668
9507 9109
4313 3411
7179 6317
5460 5478
1050 3203
3110 523
8318 1783
1014 5193
1838 2948
3645 6352
4642 7938
7166 2919
9293 9543
3579 5042
5946 2013
4032 1868
1161 4578
997 7965
3322 4020
43 3189
6987 7848
6961 6362
4826 2685
710 7500
8369 696
4591 995
5811 9899
2666 9138
2121 8704
1172 9249
9157 6801
944 4025
2367 8088
8434 9839
1601 5352
7276 1239
1296 4224
3723 603
9783 7933
7730 2463
450 1507
2708 9294
8455 7951
9994 2766
1041 4631
8761 3068
6228 4301
9934 7623
1102 6349
8752 1425
5268 5036
826 3324
1191 6813
2550 8910
941 7062
3798 8683
74 9449
2178 673
7157 7684
161 157
8596 1755
5309 2245
700 1642
4487 5087
6155 6917
3421 1839
1970 6839
767 6751
805 8181
6723 5041
1856 8568
987 7897
3501 3504
6632 5973
5416 4158
3381 4961
6887 94
801 1328
191 15
6316 7001
2249 6201
1736 1004
9297 7049
6293 2927
8971 8053
7521 9442
2733 1445
8450 7554
9931 2073
5023 4235
6496 1175
4866 5589
2270 6559
4337 154
484 7601
5913 7824
9633 7486
6466 7452
5695 3643
3341 5733
5607 5910
3068 6439
7623 2980
4062 927
3621 671
2349 811
971 5826
8850 8486
7408 9049
3659 6433
336 6391
551 7464
9768 1602
2290 1432
5490 6959
2864 3708
2577 1991
1969 3512
1987 5773
1470 6221
7893 3870
1945 6302
6892 1863
7884 1016
4776 4502
8840 3154
6267 4134
7649 4968
4815 5167
5560 2413
8176 6829
2820 9742
5739 4086
6069 5629
6506 4080
9691 7667
2697 9714
816 1201
9996 8215
2787 9014
7263 6619
9981 117
1270 3720
9263 9917
7052 5407
408 7119
7020 8159
2734 1526
8650 7976
7991 1968
8513 3880
6629 6021
55 5177
9456 6451
8308 7326
213 7338
7681 5400
5332 8625
840 542
1922 7005
200 4899
7778 5834
9779 4977
5324 508
8782 645
7480 153
2649 1221
856 819
6799 3378
8792 7346
6650 2424
6266 4297
5558 8242
6192 788
1186 2337
2862 8119
7697 4949
8694 5170
3023 1312
9903 5158
5007 2414
9774 324
9769 9776
841 8689
8313 9885
4785 1255
6313 3787
9394 6725
3554 4546
3670 6624
9544 6712
5465 9092
6918 2436
1902 2701
85 6368
5635 9220
2894 2406
1874 2357
724 565
1317 3045
928 7981
1266 7878
1156 4299
214 4875
3224 5813
6614 4174
3729 8824
9772 9832
6118 8037
457 2175
5934 2390
2718 2378
1052 4110
9327 7940
6180 5066
5275 8828
8999 344
8812 1952
8279 9051
2756 5068
761 8697
3041 2647
8879 6184
9938 6579
8153 9514
6073 5751
1119 880
7478 830
7636 5250
8056 622
355 7121
1801 4078
6717 2622
9707 476
5551 4462
6473 7884
4410 1065
617 1424
682 2409
5831 3700
9255 7971
8400 8478
3552 5924
3838 3540
5348 4417
416 6993
2774 450
6444 4009
8412 6017
5305 6040
3846 1459
118 766
5715 6134
4823 1636
8037 1481
9078 8810
3844 7010
9864 4277
999 3650
9871 7756
757 3041
7369 5019
6995 1017
3800 8484
5468 8653
8466 7002
3508 4613
7651 6491
8661 7203
2783 8858
466 704
4451 9654
426 2025
4441 3792
9303 8930
2677 285
5076 5539
1443 8158
2605 911
1619 8162
8917 9565
9396 7360
6403 4761
239 746
7339 2534
7570 3496
3648 183
8285 2483
3765 3879
629 6973
7762 2249
6331 8264
2251 2554
9423 5966
5953 6242
3656 2338
6643 2349
1537 2991
7557 7208
5535 675
3817 3067
8289 9235
4582 1370
5782 6685
763 8018
4252 6145
6262 309
2402 2048
8432 9105
1551 446
1430 8048
3512 3825
8637 6707
6349 2715
8477 4602
9339 9255
3160 3250
4265 3991
1894 1494
5570 8321
7228 655
9525 7617
7345 9345
9917 628
7867 2697
7381 6114
9962 7722
3728 146
5258 4280
6171 9491
4149 2544
2197 8611
16 7271
353 9427
271 8950
1210 7621
4155 566
6962 8920
6694 9505
8028 4024
6648 9425
2504 8414
4734 9886
9332 3694
5501 829
5660 5345
7923 4251
365 3675
7876 7006
9640 3073
1839 8646
9041 2128
8284 902
4883 9158
5894 8883
6809 43
1766 1143
1837 971
7939 5514
1649 6048
4943 7875
6534 3134
1388 7552
5898 8627
3470 6447
9150 4135
8934 1378
1542 7361
8123 2968
7586 6399
6265 83
5880 7085
1276 6331
2201 3945
59 7646
9696 9646
6164 4558
741 5712
1207 3077
9152 7009
1031 1454
6076 3698
1283 3716
7183 7439
882 2047
7774 4772
4069 4446
1450 4563
4427 4640
5188 1632
2813 1980
8577 4648
4523 7887
9923 4954
7193 5376
4813 1050
8557 8248
1872 8033
2886 6821
6476 3609
679 6410
72 454
4556 7288
5321 2807
4399 6401
1322 835
5081 6490
9386 6051
9236 1594
8314 5983
2993 1352
693 6043
6406 3094
4201 3081
1692 6884
6137 5103
2152 9852
8413 6570
5183 4149
105 2529
7313 8495
470 8235
4193 6647
7476 6896
9817 3155
3274 5314
3466 7177
9781 2998
2743 6515
1074 8201
2943 2943
3336 9752
912 2164
2203 9810
3327 7455
7766 2634
6085 4304
3343 9015
893 2686
9964 6911
5947 5878
993 1587
5104 6625
4443 4384
5759 2635
9844 2104
6739 8343
5499 7934
6134 5828
5784 5291
2643 9192
9383 707
9380 2271
4752 8947
3123 8855
1 8609
8054 3346
324 78
4793 4737
8794 9960
64 8777
420 861
2163 396
1818 3661
5999 4352
8091 8142
7579 7806
9801 2924
9808 1114
6810 7754
261 5721
1009 9349
9649 2666
8977 5164
5202 4278
7466 7830
6790 1377
9166 1888
4773 5711
7967 6816
3016 2914
4048 4878
4673 9030
4782 4872
5153 841
5347 2952
3524 776
1576 3899
6891 30
3232 3051
3179 8078
6016 2893
5012 4785
8234 9460
3468 2974
3842 4019
1331 5252
7950 7260
752 2491
6457 7837
483 6416
9108 9166
2169 6495
7143 2872
5151 5040
2000
9285 5174
1048 2655
1633 7771
4060 2632
4613 1161
4980 8635
5918 4041
6816 8174
9140 4263
419 7865
6572 7624
5708 7109
4210 5165
7475 714
3508 1382
3241 3196
9020 4035
862 7874
1519 5557
4129 213
4462 8622
8138 8057
4535 1662
1690 5440
6827 8560
1680 4835
3527 4193
3348 2628
2714 3565
9206 5693
4434 2689
2048 9932
4901 1823
8788 8241
5041 9842
2819 4599
9342 2750
3297 4140
6464 4666
7240 4442
5779 9805
4048 2315
3625 4898
5330 2205
5780 3754
3327 8501
1921 4046
2314 5254
2966 7418
1645 7040
6909 7752
5353 9364
6118 4389
4992 6867
5247 3540
5005 7957
8073 8684
3144 3472
6083 1259
7881 8549
442 8807
2093 1800
7399 8940
1683 9030
6499 6252
3232 4215
8766 7357
1304 8112
484 4104
1753 8166
5911 5683
6178 4765
5799 1457
8990 4809
9452 7288
7874 1394
89 5566
8104 7659
4608 2282
1404 6060
616 1688
9816 3164
9353 5044
863 105
6874 388
30 9689
5020 515
2635 8525
3637 2592
8239 9888
2571 1129
5917 9159
8010 2675
9568 5890
6685 1961
8082 1850
5563 7648
1561 4628
7886 5158
8917 7778
3336 9970
6116 6516
4540 7739
3917 2746
4860 902
1527 3899
2541 1653
9987 48
4429 9873
8105 457
3613 5478
5545 6093
746 1975
8279 526
8128 6017
6200 5022
1138 3441
8954 9134
7242 9405
6846 7379
9044 9624
6915 9048
4602 9356
654 7211
6655 1846
7923 2502
7397 2400
7227 9263
7195 4897
1740 5710
2270 7143
7152 5025
9511 7789
9476 2197
2290 3190
5272 1840
7851 8294
1986 5448
495 2254
1322 7093
4983 8414
1086 6126
60 3713
5956 3604
8637 8377
1653 8912
7637 7583
4616 9157
9789 5619
1033 1488
9051 2020
2059 6548
4712 7596
4197 8639
403 3204
4472 6787
3665 9921
7313 8204
2232 6995
7897 4527
3695 8348
4245 9503
6854 6853
8154 1449
2321 2775
6875 8206
1782 1479
1000 1582
5735 3846
4579 4662
583 3694
8349 3484
8907 7303
3215 1415
880 1086
731 1279
3005 736
8753 6405
2219 3294
5903 3246
8083 1180
9030 9671
4075 1510
3109 8111
6674 4172
2453 4039
2209 3572
9265 8906
1237 6741
8458 2119
2175 5286
4353 7734
4994 6165
7932 9765
4764 5468
9994 6650
1667 5121
4229 4092
6347 3497
8967 218
9881 5313
159 2686
4873 9316
8963 5447
9017 4287
714 5439
9829 8444
2306 5831
5635 5048
565 3549
7425 8121
3092 5643
6813 2596
2196 6696
9243 1025
1280 2644
8304 1476
3688 6201
5736 1120
7990 7794
8035 7932
4899 1896
9293 1396
2509 850
9224 7850
9683 1118
5567 9902
3907 7049
8391 82
7595 3276
3245 6317
3442 1145
4576 5017
4310 1617
3987 774
7955 7781
2921 2562
4457 4385
3178 3552
5225 6196
1966 2820
8258 9933
3635 5932
686 7417
273 1078
6480 916
2589 9582
6838 9050
5696 2066
1846 4656
8386 9073
663 1011
4332 7721
7647 5838
3160 3505
1807 9130
5033 3448
1980 2740
8738 1355
7697 2859
7352 8536
2395 266
6868 2736
6305 8705
620 4843
4032 3651
8494 3722
3592 1186
2140 9198
2872 7646
3421 6021
9269 904
7998 9516
8331 6793
8770 4883
979 1678
566 6450
1875 5293
7607 953
2919 9426
539 5330
9176 8945
5385 3425
9291 6482
5980 1714
3119 6515
9785 9885
3535 6767
4515 8929
5921 8831
2279 4709
6547 5373
6398 5992
6419 8930
7133 198
7119 4715
9520 1942
5748 2557
250 1054
2249 8180
7486 6158
2869 7599
3742 7925
5086 7746
6368 1983
7192 2447
8825 3830
9521 9972
4701 2872
1451 3002
807 2268
1512 2169
9709 9074
4151 4927
7613 7428
8404 7325
4523 9466
8094 139
9436 9071
4519 3044
4150 4187
9883 8563
2412 5492
3676 2976
7529 5414
7834 8099
2519 9851
9879 7191
4632 2091
9809 5037
6926 2273
6317 8566
1773 7054
8812 4190
5555 4111
8915 594
7121 1958
9302 1137
5395 6030
4350 8754
222 2226
1434 3796
2760 9563
8347 7466
7359 938
4678 4074
2555 7461
6640 8783
8348 590
3189 9815
9679 9143
9907 9002
3386 9901
1907 4169
6149 3267
1801 9514
2803 374
7472 6243
7857 5820
310 2613
873 4772
6836 3302
1749 5692
5877 4411
1277 6418
8515 3877
2910 7534
7139 898
2600 7035
6285 1693
8815 5412
976 7404
510 9668
9310 2216
1323 4094
4915 2831
8378 6559
3060 5248
9132 1565
6815 8299
9488 1254
1362 7878
4081 7050
9256 8390
1978 2869
3110 9446
9659 826
6436 3006
8938 6544
2272 3571
2102 647
6097 6261
6510 8571
4371 1227
4716 7872
3818 3399
7948 4792
8874 7909
7833 1321
570 7129
8228 5572
5093 9621
6864 8932
7279 945
3130 1597
1511 9749
8254 8292
451 5757
7646 5778
4534 787
2047 1026
6479 1348
1985 1768
2274 7494
2305 254
8234 3454
5809 2243
2703 4811
9007 4646
3462 143
6250 4601
3062 1329
2573 5304
6431 9291
7443 120
4954 1849
1193 4029
3608 5171
8473 8681
2281 6738
3901 8883
1296 8694
9798 2048
2758 4108
1828 8720
4524 4676
5039 8077
7772 9044
2637 8481
7144 9254
8543 2554
8227 6242
7822 5620
2011 7078
1355 8680
2445 4544
7520 8693
9583 4693
839 7090
37 416
5570 5752
3192 8659
1658 8988
830 6722
7400 4090
4445 71
2062 4048
3719 5183
5180 3459
122 2943
7332 9905
8118 704
2711 5964
3882 7762
4525 5182
5958 8550
1649 6893
7729 5639
1444 3929
600 7309
1531 8667
2507 2394
3491 8914
2228 5929
6496 2415
4725 3318
7775 2776
954 995
2212 232
8810 7535
473 9803
5734 3419
4469 1241
427 1831
9092 2844
4877 9396
1090 1872
7085 7485
4255 1447
140 1336
6304 6173
7228 4120
1557 9614
3906 795
2813 3920
537 1859
9964 9879
3650 8398
2363 1292
4588 8353
1804 7696
2415 6378
4053 1977
3853 4582
4770 565
5160 7192
8670 5204
6832 2929
691 5869
3640 4243
1018 7549
5932 4570
803 5300
6770 9771
3310 3281
737 4231
4793 5079
1082 7984
8114 6235
4679 2594
5683 7615
6494 8491
3464 3298
4093 9055
4684 434
3601 7880
26 2790
8088 3933
7983 1732
3881 6143
6979 3314
6736 6764
9457 3939
527 9007
6180 2731
1089 7382
4842 8674
4111 3728
8523 7557
7117 517
4606 9362
7184 6478
1303 9757
1745 7383
4939 5636
1455 8043
6495 773
597 1023
7271 55
6520 7816
5492 800
7013 4784
6799 7052
5282 1417
5270 3516
4258 2405
207 7879
3222 5035
517 4905
305 7863
5673 9780
1172 9906
8424 3517
1908 4467
7257 3626
4506 6700
4031 3361
7169 6531
3185 5216
5090 3990
7758 7482
7212 1863
7569 3304
4297 6383
7206 5661
4959 4706
1374 3355
86 6163
6949 6177
7902 928
9958 1883
4118 1465
6807 4844
5854 832
468 5007
1225 8520
6047 605
5196 9296
9811 5675
9896 3249
6563 414
236 6951
5260 8559
8460 394
6474 3082
3861 8733
8139 1380
1154 6902
7031 9592
8129 5841
3557 2220
789 9831
668 149
1524 8750
3777 4660
254 6051
135 755
5046 423
1019 7208
8661 7801
3083 570
3437 3723
4919 5381
7436 2917
8274 728
6643 8358
3940 3024
7175 5341
1052 8578
1903 1569
8039 7242
2153 865
3589 500
975 1325
3862 3052
8240 7928
8275 6958
7725 1499
5285 4375
5424 5084
7872 3567
7367 4866
707 545
8841 5970
1967 6185
9514 7708
8343 2552
24 2486
3006 8555
9752 6577
9731 2162
9982 7001
8737 365
8771 4456
5723 834
1938 513
7390 6920
1085 2
1134 2658
907 9854
3920 7273
5012 603
4071 4717
5158 2879
1698 4081
5816 6963
1590 793
4731 6781
4713 9533
19 2979
8797 3973
858 7471
1463 1974
9985 5646
1618 2290
499 2936
4581 5358
900 3418
5760 3089
818 7187
7045 2812
606 2052
6860 3782
1521 9001
443 4245
4466 3284
1713 3809
2145 9781
9858 924
5243 7168
4243 3241
7761 1797
402 8913
1216 3512
8559 7567
7827 3905
4077 442
1848 9934
1269 9122
6678 6033
7947 1968
940 6621
3108 6865
7936 4741
7041 1412
7469 4966
4415 1368
8693 2845
6268 9357
6666 6938
313 4451
4942 9225
3488 181
9712 4015
1429 5393
5798 5596
3377 819
6629 103
3565 5514
4355 9772
9370 6336
7234 5771
71 6612
747 705
7704 2206
8489 2147
4233 485
3038 1013
3766 920
2421 4223
1469 6305
3799 8709
4047 8996
118 211
8714 2021
6511 8202
6801 7786
9686 3640
2193 4291
393 7101
1756 98
6031 2605
407 6830
2677 6455
7356 6916
2263 3779
6043 2660
1008 7569
2767 4475
8584 7430
5296 6328
7799 1009
3113 5999
4886 7254
4776 8024
5418 3451
8791 6079
7576 6321
3340 1820
2898 8931
4437 8249
1676 3248
4801 7010
7462 4372
538 6732
12 7998
2038 1037
9690 4448
6240 8505
1378 9064
774 9480
67 4093
8335 1932
4799 8923
4379 146
1479 427
7385 2991
1328 1495
7547 2974
8517 4551
9159 8757
6322 2787
9292 4667
5861 9711
9037 1494
6675 4750
8880 9871
9595 3746
6995 3279
6294 5295
3511 8333
490 3858
5789 7209
3926 3729
4707 322
1793 9261
9748 7720
9867 7735
9591 8577
6107 6570
745 1121
6452 9574
2651 524
5 8019
8641 5074
8973 4257
6163 7600
3489 7948
7703 469
8553 3447
1545 5347
1419 5114
5702 3393
823 6844
847 948
1039 692
6887 9464
571 3733
4465 8109
6598 3566
5391 2087
4998 7092
4928 8765
5937 4268
2947 9839
738 1966
2122 1909
5186 1151
2261 9602
7777 1070
9925 646
9553 9151
2540 910
5478 1454
8290 9322
2894 1039
3413 6825
7172 3288
9539 1150
9363 929
3260 6892
6081 8556
8231 5013
8765 3054
9078 7184
1103 3091
2895 4906
8510 9075
6975 6431
7463 711
4520 7611
6535 8953
2364 5377
9303 8564
3207 5262
6999 1507
2936 1816
8507 6590
2999 5272
3998 3340
3750 1483
8369 7126
6773 6919
325 9278
5591 8104
7614 3764
8471 9787
4260 3174
3983 4084
9538 9993
3089 1791
4782 3601
2998 9434
6788 3017
9279 8782
4675 9182
6526 2942
6969 6896
5568 5303
4315 6094
9270 409
4887 2977
1045 7324
2538 5682
838 4752
1200 5645
7002 8762
7566 7993
7899 630
9668 2691
2924 7262
3253 7103
6533 1992
5301 7988
5581 9068
1699 118
9133 1929
6407 532
9773 6183
81 8344
3885 9442
5313 8759
8119 5617
2085 6523
3373 8139
5612 9845
730 6469
935 2360
3074 8420
1392 3806
1940 2187
292 5030
1682 1545
3995 574
8595 2388
1575 7673
7600 8820
4763 7540
2422 2732
9530 6753
6525 8662
6151 7422
7627 8329
9749 6011
4885 1615
8432 8169
7549 5214
5851 8879
1333 4805
7010 6984
2141 7331
8583 9429
2956 64
8831 2089
7316 5
9724 1036
9391 4410
3230 5288
4738 9165
1796 5348
5059 777
1476 2524
5336 3686
3010 5061
8805 3282
4082 6176
1522 7462
11 8315
3292 8567
5021 2946
6711 6088
99 5417
2289 2263
2961 2808
4038 2935
7112 3530
3117 6463
2107 9606
8385 4064
2199 5560
4865 1501
9112 9987
1032 7062
7087 9591
6992 460
8971 3163
458 7554
695 3372
8592 9350
3365 2444
3672 1605
3728 946
5750 8277
3758 2965
7690 6064
4724 3021
4940 7072
3181 8672
2708 1551
1414 6813
9606 2442
6795 25
7917 5231
308 2819
1102 8074
1897 5500
9607 5703
6003 482
2230 3563
545 805
2004 6907
5728 9081
9013 28
6595 4166
4947 9982
4366 9506
4792 5459
5071 5630
7673 4849
9848 4996
7599 4367
298 1749
296 1017
8718 1379
4194 1661
7793 3854
5387 7149
9499 6050
5462 4344
6085 1760
5155 3019
4073 2885
3918 1710
5406 4775
9519 7822
2669 1020
329 512
7219 5881
7321 4733
2224 2603
9340 8258
9852 4956
8814 8587
2129 8047
3299 7671
9817 8519
5905 2465
2551 9643
356 2116
4314 4509
3227 1711
6076 5197
7449 1631
3501 7044
4974 3156
4221 3691
2857 9497
9453 3320
1642 5472
4856 601
5096 7225
9755 8616
9802 7014
7138 8894
7208 712
4852 3182
128 6997
1299 8647
7550 4415
543 6866
1050 8460
5661 9013
3129 2039
1319 5104
1497 8015
6177 3869
7176 3671
6217 1222
1484 4541
7351 3123
8921 2701
225 2357
5054 2727
4386 7518
1460 7285
5283 6191
6781 6260
9467 4141
5943 6747
557 8588
7276 8374
2211 1152
4002 3390
9034 7585
6585 9832
1899 7269
8726 4472
9120 9209
3679 7016
2251 3193
4392 4567
7533 1659
4171 183
1510 4112
9800 6254
1262 2333
9972 7706
2741 4168
68 2817
9332 4524
7912 1165
6820 4327
2447 4791
3055 7207
1711 8677
3100 4274
7828 8403
2216 4343
5679 3337
4276 9826
6809 9150
8537 8053
4511 4587
2437 6578
7519 4933
6 4189
6638 6157
2278 6872
5716 2127
3716 9298
1214 4296
3541 761
4433 1912
2405 7452
9984 7638
4205 3369
4649 5584
139 4007
9015 6288
4360 2532
390 5294
9786 2015
6040 2822
3943 2000
66 5795
9812 912
4743 6629
3238 8532
4187 7389
5203 7123
5526 293
8134 7628
3726 2953
805 3992
6026 7602
4209 4262
8545 7528
7605 951
493 2969
6155 2515
6705 3573
1197 9101
7149 1971
9935 8806
2583 8494
7700 6790
7747 7450
9729 1387
3702 6164
7920 9639
5682 6873
6584 5530
9465 3317
2575 5580
8900 4840
3952 8638
1501 2235
249 6836
4672 2916
5390 686
6288 1098
5442 269
5110 7159
656 7593
8450 5616
3687 9860
3066 4021
5848 7537
4677 9534
2755 6726
4025 1445
7048 8949
3928 1839
3795 8082
2071 4336
7986 4350
474 9311
6817 1046
8664 93
8512 5774
7218 2339
8411 4353
2329 5040
2098 5779
114 9589
8472 9047
4498 9398
2417 1349
890 6404
1199 5423
9830 5520
3698 8788
6647 7754
2007 3404
1738 8418
467 2806
5482 8735
825 3896
1605 449
4467 1600
6775 8474
4254 5551
1780 4687
6582 5707
4597 6557
2518 6569
2748 1536
8200 2475
1351 7431
9493 7885
3727 7045
242 9814
7161 5119
1486 7108
7708 3490
6898 8901
9119 3515
9950 9281
8799 4233
1494 4593
5874 6743
9661 3761
2378 9848
1234 8529
6596 2661
8008 8122
6038 8910
7573 6434
2848 5573
368 4781
5761 9461
2022 1361
4699 6031
2154 7827
5137 9500
7715 2645
9000 4462
1958 2685
3120 1166
8908 4407
9131 7929
6329 8102
8214 6195
7804 6188
7572 3346
2595 5494
2155 5107
4488 5258
8745 4875
8836 2353
2631 5598
4109 8212
5606 4368
1754 6785
3285 3224
7042 3851
4835 6504
7667 7407
618 8510
1079 348
5548 9411
3470 4746
8749 851
9820 2834
3820 2578
8429 8745
7734 7217
9330 303
2905 9453
2002 4665
6843 999
6286 2867
8989 9246
5111 8154
4638 5206
2288 1090
3518 9917
5386 1890
1976 4794
8490 5833
3540 3882
4881 927
7404 2709
269 2491
9152 670
7812 5966
1110 8186
6492 9644
7288 4635
3611 5796
5079 3612
7582 5028
6623 4408
7882 3205
5019 3323
7718 8070
8918 9026
3774 8954
1457 9385
2553 4062
1879 4330
2197 3047
3281 7160
1604 1728
5642 5880
5254 6265
1525 7453
9195 8645
8131 7911
926 3360
4237 9019
5162 4059
8497 9604
2371 7703
7305 1814
3577 3311
8712 6085
2854 3747
1747 6538
5656 8487
7123 5734
1681 5662
8611 6943
5938 4131
7660 8175
2419 7903
2166 2708
5971 5057
6987 3389
3099 9065
9616 3053
4914 6623
1873 7440
5721 2084
8536 191
903 286
6922 7586
354 7744
3628 717
9675 2071
4017 8545
9100 7893
7782 6386
2917 137
4544 5997
1503 3855
5815 7411
9822 6976
981 4553
8511 3555
4732 2764
7763 2032
7044 4859
511 5689
5284 588
5409 9003
5860 8196
1728 3650
2370 483
9201 3143
5587 9393
1785 1157
1722 2703
5073 6084
3064 9709
9102 3064
8688 1702
8443 5156
5058 4284
61 5913
4167 2932
5885 8399
6290 114
5242 5018
4336 2978
8282 4557
7391 4881
255 7457
7548 5176
5368 2512
3950 5518
6814 8855
2195 4520
7666 8101
226 3600
1117 8891
3044 760
7398 1316
2592 2017
5346 9365
9940 5709
4113 8938
3784 618
887 599
6343 2295
3106 5861
6330 3639
3846 9645
3502 1717
1971 4431
8243 6016
5846 212
2618 824
6568 4892
9743 2414
1014 3371
3509 2892
9099 8624
9746 4855
8235 1733
750 3765
2317 75
5327 4556
5401 6848
1802 4324
5115 583
6140 4864
2116 1923
5131 817
4168 694
8361 8181
8781 3726
7597 8185
5067 354
1370 887
6334 440
5447 6630
8026 47
6543 6058
5339 4453
8487 2493
4986 8268
4991 6250
6599 3413
7728 7486
2615 1891
2971 9470
3068 7782
6755 3375
7490 3471
3436 827
6812 979
9713 2751
8727 305
1952 5464
1556 121
7531 35
5614 2245
9261 3558
4320 649
6991 1836
2291 8665
8667 2027
2499 6979
5504 6555
3278 9348
850 2328
7683 9835
2486 1790
346 6605
3929 2257
3638 5862
1438 352
234 5391
8830 9518
9556 1287
2226 1310
7915 6228
933 8948
9064 9877
7347 8833
8839 8941
9965 4206
8081 6342
9693 7451
8295 2223
2750 7454
4949 300
6466 4426
6279 7612
7655 8664
1614 7539
4236 1991
5216 1530
1982 2301
4769 2629
4777 3349
8364 7247
4010 5798
414 6200
6621 3551
4463 1428
2390 5225
6959 475
4897 8314
2051 4002
1719 2857
3572 7238
6306 5807
6262 7598
3484 3968
7906 2230
4857 4443
2978 4394
4753 8170
2930 4598
8987 6869
8435 7580
9975 9154
8935 8468
8171 3308
3380 2240
7309 7321
4163 9976
8842 324
843 9139
2238 5968
1389 2236
9871 7272
6012 1291
1376 2903
2054 1051
1800 2604
7056 3364
6166 2366
7422 4767
8394 9607
6677 7074
7098 6965
4946 5866
7563 1837
9250 3058
6386 6303
7635 34
8940 8362
5793 7705
9699 1712
1147 1735
3734 2412
6646 9655
2906 5306
1111 4797
1289 3097
6730 1592
8162 9892
5472 379
8205 8078
4030 7492
8308 8383
3686 9927
7634 8844
8030 9272
2301 6795
7927 7031
2693 9664
4367 4312
7080 9754
8895 1042
2761 8722
4153 6502
4280 1518
5075 6745
6252 6249
849 5379
6564 2081
5397 645
432 9799
2027 5894
6925 848
9574 9654
4281 8409
9402 5343
492 36
9569 5581
117 4341
9299 5284
3196 4819
1173 8164
1582 3477
4537 4203
3523 9912
8750 9913
4284 5170
9227 4288
7186 9021
6861 4997
6426 5243
957 7944
3208 3724
5756 6208
7526 9069
2599 9595
5824 4640
7113 998
3347 4606
1222 4941
4967 1765
7975 6838
8775 8874
5349 7617
1212 972
6113 6232
7653 8417
5663 9454
9545 3013
7971 3457
1037 8746
8253 6055
4909 472
8407 1229
2083 1187
5677 2548
6062 9502
2824 4965
3895 2318
9669 2600
7620 4748
1829 5264
7670 4711
5651 8591
8927 1294
9695 1425
1217 4936
7677 3501
8563 7898
6744 6635
779 9308
2336 4053
7487 2285
9191 7823
1784 569
924 9707
4090 9632
1402 5875
8260 5597
5168 2861
882 744
355 4377
8997 668
2868 2789
9431 3478
4304 3672
9337 8836
2074 5087
1576 6653
92 4387
8028 6740
8342 5561
4249 6284
8412 2381
2717 9363
6390 9693
2529 3819
9445 4538
7058 26
2964 1954
5912 6419
4303 3506
9175 5528
6550 7921
4239 2326
5688 4345
7354 7566
4295 7578
5193 6884
8846 8823
5573 3050
1241 2556
2247 5702
1284 8461
756 83
6579 462
1366 2180
9318 8655
9605 4664
4575 6862
9734 6119
2110 5384
8679 7977
5855 9554
5947 3132
4356 8072
7403 1618
217 7022
3300 5257
9246 8036
3720 7024
1424 5812
2621 3751
9196 6115
9821 9830
876 1343
7841 874
6331 1047
2418 8756
4468 3654
7215 1324
8864 5073
1551 3199
9758 3927
8389 6861
1347 256
6648 5706
8966 6080
2067 1102
1206 844
5746 8014
6430 7013
1205 9059
2931 4979
8588 3872
9857 9181
2587 9686
3520 3269
379 8276
5621 2184
4273 4138
6408 2351
8947 8081
6462 387
8175 3160
6700 2729
1239 27
7368 804
7310 2984
6215 7548
4816 4298
6830 3772
7870 9642
9721 3958
4727 1423
5521 7562
8120 6104
9004 3562
6457 347
3363 4904
1995 7458
1833 9752
9028 203
3171 7775
1036 1048
6314 3373
108 8094
6869 4919
3770 8963
8582 9959
9505 8068
5829 4596
1276 2982
5624 4218
3916 6063
8665 9969
2259 7194
3480 7761
7554 2011
8865 5072
452 5250
5952 3936
7979 2280
9970 6446
9372 4470
4217 7305
7147 5102
3313 8456
5174 3100
1760 1312
897 3214
4216 4550
4562 6398
2078 4498
8321 8534
7217 9747
8581 4396
9106 9167
4400 325
1462 5339
7258 5129
3645 2368
3094 8717
6484 3804
1872 6151
6847 9110
6463 8309
1893 7855
214 225
9316 3759
2867 9087
502 6931
2008 1496
2662 7080
9087 3432
9357 4869
5867 2880
3367 2311
7791 2038
8819 4304
6299 2377
9091 3242
9468 7181
7838 9662
3764 3638
2982 1786
5533 6863
8995 5470
796 2182
927 2659
2744 1736
1075 1944
509 940
7980 5837
4359 1320
168 8402
1572 9769
3051 3574
7095 6397
1254 8054
2319 6332
6227 5486
8186 9600
1190 4762
5026 4054
7452 2420
8247 311
6606 7391
7710 7917
8946 2993
2796 5635
688 3647
4805 9487
34 3609
7672 640
184 7768
8554 3630
3440 6083
3986 8040
4690 7150
4246 6287
4050 5473
724 9869
4346 6289
1159 7976
1953 3557
962 4962
5190 2616
2783 3842
2118 4694
9596 9175
9770 6525
5465 9041
2379 3444
2368 3240
8371 5390
8173 3937
7099 2900
4224 6952
4586 9958
3063 7657
7802 7900
1338 7716
7416 4722
2451 5202
2170 4452
1558 116
5821 8352
4117 2825
7361 8307
8169 309
4158 8950
6310 8802
837 3711
6586 3339
1118 3918
8255 6890
826 812
7503 9634
9161 1648
5713 2130
786 3223
5239 7222
8208 7348
870 6256
5725 4633
7411 9107
6190 3335
7522 2453
5871 6595
9376 70
7756 779
2134 7674
5273 8615
4504 5954
1763 6731
8313 1135
9347 7169
7560 2478
4604 9620
852 452
8803 7023
1359 6564
7183 4056
5743 4236
3870 5656
7999 5899
7593 503
2268 6694
6131 4518
9244 8691
4384 4682
4543 8613
524 756
1930 4800
6758 5676
4730 8323
7781 876
8263 815
9378 7227
6321 957
3837 879
8024 4458
3047 4612
5468 9342
7444 5529
7371 2188
220 3770
8857 9472
4378 5955
6676 6852
8481 1233
7856 9448
594 8439
3219 3041
5288 6619
782 2849
9386 358
8018 334
4034 2312
3128 4653
2397 932
376 551
523 4494
9307 2382
7287 4128
895 934
9507 6160
9650 4949
8204 1140
3203 5058
8739 454
9117 8419
9192 6042
712 719
6348 1352
7050 8205
1874 6497
2131 2509
4542 1005
9926 1022
7535 9189
7275 1338
6375 3687
2775 6493
2885 8373
5960 5755
6708 9282
3165 4401
9014 1588
8692 905
1840 1201
9327 5735
9624 3114
2496 4655
3775 7542
4931 8852
1664 6138
2836 2476
8047 9986
1104 5014
7191 6334
5486 5806
3713 4961
5055 8158
3434 6599
612 5261
5840 7697
5986 9433
3081 9669
2979 3332
4670 4952
6182 962
1320 3069
5732 5792
1178 6112
5459 7919
6414 4063
6231 6600
4571 4212
56 6187
5220 1139
1748 261
2474 234
1571 5556
3821 6406
120 8027
4916 7891
7250 636
8538 2103
5924 4789
4611 7378
6978 1075
8203 9204
