100
651755 465975
942017 202324
472787 226077
145226 355328
161471 478157
493216 391948
921106 488120
125371 349233
229472 192348
416009 221888
759957 974418
302130 77156
940435 794851
806128 95651
870171 486981
885310 935987
436152 813188
691637 106347
510056 886990
710342 735851
921234 778037
318772 642076
214261 750125
203418 972832
262674 633213
299038 743038
780058 789217
441932 256138
201682 982082
269624 857378
185038 953645
453270 300744
821516 378665
298777 444944
736805 246429
803842 613898
270779 977834
185931 504986
957033 424209
430412 104304
222463 42381
289030 573822
471494 715173
574440 116961
253704 428642
761764 584749
68859 446956
76024 862756
586067 779037
519006 482801
35912 106498
987928 943988
806465 94154
890582 883345
640156 186328
47654 26004
547603 852853
604991 168877
597657 299364
349164 290850
28713 917458
897042 271852
782453 510772
353853 367357
466588 883998
236255 874130
757751 17482
208838 199787
260970 38173
864657 705290
827549 226506
680906 906132
523777 888438
952717 689887
825333 70894
618458 15049
493528 229924
973622 960747
41437 988599
610439 998107
398170 655630
247148 140953
904111 88037
948105 264817
426271 141152
968876 505753
31934 946930
216597 163326
384351 546631
450924 916580
218906 690623
340083 23995
943126 559632
642225 6219
897157 915073
323354 557808
8279 552147
442830 967925
924445 269561
113299 867477
100
427628 172767
74306 767525
441245 247951
96565 776617
124061 299315
331371 663967
691546 321069
240117 663571
745948 138179
155169 81577
39467 684384
826556 401905
866110 587273
120798 304163
614562 201249
719441 355288
527509 676363
694295 542896
877568 783038
500445 738576
226323 947101
721204 594479
780356 655011
85267 704084
671173 419024
294873 748115
973053 423572
571575 503842
914922 138692
438584 497155
549000 606732
130967 438162
287929 834800
698976 507022
376964 127899
624581 294881
781684 560060
806468 312713
614996 195098
651361 301088
495122 782123
696053 865930
275219 97904
702006 284273
157950 885743
206852 578937
626528 951618
321245 255996
564816 217157
83990 791470
496409 863791
284357 148246
878613 237519
294436 97993
94227 913760
142139 619507
140614 52579
581792 722886
463588 782727
480895 522859
339815 754908
815440 629835
226490 396904
438208 402160
230479 961103
586812 17940
178544 523903
687508 366356
912524 803762
14221 75827
435763 36696
26008 774806
687702 560918
906175 359152
268551 606093
369462 643941
931475 768597
542470 553745
122500 697772
62493 848661
89691 645695
715664 906388
596751 110816
17054 891388
46739 556389
787874 85085
505680 296766
883066 24764
596800 766311
624814 628852
684334 467880
9010 229907
308243 140031
430863 254735
211240 844542
759107 680106
959862 536617
153585 115004
83217 371473
838653 768789
