1000
7890 8180
8713 4652
1733 250
2460 4053
5045 6243
1095 5113
8215 2798
3006 8316
2078 4084
11 1423
7296 7030
7806 9186
7017 1631
4597 9029
212 3678
9092 8481
1676 852
6509 2757
6880 8461
4356 7599
7636 837
6122 8348
1183 2903
9615 7579
1848 6181
9695 4487
8931 140
9132 4226
6042 4474
4669 1468
4541 4042
5433 1369
1107 9794
8291 6859
9406 1482
4275 1531
6332 5051
5804 5128
6494 9876
1337 9291
5553 5053
7211 9391
9414 7658
1314 1269
3491 4543
2612 7946
6877 7651
7541 4351
7465 2581
6238 9943
3563 8511
991 3508
750 8906
4502 2727
8831 3287
2240 1631
2756 6893
43 1465
2806 6538
8773 8045
2532 1524
4011 6249
108 1439
3128 2783
6696 9497
4930 6933
2216 7505
7642 8256
4756 3229
320 4239
4670 9032
5897 6879
3105 7760
6185 2037
1073 3246
9385 7663
6068 6926
9764 4166
7668 1588
9121 5814
9154 3295
4135 8481
3671 4547
8002 171
4910 3209
9586 4431
223 5430
3445 8240
9919 2379
5461 5834
9409 5665
2677 6868
7104 8582
7006 1184
9022 3178
6563 3512
4237 8653
8206 500
128 4764
4508 238
4231 8826
7030 4878
8138 5967
8091 4617
1951 5254
4352 5188
7321 3439
6709 259
8574 4635
1191 3263
1495 2273
9276 3124
4809 1746
4122 1868
1892 100
1787 8060
2948 3873
9873 248
5215 7429
3177 876
1214 3096
6885 7239
4166 2954
3281 6354
1405 7639
5612 6451
8599 6684
1541 459
9058 3119
4628 5356
8526 3907
1140 6996
3639 8742
740 7524
2443 6853
3530 4393
9459 5995
2686 4175
9909 2830
8998 2857
1953 5848
2778 5099
1855 6747
1332 7755
998 7215
1602 3479
7339 569
5843 2988
6786 3314
9674 2739
5928 7282
6692 4314
5170 8143
9092 5479
8090 6447
8245 287
8078 2439
7883 2821
5703 1078
853 1790
1408 709
5354 9913
3979 1080
8252 3466
8735 430
9052 6566
2053 9397
5334 5045
4275 1726
4183 4568
7687 1952
4986 8304
651 4343
3978 6918
2116 842
5154 9897
1472 6157
783 2143
6141 9602
7244 438
3792 6682
5650 253
5588 7299
8600 3565
4427 8540
1187 8887
9527 8483
3037 2061
5771 4536
1281 2524
9276 8911
4845 5476
4518 2842
8112 1981
3671 6732
7503 5520
2893 6549
770 4438
2301 4759
7627 7830
5244 6861
3588 6095
8103 928
4883 6884
5983 8375
8024 1446
4390 3598
9104 7704
961 6739
6215 6861
4216 8505
1217 1505
7880 475
1847 7305
1855 5905
8667 2898
9204 3172
5894 2900
878 6829
5864 1241
1605 8206
6521 2103
69 9057
7101 6071
6517 5662
867 5891
1791 869
5355 7712
841 65
3895 8574
8408 1718
2106 7079
119 8711
7977 5936
3381 805
2610 2501
1640 3365
1462 742
1283 4189
4769 9233
6244 8723
5155 8374
1081 7992
9200 5962
4692 1961
8894 8574
7644 9513
4986 2759
7471 3152
452 6300
2772 5089
3646 675
5080 3191
7992 5440
7742 6634
1891 6353
8811 9573
9588 8180
3954 5068
4090 8110
740 2409
4444 4126
4309 7170
5178 7101
1643 1727
3121 2958
203 2514
6662 5323
9450 7308
5838 3643
7793 4469
6319 5454
3083 9390
402 838
7860 2817
5171 4406
7912 826
1411 666
4293 5922
3554 3206
5116 7963
1443 3631
5214 1804
4081 4697
8573 9769
7122 2800
764 3326
8297 999
4662 3041
335 2902
3922 5286
2337 3584
9840 142
5317 2247
6749 9402
9560 7307
4406 9355
7837 6892
9180 5705
2076 3189
1367 5145
16 3471
7 3183
1567 508
952 7751
1602 2586
5230 3920
6830 5861
3063 9417
5036 8479
4812 3716
166 5484
5027 8719
3946 2292
7336 8342
2575 3337
9527 5868
441 1911
4143 9642
2843 9137
9271 7906
5002 419
2055 8880
7389 7025
2227 7166
3620 9322
5375 6319
5482 3308
5593 5313
942 944
5921 1645
7642 1766
8677 2491
6979 8761
2020 9923
7147 1039
1557 5235
9853 1748
9354 9478
7827 9633
1469 4311
911 3891
8624 7478
3020 3560
2569 5108
8246 3572
5138 7318
9130 2490
4594 3651
5131 2362
3712 1453
209 350
1200 9652
4145 3902
2575 3341
6793 3548
5277 4009
2906 1328
2710 7360
1730 3816
7898 3185
9886 9492
7765 4077
190 769
6866 1040
2023 9329
7615 3379
4701 2939
9799 7087
3318 3649
5179 4105
5433 5074
6908 1111
8751 3289
854 4659
8928 6655
8512 4553
9032 6833
9874 3772
1283 9962
1721 6398
2053 9566
1787 5558
3722 214
401 1635
8366 1809
9639 1425
4280 4821
504 9474
3094 3244
4157 6737
5227 2192
3462 5182
4985 4478
8379 4455
2991 8996
7764 9073
5157 9883
1752 4725
9872 5287
5526 7786
5536 2838
703 6350
2254 9654
7871 6099
1947 8187
4441 9216
571 4194
5252 3574
2044 5513
3503 3948
4085 643
8650 9652
4130 8028
5675 4453
2549 7002
6630 6695
4764 6282
1708 42
4534 169
3216 6259
4933 3569
9708 6020
6804 2316
513 4169
960 6497
7912 8781
7774 348
9242 8575
7371 6904
5537 8252
2601 7820
7689 4729
3337 3501
8555 3659
3628 8572
1959 3196
3205 8380
8080 4693
3086 8784
7428 240
9983 2219
2292 9941
3265 962
2066 5020
1 3081
2801 2590
8044 5968
6945 1312
223 2915
8339 4265
1322 1685
8995 1524
6033 3717
2578 9448
9874 4372
8624 2946
7998 9916
8707 7095
4119 5167
458 991
855 4680
8155 6657
3177 2681
5572 6922
7660 9985
3203 3846
1332 4298
5134 3549
6861 9393
6221 6916
383 7797
7892 7220
3867 1019
8768 8718
1079 7016
9901 5978
4966 1958
3504 4406
1192 4434
8427 2033
9338 6685
4743 6244
1434 8252
345 3751
5433 5294
5448 9222
607 4168
2191 8118
5757 7503
3670 6025
7129 7790
3210 7573
3527 4681
8185 8938
8030 9616
8497 6023
8405 2151
2874 2976
8437 1046
6870 2003
5546 6238
4803 5839
6900 9953
8486 4799
5164 332
1667 1806
2543 2685
7233 9922
4397 1883
260 2354
5510 3589
5462 4849
358 4578
2314 1986
9953 12
887 4571
9957 3414
44 5527
8706 8028
2492 5468
3117 4869
3355 9942
9703 342
6023 6308
2452 498
1921 3461
8100 7761
357 3863
6665 1063
8742 8081
1853 5733
3288 5789
2708 8396
7696 4694
9743 4804
3733 2
7759 4809
6903 3448
4353 3774
7293 3754
1842 5847
2322 5064
6449 6530
746 3761
4547 416
9946 8068
7060 1457
1697 4791
1748 8344
7804 8424
6867 150
6337 9184
1331 4356
587 1181
2074 31
8873 3567
4242 7158
7723 2637
6508 1154
8588 4680
133 6391
7540 5714
9362 7884
2340 9184
2184 2593
1986 1318
1468 9943
1771 9431
4442 6100
3648 5243
9319 9152
3074 3525
5435 8465
8107 1846
1273 737
36 7499
5029 740
845 4643
4255 2991
1322 4152
9452 2019
7431 6002
9962 3783
1637 2478
4887 452
7622 3730
7439 1666
4493 3602
9269 113
3849 6508
6367 1456
3862 8960
7196 2861
487 650
2984 2757
392 9745
1971 6012
4550 7318
7418 6769
3472 5235
1513 3363
6968 3939
3464 5052
887 7755
8092 7547
5465 9441
2008 8764
260 2690
9288 3960
9537 9249
6286 9436
5485 6924
3211 4863
3512 6902
7752 9124
2897 270
6050 2989
932 1025
1950 1583
5791 9410
3353 2807
7990 3707
1797 2866
3024 1911
3457 7635
7440 405
724 3817
9042 8846
3136 6355
9393 2232
6116 3847
5803 7067
5052 49
6941 1993
2921 9734
8880 2436
7032 6805
1045 6399
3266 7392
2302 6708
1633 4105
4906 7620
9662 6765
2443 816
8599 3110
1161 7562
1807 7152
2895 641
5763 6267
5403 3694
4985 9077
9005 8265
5733 8289
6482 1272
1253 8985
8558 682
7594 1150
7272 937
9488 8280
5417 2727
4801 4398
9905 7730
4104 1205
1136 2218
5362 9702
7629 4058
1689 175
5296 8491
5530 4139
3152 1522
8183 6922
666 5214
9 7731
6271 6028
1807 3020
2289 8367
7798 8895
7302 9337
1456 6210
834 2839
6808 9112
7845 6912
1594 2676
9764 9981
317 2513
1548 3448
1153 1936
8553 774
4683 6428
959 2502
3581 1874
3309 748
6968 6169
6484 673
520 2497
1120 9377
7668 1584
6312 8160
1806 3337
2281 8481
3180 76
7818 389
579 1264
5287 7069
22 353
6442 6000
5600 8635
9100 7484
9502 8178
5225 955
8524 4506
4864 5294
9516 1081
8845 5568
5080 4378
181 7362
9615 2608
3533 404
3671 5465
215 7127
6645 4202
7213 7357
8210 2961
1889 7920
3095 4378
1477 6746
3915 6855
4457 2313
5247 4176
935 4509
5104 3722
4736 6721
6843 9618
9008 8621
4752 5743
277 2246
5185 8479
8535 2571
1790 3447
8993 2980
1441 3957
9001 4179
9336 54
503 6528
8798 9188
608 2513
375 1871
8335 7562
1641 4642
2922 5512
4494 6251
3981 2148
7181 4224
1842 279
8596 7574
6802 6568
7878 5102
5813 6829
111 1497
851 688
4151 7587
8489 9192
5351 199
3369 8626
1508 8244
4106 6035
3563 2111
9415 6803
6257 127
7870 7742
8447 3306
5904 8242
1601 7628
6172 5077
3032 2584
325 9438
7565 2805
9314 1612
9391 3741
9636 4293
5767 19
5436 5787
96 6502
3043 3122
918 1358
794 9604
758 8426
851 577
4 3129
676 1197
1889 158
7562 285
8154 6987
4515 68
6100 9476
2765 189
5001 6179
1158 4877
5036 1867
9586 2211
7798 5577
4879 1779
6911 3912
2445 9600
4683 6928
1299 8142
6382 4772
8949 4417
5612 9923
3775 7611
5989 7653
4245 3040
1087 5183
8721 2769
6073 6828
5529 874
5298 4311
6881 8443
6131 8231
6189 7688
9920 823
8231 8511
2632 1642
5048 4533
8441 8722
3263 9239
7136 3755
5355 584
9021 7348
7033 2479
4008 4558
1734 1940
1930 1521
5944 4551
7951 5825
2215 6710
7620 3148
3857 5304
7326 7679
1659 798
993 2014
9815 710
6426 4326
4727 4120
1880 909
799 5398
8979 3242
73 9219
3121 5026
6567 824
6165 7704
2497 4344
6151 2004
4194 5728
699 7645
312 4582
7537 6356
3009 1478
3303 8036
2247 2228
4780 2332
8665 2861
8460 7203
6700 3256
2090 1952
3988 2306
6607 359
8919 7783
3401 3174
3720 3128
9288 8611
4274 5585
8956 3829
2067 9743
1493 2166
2717 939
9666 6837
9925 329
819 4156
9161 8768
7399 7267
9829 8413
7110 8623
4903 846
1233 8826
6906 2336
9460 9710
9578 297
2464 4682
9507 7894
6751 3690
4115 1606
5412 1481
3759 8243
3911 507
8290 9592
6749 5678
5980 4638
7603 6152
2409 3328
813 5467
8749 6172
2561 2718
1368 587
7678 427
9602 9546
8346 6240
4884 2579
2008 6397
6280 6173
2409 9101
804 4120
856 7037
6283 5610
2389 4497
4376 6862
3800 1149
212 6634
4676 532
4875 921
2380 6719
2409 6936
1269 3688
9222 6728
3930 253
943 6663
2473 5660
215 7641
4124 1425
4493 5042
1699 9189
6472 4014
5240 436
6356 3391
3609 6176
6412 4205
6530 5792
3145 2021
2510 1520
4748 5858
9557 7314
3780 5418
1189 1469
1553 7791
1877 129
9512 667
8074 6406
2236 3441
9245 3115
4544 4944
101 1224
2073 3692
7408 2337
3783 9775
9725 8981
4644 3863
2821 816
2648 1214
1941 4708
362 8979
7322 1589
7186 6450
3005 5920
9970 2335
1070 8837
5081 6418
1273 1682
3637 3313
8764 9673
3114 8292
9919 6306
8064 136
9347 7328
3371 2112
7342 9947
9906 3534
8332 1243
9383 864
4007 2861
9632 7409
3432 9323
6494 3362
1959 8572
7315 9283
51 7993
5822 1395
8431 6924
2913 3425
5562 6077
6236 1873
4785 5267
3677 9338
7313 2729
9834 8259
594 65
3739 9222
9944 4834
8702 1553
46 411
1000
4870 3646
1269 665
7635 1991
3683 7356
2207 4565
3870 9874
7660 5107
642 9663
8149 1030
2129 2897
4064 2715
9406 6537
6798 2172
6813 9293
8575 7848
5727 5471
2014 822
9496 9006
6878 5697
6497 3183
8927 6411
8775 9297
7039 5501
9881 3250
942 9174
6681 6736
2810 9447
6367 1736
7016 233
3339 7569
2661 8144
9833 6113
2426 5968
7246 3513
7544 7971
1326 5261
5200 1424
179 7146
7271 1361
6361 5172
7423 3452
7857 1646
7127 6549
7293 4429
1045 1525
8456 813
1556 4714
2830 3829
7947 6791
8129 8587
1061 52
5542 2220
7935 1887
1754 3818
2978 4543
9123 4416
5181 7414
1125 9364
5945 7073
1847 2636
2813 2316
2138 1962
1000 9773
9060 4127
3101 8611
8879 9868
5086 6744
3876 7245
6906 5641
5353 7508
9839 3410
6277 7593
7914 6633
9972 5013
7969 6044
7248 4366
6855 9645
7713 1915
802 9437
6816 2197
2230 3544
9104 682
7819 3217
4352 2752
7155 9511
2589 560
4828 3389
4650 4950
1716 8150
3790 6975
2297 1181
7370 2562
7964 8964
9558 4298
8045 677
9740 1742
9558 8040
296 8789
6773 6829
1872 7255
5406 4060
8176 2251
741 9083
2063 5201
9862 9025
5138 4333
1114 8999
1555 1088
5011 405
3381 4502
9997 1696
2553 558
2180 8225
2723 9126
7616 7483
8975 1591
1473 6280
9235 8086
153 7090
7840 2001
2798 7301
5261 6463
4878 9801
6892 8570
1951 2199
5662 7783
6980 8733
5918 7148
4025 9756
7997 975
2354 5874
760 588
5342 5659
695 6605
4297 1428
307 5018
3599 765
4861 1805
6810 5597
8444 6949
2735 1763
3647 1393
2262 6246
3935 5581
4013 4335
408 303
8182 4508
1969 5096
9396 1274
1175 4254
9537 4240
5735 9896
4030 2087
3607 3860
9573 7868
3940 1650
4725 2338
469 1736
6323 604
1245 8290
7761 8714
4302 7398
6713 5178
5818 1554
3706 3179
5680 5799
4743 9088
805 4576
7787 7940
5181 6432
3114 3549
397 3234
9615 7987
412 1155
3197 411
243 5952
9864 5920
5806 8838
8453 1984
4802 4298
7550 2778
7031 2670
9827 285
1396 8792
148 4871
950 7945
4492 4958
692 1897
4720 59
1989 2603
8525 826
668 7135
5665 7359
1272 7981
4711 370
8956 7768
4435 2711
9534 3151
8502 3164
9246 343
5293 2604
3090 1836
4956 6331
269 886
8663 2576
1182 531
7094 1007
3273 3595
5972 528
1720 989
7003 3590
5353 128
3627 9836
174 2011
8260 9104
9853 1215
8898 6038
1553 4482
3263 5635
5722 5860
6859 4631
2039 4438
8645 6550
2911 2486
2868 6788
1655 6835
1413 7836
4807 3400
3673 9624
5501 8879
261 1678
2804 3006
3009 2779
2468 5185
3852 2504
4592 9174
2599 156
2296 9371
2287 9849
7215 3453
1781 1088
3979 8685
7683 1299
408 4309
8243 3276
2117 6765
2150 3777
581 3867
571 3407
897 2286
5977 1805
2346 9370
4784 9693
8556 1252
8744 4874
1673 5428
2462 9747
1745 2496
2321 1179
7520 4553
751 4119
5549 2149
7520 7326
199 1486
5787 5739
4136 3815
3088 6250
1510 3813
8292 3250
9214 5684
5560 1497
1135 5329
2532 4633
8383 3825
2262 9008
7887 6418
8813 9496
8522 572
1895 2296
1794 3919
9149 5618
9118 631
7001 9542
7033 8995
3995 5936
3100 9423
4456 5815
3674 2836
4642 7986
1060 3461
2933 3118
7851 8601
3095 8253
1452 9230
5060 9467
4195 6628
5741 1254
8655 8956
7285 109
68 8038
801 6284
7714 185
4369 9101
5925 787
5716 2117
200 3927
8481 1259
9317 2646
5681 8956
6230 4975
5950 4990
51 8708
1186 1339
7046 5244
2670 5639
488 4762
6049 2034
9379 3921
5205 8123
5314 5568
5738 1080
5584 1005
6949 3056
6832 6904
1274 8032
5077 4371
4588 1384
4146 2999
8989 6539
2345 6412
4608 2939
1244 5923
2174 6528
9296 6950
1879 3532
789 9583
564 1651
6775 6556
9207 49
6897 8933
982 5653
5467 7803
6677 4615
4851 7070
250 9033
8073 9041
3004 3893
4596 4342
9614 215
9842 6899
6045 6590
1465 1351
9518 8177
9246 9073
4270 5261
5874 1317
1028 1437
1216 8917
9155 2315
8344 7134
7381 343
8974 7834
5780 5542
2390 7520
738 2526
6840 5157
6919 1145
803 5427
8496 9828
4584 6212
852 43
5101 8233
6195 6323
2202 3288
8522 4264
9054 8202
2969 9065
2620 7204
3327 8735
4890 6696
3227 1268
2425 9130
6127 3076
208 1076
2713 9569
1225 6458
9795 8301
3077 7284
7053 3101
7231 5951
4284 7483
9097 5780
6997 6313
685 6534
6124 4063
3098 5408
7874 5339
2682 4825
8898 198
3246 1761
1685 8321
1348 5271
4094 8886
9912 6059
2317 7540
1465 8786
9427 6488
1310 2111
531 1656
7431 5474
8230 6202
4478 9081
4238 6406
2867 9136
8142 9933
9120 4563
4240 5478
5283 9115
5071 8329
9732 3544
8294 6805
8043 9818
2166 3779
634 2159
668 9157
1875 8517
2450 3111
1277 5799
3461 4844
270 8140
3868 8641
8254 2346
4541 3229
4600 8768
7291 5153
656 3522
2871 7257
2146 2751
8336 2716
9431 146
8471 2373
723 2817
658 880
4851 7921
4961 8141
2220 740
3874 4078
6076 9141
5683 5720
3130 3831
1873 8868
6445 2054
920 237
3590 2251
5033 8044
8023 5563
8830 7274
8757 2183
7572 2612
9906 9154
4879 6954
9087 5731
8189 1402
1275 9040
8484 561
9254 6540
8405 9977
4521 6804
2886 6049
6019 6280
1377 5676
4511 495
646 2599
2821 8048
3343 6114
5324 2588
6245 1474
9776 4979
8296 7538
9937 4275
3273 5445
4915 9937
1443 568
2672 1537
2816 6744
9302 3429
3012 4317
8529 7983
5791 7773
8634 5791
2436 808
1786 1893
2028 6784
8268 5845
9770 5514
2574 6576
6069 1504
9999 7661
6555 5048
9555 6871
9102 5923
9074 6461
2846 8287
4467 5278
2584 9739
3146 1402
1120 5596
5347 8616
7743 3209
2725 9351
535 6053
3101 3512
425 3930
8915 4313
8985 6203
6367 4999
1417 1012
2031 7755
3476 4655
848 3266
2988 8321
9962 295
1462 7089
5963 7051
6688 783
3279 944
1910 7099
1377 4099
2449 8907
8575 3541
4265 2407
4509 8952
8891 1160
6851 6993
7509 3042
2509 1136
6655 9049
8543 5483
3314 740
2346 6891
9483 5649
8303 5229
4347 870
3989 5589
7205 4259
7360 1373
979 2509
3776 6450
8573 1485
9932 5995
7789 3066
209 3229
5795 5379
4253 9504
7255 3300
7891 4605
4862 4529
5311 8257
924 2820
2324 65
9656 2314
9835 3322
1543 4375
1671 420
172 3292
3009 7320
5708 2984
3512 7629
8609 4953
3612 2879
4780 9804
1480 1985
8067 2695
8099 602
3587 7583
9411 4815
9802 682
8265 3182
9481 3061
3899 9594
8215 7574
5475 6005
9019 1061
3554 2584
5555 3793
3226 4568
3239 724
9435 1877
2008 9579
5748 8100
3910 6059
4969 9181
9033 2340
8165 9630
4448 8453
6124 8059
3663 2423
9792 8577
5366 6947
1162 7395
8465 8715
3899 3001
9127 6825
7233 3377
5867 8034
9134 5162
1530 8994
1107 9245
1881 1265
2628 7471
1966 7237
8545 2850
7355 7861
6182 2408
1477 3678
972 2793
7170 5847
1548 1753
3937 6416
9466 4331
5316 403
18 6219
5709 4070
9422 5175
1476 9788
5946 1740
3210 7224
1972 62
6338 7191
2883 4714
2308 9075
6586 5624
7096 8380
757 2521
143 6392
4088 1051
4524 8590
7263 7938
4924 8410
7390 8946
8436 2724
8707 5024
8908 1213
5855 6468
353 8722
2602 8739
3724 7981
1315 9028
2201 5077
3924 9157
192 2454
5987 1170
4921 7747
9344 6017
759 7591
2196 519
7816 6734
2903 8388
1083 6400
2208 4365
6952 446
2972 1486
5367 9521
5117 5927
1448 9883
1271 522
7209 2269
8489 337
4209 471
1148 6404
7303 2402
7144 4271
2804 202
986 8400
6869 8034
1668 8026
4161 2652
5790 4215
3297 8479
7970 4745
6197 2005
2060 4064
8568 1716
9106 2461
4952 8213
2826 1297
2922 5537
9229 5507
6497 4107
3945 5660
4137 5438
584 1803
9833 5343
1962 1091
8787 5608
2551 3133
3874 6384
4710 9926
5626 7370
7576 3445
3060 5531
5562 4814
4184 6239
8008 7916
4569 1877
7780 8579
91 6735
1339 7943
905 4911
2547 413
396 582
5019 5269
8535 8865
5539 1251
5979 9067
7599 9907
244 2659
4818 6630
3882 2358
6213 2909
9863 9345
1302 2556
7119 4637
9579 7462
2013 9187
7483 5992
3332 7222
9179 2417
9113 8529
7784 6798
1072 1819
313 8839
7038 3569
9451 4223
1761 3098
1911 9039
81 3810
8302 52
5184 5983
5539 30
8336 5731
4983 6600
9298 4792
8058 3127
8022 8761
5500 2336
3719 8714
6523 1180
5810 1244
6771 2181
2919 9861
5526 4625
1737 751
4225 7331
5847 7485
9076 2295
5563 468
5217 2246
1007 3189
9099 7965
7685 8277
4822 8023
794 8376
5050 2283
2894 3896
1254 752
8655 1149
9676 5044
4631 9910
7930 3044
1917 8109
6198 4744
8887 4822
5116 8087
6416 1752
5369 813
5588 1757
6633 625
6940 2889
1929 2113
9432 1386
8895 3650
7980 2784
1656 6865
6837 2565
7347 4087
6435 4833
1545 3793
6536 1638
1204 2422
4126 472
5194 8111
8891 794
4356 8345
3538 2153
2770 1065
8686 9315
7882 5443
3233 6192
1809 5595
5148 7955
82 3677
5213 1696
5551 8465
6513 6413
5666 5350
1340 2029
1511 9932
1239 6844
7636 6390
7720 6546
7519 2410
2122 1844
1208 9095
5510 5973
2366 1298
4526 4221
6458 9226
5349 9462
7816 5177
2381 2864
6039 6425
3977 1350
9011 1946
2874 1253
4855 2980
1188 7914
7330 1122
849 6462
4177 5505
6444 4695
3760 1597
9037 5269
1495 64
554 9691
1976 3109
3874 3863
2514 9281
341 3353
4383 7102
4832 2500
2729 914
3887 3266
9142 6388
1828 4306
2030 9894
8364 6625
7913 9704
7679 5785
5160 9187
8214 9598
8053 921
8573 4914
8721 2835
3699 2554
3654 2126
1198 934
2318 6230
2173 5144
3059 4439
6774 9276
5835 6983
4554 157
6723 2375
6368 5400
2060 1254
8868 2166
76 3906
1453 4987
6002 2527
9145 4707
4920 1144
4995 3004
9492 2490
4928 6331
7500 4972
7954 2545
5466 9418
3890 2450
4406 4365
6739 2331
7381 9370
2366 7549
5576 9252
4025 1860
3305 6870
8640 2893
8193 2632
1832 6933
3320 755
509 3889
5730 2384
6393 4615
2063 5579
4066 113
1899 729
6875 3518
6620 2724
6901 5758
3601 1945
5217 2064
4879 5437
8881 9834
5082 5847
9152 546
8557 3313
6353 3326
1486 7151
5849 598
3785 2377
9904 1425
5348 1503
150 4129
8291 7093
194 7304
6857 1855
6645 423
4072 9038
812 6222
1613 3581
3322 5203
9156 4325
85 3891
2959 3852
2954 4712
1839 6370
9369 7466
3489 2299
6281 8360
1128 4602
5446 3825
1820 2877
5176 7746
3117 3868
4139 9865
1198 5537
4971 5685
9773 2172
4239 4433
8727 4534
1964 9463
4044 7996
6246 9538
7971 6742
5029 7270
6042 1993
5340 8892
4080 6881
7044 5472
9184 5727
1706 4757
2255 4799
2042 8074
1861 4325
73 3479
8920 4114
4839 9966
8366 4467
4092 9299
1265 8610
96 9872
7317 3244
5369 564
7486 7225
863 5716
2639 6100
2503 8489
8084 4615
6293 4528
9947 9941
9131 2841
7741 6890
1438 9014
2072 6447
9777 103
1100 2326
2499 1100
416 9981
2344 928
8473 7566
4740 1842
6584 5451
1794 3873
1282 5780
41 56
7871 5118
7918 6333
804 8359
8356 1332
7113 5398
9209 5521
1524 8661
5518 2326
8369 4226
8141 2810
8356 5013
6005 5685
771 7254
1327 3745
9615 2784
