100
18359 537859
701441 196945
117706 515057
597691 778699
120480 172685
638509 395951
190649 553607
600135 384522
776995 76468
895233 107041
871535 858379
263864 490910
106240 456634
617277 178886
313701 285165
19908 381292
557052 426889
139655 150377
554928 787720
981916 96362
457660 751122
981440 672465
977142 575050
953334 174411
429187 514823
448651 410358
387520 447833
656270 314348
381899 192578
851265 967550
502204 564600
373484 637613
289205 156024
848984 5409
734272 586270
257088 264014
483386 724485
516519 649088
834312 410506
387889 145087
197487 668407
59593 424352
878543 495728
422062 531980
915697 681190
331808 424830
790369 976556
913684 187738
523902 23888
122541 703396
251631 952831
46507 57399
99979 314922
837803 232761
590335 586508
386085 46534
663528 622894
807361 347751
817646 182238
85492 93579
830906 603061
110518 449231
816775 526013
584997 611605
91577 229234
863289 122772
744514 191388
969733 173264
346720 9380
953187 819606
683879 545467
970032 698507
250021 201104
554841 752820
249215 117905
645556 64873
425994 818131
883847 138599
909540 252630
526604 856926
295552 737669
944525 71547
73257 880920
534800 339730
787089 310107
981546 662488
527065 500968
642559 925725
349698 795255
49589 296056
280387 667700
50380 169889
158639 793930
258939 212369
441469 584469
764159 385097
818143 817981
230298 533682
523037 711718
305782 742369
100
964201 944222
544380 919566
932486 578849
715790 216225
149284 383961
76082 678970
963564 834868
114591 946549
504918 168138
439670 621457
963128 385831
789652 467456
668246 564935
823866 588989
305835 203178
697961 416109
345282 780975
384592 492850
795221 186781
18573 828919
975054 679377
558186 503728
915165 988160
572343 784107
199345 352282
431982 729365
366190 728970
304527 289312
189880 432220
902534 230958
38516 537348
291285 834609
132372 329415
555015 204152
51843 714682
736366 424382
574432 233245
961130 651497
881331 298999
226501 623911
906012 359313
416993 711493
56533 957000
445334 75436
312028 641254
629749 578402
954586 423254
642024 706335
840008 240275
155259 267459
114804 305064
872833 658267
644511 883830
217374 727575
52698 606005
842434 769240
928538 120146
584011 458754
413039 289657
114813 596670
322652 896237
328980 581672
384049 711313
530866 269521
316994 849384
945964 109095
321795 544161
582984 729694
967207 736471
474344 591636
357900 438595
879559 776758
298561 173828
905252 937312
211415 495812
955745 138775
44480 955223
752828 75882
964244 162739
703565 509099
409324 942389
479621 969148
402877 579644
620131 965947
82732 27415
652859 426096
719438 564882
573422 194083
323095 632272
692040 205976
843052 381632
705945 802927
955317 839273
833816 477376
642636 55993
622537 729608
727585 157766
506728 398869
834703 706063
93423 289908
