1200
400947305 430057521
464728165 449028237
375434961 202408929
298897929 401601447
260629413 107555349
337166445 183438213
273385585 173952855
145823865 344689299
349922617 363660015
120311521 107555349
324410273 439542879
133067693 173952855
273385585 335203941
286141757 183438213
426459649 306747867
247873241 392116089
439215821 373145373
145823865 202408929
286141757 306747867
451971993 249835719
120311521 335203941
464728165 117040707
349922617 306747867
362678789 202408929
120311521 458513595
273385585 325718583
145823865 240350361
107555349 202408929
120311521 477484311
133067693 411086805
133067693 325718583
311654101 316233225
311654101 411086805
298897929 259321077
222360897 126526065
298897929 335203941
145823865 287777151
107555349 230865003
196848553 154982139
260629413 335203941
413703477 449028237
222360897 154982139
196848553 230865003
286141757 335203941
375434961 477484311
451971993 117040707
286141757 363660015
209604725 458513595
439215821 202408929
349922617 392116089
464728165 439542879
273385585 420572163
260629413 211894287
375434961 430057521
133067693 449028237
209604725 344689299
145823865 183438213
184092381 458513595
439215821 192923571
349922617 126526065
375434961 154982139
324410273 363660015
133067693 363660015
247873241 382630731
145823865 164467497
426459649 363660015
145823865 325718583
298897929 183438213
400947305 145496781
235117069 420572163
222360897 183438213
107555349 211894287
324410273 145496781
388191133 230865003
171336209 117040707
362678789 382630731
477484337 192923571
196848553 467998953
362678789 373145373
413703477 354174657
222360897 430057521
209604725 373145373
426459649 439542879
413703477 259321077
184092381 259321077
324410273 401601447
235117069 392116089
209604725 325718583
145823865 449028237
426459649 477484311
413703477 126526065
337166445 202408929
133067693 344689299
120311521 354174657
464728165 154982139
324410273 316233225
120311521 316233225
107555349 335203941
145823865 430057521
184092381 420572163
451971993 107555349
184092381 173952855
235117069 230865003
349922617 439542879
298897929 439542879
298897929 316233225
400947305 268806435
273385585 136011423
439215821 297262509
324410273 278291793
260629413 373145373
120311521 420572163
209604725 392116089
235117069 477484311
247873241 192923571
477484337 297262509
286141757 202408929
107555349 325718583
171336209 202408929
400947305 420572163
196848553 373145373
158580037 268806435
120311521 221379645
464728165 202408929
439215821 420572163
337166445 221379645
145823865 221379645
362678789 477484311
349922617 411086805
235117069 325718583
337166445 240350361
273385585 268806435
400947305 382630731
247873241 202408929
286141757 344689299
273385585 449028237
426459649 392116089
400947305 449028237
451971993 221379645
222360897 449028237
362678789 411086805
375434961 354174657
222360897 325718583
337166445 411086805
171336209 126526065
273385585 316233225
477484337 430057521
477484337 230865003
235117069 126526065
260629413 325718583
400947305 183438213
235117069 202408929
439215821 439542879
324410273 306747867
388191133 173952855
107555349 477484311
311654101 249835719
349922617 354174657
400947305 297262509
413703477 335203941
222360897 192923571
184092381 335203941
273385585 221379645
196848553 335203941
120311521 145496781
171336209 316233225
413703477 154982139
388191133 401601447
260629413 458513595
324410273 183438213
235117069 117040707
222360897 145496781
337166445 344689299
311654101 467998953
388191133 136011423
145823865 268806435
235117069 173952855
400947305 306747867
286141757 117040707
388191133 467998953
133067693 287777151
158580037 164467497
133067693 392116089
209604725 164467497
477484337 335203941
477484337 117040707
362678789 335203941
400947305 126526065
426459649 221379645
311654101 164467497
413703477 439542879
260629413 173952855
145823865 363660015
247873241 354174657
298897929 268806435
247873241 420572163
120311521 287777151
439215821 335203941
222360897 202408929
464728165 344689299
400947305 192923571
171336209 373145373
158580037 192923571
196848553 430057521
477484337 278291793
439215821 183438213
196848553 382630731
298897929 344689299
196848553 107555349
413703477 477484311
247873241 325718583
464728165 401601447
273385585 107555349
400947305 211894287
209604725 420572163
324410273 202408929
286141757 297262509
273385585 439542879
273385585 467998953
362678789 211894287
311654101 297262509
222360897 211894287
133067693 297262509
184092381 249835719
400947305 467998953
349922617 230865003
158580037 354174657
324410273 467998953
260629413 164467497
375434961 259321077
464728165 297262509
133067693 211894287
286141757 382630731
145823865 316233225
311654101 458513595
400947305 249835719
247873241 268806435
273385585 344689299
426459649 430057521
426459649 202408929
349922617 344689299
184092381 192923571
400947305 477484311
477484337 325718583
145823865 249835719
196848553 449028237
158580037 278291793
311654101 477484311
133067693 306747867
362678789 297262509
362678789 259321077
158580037 287777151
222360897 278291793
451971993 325718583
222360897 173952855
400947305 107555349
107555349 173952855
451971993 268806435
260629413 117040707
413703477 392116089
375434961 458513595
235117069 287777151
337166445 126526065
388191133 325718583
349922617 449028237
349922617 297262509
145823865 335203941
311654101 392116089
311654101 192923571
171336209 287777151
158580037 230865003
400947305 259321077
260629413 145496781
222360897 382630731
222360897 287777151
337166445 230865003
171336209 420572163
362678789 117040707
451971993 183438213
273385585 392116089
349922617 259321077
222360897 439542879
120311521 268806435
388191133 335203941
362678789 354174657
349922617 458513595
158580037 467998953
133067693 467998953
158580037 344689299
247873241 117040707
439215821 230865003
426459649 382630731
477484337 249835719
413703477 268806435
273385585 297262509
260629413 259321077
145823865 382630731
209604725 449028237
362678789 458513595
247873241 230865003
209604725 382630731
184092381 240350361
247873241 439542879
273385585 430057521
451971993 335203941
184092381 230865003
464728165 382630731
477484337 382630731
209604725 230865003
171336209 249835719
260629413 154982139
439215821 278291793
337166445 363660015
439215821 392116089
145823865 145496781
171336209 401601447
286141757 401601447
477484337 164467497
171336209 173952855
286141757 211894287
477484337 420572163
349922617 382630731
158580037 240350361
286141757 230865003
337166445 449028237
413703477 373145373
209604725 136011423
107555349 449028237
222360897 363660015
388191133 183438213
235117069 373145373
464728165 306747867
311654101 420572163
388191133 439542879
247873241 107555349
400947305 117040707
107555349 164467497
171336209 278291793
439215821 154982139
400947305 154982139
145823865 173952855
171336209 211894287
400947305 439542879
286141757 268806435
298897929 126526065
209604725 183438213
209604725 287777151
235117069 382630731
477484337 458513595
184092381 164467497
451971993 164467497
362678789 154982139
209604725 335203941
260629413 268806435
120311521 126526065
324410273 430057521
273385585 259321077
171336209 136011423
337166445 211894287
209604725 297262509
209604725 354174657
388191133 259321077
184092381 183438213
477484337 392116089
260629413 136011423
196848553 278291793
426459649 373145373
324410273 173952855
311654101 382630731
247873241 154982139
400947305 202408929
286141757 154982139
145823865 259321077
133067693 183438213
400947305 221379645
184092381 145496781
145823865 192923571
337166445 354174657
184092381 325718583
286141757 411086805
375434961 335203941
362678789 183438213
145823865 458513595
209604725 411086805
171336209 164467497
375434961 363660015
133067693 477484311
464728165 192923571
158580037 306747867
451971993 202408929
196848553 192923571
120311521 430057521
120311521 325718583
235117069 164467497
311654101 126526065
298897929 173952855
349922617 117040707
286141757 164467497
298897929 278291793
324410273 297262509
286141757 192923571
120311521 392116089
439215821 164467497
349922617 154982139
375434961 107555349
222360897 316233225
426459649 249835719
196848553 297262509
337166445 192923571
247873241 164467497
209604725 467998953
158580037 477484311
298897929 297262509
184092381 278291793
477484337 145496781
400947305 401601447
286141757 430057521
477484337 240350361
413703477 382630731
260629413 306747867
196848553 211894287
311654101 325718583
400947305 373145373
158580037 420572163
426459649 316233225
439215821 449028237
362678789 363660015
286141757 221379645
388191133 420572163
158580037 126526065
477484337 306747867
184092381 392116089
286141757 325718583
260629413 249835719
260629413 354174657
413703477 411086805
362678789 344689299
464728165 221379645
426459649 145496781
260629413 278291793
235117069 154982139
375434961 240350361
209604725 249835719
298897929 117040707
400947305 173952855
298897929 458513595
477484337 126526065
196848553 259321077
439215821 173952855
171336209 230865003
375434961 278291793
298897929 230865003
222360897 164467497
337166445 249835719
477484337 439542879
107555349 382630731
184092381 297262509
298897929 136011423
209604725 278291793
286141757 145496781
273385585 202408929
286141757 477484311
439215821 126526065
375434961 316233225
413703477 297262509
349922617 420572163
145823865 126526065
439215821 363660015
235117069 183438213
107555349 363660015
222360897 107555349
171336209 192923571
286141757 373145373
286141757 354174657
451971993 154982139
184092381 344689299
171336209 325718583
120311521 173952855
477484337 401601447
196848553 306747867
235117069 344689299
311654101 211894287
388191133 449028237
388191133 316233225
311654101 287777151
298897929 107555349
337166445 401601447
477484337 449028237
145823865 467998953
107555349 117040707
298897929 477484311
107555349 430057521
158580037 430057521
107555349 306747867
171336209 107555349
464728165 325718583
477484337 354174657
196848553 392116089
375434961 117040707
439215821 221379645
158580037 117040707
375434961 145496781
107555349 268806435
158580037 458513595
451971993 439542879
337166445 316233225
133067693 230865003
311654101 173952855
413703477 211894287
120311521 439542879
235117069 467998953
324410273 240350361
388191133 477484311
413703477 363660015
247873241 449028237
324410273 354174657
477484337 344689299
464728165 268806435
158580037 249835719
375434961 373145373
209604725 477484311
349922617 107555349
477484337 211894287
451971993 306747867
260629413 240350361
247873241 344689299
439215821 117040707
324410273 107555349
439215821 145496781
260629413 344689299
426459649 136011423
273385585 306747867
298897929 240350361
362678789 240350361
184092381 268806435
196848553 240350361
464728165 420572163
439215821 316233225
464728165 430057521
120311521 297262509
349922617 136011423
464728165 278291793
260629413 430057521
260629413 477484311
413703477 221379645
107555349 221379645
196848553 344689299
311654101 373145373
413703477 249835719
107555349 316233225
260629413 363660015
362678789 164467497
120311521 306747867
324410273 126526065
349922617 325718583
260629413 382630731
464728165 136011423
349922617 467998953
298897929 382630731
388191133 363660015
388191133 240350361
209604725 154982139
184092381 373145373
311654101 240350361
222360897 306747867
324410273 249835719
235117069 278291793
362678789 439542879
439215821 107555349
388191133 392116089
451971993 316233225
158580037 145496781
413703477 136011423
171336209 477484311
362678789 192923571
413703477 278291793
120311521 344689299
388191133 117040707
362678789 268806435
375434961 221379645
184092381 154982139
311654101 107555349
477484337 477484311
120311521 183438213
184092381 477484311
451971993 136011423
426459649 183438213
375434961 164467497
260629413 202408929
388191133 268806435
349922617 192923571
439215821 240350361
349922617 173952855
375434961 382630731
247873241 430057521
413703477 458513595
451971993 363660015
184092381 401601447
196848553 458513595
196848553 363660015
362678789 126526065
413703477 173952855
235117069 192923571
375434961 449028237
235117069 439542879
158580037 211894287
311654101 230865003
464728165 392116089
451971993 173952855
273385585 192923571
107555349 145496781
362678789 221379645
273385585 230865003
400947305 278291793
477484337 316233225
451971993 297262509
426459649 287777151
133067693 268806435
298897929 145496781
145823865 306747867
337166445 173952855
337166445 420572163
273385585 458513595
337166445 325718583
311654101 354174657
298897929 392116089
298897929 164467497
349922617 316233225
400947305 325718583
451971993 344689299
400947305 316233225
196848553 183438213
375434961 126526065
171336209 363660015
337166445 335203941
196848553 268806435
247873241 477484311
337166445 458513595
222360897 221379645
260629413 316233225
171336209 449028237
388191133 458513595
439215821 401601447
260629413 420572163
337166445 297262509
324410273 477484311
184092381 449028237
477484337 107555349
107555349 154982139
388191133 164467497
349922617 183438213
107555349 107555349
375434961 439542879
362678789 287777151
133067693 430057521
413703477 107555349
426459649 420572163
120311521 154982139
133067693 382630731
209604725 259321077
375434961 306747867
337166445 373145373
375434961 344689299
273385585 411086805
107555349 259321077
196848553 411086805
362678789 401601447
464728165 467998953
400947305 458513595
235117069 316233225
337166445 107555349
260629413 183438213
413703477 306747867
158580037 136011423
222360897 458513595
273385585 287777151
451971993 401601447
375434961 297262509
247873241 278291793
222360897 117040707
388191133 145496781
273385585 164467497
196848553 287777151
184092381 287777151
184092381 202408929
388191133 278291793
400947305 287777151
158580037 173952855
362678789 306747867
324410273 382630731
260629413 401601447
337166445 392116089
158580037 411086805
120311521 373145373
426459649 211894287
235117069 297262509
247873241 249835719
388191133 202408929
273385585 354174657
133067693 136011423
133067693 373145373
464728165 211894287
311654101 202408929
337166445 382630731
145823865 117040707
273385585 145496781
120311521 467998953
375434961 287777151
196848553 354174657
311654101 268806435
324410273 154982139
451971993 411086805
349922617 211894287
413703477 316233225
133067693 439542879
388191133 154982139
158580037 392116089
464728165 126526065
451971993 382630731
311654101 306747867
451971993 240350361
133067693 259321077
273385585 117040707
400947305 230865003
235117069 211894287
464728165 107555349
439215821 325718583
349922617 164467497
260629413 297262509
375434961 230865003
413703477 420572163
107555349 287777151
235117069 401601447
349922617 401601447
247873241 297262509
171336209 439542879
464728165 240350361
439215821 354174657
133067693 401601447
235117069 363660015
107555349 344689299
311654101 363660015
184092381 136011423
209604725 211894287
451971993 211894287
426459649 467998953
184092381 107555349
120311521 230865003
426459649 164467497
324410273 164467497
413703477 117040707
235117069 335203941
375434961 268806435
464728165 458513595
171336209 467998953
107555349 373145373
426459649 411086805
375434961 183438213
145823865 278291793
286141757 458513595
120311521 202408929
133067693 458513595
324410273 420572163
477484337 136011423
426459649 259321077
426459649 344689299
413703477 467998953
375434961 325718583
171336209 240350361
145823865 373145373
273385585 382630731
349922617 249835719
107555349 392116089
451971993 259321077
349922617 430057521
286141757 278291793
171336209 268806435
324410273 230865003
324410273 373145373
337166445 268806435
107555349 467998953
145823865 211894287
196848553 126526065
171336209 382630731
209604725 202408929
196848553 477484311
464728165 164467497
247873241 183438213
426459649 278291793
298897929 363660015
388191133 249835719
375434961 249835719
298897929 420572163
298897929 325718583
426459649 458513595
247873241 211894287
413703477 192923571
222360897 259321077
120311521 449028237
311654101 401601447
107555349 136011423
260629413 449028237
209604725 173952855
158580037 316233225
260629413 230865003
196848553 173952855
247873241 411086805
133067693 117040707
413703477 430057521
464728165 259321077
337166445 439542879
235117069 449028237
120311521 363660015
324410273 259321077
158580037 335203941
158580037 154982139
133067693 221379645
388191133 373145373
120311521 192923571
451971993 126526065
451971993 145496781
158580037 449028237
120311521 259321077
184092381 430057521
133067693 145496781
464728165 411086805
260629413 221379645
311654101 449028237
337166445 136011423
184092381 117040707
158580037 373145373
158580037 183438213
439215821 211894287
184092381 411086805
439215821 344689299
439215821 136011423
400947305 392116089
349922617 287777151
388191133 344689299
375434961 173952855
209604725 430057521
247873241 306747867
133067693 240350361
133067693 249835719
426459649 117040707
439215821 306747867
158580037 297262509
362678789 449028237
362678789 249835719
133067693 316233225
209604725 117040707
451971993 392116089
158580037 363660015
388191133 382630731
145823865 154982139
260629413 467998953
349922617 202408929
209604725 401601447
362678789 316233225
337166445 287777151
426459649 230865003
337166445 154982139
324410273 211894287
426459649 297262509
145823865 297262509
426459649 126526065
426459649 268806435
298897929 373145373
171336209 430057521
222360897 420572163
184092381 211894287
324410273 221379645
439215821 287777151
222360897 373145373
184092381 363660015
311654101 278291793
133067693 335203941
286141757 259321077
400947305 363660015
196848553 117040707
324410273 192923571
260629413 392116089
298897929 354174657
171336209 297262509
158580037 439542879
145823865 401601447
464728165 230865003
171336209 145496781
464728165 477484311
145823865 230865003
477484337 202408929
349922617 268806435
273385585 477484311
158580037 107555349
464728165 335203941
158580037 401601447
362678789 145496781
171336209 221379645
337166445 477484311
451971993 354174657
286141757 126526065
375434961 401601447
158580037 259321077
222360897 335203941
298897929 221379645
222360897 344689299
426459649 354174657
298897929 211894287
222360897 230865003
337166445 259321077
388191133 354174657
349922617 373145373
235117069 306747867
426459649 325718583
184092381 439542879
184092381 354174657
222360897 354174657
120311521 211894287
209604725 316233225
413703477 344689299
375434961 192923571
171336209 154982139
120311521 117040707
273385585 126526065
388191133 211894287
286141757 240350361
298897929 430057521
324410273 325718583
375434961 211894287
235117069 268806435
349922617 477484311
133067693 126526065
222360897 392116089
337166445 164467497
196848553 249835719
209604725 192923571
209604725 240350361
349922617 221379645
286141757 249835719
171336209 354174657
247873241 467998953
260629413 411086805
439215821 382630731
273385585 373145373
324410273 392116089
235117069 240350361
222360897 297262509
120311521 240350361
273385585 249835719
324410273 117040707
158580037 382630731
375434961 136011423
120311521 249835719
107555349 411086805
222360897 268806435
324410273 449028237
247873241 316233225
362678789 230865003
426459649 192923571
311654101 344689299
311654101 117040707
247873241 259321077
451971993 373145373
400947305 240350361
375434961 420572163
107555349 183438213
477484337 268806435
451971993 449028237
171336209 344689299
222360897 467998953
209604725 439542879
426459649 401601447
184092381 126526065
388191133 192923571
107555349 126526065
311654101 259321077
133067693 202408929
235117069 221379645
439215821 411086805
235117069 354174657
451971993 430057521
362678789 392116089
133067693 107555349
477484337 373145373
235117069 136011423
324410273 335203941
286141757 467998953
235117069 458513595
413703477 183438213
222360897 136011423
273385585 154982139
337166445 145496781
235117069 107555349
209604725 306747867
158580037 221379645
388191133 297262509
286141757 173952855
362678789 325718583
209604725 221379645
477484337 467998953
273385585 211894287
388191133 306747867
362678789 107555349
362678789 278291793
311654101 439542879
145823865 411086805
247873241 240350361
209604725 126526065
222360897 477484311
477484337 221379645
222360897 249835719
171336209 335203941
311654101 430057521
107555349 458513595
324410273 344689299
145823865 439542879
362678789 173952855
413703477 401601447
247873241 363660015
273385585 240350361
196848553 439542879
286141757 107555349
451971993 230865003
324410273 411086805
388191133 221379645
120311521 401601447
451971993 192923571
222360897 411086805
247873241 126526065
120311521 411086805
222360897 240350361
273385585 278291793
298897929 306747867
286141757 316233225
247873241 373145373
413703477 287777151
337166445 430057521
388191133 126526065
362678789 430057521
464728165 316233225
451971993 458513595
247873241 287777151
196848553 202408929
133067693 154982139
349922617 240350361
247873241 335203941
464728165 249835719
388191133 287777151
298897929 411086805
464728165 145496781
286141757 392116089
107555349 240350361
171336209 392116089
426459649 449028237
477484337 183438213
337166445 278291793
120311521 278291793
451971993 287777151
388191133 411086805
324410273 458513595
464728165 373145373
375434961 467998953
451971993 420572163
298897929 449028237
298897929 154982139
184092381 221379645
209604725 145496781
439215821 458513595
413703477 145496781
145823865 136011423
107555349 354174657
235117069 145496781
439215821 259321077
260629413 192923571
196848553 221379645
145823865 107555349
311654101 221379645
400947305 354174657
260629413 439542879
158580037 325718583
235117069 411086805
286141757 136011423
145823865 420572163
439215821 467998953
311654101 136011423
222360897 401601447
311654101 335203941
184092381 467998953
286141757 420572163
451971993 467998953
464728165 363660015
260629413 287777151
235117069 249835719
107555349 297262509
107555349 439542879
439215821 430057521
439215821 249835719
196848553 316233225
388191133 107555349
477484337 173952855
145823865 392116089
286141757 287777151
171336209 306747867
451971993 278291793
298897929 467998953
133067693 420572163
477484337 287777151
375434961 392116089
247873241 401601447
426459649 335203941
362678789 467998953
426459649 154982139
349922617 335203941
400947305 411086805
107555349 278291793
298897929 249835719
145823865 477484311
477484337 259321077
107555349 401601447
413703477 240350361
120311521 164467497
171336209 411086805
133067693 278291793
247873241 458513595
196848553 325718583
477484337 411086805
439215821 268806435
247873241 136011423
426459649 240350361
426459649 107555349
196848553 401601447
273385585 183438213
171336209 259321077
426459649 173952855
184092381 306747867
209604725 268806435
388191133 430057521
133067693 354174657
477484337 363660015
464728165 183438213
439215821 477484311
133067693 192923571
413703477 230865003
235117069 259321077
184092381 382630731
400947305 344689299
209604725 363660015
298897929 202408929
286141757 439542879
298897929 192923571
107555349 249835719
400947305 164467497
400947305 136011423
196848553 145496781
286141757 449028237
133067693 164467497
477484337 154982139
247873241 145496781
311654101 145496781
107555349 192923571
158580037 202408929
107555349 420572163
145823865 354174657
464728165 173952855
171336209 458513595
362678789 136011423
171336209 183438213
235117069 430057521
464728165 287777151
120311521 136011423
337166445 306747867
196848553 164467497
273385585 401601447
400947305 335203941
451971993 477484311
273385585 363660015
349922617 145496781
375434961 411086805
120311521 382630731
260629413 126526065
413703477 202408929
464728165 354174657
349922617 278291793
196848553 420572163
337166445 467998953
247873241 173952855
247873241 221379645
413703477 164467497
298897929 287777151
324410273 268806435
209604725 107555349
196848553 136011423
413703477 325718583
337166445 117040707
184092381 316233225
311654101 183438213
311654101 154982139
324410273 287777151
324410273 136011423
362678789 420572163
1400
336040893 458513595
303400101 259321077
205477725 164467497
336040893 344689299
357801421 392116089
325160629 325718583
216357989 467998953
336040893 192923571
368681685 221379645
194597461 154982139
172836933 449028237
281639573 221379645
412202741 136011423
433963269 259321077
477484325 221379645
216357989 477484311
368681685 192923571
183717197 363660015
314280365 192923571
259879045 420572163
194597461 373145373
183717197 211894287
390442213 382630731
433963269 430057521
390442213 316233225
401322477 240350361
248998781 249835719
477484325 154982139
390442213 136011423
390442213 467998953
466604061 136011423
444843533 439542879
466604061 278291793
455723797 382630731
238118517 363660015
412202741 249835719
238118517 373145373
336040893 325718583
346921157 230865003
455723797 136011423
129315877 145496781
390442213 401601447
292519837 477484311
172836933 325718583
357801421 335203941
379561949 306747867
259879045 392116089
227238253 287777151
281639573 192923571
303400101 202408929
336040893 420572163
314280365 268806435
444843533 354174657
227238253 117040707
466604061 363660015
194597461 249835719
357801421 278291793
292519837 107555349
379561949 221379645
292519837 467998953
183717197 420572163
248998781 325718583
336040893 335203941
118435613 430057521
281639573 373145373
368681685 392116089
151076405 411086805
314280365 392116089
259879045 145496781
444843533 240350361
455723797 230865003
107555349 287777151
325160629 259321077
248998781 192923571
107555349 477484311
477484325 136011423
129315877 316233225
227238253 259321077
107555349 306747867
466604061 382630731
183717197 117040707
368681685 126526065
140196141 192923571
227238253 316233225
172836933 316233225
336040893 145496781
444843533 164467497
325160629 306747867
379561949 145496781
325160629 373145373
183717197 477484311
107555349 382630731
466604061 192923571
314280365 458513595
433963269 154982139
444843533 117040707
194597461 107555349
455723797 211894287
183717197 240350361
379561949 117040707
368681685 240350361
194597461 259321077
194597461 449028237
477484325 439542879
216357989 335203941
227238253 373145373
205477725 363660015
183717197 401601447
194597461 401601447
172836933 249835719
259879045 449028237
466604061 154982139
238118517 439542879
270759309 183438213
336040893 107555349
118435613 392116089
433963269 240350361
151076405 458513595
477484325 249835719
423083005 477484311
129315877 259321077
368681685 477484311
336040893 354174657
401322477 430057521
205477725 420572163
216357989 439542879
346921157 458513595
455723797 430057521
368681685 173952855
466604061 316233225
238118517 183438213
433963269 344689299
248998781 382630731
401322477 268806435
390442213 230865003
368681685 401601447
172836933 420572163
118435613 287777151
433963269 183438213
346921157 401601447
140196141 382630731
346921157 202408929
151076405 278291793
248998781 202408929
336040893 401601447
194597461 306747867
292519837 173952855
216357989 411086805
444843533 373145373
292519837 183438213
238118517 154982139
379561949 259321077
270759309 420572163
238118517 136011423
292519837 136011423
336040893 411086805
412202741 240350361
433963269 230865003
368681685 249835719
151076405 249835719
368681685 411086805
423083005 211894287
161956669 211894287
336040893 430057521
161956669 420572163
423083005 392116089
455723797 458513595
107555349 117040707
151076405 221379645
292519837 373145373
292519837 401601447
444843533 183438213
161956669 430057521
292519837 430057521
444843533 154982139
172836933 230865003
466604061 259321077
423083005 439542879
466604061 230865003
346921157 382630731
227238253 126526065
357801421 202408929
281639573 392116089
433963269 173952855
303400101 467998953
259879045 249835719
423083005 154982139
336040893 477484311
401322477 449028237
466604061 164467497
401322477 230865003
455723797 221379645
183717197 373145373
444843533 430057521
303400101 325718583
423083005 164467497
248998781 306747867
325160629 117040707
281639573 316233225
368681685 458513595
140196141 297262509
379561949 477484311
379561949 249835719
423083005 126526065
227238253 240350361
401322477 306747867
183717197 259321077
172836933 145496781
140196141 173952855
390442213 449028237
140196141 420572163
140196141 306747867
107555349 420572163
466604061 373145373
227238253 202408929
455723797 278291793
151076405 202408929
314280365 183438213
216357989 136011423
314280365 173952855
118435613 202408929
259879045 136011423
390442213 173952855
118435613 439542879
292519837 382630731
466604061 287777151
140196141 344689299
336040893 306747867
107555349 392116089
325160629 240350361
183717197 107555349
183717197 411086805
423083005 230865003
346921157 107555349
161956669 268806435
303400101 382630731
129315877 449028237
412202741 154982139
270759309 136011423
129315877 211894287
336040893 297262509
129315877 363660015
151076405 211894287
205477725 136011423
281639573 230865003
129315877 202408929
118435613 145496781
444843533 420572163
412202741 230865003
205477725 126526065
270759309 268806435
172836933 278291793
205477725 477484311
238118517 221379645
433963269 211894287
238118517 126526065
107555349 126526065
216357989 173952855
466604061 420572163
281639573 154982139
368681685 335203941
161956669 240350361
357801421 420572163
194597461 202408929
270759309 221379645
412202741 477484311
129315877 325718583
238118517 354174657
281639573 401601447
444843533 411086805
466604061 467998953
248998781 411086805
390442213 344689299
314280365 202408929
118435613 249835719
161956669 259321077
314280365 287777151
401322477 107555349
325160629 107555349
161956669 363660015
423083005 449028237
423083005 458513595
303400101 411086805
368681685 306747867
118435613 335203941
346921157 335203941
129315877 173952855
412202741 192923571
281639573 173952855
412202741 287777151
259879045 126526065
281639573 259321077
161956669 136011423
183717197 325718583
423083005 192923571
357801421 439542879
216357989 392116089
129315877 477484311
346921157 154982139
205477725 373145373
183717197 306747867
433963269 420572163
423083005 145496781
183717197 126526065
194597461 411086805
433963269 192923571
444843533 401601447
336040893 183438213
401322477 192923571
270759309 373145373
325160629 230865003
412202741 107555349
140196141 316233225
292519837 230865003
238118517 240350361
248998781 164467497
161956669 145496781
172836933 344689299
368681685 145496781
227238253 449028237
172836933 401601447
412202741 221379645
346921157 449028237
151076405 154982139
390442213 325718583
357801421 240350361
227238253 439542879
379561949 449028237
270759309 344689299
248998781 136011423
368681685 430057521
259879045 335203941
216357989 373145373
238118517 458513595
140196141 211894287
194597461 268806435
433963269 325718583
107555349 240350361
140196141 154982139
118435613 382630731
368681685 449028237
455723797 325718583
183717197 268806435
444843533 325718583
292519837 259321077
292519837 126526065
477484325 401601447
325160629 154982139
118435613 211894287
466604061 306747867
455723797 126526065
281639573 420572163
466604061 202408929
444843533 136011423
227238253 154982139
259879045 354174657
401322477 354174657
325160629 392116089
172836933 117040707
444843533 259321077
227238253 344689299
227238253 411086805
151076405 344689299
379561949 439542879
325160629 211894287
140196141 363660015
423083005 430057521
444843533 316233225
336040893 268806435
346921157 259321077
357801421 211894287
172836933 335203941
161956669 249835719
412202741 316233225
205477725 325718583
314280365 344689299
455723797 297262509
281639573 335203941
270759309 477484311
477484325 287777151
444843533 230865003
151076405 363660015
140196141 467998953
107555349 249835719
161956669 202408929
357801421 401601447
379561949 268806435
107555349 221379645
390442213 278291793
357801421 249835719
281639573 183438213
455723797 154982139
433963269 117040707
477484325 354174657
248998781 154982139
390442213 154982139
161956669 392116089
107555349 325718583
303400101 439542879
259879045 268806435
477484325 164467497
107555349 373145373
303400101 458513595
172836933 467998953
248998781 420572163
412202741 268806435
194597461 173952855
107555349 430057521
227238253 230865003
140196141 278291793
227238253 192923571
183717197 382630731
412202741 458513595
303400101 145496781
455723797 439542879
270759309 411086805
357801421 363660015
444843533 278291793
433963269 411086805
477484325 335203941
379561949 392116089
270759309 154982139
140196141 136011423
140196141 268806435
325160629 363660015
227238253 268806435
336040893 136011423
314280365 382630731
292519837 211894287
477484325 230865003
205477725 411086805
390442213 287777151
281639573 107555349
390442213 164467497
161956669 221379645
423083005 411086805
161956669 477484311
433963269 439542879
270759309 382630731
455723797 202408929
216357989 192923571
477484325 306747867
151076405 126526065
129315877 411086805
140196141 430057521
281639573 458513595
183717197 439542879
270759309 354174657
194597461 392116089
346921157 173952855
357801421 430057521
368681685 373145373
118435613 268806435
183717197 173952855
129315877 467998953
238118517 173952855
412202741 354174657
183717197 145496781
270759309 107555349
423083005 259321077
238118517 420572163
161956669 192923571
379561949 164467497
194597461 344689299
194597461 164467497
325160629 458513595
183717197 344689299
412202741 164467497
270759309 449028237
423083005 107555349
346921157 297262509
140196141 335203941
194597461 297262509
477484325 477484311
248998781 439542879
270759309 259321077
346921157 363660015
390442213 458513595
423083005 183438213
390442213 439542879
477484325 344689299
433963269 202408929
259879045 173952855
477484325 392116089
151076405 477484311
216357989 268806435
368681685 183438213
314280365 411086805
303400101 392116089
379561949 211894287
151076405 325718583
466604061 183438213
477484325 268806435
129315877 117040707
466604061 126526065
151076405 192923571
227238253 297262509
423083005 335203941
379561949 240350361
259879045 363660015
433963269 136011423
194597461 335203941
259879045 477484311
140196141 458513595
433963269 297262509
379561949 335203941
216357989 325718583
172836933 136011423
183717197 192923571
368681685 382630731
227238253 183438213
314280365 249835719
390442213 411086805
172836933 107555349
412202741 259321077
336040893 382630731
466604061 458513595
346921157 211894287
357801421 373145373
259879045 325718583
466604061 117040707
248998781 268806435
433963269 316233225
455723797 344689299
194597461 325718583
216357989 306747867
390442213 392116089
455723797 164467497
466604061 439542879
238118517 411086805
129315877 221379645
401322477 363660015
161956669 325718583
379561949 373145373
238118517 249835719
140196141 439542879
161956669 316233225
292519837 202408929
183717197 221379645
161956669 173952855
433963269 458513595
161956669 382630731
248998781 240350361
303400101 117040707
357801421 173952855
455723797 467998953
238118517 382630731
107555349 316233225
238118517 117040707
325160629 173952855
107555349 192923571
303400101 211894287
216357989 107555349
444843533 202408929
466604061 221379645
216357989 354174657
346921157 268806435
368681685 107555349
433963269 107555349
270759309 278291793
368681685 230865003
303400101 126526065
281639573 477484311
172836933 354174657
303400101 363660015
183717197 335203941
140196141 325718583
314280365 230865003
129315877 392116089
194597461 211894287
412202741 126526065
314280365 297262509
248998781 401601447
238118517 477484311
325160629 344689299
140196141 221379645
172836933 259321077
161956669 439542879
107555349 354174657
238118517 344689299
118435613 278291793
477484325 211894287
401322477 249835719
401322477 392116089
379561949 202408929
433963269 164467497
455723797 107555349
466604061 173952855
455723797 401601447
194597461 287777151
129315877 401601447
140196141 107555349
151076405 449028237
303400101 344689299
161956669 354174657
216357989 344689299
368681685 344689299
292519837 449028237
270759309 145496781
390442213 240350361
151076405 354174657
477484325 240350361
151076405 335203941
368681685 439542879
107555349 259321077
423083005 136011423
238118517 467998953
455723797 411086805
129315877 249835719
325160629 126526065
444843533 458513595
238118517 392116089
444843533 287777151
379561949 126526065
346921157 344689299
227238253 401601447
336040893 173952855
292519837 145496781
238118517 278291793
357801421 268806435
205477725 173952855
444843533 249835719
368681685 117040707
423083005 363660015
455723797 477484311
259879045 458513595
412202741 420572163
172836933 477484311
346921157 430057521
368681685 211894287
314280365 335203941
325160629 221379645
444843533 382630731
477484325 126526065
281639573 126526065
248998781 458513595
412202741 145496781
401322477 297262509
238118517 401601447
423083005 354174657
216357989 278291793
314280365 354174657
270759309 287777151
161956669 183438213
455723797 449028237
325160629 449028237
412202741 382630731
118435613 164467497
172836933 363660015
227238253 221379645
248998781 354174657
401322477 420572163
390442213 145496781
412202741 430057521
281639573 278291793
336040893 278291793
423083005 249835719
314280365 145496781
248998781 344689299
292519837 458513595
292519837 363660015
357801421 230865003
161956669 467998953
259879045 211894287
259879045 107555349
314280365 126526065
357801421 164467497
292519837 268806435
183717197 202408929
423083005 221379645
433963269 278291793
216357989 202408929
248998781 221379645
216357989 183438213
161956669 373145373
477484325 382630731
183717197 183438213
129315877 344689299
183717197 449028237
390442213 297262509
281639573 430057521
227238253 145496781
423083005 373145373
325160629 430057521
325160629 287777151
303400101 287777151
433963269 392116089
259879045 259321077
336040893 363660015
107555349 183438213
346921157 192923571
444843533 477484311
270759309 173952855
390442213 183438213
216357989 287777151
412202741 439542879
270759309 363660015
346921157 467998953
303400101 164467497
259879045 221379645
227238253 164467497
129315877 382630731
216357989 230865003
172836933 126526065
357801421 449028237
292519837 117040707
107555349 268806435
151076405 240350361
455723797 249835719
346921157 164467497
477484325 430057521
455723797 145496781
129315877 230865003
281639573 306747867
314280365 467998953
270759309 297262509
205477725 287777151
216357989 259321077
281639573 136011423
259879045 373145373
423083005 117040707
107555349 401601447
314280365 154982139
412202741 373145373
477484325 373145373
248998781 392116089
357801421 287777151
140196141 240350361
433963269 363660015
379561949 363660015
161956669 287777151
412202741 392116089
259879045 117040707
390442213 373145373
412202741 211894287
368681685 268806435
107555349 297262509
303400101 221379645
379561949 154982139
292519837 297262509
227238253 107555349
216357989 249835719
248998781 297262509
423083005 344689299
140196141 117040707
161956669 230865003
379561949 411086805
303400101 430057521
205477725 183438213
477484325 202408929
346921157 316233225
444843533 335203941
270759309 117040707
423083005 240350361
314280365 449028237
423083005 382630731
314280365 439542879
281639573 439542879
248998781 335203941
151076405 430057521
259879045 164467497
194597461 136011423
379561949 430057521
314280365 221379645
194597461 221379645
401322477 335203941
270759309 192923571
433963269 221379645
401322477 117040707
423083005 202408929
346921157 439542879
357801421 259321077
336040893 373145373
238118517 430057521
172836933 202408929
129315877 154982139
259879045 430057521
433963269 126526065
444843533 145496781
270759309 392116089
151076405 107555349
390442213 420572163
161956669 458513595
303400101 306747867
325160629 249835719
281639573 202408929
368681685 154982139
466604061 344689299
205477725 249835719
248998781 183438213
401322477 154982139
292519837 278291793
216357989 240350361
238118517 192923571
227238253 467998953
227238253 354174657
466604061 240350361
107555349 363660015
281639573 325718583
118435613 183438213
205477725 278291793
216357989 382630731
172836933 373145373
379561949 173952855
270759309 126526065
107555349 439542879
227238253 430057521
118435613 136011423
129315877 278291793
129315877 420572163
216357989 211894287
140196141 287777151
444843533 297262509
314280365 420572163
259879045 183438213
379561949 230865003
401322477 316233225
444843533 392116089
444843533 467998953
433963269 373145373
455723797 173952855
357801421 221379645
379561949 354174657
466604061 411086805
477484325 259321077
248998781 373145373
281639573 268806435
140196141 249835719
401322477 401601447
412202741 278291793
205477725 354174657
281639573 382630731
281639573 354174657
336040893 439542879
118435613 420572163
336040893 211894287
118435613 173952855
238118517 211894287
118435613 477484311
107555349 335203941
205477725 268806435
346921157 477484311
259879045 154982139
107555349 278291793
238118517 335203941
238118517 164467497
455723797 392116089
368681685 136011423
433963269 382630731
401322477 173952855
357801421 316233225
259879045 382630731
151076405 467998953
151076405 392116089
401322477 373145373
281639573 297262509
227238253 420572163
216357989 117040707
270759309 306747867
161956669 164467497
194597461 278291793
303400101 268806435
292519837 335203941
314280365 430057521
455723797 268806435
444843533 449028237
205477725 202408929
325160629 401601447
379561949 401601447
303400101 316233225
379561949 382630731
151076405 117040707
346921157 354174657
401322477 136011423
423083005 173952855
346921157 278291793
379561949 325718583
325160629 477484311
357801421 467998953
455723797 354174657
216357989 297262509
477484325 173952855
433963269 306747867
194597461 145496781
216357989 401601447
151076405 382630731
423083005 401601447
390442213 268806435
455723797 316233225
194597461 126526065
194597461 316233225
227238253 306747867
390442213 221379645
336040893 392116089
390442213 306747867
238118517 145496781
205477725 344689299
346921157 411086805
390442213 211894287
248998781 430057521
194597461 477484311
368681685 354174657
401322477 382630731
412202741 344689299
325160629 268806435
314280365 164467497
336040893 154982139
238118517 107555349
368681685 363660015
379561949 107555349
346921157 145496781
444843533 268806435
336040893 202408929
238118517 268806435
357801421 117040707
292519837 306747867
172836933 287777151
444843533 221379645
433963269 354174657
151076405 373145373
118435613 306747867
151076405 420572163
303400101 154982139
390442213 335203941
107555349 173952855
172836933 240350361
227238253 173952855
129315877 240350361
194597461 117040707
151076405 401601447
183717197 458513595
107555349 344689299
325160629 278291793
401322477 221379645
227238253 136011423
346921157 249835719
314280365 240350361
172836933 154982139
129315877 458513595
194597461 363660015
401322477 259321077
205477725 240350361
412202741 467998953
357801421 192923571
118435613 117040707
477484325 411086805
303400101 401601447
325160629 136011423
259879045 411086805
238118517 325718583
401322477 183438213
161956669 449028237
357801421 325718583
292519837 192923571
346921157 136011423
412202741 202408929
379561949 136011423
325160629 411086805
259879045 287777151
270759309 211894287
281639573 411086805
466604061 477484311
455723797 117040707
368681685 278291793
259879045 297262509
303400101 173952855
423083005 278291793
466604061 297262509
357801421 107555349
401322477 458513595
368681685 316233225
466604061 249835719
183717197 392116089
194597461 240350361
336040893 467998953
412202741 297262509
118435613 192923571
248998781 477484311
412202741 306747867
477484325 449028237
444843533 107555349
227238253 211894287
183717197 297262509
401322477 211894287
205477725 430057521
412202741 183438213
140196141 477484311
303400101 477484311
346921157 183438213
129315877 373145373
129315877 297262509
238118517 306747867
107555349 449028237
107555349 136011423
281639573 211894287
118435613 467998953
379561949 287777151
151076405 316233225
433963269 287777151
368681685 287777151
466604061 449028237
248998781 259321077
281639573 449028237
455723797 363660015
118435613 259321077
412202741 335203941
194597461 183438213
444843533 126526065
292519837 221379645
129315877 192923571
401322477 287777151
455723797 259321077
281639573 240350361
270759309 249835719
118435613 354174657
292519837 344689299
346921157 117040707
401322477 126526065
129315877 439542879
107555349 411086805
270759309 430057521
444843533 306747867
368681685 467998953
151076405 259321077
151076405 145496781
292519837 411086805
140196141 411086805
118435613 240350361
401322477 325718583
346921157 373145373
357801421 154982139
172836933 458513595
325160629 467998953
444843533 173952855
346921157 240350361
205477725 154982139
194597461 439542879
390442213 192923571
216357989 363660015
325160629 420572163
390442213 363660015
303400101 183438213
390442213 126526065
477484325 458513595
412202741 173952855
183717197 316233225
401322477 145496781
433963269 249835719
303400101 249835719
238118517 287777151
368681685 420572163
325160629 183438213
477484325 297262509
336040893 117040707
205477725 117040707
466604061 268806435
303400101 297262509
194597461 192923571
292519837 316233225
248998781 278291793
172836933 392116089
379561949 458513595
172836933 306747867
248998781 449028237
205477725 297262509
118435613 411086805
227238253 249835719
172836933 221379645
259879045 401601447
172836933 439542879
216357989 449028237
238118517 297262509
183717197 278291793
216357989 420572163
466604061 430057521
129315877 126526065
368681685 297262509
423083005 420572163
281639573 249835719
325160629 192923571
194597461 420572163
292519837 439542879
346921157 126526065
303400101 230865003
248998781 211894287
379561949 420572163
466604061 325718583
314280365 278291793
216357989 145496781
205477725 458513595
140196141 183438213
194597461 230865003
183717197 467998953
107555349 211894287
161956669 126526065
401322477 439542879
379561949 183438213
466604061 335203941
118435613 107555349
183717197 230865003
292519837 164467497
325160629 354174657
205477725 316233225
248998781 287777151
401322477 278291793
107555349 458513595
455723797 287777151
151076405 173952855
477484325 107555349
314280365 477484311
303400101 136011423
161956669 117040707
455723797 240350361
270759309 316233225
161956669 154982139
477484325 117040707
151076405 297262509
336040893 287777151
248998781 107555349
259879045 202408929
129315877 354174657
205477725 382630731
346921157 221379645
183717197 354174657
259879045 306747867
390442213 354174657
357801421 306747867
346921157 325718583
151076405 439542879
292519837 325718583
390442213 202408929
292519837 392116089
161956669 401601447
183717197 154982139
140196141 401601447
140196141 354174657
107555349 202408929
151076405 164467497
172836933 211894287
379561949 344689299
477484325 316233225
401322477 164467497
412202741 449028237
325160629 382630731
325160629 335203941
129315877 164467497
183717197 287777151
336040893 449028237
346921157 420572163
216357989 164467497
325160629 202408929
270759309 230865003
336040893 249835719
248998781 126526065
357801421 136011423
303400101 240350361
238118517 259321077
314280365 107555349
281639573 287777151
118435613 344689299
314280365 259321077
270759309 164467497
423083005 316233225
433963269 467998953
303400101 354174657
466604061 401601447
151076405 230865003
412202741 401601447
248998781 173952855
357801421 297262509
423083005 306747867
325160629 145496781
314280365 306747867
379561949 278291793
455723797 192923571
292519837 354174657
259879045 467998953
205477725 467998953
270759309 458513595
194597461 430057521
107555349 230865003
477484325 278291793
216357989 316233225
205477725 259321077
172836933 268806435
379561949 297262509
346921157 287777151
161956669 344689299
270759309 325718583
172836933 173952855
433963269 268806435
477484325 183438213
281639573 145496781
161956669 278291793
205477725 145496781
303400101 278291793
270759309 335203941
140196141 392116089
357801421 411086805
140196141 145496781
183717197 136011423
129315877 268806435
172836933 382630731
444843533 211894287
423083005 467998953
172836933 430057521
183717197 430057521
336040893 240350361
248998781 145496781
368681685 164467497
151076405 287777151
118435613 126526065
238118517 316233225
118435613 449028237
455723797 373145373
216357989 458513595
444843533 344689299
281639573 344689299
477484325 363660015
303400101 373145373
281639573 467998953
357801421 126526065
140196141 259321077
477484325 467998953
216357989 430057521
118435613 230865003
140196141 126526065
401322477 202408929
248998781 467998953
151076405 268806435
379561949 192923571
390442213 249835719
368681685 202408929
357801421 477484311
314280365 211894287
161956669 335203941
303400101 335203941
151076405 136011423
205477725 449028237
314280365 316233225
390442213 259321077
205477725 107555349
140196141 449028237
129315877 430057521
216357989 126526065
270759309 401601447
433963269 401601447
227238253 382630731
248998781 363660015
118435613 325718583
368681685 259321077
205477725 192923571
194597461 458513595
433963269 449028237
455723797 420572163
205477725 221379645
357801421 344689299
205477725 211894287
336040893 164467497
292519837 240350361
151076405 306747867
107555349 164467497
455723797 183438213
172836933 164467497
205477725 392116089
107555349 145496781
314280365 136011423
259879045 230865003
336040893 230865003
466604061 354174657
161956669 411086805
129315877 136011423
161956669 297262509
227238253 458513595
270759309 202408929
227238253 477484311
325160629 316233225
357801421 458513595
118435613 401601447
270759309 467998953
336040893 221379645
161956669 306747867
172836933 411086805
270759309 439542879
401322477 411086805
259879045 278291793
227238253 325718583
118435613 297262509
314280365 401601447
466604061 107555349
238118517 230865003
455723797 335203941
194597461 467998953
281639573 164467497
368681685 325718583
118435613 373145373
194597461 382630731
172836933 297262509
205477725 306747867
281639573 117040707
140196141 164467497
194597461 354174657
423083005 325718583
477484325 325718583
205477725 401601447
227238253 392116089
433963269 477484311
118435613 221379645
357801421 183438213
314280365 117040707
118435613 154982139
172836933 192923571
379561949 316233225
216357989 154982139
205477725 439542879
401322477 477484311
248998781 117040707
336040893 316233225
248998781 316233225
129315877 335203941
118435613 316233225
281639573 363660015
259879045 192923571
412202741 117040707
412202741 363660015
477484325 145496781
455723797 306747867
216357989 221379645
477484325 420572163
183717197 249835719
466604061 211894287
161956669 107555349
336040893 126526065
205477725 230865003
259879045 240350361
270759309 240350361
238118517 449028237
390442213 477484311
227238253 335203941
412202741 325718583
140196141 373145373
423083005 268806435
466604061 145496781
129315877 306747867
227238253 363660015
107555349 154982139
325160629 439542879
379561949 467998953
292519837 287777151
477484325 192923571
401322477 344689299
314280365 363660015
336040893 259321077
259879045 439542879
303400101 449028237
433963269 145496781
423083005 297262509
303400101 420572163
433963269 335203941
292519837 420572163
248998781 230865003
303400101 192923571
390442213 430057521
314280365 325718583
325160629 164467497
466604061 392116089
129315877 107555349
107555349 467998953
444843533 192923571
346921157 392116089
118435613 458513595
205477725 335203941
259879045 344689299
390442213 107555349
129315877 287777151
183717197 164467497
357801421 145496781
227238253 278291793
444843533 363660015
357801421 382630731
346921157 306747867
412202741 411086805
292519837 249835719
140196141 230865003
314280365 373145373
172836933 183438213
259879045 316233225
357801421 354174657
303400101 107555349
325160629 297262509
118435613 363660015
292519837 154982139
107555349 107555349
390442213 117040707
401322477 467998953
129315877 183438213
238118517 202408929
423083005 287777151
151076405 183438213
140196141 202408929
