2001
2409 4697
5815 151
1089 3606
2285 4391
4064 9315
1596 4997
4139 96
3452 6718
6477 3560
2897 698
298 5847
7545 6548
6001 8865
6201 9521
400 7599
601 5094
2372 4455
1274 5298
9412 3193
3619 1893
2614 4137
6977 5389
5056 3340
1938 2002
2115 6477
9925 5592
2301 2374
2474 8427
7763 1176
7101 2054
3547 9244
7447 2937
1973 6616
2465 8263
5513 8605
3439 2875
2187 3649
4608 5875
3717 9595
8162 1070
7394 8223
6699 2998
314 112
3156 6312
8627 7327
3454 2574
2946 9578
7514 8760
8352 9554
8007 4500
794 1055
5411 6884
378 8716
1521 4379
4197 3183
7336 3599
9018 2697
5072 1838
226 743
5733 1928
1288 4111
2400 9497
2349 7122
7253 9743
5317 5229
3380 3015
5959 2714
7108 8425
5303 8447
4847 864
8566 9028
9691 7508
8129 1801
9491 7655
30 3835
5734 9354
5187 4540
6461 9487
3170 7717
5584 2529
5676 2630
7810 6328
6580 2933
4886 6487
5119 17
7004 6353
3751 4796
2059 1849
4636 4897
4697 3104
4239 1
6540 1074
7163 5864
7883 696
4719 6514
9212 207
3840 2966
2926 9975
8509 4558
7025 3763
76 6285
3864 6291
2507 3086
1939 5945
9538 3601
4134 5476
7255 9131
4236 2124
4373 5505
1407 935
1244 914
4453 9799
9417 513
4869 3801
2765 1729
4531 5342
9858 7062
6243 2607
5196 3613
6170 8648
3980 9320
104 6276
3047 7110
6096 4107
2220 8858
2307 1652
2539 8787
1273 6456
2886 1382
3310 8412
1992 7478
4058 9205
2136 5386
7105 815
2734 9157
2615 4261
5066 4408
7920 913
1962 6370
1195 6371
2760 7260
5316 3912
2349 4057
8105 6368
1731 5218
8496 3047
8320 5275
4546 3275
2351 8282
6595 1159
430 8477
9604 1644
7413 2339
1740 2437
301 955
5782 4335
9597 6426
9570 3041
7319 5518
8563 1334
1262 6925
3147 7665
9572 7384
6981 6957
7729 5107
8634 2625
8479 8857
184 9264
7484 1016
5320 5253
9805 4307
8852 3170
1039 9261
6503 4361
4541 3942
5906 8883
9260 77
8497 9126
3711 3493
5834 3171
1887 4137
9961 8123
3543 3714
3187 8966
3440 2699
9032 8309
8836 496
69 2855
9781 1734
2090 332
4690 8704
9973 2110
4688 2997
1124 6749
3405 2521
574 9487
6237 2764
2189 6449
1308 3588
4592 7021
488 2922
1879 9370
12 5418
3625 1000
4596 8797
5725 376
6813 8694
9500 288
5214 204
9810 7031
1899 7009
726 2413
9914 8223
683 5392
637 7003
4411 622
8258 7081
6495 1560
7873 3402
810 4872
8234 1951
3392 4965
5370 9955
5007 3279
4600 6716
1954 21
8071 7448
5328 2784
9382 5269
2428 3320
7214 8384
9492 7449
5552 1584
880 1554
643 5095
7503 6826
3552 361
333 3755
2062 1920
3513 1418
9350 5529
2017 2323
6745 1431
7301 4854
1098 5833
9344 982
7330 6327
3123 4473
2175 4960
9206 4140
9253 4790
343 2362
9031 6482
7788 920
4994 6096
8569 9993
6778 3079
157 6394
5974 5732
5712 9842
8294 7624
8977 5643
7154 4064
2862 92
3680 7602
7616 2700
121 6353
7504 1451
7052 1958
911 7513
2522 9102
4056 9419
6907 8911
1057 1743
5735 4551
2745 2029
8917 5280
7069 5967
9995 6962
3448 5858
21 7335
6687 2828
6691 9972
7917 6383
6230 6688
5597 1061
6571 9081
354 9128
4569 8963
8083 7138
7954 2715
258 9566
5821 9680
2982 8533
7445 967
6097 6496
6502 7248
4232 881
5863 2656
1683 6983
8725 3738
418 2370
5522 4258
4107 1489
820 9564
1542 9681
8888 5469
4485 4162
4799 3482
7033 9983
4638 8490
8179 4688
5030 6629
3991 9346
4296 854
4416 2119
7311 5074
4740 9812
970 3258
8 6575
1558 1425
9605 1466
5013 3273
9100 4570
9380 6502
5392 4795
7245 8191
7633 6796
5293 2986
8861 1831
5016 2033
7686 8685
3560 1222
757 939
3124 1408
4626 5594
7366 2206
676 3822
2509 9513
1325 8249
1205 3727
9115 5746
8755 4651
2608 5609
6475 7403
6953 2421
8376 7983
5306 8616
5624 4311
8070 4966
5112 1845
3663 7564
2974 9373
1894 0
961 6398
6654 4978
7249 9882
6488 9576
9175 5192
7781 7520
3326 8099
1084 8389
3490 9800
4592 4035
6566 2159
8258 6453
9697 7075
3265 5727
7003 9085
5446 5407
1936 5292
3994 1576
306 4438
9235 3067
3682 3735
2627 3603
1732 8909
6376 5663
5784 145
7576 7985
3552 1116
6207 8600
9480 9007
6748 1621
4727 46
3644 3286
5656 9959
6553 8325
4916 4827
5267 4182
3407 6999
8420 3067
4846 6898
8988 1821
8517 8419
8132 7682
3482 9019
2614 1465
2772 1892
3615 6700
3869 7765
7973 8
5538 9060
1087 7508
9691 6763
7252 9449
3113 5190
7781 1450
9521 1957
5521 2002
3890 843
6557 5030
3515 7093
6876 7161
5894 9730
2608 4659
7779 6202
382 1171
9932 8509
7430 3221
825 6561
4548 1621
7324 5437
6388 4865
2976 5071
9437 1726
250 2478
8588 4633
5430 2375
9553 2296
3894 4837
4875 332
5387 9037
3755 8532
7574 3848
4474 5369
2347 4184
1837 344
9439 7958
5845 3171
9706 7133
8937 4743
3486 6682
5050 2065
5612 3915
9418 2137
2485 653
1551 407
9920 9223
6188 6596
1452 4301
7357 2498
7817 1061
1284 5584
6143 10
1603 9683
2231 4052
801 1629
669 6547
4369 7077
1118 5983
8879 5091
4825 8768
8681 150
8411 3401
6287 8627
8930 1370
4646 3000
1976 7254
4408 9264
2398 4975
7006 5513
3665 7293
9082 3371
381 9168
3268 7806
7803 9955
6705 7130
5306 9314
3406 9975
8185 2344
3007 6558
2933 433
4488 782
5171 8237
5452 7694
8037 7169
6569 6796
7774 9129
7428 3556
475 4428
3043 7060
4599 9253
7062 3879
516 5656
4432 9176
5417 2117
8506 9255
3531 7546
615 3141
6679 1209
7882 1965
5742 8267
6367 219
4437 6642
9392 1357
1157 825
7412 4446
1573 2044
8490 1178
3644 6225
4182 8390
2368 646
4264 7430
6142 8477
3734 495
3384 5688
4844 798
4339 3618
4171 2599
7981 9051
4283 6160
9412 9469
6574 3369
1121 2489
591 6608
7395 5035
7094 9699
8196 3675
9247 5687
3865 3130
3365 1529
5781 6965
8216 6476
9435 2038
8897 8929
2385 2985
1103 4485
8092 8696
4517 1362
8252 6005
8883 9816
8196 3479
6868 9026
3602 5899
2033 4942
4416 6066
7532 1236
7091 7407
9176 3836
2004 8419
3317 9354
701 5152
6494 8127
5265 6219
3585 3899
1497 1657
8537 9438
6936 5930
8385 5306
6680 8047
7003 5339
753 286
4899 5925
730 4527
5505 2053
710 4598
1583 3483
424 5499
2807 5358
8951 4302
8722 5071
3600 4973
9381 9890
3756 1484
9961 9846
5500 9823
6182 7920
7217 7662
9595 4337
7155 7147
7242 2645
138 4768
1450 8761
7923 7875
9626 8069
1040 9094
3182 3485
1021 574
6905 4210
5831 8774
6998 7299
8233 1807
7714 9889
2417 6021
2701 8097
6095 8336
7501 4564
2951 5593
2467 1507
3670 8296
6856 9696
2020 4104
3145 9737
8742 9064
2985 8868
8977 3414
9303 83
3014 6446
8718 3836
8262 1242
6332 6367
8238 1668
6011 5685
8635 2208
2750 9028
5777 3917
4863 4245
761 1934
1767 5837
3245 9286
8665 8509
4949 692
2336 2127
7376 1088
4217 9169
7714 5566
4614 549
1303 132
2284 8351
2640 809
2308 23
4541 3771
6447 3633
8841 743
4401 3990
9138 3011
8518 9463
6729 612
571 3652
4824 2958
5000 1798
1053 1481
9080 5959
5155 9500
6352 1486
8716 5921
5834 20
7608 187
7229 3305
8849 8004
8125 3250
1469 8984
4181 7895
654 8088
8020 4960
7509 910
5437 9620
7069 8343
5617 8447
6407 2324
3528 3197
2639 166
2459 6952
5288 6500
6371 7522
6981 7773
2511 6406
7547 2560
1784 3366
7042 5411
1397 4827
9452 7414
3415 845
8474 7082
7925 8761
4006 2075
4014 8987
6067 5585
1499 5301
76 4935
6456 7481
4630 7328
4708 3946
3989 3555
3754 6962
4618 9725
3400 1020
9947 6062
4218 5303
9063 9429
7850 165
3509 1328
9109 3218
1155 9708
6417 2711
8151 4314
2994 8225
6152 8944
2617 9457
3523 7364
1054 7944
397 6378
4070 4760
954 7168
8729 5609
9164 2224
5808 3261
9444 2073
4975 4896
3148 5887
9187 8564
2214 4054
9366 705
9521 2877
7393 5552
2216 3481
6836 4632
8792 5276
3374 9234
4270 3715
6493 5739
5235 6255
6433 9949
8072 4225
8415 2142
5913 2173
7694 2265
5942 8074
2769 4935
6758 5042
2393 1362
9136 3802
1528 3375
8910 3812
7257 1828
571 1169
8610 1234
8423 2189
4246 7279
7882 7897
3792 1749
9071 6109
6567 6639
1714 8512
1114 3950
8366 568
2470 4381
2355 3434
3857 998
5441 3794
5936 7999
3217 3413
9482 1765
117 1331
9349 7788
1611 5916
8319 7097
9968 3536
2242 6690
549 5327
3186 4645
3695 8116
7365 4885
597 4471
7342 436
4123 257
105 9694
1688 2529
2350 3003
882 7071
3358 7059
9714 4353
5139 8584
414 5269
2364 2903
9608 6875
5994 4134
756 5023
6142 2752
7692 481
6694 9127
4173 6439
1313 1579
8607 766
4278 2231
7075 1313
625 91
7154 2282
6054 4444
2981 7778
5392 5494
5154 9250
1662 9737
9633 5464
3780 7532
8469 2505
8253 132
5174 5839
1964 6542
8231 6942
7959 3044
968 8669
8696 2378
4127 3291
672 359
9872 6296
3197 3508
7268 6903
1025 8144
4323 5570
9549 6492
8774 774
1258 151
1847 7563
3163 3354
8738 4467
60 8091
4060 8318
7612 1650
6858 1000
9936 1364
3535 3571
636 3479
7596 9460
5904 6237
3713 6501
6829 5637
8251 6655
1702 5620
9311 9568
4194 7344
2495 1268
7674 1158
1166 8777
8432 7451
8654 6075
8691 1120
9393 7389
7419 8540
2375 8511
7977 5401
9134 8509
9629 7574
443 9775
8158 9656
2707 1896
105 8014
4104 8151
5310 2911
4223 2333
5339 2989
4416 5943
1884 3401
3571 1907
7046 4021
5697 4164
2186 4142
7260 5245
3654 9755
6657 6988
3824 9607
6061 7587
7312 8535
3714 9541
4790 3365
729 9607
9426 46
9243 647
9790 2130
773 458
8582 3923
6448 9305
1558 2319
7376 8542
5173 786
351 798
7486 9503
1217 6903
6919 3901
5590 7446
7706 8450
8407 7733
5196 7071
6470 4326
6991 3549
2960 3666
6198 4197
5729 7377
1614 9405
1787 3672
5682 1105
3656 2509
5682 864
290 9266
980 1147
3827 801
648 545
1086 974
6910 2320
2379 6126
530 48
3662 9552
165 4589
4371 7705
8362 2065
4939 7725
7708 7450
2620 309
5867 4486
322 6525
893 8481
6384 818
9037 475
4847 5473
7392 1089
5905 7135
7287 4141
1310 8789
2125 1222
1093 5017
9255 3266
9494 5609
8023 9511
7508 1309
4577 1080
8316 7660
5357 5544
2253 4367
8392 5161
2470 1733
4589 3966
5620 4002
5294 7376
4237 2735
3687 8487
5879 5347
6445 7057
8966 3244
5554 3626
4294 2688
484 5576
7271 6351
2076 2767
2532 6156
6831 865
9459 675
8690 3819
7192 6505
2911 2759
9590 5824
5313 2884
1294 3649
8696 5220
7371 6467
4286 3852
9878 1671
4668 7066
7195 6892
9033 2557
546 1008
1913 2726
5300 5698
1799 1128
4536 9184
7738 1443
5715 7369
9953 480
1546 4857
424 2667
4627 9560
4450 4288
166 234
1606 6157
4442 5539
600 7304
8649 6478
371 1370
5830 8533
5345 140
6236 4843
6920 1139
1000 4778
8867 4314
9094 7223
7174 3577
5041 204
5473 1116
6059 5928
9726 4231
9586 9729
3421 7106
8185 3499
3717 996
9402 8178
8680 3231
4867 8238
4251 7038
3829 2041
3197 4540
4160 6374
2486 2969
4170 5916
3234 6806
1831 4192
7064 6956
6892 2769
2233 3565
6095 236
5587 3152
3546 3540
4295 6659
3867 5353
7216 9050
8722 4132
7829 5227
7828 8211
8407 4573
7887 1409
4968 5918
9410 2179
7580 1356
1318 3744
7878 1021
1058 854
4844 2523
9915 8521
5080 401
8854 9017
7393 6903
7310 7227
562 8034
4929 9400
8033 1925
1745 318
7809 5791
998 5351
4975 2582
99 9293
8729 7680
6517 5196
9448 710
5133 1094
6441 7436
6171 7923
2647 2170
557 4041
1986 1750
3302 9497
7048 295
3736 8599
4360 4130
2257 4321
8599 1444
4113 1605
1520 4335
9421 7229
4838 7005
2904 7545
3161 5776
8722 8231
1948 7376
5979 4428
9553 4982
5788 4645
4145 5545
6139 1647
4109 1902
940 5064
1348 8150
9947 5925
3204 4765
4179 5486
7860 4347
2513 8070
3836 3674
5904 9989
492 9372
1122 7517
8522 8362
2983 1980
908 7538
3207 9275
3552 2316
6631 8657
8495 7259
710 971
6416 4145
2030 1776
566 9936
9429 5909
453 2641
3918 3388
4162 7552
3388 4728
5519 9156
1215 4734
4366 4566
6641 9019
9261 2448
8914 7825
5841 6265
666 4148
4155 901
7146 8057
8182 3804
1429 2415
4035 1453
8409 8177
8667 3613
9787 8518
1418 379
5360 738
6340 6981
9669 8345
7520 1770
2995 4104
2004 4795
1882 2498
9681 8765
8532 3100
9979 2010
4825 8051
737 8874
2757 4486
1162 180
2980 3953
7845 5163
9360 8406
4830 4037
1203 4023
7903 8515
3294 4941
4138 2843
4871 6018
7969 7481
3219 5143
5145 6700
6961 1435
7763 9831
4939 2295
7135 2601
1580 1448
9364 1168
8444 6547
3579 5891
2986 1776
44 2337
7660 7469
7392 5420
3533 4779
6790 7197
6209 4092
4852 3786
2995 7932
3453 9082
5862 781
9612 3916
4627 2479
6937 6724
1494 9663
2092 4789
4958 2900
4932 9464
1770 8198
6308 3966
8637 93
3847 1852
1420 1461
8242 9070
7896 3562
7421 3531
3172 7035
1839 7484
6582 1279
1529 2652
5357 3119
4945 7730
4290 6811
3379 349
7589 7936
772 7503
7709 9315
3693 5037
3092 455
3784 2291
7533 9164
1171 2810
6233 1002
59 7356
9900 2556
5184 3487
855 3409
6230 2450
7787 5995
6304 8429
1815 3425
2329 7347
6662 8463
9004 2800
2240 2202
8288 1840
197 6095
382 8626
380 4636
7220 1812
8802 1494
7950 5825
1648 6199
2770 7640
2036 6585
2087 419
559 1241
7590 3467
7874 6667
5796 5644
8788 6454
4238 9930
8499 2238
2404 7919
3283 2233
7690 3076
9212 8351
476 9467
8257 3325
6 30
4660 5813
3717 3367
1966 8428
3972 5603
8533 9090
7057 1228
1725 137
9129 7783
1090 3550
5835 6651
504 9868
9775 8365
5600 2488
7668 8744
2409 2643
9902 8299
2222 6982
1869 6633
8286 4107
3516 4736
3582 4823
2165 6063
5802 7537
3001 4072
7858 3703
1323 8585
9319 6539
3042 2390
1806 1686
4141 5367
3351 2830
1672 9237
7644 9030
9430 1402
7254 8226
5572 9357
2047 1982
8940 8449
7076 2611
1731 9868
3113 1731
9039 7655
3056 2213
2388 2598
6094 1491
6569 6872
9322 3095
633 3493
2891 7236
7232 8044
6787 2358
6788 5138
4234 8746
9188 7499
4878 3705
2245 9236
4461 5602
9983 3652
6780 6957
6648 360
3582 7251
7077 165
1164 712
432 7359
234 4091
6117 5166
8582 4315
7047 7113
308 7988
4678 9767
5240 6062
7325 6106
4090 9532
8586 7251
4548 4028
5108 4540
3374 3535
2874 8396
4561 1098
4407 8070
8480 1583
1025 1379
3990 2832
6296 4741
3552 8584
55 5916
4195 5209
2620 6164
2739 7998
7797 3784
9552 3102
359 8777
950 7018
218 1545
7936 7130
8983 775
9970 1440
4863 1449
2734 8228
254 5753
5329 4780
8590 4591
9624 9743
1598 4974
760 8953
470 4564
6603 4310
3960 2306
3362 5992
7602 1508
9259 7986
5254 1671
8580 3011
977 3715
2918 814
1030 4764
6110 1115
1358 9309
9689 9593
5800 1834
8503 8911
7365 1213
2194 5495
5703 7852
9724 9187
9422 9168
9105 5437
4926 8617
2874 1422
9344 5040
1515 5023
7281 9249
2619 7066
8477 2256
6009 7306
746 4245
1456 8733
2733 6729
8905 9913
1547 6204
8213 6455
2993 6636
4810 4511
9525 3012
8164 6269
646 4626
2829 4704
7682 3463
436 1379
2634 628
606 1244
748 9219
7501 2141
5477 2623
7085 4295
4924 6646
448 3700
8500 7866
8326 883
7601 8312
4605 3459
2594 3020
1677 1798
3474 7430
6594 9894
8642 5642
5502 8084
6401 898
992 8418
6146 9322
7706 8645
6152 1629
4003 5068
404 6776
4608 2775
8126 9121
6532 2953
2320 8918
9414 3988
2026 1417
4201 8303
6270 6404
4948 7790
6111 3296
7815 4367
5738 5874
3930 9605
2494 9713
1056 3418
1409 7806
1188 7013
7015 7941
1774 4541
590 9936
5047 5536
5589 6299
2831 9549
5367 6354
8647 6862
3169 3027
7428 4046
1415 5612
7469 7465
8152 3326
6142 4540
8392 76
8112 155
1091 5534
2944 2310
2821 3969
5523 8055
4771 2980
5731 2848
1071 4579
707 537
9007 1540
8639 9613
957 9600
1074 6909
1959 71
1124 7677
348 4644
5299 7835
3766 6677
3099 7512
6593 5045
2554 1609
8 7983
9715 8485
7904 4892
9560 3730
3051 8382
1715 2716
2048 9992
565 6513
8262 2890
706 9330
8976 9299
4064 2690
6402 9724
1533 5116
1205 3988
9880 1864
8426 9096
4776 7215
7767 8475
8314 3843
5949 4852
7940 2151
820 5150
6350 8130
3241 5036
8362 6825
4840 3101
4071 8716
2738 2370
2425 7036
2231 7162
3413 1232
4194 5422
5301 9913
7481 5804
9155 6818
1955 9659
3468 2548
4446 6607
3957 1137
3404 316
3268 8554
975 665
8263 8243
7508 6742
1554 4483
3284 5810
3418 639
2690 7642
4502 8904
6100 9760
1243 4458
3520 4059
8721 3108
1092 5889
6729 4416
2185 9507
2122 718
3650 4640
8234 7850
5361 4568
607 6144
4633 558
3478 3448
1893 974
8854 5534
3394 7741
6691 565
5647 9052
5677 6279
9522 6470
6411 9816
4078 8307
7802 4170
5218 7633
5264 7888
6151 1962
3448 5995
538 9700
6975 9902
7914 2081
128 1374
555 646
7256 1496
2008 5011
1431 1588
9164 8251
2501 1944
4184 5179
9319 5878
1964 8676
3084 1844
8096 7997
3797 6571
5591 6501
9735 3977
8163 7760
1845 8427
3121 2979
520 332
8827 7463
4329 3070
5756 7404
2504 5968
3428 1416
2334 7571
7654 8941
3687 3164
1510 854
6480 3014
9194 1990
5064 3147
443 2096
8567 7709
8077 2753
1798 7196
7758 3273
1933 4357
9743 7717
4704 5634
4061 3637
2728 9378
4760 7112
5854 3967
4293 3494
6567 4250
5987 7925
1583 8494
8321 6604
3565 1866
4091 7285
4928 6856
2703 9341
2519 431
3733 1706
34 7827
8901 3114
5406 4872
4724 3127
9781 6732
9502 5022
4569 1713
1183 9080
8952 9675
4143 7456
3027 290
6881 6750
9419 7846
7702 8284
1210 5959
3936 2795
2130 6550
2942 3662
8617 1529
1251 2013
8462 417
5372 9324
2901 3440
4163 6680
2783 3343
5132 4606
6918 8295
2430 127
3461 9681
1536 6553
4010 2982
2328 5173
832 1198
8425 5630
7579 5356
6338 1100
7312 1490
5936 7542
6201 6869
2015 6247
6203 7983
9199 1996
1558 2778
7134 2525
5079 6757
1864 9156
2919 6513
2298 5046
5800 741
3417 1022
1863 8367
6082 3170
2980 6778
7604 6956
7713 3903
9476 1449
5168 3228
2337 8205
7629 6978
8978 2118
553 9691
3178 2863
582 5187
2944 9598
8613 9142
9145 1823
860 6028
8094 9482
2174 6490
4403 612
4803 5783
4488 5095
9124 6127
9482 5010
3370 4683
7090 8999
6076 432
7980 9872
7216 7708
105 8653
8753 2964
4537 3886
8648 3439
1261 6632
1259 6092
7500 3947
7506 3383
7622 5530
4960 665
5809 4107
7805 5582
7989 686
3251 7256
8628 8821
1691 4160
2911 1722
8900 4502
5556 705
195 6294
4615 4316
8101 2213
8874 856
7021 1428
2336 6210
622 5088
4226 6894
472 2973
2148 807
1262 7713
7084 7985
7098 2286
9611 5385
5703 8547
1703 1766
7436 9926
8926 5188
6986 2701
5641 6723
2422 6412
1516 655
916 9115
7800 7938
7146 6444
1266 1944
6827 4738
2198 5641
4144 1208
1448 4548
9555 7916
7469 9234
2475 692
9051 9366
7677 7161
7256 3470
4967 9903
6604 5311
2050 6288
3199 6395
5414 619
6052 6630
8263 9417
6435 3834
5532 3316
6628 6840
7044 8427
7766 5118
9945 6676
4073 1676
6223 5856
5538 9814
1868 2884
6582 6029
1770 6199
7356 2153
4117 1307
662 2233
3130 4371
6388 498
4364 6695
6903 8122
8574 2264
829 9561
3657 6216
2391 3111
6605 3561
667 1454
7437 5677
3413 5169
4715 8443
2810 13
6071 9911
2021 5542
4408 5717
9234 5058
6709 3176
5720 9641
2369 7288
1923 3342
1123 1013
3330 5654
6945 6393
7041 1474
7258 7076
7937 9758
6738 7469
1959 6834
1211 6808
6620 6399
6928 6634
1003 6936
4816 4199
6717 9188
7630 5201
7603 7232
4711 553
9767 8052
2276 7557
8835 2951
7542 8859
4732 8323
8100 9546
4225 7347
5600 9193
8905 3018
1501 854
16 5693
9514 4597
3062 9465
705 3921
9762 5541
2124 8834
1500 6417
6220 7078
4595 4129
5426 1105
7277 6213
5538 2072
5106 6695
651 972
7350 5761
7141 4040
6395 8061
1773 8948
5643 5412
9613 8220
1892 9213
3748 4517
2709 3413
6135 7951
7402 9921
5506 7455
6742 8724
415 1822
3434 9138
9502 5494
2638 6002
8977 9116
8757 7943
5414 3645
1956 7768
5868 9204
2173 7175
6326 1646
9541 2505
9303 2336
4719 8892
543 7546
7148 3420
1065 7137
5403 3996
869 1063
1267 5263
3583 4922
7495 3902
8656 849
7196 8491
7329 4881
3813 7866
507 5850
826 8011
7657 5645
6269 5720
9085 5262
206 5061
295 6235
520 5559
8211 4825
3918 3568
3755 5829
6595 2815
424 8180
7907 3706
2662 7898
6646 8476
2122 2741
9490 4508
1436 186
9605 2565
5623 7785
1459 952
3669 6241
3415 4850
6533 201
4417 6144
6347 8133
4864 4887
2350 5898
6523 4830
2086 3972
1451 3306
8614 6614
2527 1458
1670 8516
6449 5547
398 9381
926 2678
7754 1006
4287 890
5834 1049
9247 2789
1427 8272
2079 7714
1226 2987
9904 8211
356 2773
6481 9890
8015 7247
446 1588
8141 8677
88 9526
4752 2809
4633 869
2994 5694
9007 6702
5639 4941
1902 7056
9147 1356
5778 8277
2425 4938
2832 5357
7208 9125
5948 7800
1554 9973
5540 4626
5650 5049
8445 897
8142 8995
5124 9100
8227 5634
2528 8920
1103 2961
7290 6974
6796 8722
517 4389
4557 2888
1943 84
8791 3123
651 4933
601 1822
7929 7940
5039 5952
8890 593
9710 8042
2592 8359
8401 9187
5681 1445
8137 5296
6599 4008
330 4716
9920 7384
9468 3593
6474 220
4332 8309
7734 2000
4643 2117
8836 208
8353 1949
5604 87
3806 8820
3246 5603
2594 886
2719 3474
4876 2159
1216 6187
1921 3973
4061 247
3018 5567
8629 8004
3078 2062
664 4851
8126 7899
3185 8508
7045 8232
1842 286
2176 2331
1539 4784
8431 2818
4485 7765
199 5564
9002 1569
7573 4676
8414 2023
2817 9964
8524 5128
3615 2994
2490 4800
1787 4510
6422 1600
8246 4345
7406 5991
4305 4036
6694 8489
5311 3169
4022 6830
1481 8379
6303 2270
5896 543
8862 217
4492 5855
2444 6200
4505 227
8278 7218
934 1402
7093 8514
2642 6484
7177 568
4614 1950
8385 1581
549 3418
9216 4492
8578 3109
1069 3042
308 9421
2002
8020 2627
7135 4393
1491 9696
5109 1454
7203 9794
391 906
9654 3153
3937 2848
8153 9094
4578 6875
1105 6595
7092 4092
5777 6345
6808 3579
6725 4280
8518 9187
7803 1498
9117 4640
6600 5522
3348 985
6053 7828
8887 5319
8740 2313
3879 2536
1789 8822
4235 71
4032 8583
8653 2657
1337 6061
9445 5731
8149 3916
6618 6520
2464 7047
870 2953
1980 2718
155 4466
1256 7603
8023 9036
2607 909
6459 3011
1756 3746
615 98
2191 8455
1319 3084
8874 643
6956 6964
5754 5833
7480 4279
5354 9600
6194 1082
335 3481
9315 8531
7360 6207
314 9443
3544 6795
4987 2346
2859 4135
6010 1784
8590 8151
1009 1797
612 6517
4823 1350
8507 9904
5976 3942
4584 2936
196 3452
2416 2344
6463 2013
2890 2653
5979 2911
6805 3064
9491 8913
5187 187
6347 978
3012 9318
7089 4632
825 1810
8777 6104
1105 6323
618 9370
5389 1526
8268 3364
371 731
5340 3137
3705 1821
6486 8414
752 8044
6718 4541
8094 210
1684 8203
4704 3153
9240 8272
181 5897
4054 6513
1958 9096
3350 433
8941 384
6918 5239
1439 6083
1350 9978
9880 1062
2843 8125
4094 3143
5185 5919
3102 2567
7352 7891
5027 3894
2284 5309
2399 4934
6214 4717
9480 8647
2600 5335
1420 7543
4144 8017
10 541
8606 1712
2626 4043
6800 5302
8462 1380
5668 9128
8007 5071
6030 5981
9528 8895
8307 7153
4184 775
7763 8514
4421 4476
8652 7937
7386 9576
3003 1514
483 4377
1852 2332
6317 3908
7555 8569
7025 265
7719 5361
9784 8391
5368 2523
9164 6710
2157 5387
3018 2932
7224 6322
8263 6890
4663 7075
8580 1943
8895 4798
7546 8671
6879 7744
2082 6025
5051 7100
1571 94
6412 3242
2444 5376
8864 2680
5113 1693
1121 4229
3685 7000
2974 4667
3790 9229
55 3056
7992 4891
662 6008
4233 1166
9066 9225
1006 6423
3953 5616
4944 3996
3836 1050
932 9354
3422 1072
4849 8846
1541 7391
8433 1489
3494 8497
8412 4330
5906 1402
3545 8320
5979 411
7650 2562
4871 4450
1262 8547
3473 7062
9410 4648
3561 2693
4007 88
6544 2920
1510 5636
8251 3463
6474 6
7472 1702
5922 962
9509 6674
6303 4127
3644 3375
9420 4942
7888 8152
3906 6803
680 4583
7854 4325
9614 107
8236 564
2069 5103
7758 6927
8364 974
6667 4958
5486 5744
1901 1120
9702 449
8829 7848
7305 7233
4519 1690
4197 7727
2520 4473
9757 9825
2928 3701
1341 8462
8632 7262
5596 5524
6210 4036
2138 9918
974 8167
9754 5157
9656 7786
154 8791
1020 255
9905 6042
1762 3009
4785 5997
666 1572
6570 7778
2935 6302
7348 7640
4640 9809
3227 5842
1139 1458
7454 5260
1518 9227
7731 4847
6454 346
7202 8717
3543 5032
505 6331
8177 6169
6822 5124
3440 7182
7595 3690
5840 9293
8583 3948
8814 4287
2784 4047
1785 8741
8071 6199
2401 7009
9312 1374
341 6073
1610 8932
7646 7228
8306 613
9547 7270
5156 5927
4943 3042
9109 3913
1457 7998
1171 4551
5966 6806
7735 9783
9472 7664
5877 1467
3110 9552
9705 9046
9711 9637
3945 7847
4982 1282
7106 1971
1996 7777
3005 8933
3278 6631
6238 6384
230 6998
6989 665
9215 3912
2462 5407
3516 7956
2199 8015
9991 7886
5494 2711
8307 1316
2656 8075
4346 1517
3446 4172
6990 429
4822 7393
7713 9280
1867 7532
2918 5431
6649 5522
7312 849
2887 2984
5969 6205
3731 4809
8149 6009
8869 4912
1885 529
9658 7081
8188 4245
2433 5423
5705 4702
8834 9686
9178 391
9617 7127
3484 6224
7588 8735
8625 974
2176 6717
3731 4742
5925 932
7750 3328
7011 3449
6386 7049
9181 6349
2438 3492
6095 8433
3223 6163
2863 860
4268 2776
4972 2422
5015 8609
3066 2104
2611 6818
5286 9653
7740 4622
2684 3095
8754 362
2460 2722
4556 5975
2200 588
1578 29
7146 5561
9485 90
160 4431
3217 3411
4881 86
6949 6211
4349 8577
6815 3886
8143 5932
2702 8634
5785 8335
5734 9180
8065 6345
8869 7448
3576 4006
4303 3532
1809 9563
3839 3671
902 1687
3406 8541
4158 5860
661 1506
1171 5509
7629 9031
7463 9393
2015 7914
6360 6835
7007 9968
7795 6348
7360 5076
6960 4586
5647 6442
8137 2268
7886 8387
54 7778
7607 9019
7943 1011
3970 4496
7353 4489
4083 5825
4780 3153
1530 4035
7242 7532
848 1002
8584 3722
5760 1196
1506 8566
4941 7985
136 3447
8826 6683
9342 4479
4162 3027
7519 3962
7406 7901
5815 704
1400 2856
261 9795
2780 6354
9650 8964
7008 2939
6506 9156
1085 4369
9937 1324
8987 156
2196 1866
7844 3827
6557 7732
1736 2002
4129 7328
1526 4144
9851 7419
9184 7055
7847 7153
534 991
7602 3266
7483 2148
4139 9308
4014 523
8570 7602
9351 4833
3949 679
2648 9707
5 1428
5341 7330
3261 8510
9437 2767
9746 256
9751 9821
4983 6815
6492 958
6220 5729
1662 2932
8663 4643
3172 5403
7576 5226
161 7384
9148 1251
7870 5366
5629 564
2834 8366
2411 7013
511 7482
7496 7634
7789 4286
3996 176
7080 1856
9005 8624
7084 6227
6501 6783
2045 2226
888 7075
3104 8595
1563 1550
5658 3411
8867 7081
439 7758
7077 6399
2010 8436
3214 5094
8794 3371
1824 904
5459 39
9597 5578
257 1174
7487 9325
2380 2691
1022 2897
7098 3355
1833 3722
1777 4260
8478 9181
1145 3015
6848 1729
1955 4942
6130 614
5853 5774
2477 9922
1310 7701
1655 5287
6384 6190
6959 8249
7860 9216
7858 7419
2924 9236
2069 7871
8024 4051
8055 673
1002 1581
1559 1392
1808 4181
7629 568
3769 4047
7903 5515
7300 5513
457 1392
5054 391
5810 7993
4078 4575
7809 3764
7734 2479
9992 5094
5018 9823
5714 6941
7915 3367
746 2603
5944 7321
429 2210
7258 8420
4237 3755
9899 2191
614 1213
2598 5798
8169 8751
986 2569
8519 6380
9357 7136
1099 7045
8896 683
3176 3750
5029 5997
1749 7426
551 2912
9231 2623
192 6697
6352 2884
6668 6948
3667 6845
8396 9733
8212 3294
5744 5634
3964 2963
347 9119
3954 9511
3098 4844
7371 1533
7971 2000
5757 9843
4875 3467
1674 8264
8986 4351
1573 9614
3959 7489
7703 7915
1107 1792
8572 1051
4840 8197
5976 5480
2429 6515
2541 3453
7858 5063
2797 470
9085 4802
4466 7988
5414 6635
4328 6204
2252 3656
3208 3904
6573 6184
1900 4098
2054 5424
7210 3141
6479 3803
4454 2630
9786 98
8892 8452
4531 5196
1841 8629
3761 4391
6236 3767
9442 8892
4744 1307
4382 380
7651 4890
900 1662
1069 7341
414 1711
6677 2038
6112 2219
1318 8413
8882 4356
774 6607
4721 6524
8721 9433
7626 3226
2677 2119
9905 6692
2967 3984
8772 3392
7020 5916
3817 9769
9207 903
417 7848
1631 8148
4050 6692
9434 385
8435 9001
6737 5963
420 1589
9723 3236
7653 314
7269 4514
4201 3887
8976 6199
633 1483
1821 6672
9458 7382
5393 249
4442 5125
8515 7744
7321 3686
1079 4792
1391 4672
1818 6675
9273 9705
5553 9726
7486 8188
6095 288
3273 5020
7250 8445
7768 6541
6776 1909
7298 7364
3785 2894
1594 7940
3934 3604
8789 757
8233 4770
9438 83
8648 9440
5640 8808
2538 6691
8685 587
4174 6176
8147 5584
9253 2329
2148 4469
6226 1268
1079 9519
8133 2971
9343 1812
9861 8469
3338 427
1580 6106
1134 9693
6826 4809
6991 1740
4797 3947
4720 6658
9160 3551
6863 2665
8915 9199
5285 3531
9082 9137
2947 3543
5288 7501
9646 515
5906 3595
5323 686
3600 5769
4073 2935
4068 6125
9822 23
6014 6563
9711 7168
9436 8337
8962 6017
8897 9240
6662 1708
5263 3144
7088 4212
9686 8610
5413 8897
1533 1628
3402 1891
7453 4055
5362 3403
5284 4153
1103 2214
4703 7034
2716 6885
7861 2140
5869 7409
6493 9901
8113 4477
6667 9273
2445 8371
550 2929
2913 8738
9597 5811
8941 9123
5112 4700
155 8728
2188 5908
7960 7511
7547 2268
6746 4068
1786 2997
4020 8339
7070 3715
3902 3600
5494 4330
603 8611
5818 6956
877 9218
8569 4769
7446 4630
1586 3678
9251 8464
5805 2250
9809 3897
3720 7568
9374 686
6658 48
6033 8272
8002 9421
5207 1556
1304 5355
4915 4037
3117 8732
7592 8097
9211 4494
9550 7906
5299 9012
2249 3693
2254 6657
1081 4856
8734 4008
9249 7977
1416 3111
8028 1682
1940 6270
3285 4899
330 156
9775 2750
4339 116
4772 1231
3126 8952
7984 7258
7030 1445
5068 4781
6005 7739
4707 2995
9963 6449
9760 292
7091 5916
9620 3912
6827 4460
2173 2061
8147 2029
4488 5609
9007 6659
7787 7537
4097 5380
8833 5029
1468 4619
1013 6335
7947 4068
529 1132
2487 1253
1415 2853
4148 5940
7866 4414
3642 4685
351 4199
5437 9730
8921 1261
6574 8442
2219 8651
7160 999
9665 3595
5309 9516
8696 4439
7500 1409
368 1990
9751 1201
4564 1806
390 9073
6915 5423
6389 3429
6846 4732
4243 6728
6414 5546
9541 7571
4084 3530
6223 7604
2054 998
9689 727
1296 7799
9853 27
3027 3209
4064 859
3532 7755
4381 8877
2867 5806
9512 7783
6509 8014
3744 5311
775 8651
8998 926
7488 4282
5352 7318
9667 2195
3021 718
9310 3504
5798 6869
9104 2097
3780 1113
667 439
4597 6481
8582 940
264 9908
8224 205
832 7280
2543 4556
5144 6069
5717 9277
7822 8303
6128 8915
375 8408
4970 9930
488 6416
9693 2875
4440 7659
2755 4636
2674 5887
1227 1376
6984 6121
4886 1466
3607 7151
912 7884
3067 3152
8639 3471
7337 7182
7001 6337
5180 8297
8713 4365
2562 1340
9488 5212
6646 9678
2830 3730
7060 2614
7245 986
2870 8008
3993 3822
1307 6034
9179 1283
2807 8253
6326 5473
4889 7685
5139 5988
709 459
1211 6593
2234 6472
2687 6411
2830 9754
2639 4301
8547 8049
6960 4264
2312 5602
8845 7029
4605 7860
1177 9148
8700 423
1739 9704
5806 9200
3929 3472
9096 6014
9839 9661
4459 8344
1086 7450
592 8244
6614 2353
5594 9922
7755 7514
9488 4674
7044 7921
2312 7237
803 6264
3859 1108
5683 3815
9315 8238
3865 2683
101 7215
5117 5837
9150 5589
9890 1053
4821 6935
6980 1306
2696 3401
6032 5839
7390 3584
3561 4075
9782 7977
3284 6941
923 5301
3133 8033
8218 9361
4983 991
5464 4429
1538 4371
8366 5962
4106 4523
3440 9048
2859 9545
7058 7057
4394 5485
3322 2430
6717 7307
1408 755
8164 8885
2035 335
7147 8782
6705 7823
5431 3117
4203 9029
593 9682
8420 183
6255 7640
6722 2264
5453 1970
4161 8038
1091 6667
7179 6794
9325 2328
9465 6957
4383 1079
1360 19
6331 2342
3292 2275
6492 7300
519 4405
3604 3879
5822 7842
3340 8042
9354 4535
2707 9990
7513 2155
8799 1068
4412 6424
9395 7969
9817 7511
9558 2418
1963 2004
4650 6965
8018 8217
2222 2653
4305 2915
8966 1651
3168 9529
7762 5790
4739 4101
2271 8790
257 7310
3397 4491
4507 6499
6860 3308
88 6113
3542 80
7049 2670
3226 4727
5946 7178
821 8944
7537 8066
8803 8472
29 2812
7487 2676
266 3760
9427 18
2400 9207
478 4010
9156 4787
7225 1689
8698 4348
8485 7907
7369 575
4220 4472
5218 53
222 4739
261 9854
5593 6030
1845 5501
3327 3015
7931 9317
9348 7515
5421 6737
4136 9037
4569 1986
2183 8127
7355 8861
1595 2907
3887 8786
1210 5184
9338 1758
9130 7056
1356 7471
2881 4387
1814 5819
4988 7607
2498 7058
1312 8339
143 9473
6756 9815
9663 7385
5552 3667
7884 6997
4945 4284
911 8256
1751 7236
7107 7940
2863 1016
6541 3819
5681 6935
4745 9727
3612 6938
1005 9348
8248 2836
5054 3718
8937 1600
212 4972
4318 3280
5519 1187
3035 3606
8164 5392
647 1365
7507 3413
3382 9433
5233 8563
265 7307
6602 330
4022 8153
4613 2027
247 4339
9443 8254
7516 1058
8091 1192
769 4830
6229 1666
5266 6687
1484 3712
6995 9661
3580 9368
3489 3
9920 1390
8590 160
2462 5247
3420 1627
1341 2033
9509 4166
2539 8895
3802 6819
9850 590
1140 7542
4063 815
7252 9236
1260 1319
3416 5740
4451 5349
2515 4032
5383 8759
4314 6691
7793 5822
8188 6988
2968 2211
2312 6629
1260 3466
1058 4341
8416 4426
8180 3164
2233 7803
7934 2056
8348 8916
8897 7512
3439 72
1451 5089
407 8426
3018 5724
7101 1762
1820 9284
2299 1153
9255 649
7330 1083
6242 3853
6009 6256
4363 2968
9906 5941
2502 8780
1237 1247
2714 289
2649 2928
8857 1837
1615 4701
7059 871
2297 4069
13 2518
6553 2149
7238 1960
7506 3638
2715 9124
1170 4838
2140 8676
2655 4038
7398 9508
6535 1203
2003 8969
6715 6805
3045 5486
7096 1043
160 3072
6203 8165
5397 6820
2743 9346
7359 8741
180 4279
6966 3986
5814 5982
2481 4047
1148 4780
7051 1791
4153 5389
1270 9741
6312 4861
9432 6539
4589 478
578 8003
1784 2217
8022 9860
8193 4677
197 4527
1463 8467
8471 5192
4482 2240
3034 6597
1406 7491
9852 5465
9133 2122
9070 3494
6304 996
1426 2788
1071 1767
8198 8663
3659 3675
7077 1363
1914 2931
7706 8179
771 7285
4412 4173
5142 7574
1859 6458
766 1845
2682 3458
6035 2806
4856 1790
4076 5618
8588 7045
5509 5166
1932 5798
9024 4534
206 9193
6788 7439
2586 6600
1755 9629
9280 8550
8432 929
8245 5993
1953 5412
5687 7931
7984 5127
3601 867
7340 5313
5050 7061
5198 872
3964 3932
677 7262
8512 1306
9094 2374
6633 5842
1060 6785
539 5857
2655 6920
6363 606
7078 828
553 4333
2777 3432
1626 5343
1072 5958
4572 9410
4301 1136
6013 6012
1413 5092
3649 8020
5281 7980
3652 1880
3875 3337
8316 7218
77 9179
5210 1062
337 3258
3403 5255
993 8975
2791 113
6316 8836
3719 4468
7924 4232
2258 8574
834 7330
5719 4411
9727 6223
2865 2170
7680 7708
2621 4129
2054 9079
7185 6465
5366 9711
5216 8492
5596 52
2794 4783
9658 7153
2709 3224
4790 6354
5652 6161
3605 2982
6881 6013
9387 6388
4769 1905
2560 488
1801 5914
2833 1136
5260 1536
8842 2057
9347 8843
478 840
8412 3454
6207 395
8968 6899
5305 6491
3753 220
7751 6791
7084 6717
426 9813
5131 3692
7246 4337
6442 5783
6049 3971
3887 1280
8586 8062
2801 8944
5532 8586
4153 1310
3520 242
373 7337
4381 211
450 5258
2207 2257
7758 7835
2163 2637
4178 6066
3727 4353
6915 1892
2684 5777
1080 2623
3523 2329
6297 6808
6232 6632
9431 2701
2529 9042
8374 3841
1492 7234
4112 4168
6985 3620
6192 665
1205 8393
1486 4673
4794 519
1817 8511
3644 3485
4461 9191
6281 4294
8005 8930
625 1483
2601 8264
202 7807
9779 4612
8544 1327
5190 2130
6025 884
1267 1267
9516 438
6276 9689
2554 2609
4100 2976
8996 3443
7517 882
7110 1961
6500 373
3354 7382
9342 9632
2928 147
8396 4013
9276 4925
2310 1277
4514 1159
5415 7013
3151 3647
3808 9380
9312 6915
9470 6471
5776 544
9656 6497
6749 2147
2942 7888
9479 5497
4556 89
3190 1428
6506 8459
9286 1062
1846 6287
929 8011
8302 3562
7321 7383
7649 8286
3880 6618
8777 5430
5140 5822
4020 629
6607 982
9224 7140
5823 215
8961 2214
7459 8794
1670 1353
6547 6530
1855 7810
4480 1907
7378 4233
831 5566
5851 4663
928 2405
1389 3342
7836 118
3260 9071
7553 4836
7403 2968
5492 2896
2237 4412
8228 7597
237 825
1488 7805
555 589
2523 5525
8478 7079
5467 6825
4301 7356
1317 7619
2739 4056
2304 26
7472 5350
1707 151
7671 5120
7520 7214
9519 9943
5306 7423
3027 527
1632 6624
7905 5674
4435 3554
3491 2448
6912 5054
6555 9679
2059 3021
4926 5543
6185 314
374 4802
4709 3972
2179 8462
4498 4130
6497 7487
3557 3364
1091 4622
889 4054
6437 4185
3932 4528
8660 3876
2600 7934
719 6626
4207 9632
4623 9943
9918 6950
1472 7357
1080 9018
4445 4755
501 4176
5396 9588
1670 5823
6399 3164
8403 8085
4407 2138
5808 4191
5572 8233
6663 3831
2709 6761
8282 1825
29 9156
7141 1977
1677 833
5906 1665
2221 1975
8588 2453
2719 1442
9001 7274
946 3106
7831 1612
3555 6618
8965 2241
1117 901
2535 122
2096 6508
5161 2062
9345 6811
6049 8776
5939 1463
4917 6988
8431 4557
6935 9845
4870 4854
3775 6758
1673 1593
2363 3522
3338 5706
7720 5185
5301 1691
8151 5603
2871 3332
6889 8526
1348 4883
9408 6882
1988 112
1626 2226
1179 6912
7098 8050
4302 5
7137 3829
9605 7263
8899 4585
8352 2546
7725 4501
1616 7178
9823 5593
4380 9652
1330 2866
426 5233
8541 1682
418 161
7233 1046
141 6313
9166 4952
482 8463
9342 9426
536 1792
5615 9925
908 2869
8717 1036
1511 8040
320 6829
2007 7778
7540 7291
9440 9251
2893 2600
1409 6427
4122 2056
504 7080
2378 6268
2707 7791
3565 6893
9177 6413
3411 1485
394 778
7554 1296
4104 3787
9509 6273
6814 9250
6912 9176
717 3284
2174 4856
1361 2051
3766 1267
3038 7022
7124 5384
6612 7826
3455 286
604 1908
1802 5874
6727 9161
7071 9327
3627 479
569 6646
9283 5086
5161 4633
7060 4410
7174 3325
6414 8334
8265 273
7726 8350
7813 8169
3676 4617
1184 6414
3534 2492
335 9452
7801 8827
2922 6664
6480 160
7230 7970
4230 666
4241 1256
385 2551
6597 7038
8347 8749
4207 7364
6967 9159
9251 5521
45 6156
2198 216
7136 1165
4100 3821
9041 17
2046 1339
7908 1096
8077 7549
5492 3945
281 6725
941 6512
5951 6808
5482 7692
5325 8852
7580 8343
484 2805
4155 6753
2257 9200
5719 9874
5314 953
3734 6485
8264 8648
6231 9666
245 9635
8895 5350
8857 8198
4864 5257
5176 1128
6781 5452
9092 5676
5034 2537
8793 6137
1734 3892
9190 1977
6596 7403
3252 859
1674 5458
3197 8657
3463 447
7263 9529
8339 473
3150 3903
2718 2066
6561 5814
361 8602
8802 5881
5075 7200
1332 5303
6009 2239
5257 1278
5697 945
5563 5304
1458 9536
2367 7278
1566 6765
8275 7267
6928 3765
2210 6115
9640 4733
8454 5602
1697 5949
7554 3415
4260 1242
2213 3312
4557 6675
6669 6266
6616 696
9584 3867
8325 8284
6254 9437
167 6239
886 6624
1042 6169
5761 8699
2585 4900
8642 5096
473 4106
3000 6550
2727 276
1450 3877
3442 5446
9 1798
1498 3220
7938 6664
2558 3803
6227 9733
7743 1454
6748 5357
7483 6588
8038 8678
1441 2373
7740 2133
1890 6337
1078 7722
9234 9093
1010 8945
8256 896
9090 9890
6187 5861
9610 3677
7435 3942
6887 6316
7183 2816
4451 5050
1930 191
4835 6184
4025 5188
2239 1629
1267 7426
6553 7928
5353 2847
1230 4408
7096 5042
862 6389
933 3740
9927 2796
9794 9904
7947 5926
1400 4103
5710 9451
9455 647
9719 4387
3024 2377
2255 4779
5080 2916
5874 8847
9247 4802
3997 6181
4852 6361
1048 4991
1340 4755
6842 8034
9625 5055
808 6248
6968 3179
8584 1169
5747 7688
5026 9401
8047 4655
9201 453
2401 5347
421 4402
3350 7202
4630 6185
3525 5182
4930 6915
9792 6185
2172 4229
8193 9543
9654 1513
3009 4342
7480 6903
7848 9163
7068 4963
2021 7432
5066 881
6379 7887
2523 4425
5888 1408
403 6539
9381 670
686 4847
5941 225
7484 5716
2175 6290
2789 9511
977 8035
6667 7857
3463 6379
7557 7680
5672 4234
5163 813
6928 3035
7619 7226
7435 1176
864 5521
6172 1577
2406 2420
307 5793
7791 1909
3355 4980
1239 1499
8349 1236
6843 2842
3608 6848
5859 5725
555 7117
1191 7011
843 1421
4960 6302
5870 1743
0 9285
968 2495
5909 9567
6255 8152
5198 9595
7433 9135
3172 2088
4548 1008
3118 3921
5631 3132
3822 2715
1713 8814
8521 1814
8213 7198
3059 1568
2330 2542
2304 8200
2816 689
9857 119
3162 5229
3551 1648
934 608
1594 3810
6817 8886
9232 7001
9674 7659
981 2074
9373 9976
5982 5108
9765 8867
3601 9163
2256 166
9923 3598
9873 3373
5562 3232
8605 1577
687 4959
6341 6775
5708 3876
1819 8749
1770 4211
1779 5413
5121 2296
9098 540
4332 8649
1104 898
1913 6977
9255 351
8261 7430
835 6048
8412 2663
4239 6374
5335 7252
9543 3261
8343 2041
1788 4455
1920 2296
6510 3199
3872 4773
8041 7139
7445 8096
1759 8760
6047 9451
7723 5903
5829 1361
5383 5381
4787 8986
5280 1510
5204 2979
6524 5243
5413 7008
8606 1525
7069 3963
1227 9641
2316 8748
2837 7635
3052 141
6645 7198
366 2761
2991 5875
1972 9308
9295 3742
8241 8157
9400 7904
8674 7720
2732 2641
6048 5662
5233 4998
8926 680
7593 6616
4875 6657
4208 8823
2598 4399
1157 9704
524 6587
9709 4165
790 4314
6541 5776
8173 4735
8214 3948
9527 7950
6067 2037
3310 6420
3156 187
1769 5802
2216 5643
8178 5512
813 2810
9677 6045
5977 4973
3276 1427
3345 7899
9617 6461
1156 1779
1380 1689
7731 5772
5046 1240
8345 1236
6595 9124
9897 2102
513 1452
3694 6788
3867 6967
5510 9874
3594 2061
2761 9931
4147 7806
1539 8405
5503 828
3386 32
1176 8399
1593 8565
5923 1680
2495 5577
2212 8751
3581 5396
7383 6313
8562 5070
7746 4716
2620 1990
6726 9123
6288 3553
4814 5859
6286 4206
5203 3180
5381 4165
1775 9912
327 2839
7604 4688
7829 7368
9668 6760
2330 28
4717 473
4685 9948
9545 9470
9867 8741
4680 494
8834 1945
7637 5468
4044 3302
1050 8797
773 9266
3631 787
4163 5503
1210 6909
3449 4832
9284 9400
8792 646
4225 5744
8271 5622
5594 8971
2702 433
7268 2526
8268 8341
3562 7916
7012 7809
8487 1559
6071 1248
3284 9900
9737 3666
5058 5896
3824 7265
8997 9313
1280 9837
5756 7053
5163 8922
6143 7341
8719 7346
5176 3
5047 9434
6199 4481
634 3370
2133 8638
3197 7573
8517 684
4058 3921
1116 702
8477 4405
6643 5290
8523 3446
4249 7755
1005 876
8314 5654
7777 3332
5516 1241
2087 7204
948 3440
1133 3136
6795 3083
6178 2316
5841 9430
3810 948
3987 8533
5960 5092
4512 771
6354 233
1521 4491
5144 2052
2891 4047
3917 4034
9122 7211
6792 5530
4791 6760
1281 3982
5820 7926
4293 4315
9901 3158
1926 8242
7272 3725
7808 2917
1298 2986
4515 4602
7701 8606
7563 8800
3304 8485
8368 6791
8555 3229
1721 7340
5396 2662
5511 689
884 1123
4684 8259
3507 9747
235 5435
5713 9402
311 104
1357 3655
6281 7837
6116 4365
7457 8150
297 4809
6024 7093
8440 210
8750 7017
552 1766
3217 776
8021 3035
8306 7796
1197 5782
1699 8865
8933 461
3185 3148
9062 4854
853 824
3700 9171
5144 8424
7654 7496
7276 3690
6073 3692
8508 2159
2637 7606
8946 2326
9763 1604
7984 5617
6898 3731
5628 5966
9929 6968
7426 4665
8433 9348
2916 4657
3095 3790
3826 4631
5923 8922
7546 9962
7119 1782
3736 122
2397 5362
3377 3413
7665 6759
4238 2649
2664 4290
8507 1415
3227 409
2926 4242
3986 1184
