2007
8694 2339
243 2858
683 6714
3008 4442
3335 1287
3331 118
6039 9944
3187 8782
5091 6252
4233 4394
5235 9980
4290 63
5268 2806
3963 1826
411 3652
4631 3180
4014 9280
9883 5006
1952 5929
3678 7178
2648 5345
123 967
9085 8718
5740 514
7845 5669
5280 61
1799 9771
9489 868
8722 7759
3901 4943
9817 3902
1743 698
2129 1991
4833 7381
3079 4650
5902 8400
7673 671
3031 4382
3982 9327
6023 7428
9856 9983
2418 7493
1558 1785
4129 7746
5244 7951
4035 6711
948 4103
6835 2845
7316 9196
1417 3073
9143 9721
5140 5867
4721 429
520 3337
8309 974
57 1814
5412 5930
5579 2976
2872 511
2897 8934
343 2902
1781 4266
95 7331
710 820
9914 6065
1302 541
3060 3891
814 8130
4765 8958
9871 8481
9185 2513
8238 8241
6852 1933
6168 5375
1614 1235
5189 6231
281 2977
9269 200
1145 7910
6695 7233
9366 2301
7843 642
9187 8886
5272 9655
2911 7793
9772 3077
913 3293
6398 6104
8244 1013
9216 531
7587 4348
9316 6948
7843 6958
7749 8750
7166 8563
275 7040
4536 6288
1324 7310
9229 5262
9991 53
1424 846
4128 491
9690 5001
511 5788
1261 9994
60 6844
5431 34
1412 1915
6925 7420
5357 6455
4758 232
4629 2268
2965 3431
7636 7578
5469 3978
6203 9648
2036 8257
875 9358
5568 5098
8622 4396
2046 4805
8952 3049
5059 250
6905 7071
1497 4107
7253 4905
6863 8961
2209 8820
2035 9740
9324 9810
9283 8211
3870 1553
3889 8434
9531 8606
7864 7029
8662 542
1526 9763
6879 6253
7834 9067
4961 1689
5851 6064
9158 3572
5201 6699
6637 792
3542 4691
9528 1937
5512 4456
8340 4981
7447 3317
7673 9839
6975 5705
897 6427
9641 3500
9283 2187
5532 172
2638 8932
9555 9428
9645 950
9680 7397
9936 1446
9500 7044
3714 1477
915 3589
8265 2685
7582 724
6691 5081
340 1993
1384 3069
2691 7236
5647 9225
6612 5298
8184 6401
7060 4077
6790 6519
9088 972
9097 8218
947 4370
1639 1712
1868 4276
7568 5148
3543 986
9733 1096
566 8301
2994 8422
8593 1427
5271 9562
3779 106
9195 1433
8968 7882
9465 413
8679 7076
7244 4386
3571 5117
264 2326
5945 9010
1052 4622
5253 8007
8632 3881
5197 2745
478 5463
3371 1670
9564 6421
6046 9038
1630 3949
3348 3019
7756 4354
526 1350
8508 6155
3169 9565
8134 7098
2859 8342
1041 2310
5367 8171
9689 5881
4994 7652
7511 6040
7045 8258
2434 502
9490 5917
664 3100
2529 9431
6308 8853
2051 8297
1179 6118
1956 425
2811 8540
1759 9870
9533 5743
4884 4785
6796 7788
9223 3392
9114 5048
786 9824
6670 5475
5826 2410
9951 7090
9586 6556
7512 2819
302 8259
9641 4755
6699 2062
4553 7997
7331 835
6375 9459
8023 2677
3871 427
4947 2566
2630 4201
198 717
4749 5635
1834 9440
9635 4301
7305 3231
1858 9995
1926 9803
8109 8708
5875 8020
3060 842
396 8320
3766 1563
2295 5087
4607 7077
1752 3435
8710 2219
7202 7266
3986 3546
6481 6994
3083 3415
5568 7606
3946 9565
3026 3696
8096 6598
6197 5911
6247 2781
9305 5799
5795 3177
9180 362
4567 2080
7073 1746
1209 4371
7916 3491
7142 9854
3114 6414
3929 1299
9351 6242
2959 8402
3125 1749
5190 864
5595 7009
8039 603
901 3925
8791 5498
3558 382
4055 6448
9646 713
4808 1987
1583 7137
3087 6732
1691 925
4686 3540
9884 3283
5174 7440
2072 7267
3952 2323
8220 5572
6258 1286
9583 7079
5696 1383
9417 7701
329 3076
7849 9359
2865 5446
1692 5887
725 9654
2183 5892
7970 4096
6956 5933
7305 1256
7719 6440
5330 9179
2445 1687
1841 7268
847 4085
5482 5908
1930 8489
2643 3021
3931 95
8904 4879
7320 689
2127 2550
4941 2255
1078 1955
8424 3886
1515 6711
3632 4775
1510 4362
1953 4476
2170 5725
1230 6079
7842 2285
5183 688
3574 3307
6298 5293
6568 8989
5405 2738
9618 8246
7438 3229
973 8316
8764 1072
2898 4857
1586 4357
9527 6673
1765 4737
8747 4803
2971 7706
6077 9304
6035 4771
6615 640
6534 7917
1562 260
2998 5263
304 1878
2062 6924
3769 3172
4925 5224
8778 1368
458 4725
4712 9282
1162 6842
538 6263
9551 4158
3440 8638
5282 5494
6638 8974
6351 9060
7041 7170
7323 609
3653 1961
1539 7128
7919 7478
8405 6072
5913 9958
4796 7850
2902 2880
693 7529
1314 7842
8414 6039
7442 6898
4552 3146
6550 7632
7364 5518
736 5615
4771 8693
3348 7143
4201 5455
2031 5632
1166 1733
6617 2381
9176 3363
2122 2538
1353 5886
3902 6330
2185 3149
2506 2281
4745 7031
9035 5290
8238 8647
9420 2672
1659 8222
6296 7642
3872 4872
3887 9575
8724 3985
8159 4951
9204 6661
8769 7926
976 7925
3480 3097
2759 9452
802 4134
3329 5249
4300 2050
7619 9376
8968 8526
2174 6818
2194 3497
494 3615
545 2204
3081 9185
9466 6754
1482 473
8105 2349
4699 1870
5789 6390
1493 330
3333 4968
3352 5149
5424 2529
705 8518
3043 9032
6587 6497
2612 2512
6867 9132
8785 9829
9673 5748
7084 3402
975 3353
6474 7056
1297 9879
2283 3343
4311 1765
1725 1767
3334 6809
872 5450
2870 7400
865 2520
5613 6302
9790 5111
4167 2231
2417 6147
8305 588
4504 2680
7059 8754
3263 1529
3557 8983
499 2953
7805 7911
4886 7504
5619 2862
7723 6650
6524 8528
5344 4803
1916 8013
1337 4714
6405 6777
2212 1223
7221 6678
7432 671
3419 6548
5724 5869
9265 6794
7993 9339
2511 6353
3213 2104
1855 24
668 5517
8168 4210
5611 2676
4481 6971
6502 1606
3670 367
3739 9165
3764 5472
1500 3488
600 2468
1975 6599
5556 7496
294 3485
1873 759
234 7104
4125 1982
9009 7264
1852 9576
134 1264
9515 2031
9247 1614
411 7809
5371 8184
7047 484
6596 5962
5386 1135
2422 3689
6188 2445
9771 6917
7931 7351
7101 4456
2401 4713
7880 7555
151 769
6199 3646
9586 993
6317 7919
9737 5259
2832 1430
1038 5118
850 664
5050 9815
9098 5760
225 9627
9934 4821
4143 211
6197 2988
7289 7776
2621 8856
1189 5177
9323 2939
3062 8950
4154 8400
6529 2387
4639 7843
3460 485
916 9701
5451 1297
2671 9559
551 232
5816 5764
4285 4150
5322 8917
2524 8649
7289 501
4040 6542
4400 1479
991 9613
4249 9304
4386 7501
9085 3966
7836 4461
3751 9664
9689 2415
6390 986
3117 6861
7600 4618
9821 3795
6120 380
6335 1612
268 3971
3164 9022
1259 2731
5690 419
5156 1150
4995 2366
5821 1786
1238 3754
9632 4743
1398 7868
6901 27
1182 5247
2145 3462
1910 1798
6227 4412
8811 4336
8634 4494
5637 5004
4218 7417
8121 158
3004 6103
5616 9264
5651 2024
5819 9218
4611 725
2368 1299
591 5475
8636 98
8295 4103
6453 131
9022 761
5108 4001
7403 1706
4888 7552
4716 9382
1704 9330
3290 6700
3678 8032
1759 8548
3377 7397
8312 3117
4179 8328
2361 9702
7508 2065
8887 2692
4928 4294
5235 5091
4156 4423
9895 1906
5770 1783
7586 5256
8956 3556
4393 397
2538 6874
1117 962
5882 1525
9765 5446
85 5452
5295 5294
9973 3351
1572 9365
4036 3598
729 4256
2716 8619
6024 4712
8929 1628
7375 7524
4706 7364
8263 329
8387 6691
77 2916
9870 9896
1318 7377
7667 8034
7756 9546
6995 6426
4742 6208
2190 2932
9292 7183
6839 7665
2548 4683
8343 2839
2021 318
3217 9121
9061 2656
2454 3040
7311 8485
218 1871
5974 4872
5885 4701
5395 2312
2630 6285
5200 5901
1040 439
6295 5997
6700 2113
9372 5513
6892 1808
9972 3195
9264 1545
6279 5492
9252 7667
9641 3524
5648 7163
8524 6823
38 9391
1895 1449
7474 6802
5183 2953
9382 475
5831 6321
2651 6222
9703 8170
6201 3286
1802 6469
3962 8161
9821 3582
1516 1391
7679 7670
7024 4772
6141 8461
9550 7487
2388 6171
2437 2111
3294 4315
7979 1744
8949 2884
2432 6195
5454 9340
757 785
9148 8699
4145 3521
3078 254
3581 2893
6204 3011
4998 665
3867 5309
3938 241
6422 9824
8031 2289
4880 9844
6174 1040
3600 7206
2273 7389
8304 6943
2059 2700
862 734
5328 2853
2604 5660
4394 3916
4455 9819
2090 3423
8270 9154
5317 2403
4160 7044
6210 4287
1415 4793
1377 8013
1212 4854
5079 753
9628 6146
2918 3944
926 213
2915 4708
4140 4781
2787 1665
6871 654
1851 5581
1148 9754
9336 8708
4942 2076
7524 3865
6137 1279
8080 1708
7539 4089
4838 838
5716 9473
917 1917
6297 9995
8763 1464
3578 3853
7484 9323
7654 4332
2442 2138
1603 2037
228 3524
1579 6556
6861 8587
9383 5497
4648 6815
2710 6597
9563 3350
7982 6637
547 2848
3975 8811
3363 8645
3579 937
4799 947
7769 1443
7412 3028
7036 1402
4594 7080
703 2518
5907 6795
5886 6003
3599 5507
6196 5312
8276 1872
6308 4372
1999 4745
1496 3098
4238 2891
9790 2956
3910 6332
3076 9831
2956 8754
9814 7475
7131 9371
5828 2106
7108 3328
4394 3964
7018 4518
5612 1022
1765 4801
3508 6073
5763 8222
6360 4070
9275 9796
4098 233
7294 6784
1382 107
7715 8878
4678 2253
7506 2628
1461 320
1682 8648
5637 9296
2744 9501
3283 277
6522 9079
3380 4707
9173 5873
9787 5185
2780 330
4763 7169
340 3666
7180 9502
8571 6521
9349 7380
8728 2142
9879 964
3480 1439
3269 6746
3133 9344
4598 7564
7644 2053
7594 4547
8014 1422
2370 9443
732 6682
877 1789
3644 5872
897 3897
2229 5441
7050 951
1232 962
6658 7957
2639 5613
5769 5189
9458 74
9920 9956
4038 3421
9571 3515
3827 5243
9096 4619
8655 5888
4389 7361
4379 8981
184 3712
4643 5035
9357 8871
6547 5022
4782 8830
6175 4902
3668 9847
5857 4523
5175 4991
9538 2077
1788 2163
7430 6161
6644 5442
7534 237
3004 6780
4851 9105
9318 5313
4553 7552
1059 7263
9567 4884
6706 6634
9145 6091
2549 1858
90 590
3406 9469
2214 8832
2561 3403
704 8557
3363 8129
8581 2402
1090 9408
2242 7988
758 4559
9103 3684
759 5162
1361 8498
4462 3351
2571 9744
6072 9732
9122 516
170 4872
8868 6108
7418 7059
9027 9981
6671 86
7771 6031
5637 3261
8695 9158
2524 1573
3961 8039
9386 3092
2004 4879
2974 8610
8018 9023
4887 3128
1386 2893
2994 6396
6738 4184
3358 9910
2794 8495
515 1217
9464 1057
1812 8662
9817 5446
5099 117
781 5351
2704 6118
7484 7270
6906 2436
5720 2541
8274 9191
8586 9351
129 6846
2570 2246
2787 5935
2844 4308
3403 4351
4341 9876
7146 7962
2820 5795
8758 382
4050 8440
3013 7390
2400 4419
4856 4569
253 9434
4988 1986
9458 2916
4038 1493
6447 2281
414 8137
8669 3459
1477 5523
9469 4414
8015 4231
3645 5459
5607 2098
9722 45
3114 3650
3584 1730
7612 7461
7464 895
4135 7059
3356 6525
407 5694
2520 2180
7920 3542
119 331
4675 4874
3206 1682
7732 9258
5382 5546
1015 3918
6649 3351
8549 6497
7447 4062
9709 8273
5293 9224
3783 8121
7930 9513
7857 1930
4477 912
4084 109
8194 6705
7827 3504
6982 6939
6150 286
4590 2412
9424 6305
9146 2840
947 6594
9095 1100
2981 8063
4363 4327
6130 3003
4485 6925
3549 5156
3562 7422
5002 6128
7520 8999
2938 8937
259 160
1818 1629
4892 2947
9891 2384
1023 6910
4570 1887
8100 605
2097 753
8431 8446
8825 4304
7352 6876
4665 8824
5681 2771
9520 390
9867 6789
8957 2189
5308 6616
5791 7996
6597 8055
7795 5362
1889 3093
4454 3143
819 1111
684 2232
5692 2101
7366 4435
5950 9333
7011 2495
3484 2748
3750 3491
4600 2338
4091 4090
8997 2996
6613 1535
7900 2327
8991 1410
1199 5373
3771 774
7517 4258
6378 333
9084 486
5024 6687
7724 9480
2366 6486
7391 3684
9925 1160
5044 2937
8389 4924
8756 2767
9645 109
9484 3074
7807 918
5602 6833
4855 890
8010 7351
5923 8190
3770 9557
2234 3091
2176 5926
8993 6188
4135 120
8201 2371
516 4104
6809 1501
1622 2602
2040 2036
5045 4720
6946 1262
7004 580
7933 219
7838 1619
4295 8153
3825 2562
1946 6516
2817 5357
3830 5966
3937 3545
1242 2824
8752 2586
6338 7540
1094 2620
8627 3838
6711 9765
7402 2987
3264 9181
7793 6821
5390 7762
6353 9793
5490 5022
6779 9006
2876 5478
7305 9297
9197 6832
3232 8739
1675 5338
5274 522
3086 8430
8597 5279
6063 3555
6343 8125
8860 6809
9014 6977
9273 6319
9681 1531
3663 3428
6228 4572
6490 1804
7779 3602
6411 8428
7427 859
9745 41
7474 1382
9693 3348
2689 2468
1056 4198
5079 5526
4767 2268
5976 9915
5349 7998
490 8608
1478 771
1785 5576
3559 7763
110 2437
7063 9727
1215 9870
44 3989
7715 9244
6197 1553
5150 9342
8238 7722
1169 8100
7717 7581
2113 6118
7987 7300
5793 6547
3622 5601
5485 5025
249 1853
362 995
1210 239
3075 8613
1757 6938
4595 4273
5372 8695
7239 3795
8709 7835
8386 6823
9499 6225
1165 2604
4395 3549
4734 5554
5982 5885
773 2089
9462 9505
4340 7668
549 118
2164 3520
9425 8724
6529 5955
5047 3702
2637 1740
8377 9740
9217 4015
4231 190
5841 7546
2350 3898
1541 8211
6305 7683
5875 6564
3069 8075
3991 896
1426 845
7748 697
6963 3785
8632 4277
1994 145
6847 6564
8212 8288
1216 4905
2405 3276
7041 2237
6119 8011
4360 4673
9127 5554
8652 5139
7948 5734
1545 9086
7267 6941
5191 2428
5738 2952
1987 377
1431 2346
404 3705
885 8523
8644 6127
1441 5069
964 7403
4491 3494
6082 987
9812 5031
9854 6991
6908 700
5954 9292
1513 7402
3114 2467
7691 9551
9909 3757
9037 1544
9111 1942
4897 8315
332 2457
9059 6751
4561 4306
1233 6269
3340 3561
4264 7223
2968 1289
5772 4188
8595 4657
586 1010
9211 6140
1334 3450
3918 4377
793 6614
5404 4971
1528 5086
4797 6684
7077 1087
9486 4074
3360 9498
6195 1912
8928 7205
1861 1727
5171 7668
3599 2071
6830 9012
7167 3394
911 6524
904 4260
824 4447
910 7755
8221 2563
9442 1781
2486 8481
7994 6521
5705 4909
7658 8883
8309 1895
6650 1488
706 8099
893 521
90 2364
9367 1902
1484 2823
9470 3925
3307 6926
4652 9530
8214 9035
4666 8947
1539 8508
9662 8428
3050 5026
9443 7077
445 8835
7386 6933
723 3869
8022 3814
4303 3179
7742 1375
9792 5129
8830 9404
165 67
3409 5349
6104 912
8289 1113
3053 6290
1548 625
683 9066
171 7008
920 2174
3372 6587
2428 9214
1738 7899
6242 9508
2265 721
4584 8472
3798 2389
2976 6559
4568 1001
8861 7831
9019 8324
677 6859
8897 4606
8532 4912
5945 4743
7261 6411
2071 5929
7907 1646
4236 6456
15 9736
5475 5201
1448 8362
6937 4173
519 1178
82 8509
6697 7757
997 8377
8536 8979
6511 2009
8718 5825
7334 9412
4708 9137
7788 5021
9184 4354
8261 7890
9477 3222
992 5100
3401 2002
910 8491
1389 4622
4166 6537
2876 7268
1522 121
4964 393
4837 7837
2383 7444
1581 1800
3220 1646
3534 1471
9414 4720
123 7782
3886 6141
3829 9496
9920 4812
3111 8674
6763 7026
2009 8876
7645 8828
7936 7803
3103 3291
656 8178
7372 4646
2434 5203
5249 8780
4810 9215
8582 2862
8347 3068
7007 2123
4313 612
4638 4388
7303 1926
4736 9927
3266 6144
1691 2579
9229 2620
8979 1723
9180 2693
6936 9634
2133 3546
7679 3596
8000 7422
7902 5650
989 7404
9172 3753
6239 6495
1298 8135
8363 5210
8779 6911
7267 7490
2500 1243
7805 1703
9975 6367
7608 3996
5517 6924
7938 6742
2499 4808
2963 9730
2890 2402
8383 9268
8745 5483
6426 5823
3185 9429
1292 7743
521 3061
5595 5134
1077 2674
4213 2803
3135 9172
9762 3426
8575 7761
1335 6870
9627 7164
3857 2017
8294 5989
5937 2468
9731 6996
121 9846
7611 4214
8128 5902
9857 3814
6961 2640
5765 6475
3894 4969
407 7725
9834 6462
3338 8028
5389 8839
6556 9108
9175 497
9281 7076
5248 3224
8151 3344
9619 4884
2151 1534
8835 3111
9417 2621
3815 2901
3041 1349
9573 6550
7788 5710
6595 4182
6393 6398
4198 2306
2403 2516
3418 5036
4175 8429
5536 8951
69 4605
4845 8467
2206 1230
1893 1506
7847 1749
7150 4954
5423 1663
1568 7565
7452 5099
5308 8641
593 3549
2552 1621
9856 4063
1586 7898
2176 7565
7680 9551
6793 4491
1031 9603
133 8432
7023 2727
1090 4004
4334 9327
1207 3608
2753 201
9240 5051
8922 3790
4598 7321
8782 8594
2240 8143
3546 8667
949 5493
8614 3040
944 8749
5349 8469
6947 1999
3287 9767
1796 4669
1520 5170
6478 988
4453 190
6330 9142
5089 8906
7771 190
4328 2565
25 1351
359 6896
2466 6289
791 9693
756 8902
4765 9646
6591 4444
7516 7408
5998 4816
8822 7739
1460 2805
7775 5834
8107 336
7071 582
7621 2255
1601 6033
3916 2789
5326 6055
827 5858
4023 6782
8424 4371
9468 5225
4021 5990
4785 9781
8821 4096
501 1389
4819 1597
2659 3379
3755 7702
9500 6370
5554 4375
3297 7089
9268 9515
4618 9362
4878 3933
733 4386
6804 6739
3594 4604
3381 2088
3767 2096
4120 6167
2594 8701
5888 3437
3333 2914
3606 7979
6627 1240
4696 8233
13 6935
6686 9250
9906 2501
9711 7366
9129 4851
9862 785
6051 9169
3423 2542
3735 7953
7551 8160
6588 2442
9139 2682
7353 7359
3626 1243
4127 9027
6823 2199
818 2247
6954 3669
2164 6300
5672 3579
2039 8590
9213 2132
1231 8752
4399 4799
564 5847
1220 5368
9306 5109
4462 9901
5120 1135
8356 2798
5209 2243
7048 6744
7113 6053
1594 6845
7816 4602
3311 5403
9767 936
7986 9266
8437 7143
2894 7341
2936 8433
8522 2397
8962 2227
4561 7462
7489 9392
1797 3350
2504 8038
4816 2382
2120 7232
6559 9096
7640 6086
8385 2744
9604 8979
694 8881
3481 4615
4139 6135
1729 2742
3770 4509
6365 9795
1797 2135
9895 8197
7875 9087
8555 8394
2838 2326
1192 801
162 3503
8219 4192
5240 4871
336 9575
9853 1474
7907 438
5347 3831
7491 4750
8579 5799
6606 9656
788 9556
4730 1901
579 9323
8526 5187
5434 7114
997 7565
5628 1965
8109 411
4025 7460
7421 1625
1046 8858
8512 3654
526 9946
4352 7756
7364 6455
6963 4700
287 7154
6662 8393
3075 3388
5949 4595
2330 3022
6156 2666
7216 3956
4513 7405
6411 6149
9931 9308
6147 4763
1717 7707
1636 9324
7738 3738
4122 9038
9632 8884
6289 3191
4466 8939
1516 1814
1158 7880
3348 6841
4018 4799
5290 9544
3927 7011
1362 8244
2997 6540
6965 592
4015 2281
5454 3470
997 8487
4698 4581
4923 3115
6292 8255
3288 4155
7083 1813
4575 4005
1892 1523
4129 9455
3622 5434
3729 7126
7645 6822
2266 4736
9324 2057
1242 4857
4785 1461
8104 5341
5614 2623
3694 8543
7500 5759
6158 2160
5041 6473
810 7014
6619 7122
3694 4197
4185 3455
2094 4924
1077 526
4872 7831
9968 7249
4955 9783
6674 4102
8642 3016
7421 8127
9572 5458
6619 9358
2322 1193
8570 5955
6908 7210
4785 5929
6151 5575
9109 8018
8910 4360
1893 6912
5419 1847
5554 6013
7428 7673
8141 7472
5855 640
2502 6701
3342 8988
1922 3182
8004 3020
6316 7472
1496 6551
4589 5471
5534 166
3228 6769
4754 1160
6413 64
423 6951
1053 7463
1738 6981
340 1928
6157 4767
9719 3103
2976 1588
3161 8906
5320 719
7342 1231
1662 2564
2992 3265
4427 9975
3120 6766
5784 7439
3485 5795
1215 7263
8815 9461
2848 1863
5974 9507
2489 5460
2226 4513
6556 5808
1332 2955
3536 4602
6952 9778
7804 8121
4319 1043
4255 8592
3444 6409
6071 8733
6774 9299
1974 5471
1933 6788
1505 4110
1725 644
3334 6918
9845 8037
3323 5489
8820 3323
6299 7061
8711 4793
1914 9456
9792 1085
4963 9096
9037 2413
4997 5350
6791 6136
4162 6786
1079 1581
7393 8387
1771 6745
3937 5275
9759 5262
4214 2492
7077 5023
5139 2114
689 5176
3059 6523
6694 8002
9037 1655
9413 6634
6622 4310
7137 349
7330 3860
5241 5742
8758 9580
6072 4456
2613 2595
3538 8169
7291 9967
947 8968
4641 5197
9736 7932
8348 1871
2235 2812
7973 298
5074 1266
5984 9618
2899 3999
4825 331
6910 7715
5607 2964
3937 7793
1182 8668
5896 7842
8648 374
9818 432
7435 833
3558 528
3083 8237
1811 4419
7619 1716
8970 6472
4084 6202
2257 1969
2050 4216
4569 5234
6950 5432
7472 7644
6620 5927
9567 9316
4034 1489
7516 4307
4965 7760
6998 4832
2895 9665
3237 6893
3778 507
4833 2662
4818 762
924 3118
87 1431
9266 1508
583 2895
4016 5661
3372 8410
9654 3322
6782 2673
1868 3809
3463 6562
8733 1149
6223 5808
4288 6849
8071 1127
2935 9708
3906 9677
969 4968
5936 6157
7284 9044
2590 74
954 1175
5802 5831
2032 1681
8620 7162
5970 1876
2779 2096
462 9077
5113 6061
772 2392
3107 1898
1451 406
107 1213
668 234
4842 7664
2077 992
3250 1345
6018 8267
1229 3216
6457 9605
8447 327
7768 2246
2010 6089
8840 1781
8360 481
2600 8085
3821 5082
7261 4979
1234 76
4879 3273
1963 7592
1419 5980
2765 4874
7155 7087
9877 6436
4519 1452
3824 4090
9172 6887
4290 8052
9203 9168
6085 5542
7717 2087
7369 7762
3126 970
5387 901
2794 7909
6789 1706
609 4242
3324 9676
1104 300
7122 7699
2359 7965
7360 9952
1299 274
7650 6234
1776 3146
6635 8474
3577 8276
3052 9704
7723 9910
8401 3824
6424 255
3739 9856
1943 6995
7299 6078
6410 9114
5056 2737
6286 4667
8302 5714
6750 1768
823 6547
6339 9620
2135 1278
2803 3278
194 2446
6506 9297
4526 9671
5026 8010
9147 4807
9592 2475
3527 5006
7570 5009
8997 3708
9531 7197
9361 7039
9115 3161
9020 6571
6556 9787
2068 496
1403 4081
6007 1022
3133 5927
2014 8695
4888 6773
6103 2602
8499 5711
8921 1125
82 6304
2118 8515
940 6334
5271 8483
7969 6068
2844 2233
4254 8680
1151 1759
4442 762
7815 2209
9473 6348
782 2902
7676 86
3375 944
7186 4973
6881 787
6656 5033
4566 9587
3314 1285
1190 4638
1877 6568
873 5756
1654 9778
7648 2587
7777 1372
9715 6643
210 5056
3354 2086
1727 6286
677 603
1278 4660
4593 9844
5141 7500
2395 3344
6681 8639
2562 3175
8515 6647
1983 5547
62 5577
7384 6652
386 5711
7198 1319
199 2657
4546 2800
8508 9444
3749 5488
8805 3005
9536 8208
8007 3703
360 6160
5710 1073
9324 7361
2541 6733
2615 4902
9583 3411
2009 7519
9315 9592
3412 5593
4999 7272
8329 9455
6128 3853
1968 2170
9888 7794
7088 9205
3809 9850
9058 7740
846 71
6919 4171
9975 1603
881 9158
2267 7671
9894 2085
4986 1460
5681 3622
7162 9378
5891 4664
8284 8287
7106 5643
1637 6232
1795 4041
9490 5012
3976 5996
1877 7736
2293 5991
5515 8089
4095 4663
3350 7526
513 108
8227 8000
1031 9143
7802 3996
5016 1431
8418 6578
665 1120
6679 5075
698 8325
1445 7389
2001
2517 2838
8041 318
478 3639
742 1527
1940 6326
2244 1985
5573 3280
9760 7673
4798 410
8509 8529
1250 3816
285 8357
1996 6236
6993 3589
2139 5669
1769 9227
6147 2943
9748 8151
5123 8135
6858 722
1965 1186
2222 6111
8789 5143
9824 523
7307 6842
6999 7548
2840 9514
1979 7199
2112 5099
4537 2243
2583 5227
9186 6586
2872 7573
9707 4102
5383 5567
9161 8038
8432 9474
7165 2552
8487 998
9232 3710
6715 5652
1945 4619
7909 8022
4230 9115
2438 6878
6160 3234
6710 2263
8683 3663
3250 903
9025 5566
9060 593
6458 5812
1328 8756
4628 6475
4888 9008
6208 434
5924 9222
6130 7616
4146 3945
3371 4328
2006 1745
970 1282
387 4709
3382 8204
8149 2264
2927 4712
3815 9472
2926 5620
2020 7463
8991 4334
5330 986
2763 3114
9299 6403
3076 8068
9668 4619
883 4715
885 7516
5579 8777
2621 8480
1800 3012
8441 6292
5653 9498
7577 4107
3160 6221
5304 6232
6486 7827
1725 2604
516 1504
2978 8012
4008 3870
2320 4000
8221 5213
3953 1682
5494 948
225 3065
1268 3571
7317 983
7986 7847
8921 4722
8423 7873
6614 9222
285 3681
6297 6639
7074 8476
4048 385
2509 5274
2927 377
4807 3758
9902 488
9669 4682
9242 9466
7743 1772
7407 4149
8360 6167
3036 9587
5874 1772
1141 4782
900 95
9484 6468
2220 692
9436 1659
7223 9318
8336 9324
5117 1103
2118 3699
9685 2974
160 820
9420 8879
5498 3946
8342 9146
7946 966
6189 9436
8374 3725
4656 8406
8634 6517
5050 4242
9495 3986
7064 7883
1692 1198
9901 3557
4152 7150
8406 9401
5744 9194
8188 9417
9353 7030
1198 4885
1582 6615
8366 176
3323 6077
4724 1775
6564 8967
2062 5921
4113 936
1489 6952
4929 8560
8498 7022
6443 7875
6108 7037
632 2231
4954 7469
3688 9778
8803 996
3404 6760
516 6782
8544 2688
5239 6478
9111 6087
7787 3012
7120 5176
642 5929
8260 4975
6224 1303
8337 5702
8021 5947
5497 4312
7422 1722
8797 9242
8374 7030
5289 7066
2191 7498
5315 2812
4543 8492
8005 1970
8131 8098
2730 4738
6437 1618
8908 5845
9114 5534
7510 6873
2662 5372
2598 2915
8775 9752
2724 1538
8558 2972
8557 8571
2753 8588
2274 2170
2941 4710
2599 1329
5239 625
2288 7760
6373 4307
8227 6622
4023 6273
7742 580
9680 1703
8371 529
434 6499
1448 368
6573 7086
6159 9751
3273 3188
3971 363
3920 1588
2570 7601
6835 201
6994 326
6177 7448
1036 7868
2831 6934
4582 4747
8668 4264
9467 2857
9450 8942
9131 8358
3883 646
196 8633
6836 1558
7146 4733
119 2935
9100 2039
4847 7749
2965 82
8169 527
8048 7402
6440 9229
1522 8814
8253 7971
2641 7121
4751 7318
4356 8207
8688 3299
6964 3532
4194 569
3305 6494
4134 7331
9661 6823
487 6317
2654 8849
3453 1331
2745 4469
4939 9802
9586 7217
8576 8135
9909 4551
5014 1233
8746 494
1277 4626
5183 7017
8249 7196
2126 2849
8233 2157
9935 8889
8132 986
4220 8321
3535 1979
2874 7910
9294 2398
8464 9400
9259 7709
6207 720
9257 8629
6291 6715
129 2578
8022 9371
1331 2463
5006 3967
928 4841
7930 7725
7884 1511
18 5066
6685 160
2840 2563
2195 6253
1605 2165
1604 9273
3876 7151
9955 5573
8195 4470
9855 1315
3451 6944
4278 4546
2118 4261
4310 2978
2166 4559
9182 5559
3956 7231
3269 3183
7520 607
132 3053
8725 6248
3270 8044
1284 4275
4243 7622
3809 3194
1158 8349
7998 5944
3066 4934
9434 1220
1751 563
4845 9020
5494 5478
9932 2179
7759 5697
6662 5588
7152 288
5031 8109
5853 1426
941 524
2122 1234
6593 6900
6860 5615
1524 3738
2553 7884
2665 5387
4860 3570
6774 3840
6363 7151
294 5023
1747 1058
2634 1092
5218 230
4994 2607
7030 1418
177 5524
9454 9373
7772 3046
8675 2532
2361 3441
3044 2509
3505 2567
3149 8054
9753 9772
9778 5543
1560 6896
6957 5955
6513 9596
505 2734
2478 5872
9077 4669
8727 3173
8411 1729
1827 8507
8885 3187
9881 2753
380 4902
3682 4630
4728 8241
5616 1823
9032 5277
5602 4561
3783 7050
364 3068
5772 5557
3370 6050
1244 7776
8306 7562
6787 9562
3872 8983
305 7408
9456 532
234 5425
3431 7716
4550 588
7338 2915
8273 5299
4365 8996
7523 3416
3826 9550
1521 8089
9673 3868
5808 9080
7718 2358
9474 379
9577 9827
398 3904
8895 5992
3525 9237
8902 1086
9869 7790
2235 7584
685 2501
7440 5474
6547 9476
7690 8668
8332 3008
4097 6161
3593 3887
1148 4570
9722 1564
9672 6994
192 3473
5639 8591
2112 6827
5676 3190
7754 2642
5074 8246
2324 4476
8049 5648
3856 6516
4336 891
87 9019
8724 1335
3486 4096
8899 5352
4681 4174
440 4246
6571 9244
4026 8534
5320 7979
580 8292
4483 8400
9693 8769
3423 8286
9930 4268
9886 5631
250 7506
8033 904
6437 9445
9934 9069
3767 7630
45 2382
8354 7232
528 6206
483 1387
8665 8258
7030 6857
5791 7608
4431 6313
1265 4720
8792 6075
5098 1931
1959 6844
365 7106
3426 408
9800 7690
8451 2070
5838 4849
5627 9831
1352 1238
7306 1423
4647 2866
9392 7336
6154 8843
6169 2392
9635 3299
9224 503
6216 4480
3465 627
904 9093
8648 4408
6981 2897
2414 3172
4714 281
2461 4351
8107 5770
7764 8014
7815 1291
145 8324
6322 4594
4242 7237
9231 2968
1410 7633
6140 5396
6034 8133
2702 7259
2688 8227
7644 2221
1607 4591
3269 7016
2987 4288
9971 6746
2168 471
7996 5735
5040 2063
9169 489
8295 9123
4479 3716
3481 6278
4125 5292
4439 3009
5655 192
5597 4065
48 6807
2671 5800
3185 2060
4627 3927
5449 3888
3687 9776
3757 4083
662 3128
2372 2515
8505 6796
2844 6666
8820 2026
4635 2596
8084 7871
4858 8681
8744 2058
3710 4054
5389 5836
6058 6616
4452 9267
1028 2001
1752 5441
1567 6277
8273 4115
9790 2734
5618 2733
467 4761
8995 1255
1813 3508
2258 5258
5882 5770
5403 2057
2645 8661
2373 1139
6621 121
2224 9026
6029 7788
7201 3503
7630 345
7492 7593
6380 613
1794 5161
5812 418
62 9037
2289 4896
6135 9605
8814 4758
8819 7976
3355 228
2127 8746
1992 953
7697 7665
9791 7463
5305 6450
159 1777
1960 670
354 5778
3071 7787
5118 361
4058 5208
1510 5229
55 7529
2604 2958
2284 7753
3219 7182
9904 6817
4646 9227
3314 7568
7138 2380
2590 6094
9624 9161
660 7965
1127 2588
4343 2095
677 7018
515 29
2040 9592
9326 1207
3822 9582
7960 3050
2944 1990
7929 4738
2656 7809
1542 6660
6137 2621
4263 9475
9843 7641
4951 7468
5565 5119
1421 5011
2236 3305
6702 7211
4222 1393
4595 6948
7379 4702
2838 639
9045 7100
1854 3110
3543 9703
4717 3541
2548 9950
2598 9653
4738 4328
6708 7799
7477 7529
4059 5729
684 4657
1442 1905
8772 9611
5889 4765
6215 6852
2811 8954
9588 4552
2075 4239
2577 4389
8020 7368
9500 720
3527 8488
9232 1200
9258 5458
3703 7509
2065 1853
3996 1020
1196 6914
5921 8797
8273 4089
6002 8658
811 5576
3784 2688
7684 6486
1068 1207
6086 3079
9154 6014
8564 1669
6267 7642
7617 504
9673 8700
5894 8255
5994 4097
7305 4954
4044 5263
3633 6264
9417 873
5132 7106
5073 3719
5305 6407
397 348
7168 488
7691 5458
552 3102
4471 9997
4361 8496
3339 9280
7056 7645
4861 9477
5498 4260
7007 3444
7251 3502
3882 6515
715 5337
2021 5428
674 6715
1034 9754
2029 9209
4945 9192
8848 4435
6213 3028
1722 2875
6957 1036
2469 1612
453 5060
2416 4534
5416 8002
1942 7790
7446 9693
6935 9147
9913 5975
7571 275
2736 4408
116 3357
7018 1155
4068 3954
5450 242
4180 7836
5848 8780
7891 1960
5637 3946
504 6140
972 4205
4891 6928
1015 9646
7260 8558
7482 9574
1512 6068
9558 2370
4128 8353
7370 308
8730 5428
2113 87
3801 9865
4025 8937
175 9335
6926 997
1175 1736
3687 9339
5707 3218
6995 587
3622 6342
7170 3456
1682 8658
6398 6807
7101 5281
3984 6883
2816 7801
6545 5643
2221 4385
244 3702
8413 4113
9222 4328
1255 5487
1899 683
1383 666
5240 6869
8007 7985
8755 2699
5196 5390
1865 8423
549 9721
3625 2243
7769 5159
9579 9631
799 4941
7169 2889
2638 997
8562 1386
6620 7813
7516 4256
8361 7170
4277 5933
3672 1265
1033 818
2281 221
7338 5162
3560 4254
6181 760
5394 6425
9746 789
1189 9979
3648 6699
9400 7738
7309 9569
637 1404
3611 6718
6111 9270
3788 1008
6735 633
7402 8594
6049 9934
410 8034
763 3808
8333 3561
9058 3801
722 7036
4589 2064
4527 7985
1938 3913
5545 7683
7303 652
6611 8338
2349 3425
9081 6169
9330 4056
9046 5101
408 921
7887 7600
7090 8510
3986 7079
7235 6759
5628 4183
584 2141
3980 6654
8523 5320
3668 6181
4722 9446
9362 3213
3272 306
9085 102
5716 4407
9525 5321
181 5476
3065 2186
5370 969
1991 4165
3268 3064
1636 435
248 1813
9462 2820
301 5668
7966 9788
3658 1650
8512 486
2598 1205
9706 4735
4710 8991
1181 5132
6297 2482
6008 3854
5395 2447
4951 5346
534 5111
729 1887
7755 5837
3755 7622
1345 6130
7749 7167
3505 4563
8137 3865
2825 6458
4935 4938
4537 4112
5679 9015
4484 4830
7156 3703
44 4968
7535 2206
1603 7643
2279 2151
3839 6084
4947 3642
2931 7388
4036 8511
2842 3631
4806 8566
8845 1447
3254 4570
7316 9628
1300 5540
7478 8914
7580 148
8098 684
2081 8431
9422 8538
4606 4729
4382 5214
3802 9564
7060 1311
5871 7022
9676 6225
760 7660
5789 5707
8458 4823
6124 2171
2107 493
3865 133
1415 3985
1094 265
1475 2055
2660 417
9473 9258
8963 8285
4598 1222
5994 5278
6677 4131
7218 5825
8482 4457
2811 3603
4656 9888
9219 5341
4852 9608
6349 402
1510 4469
7265 2517
7621 4004
5028 3750
4829 4232
3243 4319
1078 9566
587 6945
6245 3544
1514 8681
7744 6529
6230 3609
2444 4517
3817 6308
4289 4386
8419 5509
823 4423
8044 4599
7900 9923
7891 6859
9258 7811
5448 3511
7861 3438
3857 581
6694 1829
2172 9754
3805 9669
9061 6141
3202 9845
6909 4701
5082 9715
2495 5412
7724 4799
6660 9043
8030 3695
4617 6979
6177 6789
1950 5827
4554 4295
6994 764
9890 8492
8476 5716
5762 6473
1591 8528
3716 8884
6201 1916
2268 2544
9058 3969
4003 8598
4162 2827
6374 3345
7992 5518
830 7633
2538 7936
2436 5541
8312 9415
5143 4285
8165 9786
6091 7357
3960 6255
6626 2844
7186 6469
758 4618
8825 1156
3325 6502
5625 814
9216 9948
9509 6795
8780 9135
4268 2521
3776 9615
3656 1645
4166 7874
8487 8630
8855 909
3571 1225
7232 4293
838 7708
4263 8485
7813 1010
5208 994
3004 8387
935 105
9959 6924
5501 4864
8439 6114
3362 4231
9035 4625
554 7047
2928 3397
3167 2205
1863 1920
2095 8251
8149 4585
6235 184
5947 8030
2265 9672
7302 5727
96 9755
7231 9425
2666 3809
8495 7249
1506 7158
7322 2393
1922 6690
5267 3722
3793 1449
8853 4728
715 8390
8020 1733
8079 2246
8316 8979
3557 8828
5017 116
4761 3988
1429 260
2205 3473
3842 7437
2536 9613
4797 9321
8441 1926
6128 6447
8563 3318
7708 9351
4898 2892
4899 4990
5710 5653
6173 9311
5979 814
9671 7872
870 7145
5168 4781
942 8762
3967 4762
9476 5469
6140 3700
2988 1755
4031 4838
5925 5789
7281 6999
3036 8413
4871 4948
6976 2000
4253 2241
844 326
6965 4342
4217 4280
6988 5532
535 2981
6821 4622
822 9113
1075 7362
9467 5662
3273 6345
5566 494
4143 5822
5624 5864
5645 7724
4210 8812
616 1207
7933 2107
1120 216
4306 5903
3795 3980
4963 5221
2439 3978
8761 1615
7225 9730
8485 290
5577 1315
1707 9982
4569 4104
3550 9803
9569 4325
8270 4448
4731 2273
7455 271
994 3161
9183 6386
8008 5171
6264 4170
4496 594
2932 2159
4653 1853
5774 7297
1006 5072
5707 4132
4200 5235
3456 8299
1628 8604
7539 640
3593 4055
6316 2242
3329 533
5232 6425
7157 8300
3298 27
8427 1586
7109 7138
7526 8388
2757 8930
9507 5573
3144 3006
8490 677
9359 2045
7407 998
1022 3018
7879 1745
6082 6703
2951 4381
8690 1802
3735 9674
9348 3455
6954 9430
7517 3940
982 5048
2897 340
5909 4950
3946 3998
2079 2007
371 678
509 1135
5641 1920
9988 5481
8086 1128
7444 9835
3271 5487
3154 9964
9832 2466
6680 5675
9494 6517
5022 9100
7541 8078
5065 5608
9459 7095
5522 2570
1376 4911
895 864
8655 8790
8466 8040
9693 3222
4288 1419
7977 6776
1976 8148
2880 3728
2130 3133
585 4954
8686 1100
6212 7565
486 9525
1504 9805
2174 9593
1166 595
4814 1111
1211 6186
8063 3018
2268 5398
7952 557
6849 184
564 4689
1877 2455
5028 1141
1492 5097
7565 3745
4591 5106
5720 5482
3831 8744
2039 4507
6994 3260
502 2307
5218 2849
7687 556
9546 3386
8545 6593
6727 846
9837 8943
8058 1570
1246 8387
9979 4433
7311 4059
8135 1087
1928 8687
2277 3672
84 2573
7955 7345
9243 5737
5742 5245
9248 9606
1741 8001
5826 5657
5550 8596
2576 4960
7692 7957
9691 3051
6086 4850
9188 3130
5586 453
311 7788
1882 7263
5422 958
1253 2572
9470 6883
1885 8452
3624 4212
6865 6696
3302 8353
9217 2757
2688 5547
6429 4394
1396 2933
9400 8040
1951 3427
7972 4670
9170 7553
4223 1154
1982 8313
3310 7889
3963 8692
1994 3225
700 6576
6172 8864
6569 5671
1731 4634
3754 5751
1631 5721
2348 4540
8171 1451
2111 3354
261 648
1923 569
349 5263
6957 9213
4248 8978
217 9602
1853 9093
2329 2035
7247 8473
2904 4745
2125 6706
1598 8471
1736 424
3934 2102
5630 704
9499 3881
2512 2787
3627 7029
6468 9677
7711 6725
7471 924
5305 3632
5561 4640
8227 1867
2176 3942
5466 9024
6709 2597
3318 2488
4863 3753
7122 5424
5462 5800
2997 2162
9367 9210
4279 2192
2990 8114
5800 8799
5420 8869
5491 2626
2150 5828
9660 6821
8648 5113
4395 3298
5195 9791
1374 7219
5110 7665
6432 2182
4478 4831
471 9079
2844 4678
6941 345
9901 9678
7403 8111
6927 5015
3180 8876
1140 7598
4078 7178
6785 7820
2348 5149
5252 7033
3044 9704
4548 2470
644 4708
4969 232
2308 5691
9516 7751
6755 5104
329 9869
598 2651
8041 5458
3542 3967
2559 5140
5929 8891
3835 2993
4089 4852
2804 1018
3208 3166
579 1658
5545 6982
3173 7893
1127 8757
6167 6232
1616 6828
9291 2145
6169 216
4027 1954
5679 265
9129 9772
8948 8911
1787 7891
344 6542
3633 7020
671 2004
8909 903
8700 7064
5473 4136
1597 3492
7949 6874
7897 2141
2901 9985
4447 6154
3471 9548
2576 618
9145 3049
7767 5210
9742 6213
5561 8994
6203 2884
1653 2445
7395 5433
9632 9242
8851 55
4175 3535
6330 6458
5716 4610
6539 4984
9189 7116
8482 5631
4087 8171
9857 7830
3288 9364
8399 7983
7456 5448
9738 1864
4370 2507
2716 2879
6765 9617
3952 9253
2042 6662
989 7451
3282 1010
2281 5534
2044 7703
440 6178
1405 6921
6024 2111
2987 9118
9542 9142
1112 7121
1508 5198
3213 266
5391 8280
4452 3882
828 1478
3222 507
3009 8409
8584 2811
8184 9086
9633 8058
5279 6886
5623 2940
8470 1598
4324 2229
1931 357
5877 6214
9776 9483
6935 8366
9943 2246
2628 2739
989 3077
7152 798
4324 2952
20 2711
2336 210
2905 2015
149 1342
6328 3378
368 9300
2651 8686
6926 4955
6569 6451
6935 5248
7109 3390
141 9656
9522 9155
7908 2329
1857 4295
5272 3792
5242 7073
9551 893
9622 426
6845 6010
4510 3088
7715 3427
3372 3500
3990 2006
7592 1873
297 563
3881 7817
636 6829
6738 6893
3943 7584
1106 9015
9361 7498
1217 4250
9634 25
4438 323
594 4417
9199 3768
1853 7237
1963 7921
1627 9095
8154 3383
4936 5838
2384 2033
7035 5304
6883 1501
8305 3414
5598 6699
810 1631
3629 1454
2558 2373
1830 7575
2158 5056
1612 3812
6672 3243
3553 1385
4419 1058
3782 859
4019 7493
7256 5028
1944 8421
468 1066
761 6419
3288 1875
654 6955
7606 52
5994 8832
7620 8569
8303 5538
7058 9531
1618 8113
4614 8288
5075 8623
7142 9094
7130 7605
3384 4961
1353 7643
4358 8056
5395 8295
8089 5263
999 2867
8085 968
944 6326
2478 3473
9911 8526
4349 3799
6624 2265
718 9803
8223 4491
4454 8344
8866 5740
5539 3237
7664 4357
6527 4941
7935 6286
1338 5015
8943 3867
549 5258
8801 6711
7863 3116
5132 552
6751 5670
7214 4649
1016 2440
2638 3811
1591 2220
2269 5446
4848 4992
1202 6886
7735 5461
7428 7281
4049 2073
3885 838
512 1018
5189 6659
6296 8093
2233 3263
2932 4761
2852 177
2589 2585
1921 1301
2451 4864
2563 2867
8122 2109
4710 3864
7773 2903
3188 1976
3113 8895
2654 7794
1418 3474
8017 6523
8332 346
5399 2782
1669 5979
5966 2649
3808 7836
310 5351
2323 191
2429 4029
3354 8752
7588 2926
6110 3049
8976 972
573 8444
5304 7248
1765 8352
7353 8386
673 5430
9186 3715
2390 5065
9259 7027
2276 472
1571 1101
912 7505
2650 1933
8884 7993
6520 6896
4614 5552
5504 5871
426 3544
5096 8619
5470 2891
797 1470
9361 1748
8042 609
6014 8585
46 2593
4535 2104
9162 670
7617 6034
8415 8449
5809 3354
8366 2448
7549 8422
9410 8063
9447 6786
5172 3277
7256 4980
6228 4603
9428 2489
3838 276
9357 5462
4388 9806
3275 2117
6421 1506
5249 324
9042 3050
70 915
4933 7344
2612 2470
4971 8840
4829 2594
7773 6404
556 8007
9588 8970
1354 563
2175 4837
7654 993
9451 9411
2407 1756
2325 4653
7706 4024
2237 5066
3434 8167
9689 5065
9537 1644
9274 3898
949 2579
2260 3598
7490 1295
5943 585
1516 1573
8416 2997
7365 7406
3905 4741
8018 5753
6391 3937
1601 9857
6818 6902
5099 8692
8562 3975
5626 7867
9607 2809
1776 1168
6527 4141
9196 2191
6569 8159
3111 8399
371 8265
2611 7909
4480 4096
1246 7051
5428 8534
4812 8021
7660 2768
6924 3049
7017 2182
2408 5542
4979 7837
5591 7407
9688 2376
3047 3364
7301 6714
7170 4883
8811 8201
1889 1112
6823 7217
1355 7539
9971 3001
7046 219
9300 7687
484 7083
5716 7063
3268 772
9988 9352
9522 4422
1478 9809
6161 5177
7082 426
8513 9656
4375 6274
2677 8051
2164 1518
6196 3409
8550 1876
1806 6422
7244 9542
9779 4571
1565 602
8209 6952
4491 3179
9644 5977
6264 4595
3385 6725
8092 987
8974 8300
3446 8626
2205 6664
3447 1979
1844 7984
1791 9429
4844 2951
5493 7643
9681 2454
7803 8703
1607 1566
6970 3361
6572 4538
4931 8412
97 3263
7246 9556
4717 5816
8091 7654
7857 4108
7154 8556
535 3166
5401 9173
2547 5441
8230 5873
8449 1902
4598 1048
5437 9727
6774 794
1383 2284
9113 9792
289 9676
2586 6406
6389 5090
643 9788
7817 7653
5463 2323
3937 6247
8188 6411
1175 8616
2114 4897
6813 7834
3755 6863
2004 1684
5302 5460
245 1887
3307 6206
9806 9828
6926 2433
2818 4648
9044 7168
5986 3418
4528 4586
6683 4439
9504 8633
4959 9309
6163 6641
3638 5207
5260 2613
7751 1400
7244 9203
922 7042
6290 8113
9613 2853
8089 7502
2860 8852
1025 8767
261 5074
3337 2940
7591 4595
148 4792
6457 4910
6566 1593
1293 2678
4717 8066
3991 1056
1882 1315
2747 1560
2473 3215
102 9512
6578 3318
8051 6520
240 3483
1583 8173
6275 6675
5287 2168
725 7443
2890 3638
5274 3307
1760 3414
3214 3371
9967 716
2304 4646
8015 8129
9520 4604
8336 6739
5338 7954
9092 612
5915 6092
3054 6525
567 1882
2580 6174
4971 8691
6353 5874
4894 9531
5031 3051
7624 5540
5007 2639
3606 3127
6740 4165
8509 2594
7152 3630
3291 5568
3369 1481
8588 1903
8043 8931
3811 2315
5169 9688
2444 2533
3769 1701
9660 4759
7358 7959
1699 3454
6330 2038
8355 1558
3787 6173
7074 8469
4299 4524
4675 4256
997 503
3475 718
1635 5101
6415 2911
8087 2433
3545 6393
9273 7131
6795 7938
8043 6930
6152 6550
6110 4418
3799 9595
1527 398
7248 3744
2895 185
7546 9585
260 2292
6799 5671
5494 1603
1744 6181
1200 3003
6924 1910
2231 9813
179 811
9595 4900
9065 1133
5785 7150
9565 2790
4229 9613
5821 6644
6045 7816
8635 6077
2196 6466
4090 8713
2065 3112
2905 3424
8688 2243
9890 4804
9430 6447
4920 7180
6662 9000
214 8634
340 2978
6475 9772
9767 3232
2734 6204
6579 2717
5561 759
4941 2636
9347 2727
8072 2085
1200 2508
5467 9461
3332 5729
979 36
6732 1808
8655 6847
4249 2716
6357 3992
8519 3929
345 262
6887 6483
3967 4167
4467 4671
8987 1333
4322 9955
3458 3825
9237 6366
9862 7829
5523 342
9452 5307
8148 6364
5991 1174
920 4624
6803 7781
4912 846
4852 6318
7630 2986
5286 479
2415 6613
9757 9957
3792 3684
2353 1429
6663 3792
408 1431
8681 8657
7520 7813
7296 8754
7752 1690
4949 5550
3600 2282
3122 3749
3584 2473
5229 7359
4505 1031
72 2140
9472 1807
4230 509
8959 9319
2203 8398
5103 1524
1537 9839
6242 1029
3211 6584
1028 7608
2758 8469
2808 7932
8713 1908
2016 2294
4002 5287
5964 2396
9533 2715
1789 3643
3864 3544
7409 4817
5730 7107
2311 9007
177 6387
9633 6595
9180 1318
3751 6634
9379 732
6018 7210
3095 6413
5740 7064
4542 4769
5505 9378
5625 2857
2568 6164
9445 7817
3504 8793
8874 3419
4302 9213
4483 391
9335 8380
9609 8530
7513 8854
3804 8910
8548 394
1470 9828
7879 6520
8556 905
594 8490
6531 5859
9450 8510
2070 2558
4470 9762
4200 2113
7232 7675
3549 5128
8946 7021
8489 844
3168 8009
4280 3430
7381 5648
1897 3691
1285 7504
1368 8141
4230 211
3333 5317
2229 8358
8592 3581
7894 9474
9057 4253
8026 3734
8715 7054
1430 6120
515 3095
2836 7473
1664 6732
5162 5081
6769 2375
3437 3003
4246 7616
6625 7087
4208 6032
8335 6210
1224 1510
7454 2841
8020 740
648 9289
5720 344
6030 1482
2745 3641
2465 8209
7141 8827
7583 5699
3480 3239
6840 5015
662 8890
7696 5146
2519 3755
6772 4121
651 7878
1476 9986
1124 4604
496 8402
5130 2301
9475 7201
5894 7961
336 918
6252 9202
2481 9570
537 695
8170 9385
5265 4311
1148 1488
2377 680
6284 5893
22 7071
2335 3297
3020 6099
568 6091
8610 5196
2009 2026
8506 6016
6686 9690
769 799
3631 2080
9114 1650
395 894
925 3975
2601 7942
108 1494
3392 8079
2263 7893
3201 3336
3470 8974
1105 1445
5602 1825
169 733
9664 6278
9069 3013
1383 1757
5305 3439
9020 5138
3290 4984
2464 8011
4281 314
12 183
8888 8524
6113 9933
7660 5721
816 1692
613 9804
1402 4202
8052 5346
