1400
6780 25789
31123 31570
5241 7877
31225 25402
20172 25141
16693 16432
11649 9761
3106 19455
22590 32926
27806 4895
5089 28173
10832 27278
3254 23866
10684 8567
24940 21629
21689 2002
25412 6658
25037 21851
7043 30511
2317 8093
14328 21217
28380 20400
21168 5465
18522 2205
4987 25283
30249 23166
11414 28068
10491 22126
22427 17514
6728 3095
16988 21196
14380 24342
18809 31940
737 11920
23231 26542
2337 26245
28378 28356
32125 4205
30809 7588
970 10243
33631 19469
23942 25353
23818 4493
31989 30790
31225 1982
32019 19340
20721 23807
9826 33183
33766 7314
6750 21550
10882 1089
16368 21339
9592 31888
27535 20727
18517 22239
1521 28750
2544 21441
675 13930
22020 20061
21998 2942
10277 12527
30652 30963
31309 9927
26450 26137
8176 19058
23252 15781
13072 22744
28799 25578
17803 18248
32456 4030
3361 15165
22843 21142
24469 12238
32252 13996
20486 14473
22511 22483
25627 5444
11600 8828
23451 2006
6863 30672
10581 12291
1586 14826
26270 12994
24683 18205
30906 32197
1443 22532
32244 15568
1480 9797
14384 27170
6987 13436
24499 9417
16703 17785
28082 13886
8935 14327
27146 15047
13167 15820
11681 33201
1281 17424
6670 8935
22242 16148
10869 5599
24804 22657
11105 3300
33888 16476
20072 31047
3198 712
5997 2261
16419 23006
17002 17881
8605 18442
14937 22688
32401 6158
17920 26020
29847 4857
7792 18750
6446 2630
17572 14403
13004 29127
21690 24455
26415 1111
12585 29590
17441 10439
17635 4023
19679 32401
16427 4520
17852 4243
19982 1669
32555 3524
33090 7600
18721 22867
17363 21346
10830 17707
2521 30926
28396 27439
17574 5708
33283 21228
8247 11007
376 33108
8384 8981
17287 10146
3045 19538
4369 16469
23722 25019
18289 12427
26269 878
22799 15920
26536 20154
3037 20261
13743 25907
26537 30271
3639 23963
8744 25223
3325 14242
31461 4743
24227 16536
24855 1945
19183 31904
5021 20870
30993 17004
29655 16060
32127 19415
8133 12757
19901 11143
14287 21007
32262 20173
13223 8434
21310 13231
19510 32245
15844 19061
11606 26641
13811 27684
10287 14857
2234 18330
5311 4164
3146 32984
22371 13440
22635 21821
7815 19740
14780 20868
30609 33538
8434 16937
4102 2583
27098 19581
24338 31637
16776 27950
28810 17651
23692 20698
15129 2864
30568 32201
3917 2262
33360 21602
33398 12364
7242 15490
33474 9155
28177 29110
15074 5456
2248 7672
15672 22064
22271 7243
10105 26091
31896 20682
25018 17950
14580 12289
11101 4955
3531 32944
24958 14558
8615 28160
10454 24727
30038 22514
26939 6899
27302 26801
15895 6994
27424 21980
16919 18072
31005 30116
5854 4893
28149 24602
14692 28410
29701 6670
17578 27493
32837 31536
11282 10931
20419 14246
25038 8893
6745 17313
8387 15499
8766 593
3915 24435
937 327
17234 9120
8432 23286
18052 15358
18687 20349
17789 7848
5075 25212
10481 1837
21681 31833
645 27640
32454 14443
3162 4647
27739 29790
6803 19410
16722 8758
32269 871
26514 527
14002 8811
1557 5269
18146 21516
25449 26505
7169 9419
505 22951
4353 10205
17704 13764
14125 19625
31894 9933
1676 994
5560 30723
19969 18276
14147 16762
16671 3962
27111 6432
26214 30070
24195 13387
21948 10138
6550 4839
6480 22114
15546 14224
30668 3892
8426 32908
15928 12151
23359 529
24891 13687
14869 1991
7665 18357
33752 14969
3683 25592
5666 8921
2839 8369
29188 13624
1119 7463
11228 28363
13549 7986
29445 25403
5019 11448
26486 2112
6100 24446
33702 28737
11640 6414
9192 17162
10452 31285
22625 19551
9281 14716
20177 20808
29095 9857
32847 20668
29528 26893
20382 27431
3932 19808
5001 17360
25179 21498
22926 5690
21195 25467
18350 28368
29847 17335
749 21142
19548 11935
28567 16726
8743 15930
17194 33763
2606 18214
25172 4006
27871 2774
19503 7657
2160 13087
33393 991
27872 9495
20951 15723
27539 6506
28515 5068
5622 7774
28648 16470
30563 23068
1338 957
647 10175
10328 4426
18049 3991
22087 7315
19692 19721
26375 30851
19591 16881
21753 27562
7549 30708
11956 29357
29808 7336
9481 21810
11471 11912
32260 25483
10009 6642
18932 16607
13987 7398
24174 30669
32396 17080
5223 20454
19975 10285
32720 12951
26970 28745
2574 16822
25084 11980
26997 33803
8263 6713
1981 10925
1475 20024
13271 7621
9373 1395
20975 1663
5236 15568
22160 3914
29685 30777
29383 5531
1395 22898
1849 4399
7846 3263
23823 336
9291 11823
15315 26764
32588 11094
18972 20198
5046 24190
9353 13169
25160 5863
21556 21582
5694 25293
26366 30721
5297 29386
32953 8368
1858 33892
18463 11788
14108 17824
26929 23769
16195 23104
1136 14700
10659 9675
23177 26782
24027 6450
31046 8565
23054 10597
1087 14456
23915 22682
5417 12631
27832 22556
24885 21959
3289 28877
4351 19245
20024 20225
16307 3966
7920 12050
26461 9810
32022 1955
17126 7110
17695 24004
33199 16991
3259 19519
16281 4933
4381 18680
29390 9672
1344 31698
31433 24923
15380 28607
23168 29399
27681 7238
11558 26908
7767 10839
16977 9340
30142 12280
13920 28078
16465 24457
29088 19479
11332 4949
17051 10774
13686 30959
2057 2754
31387 18877
33412 11996
29545 19526
27952 29867
23159 12736
11652 9286
15480 3550
2882 3069
18970 1758
10115 27959
19284 2975
24233 2865
14001 11707
21154 21019
26180 12411
26265 33351
8173 14221
25249 30860
21340 6362
11626 14203
10569 18230
26730 21968
2658 13733
33629 21059
25108 32420
4639 33803
11875 32546
5348 14534
5240 14279
27622 31003
20620 3072
28163 5068
21059 11863
27883 2286
24819 15400
3552 26077
18393 15548
12965 12330
28241 26261
9752 5983
28280 6672
3621 33830
21115 28973
9512 14584
6930 24880
1992 16656
27104 33076
28858 18474
31633 13099
28260 1069
11876 13149
1842 24026
13463 22435
24182 5626
885 19540
28725 27954
4410 19976
30117 10167
16203 14495
23762 13077
31832 2091
16745 29076
9641 16578
8595 30799
24704 27205
16784 1633
20003 5989
23514 28893
3103 18737
20024 5974
9265 25583
8069 23275
2443 9116
26232 10961
24155 23327
18136 23413
13142 29948
10558 20948
21542 28323
33361 13223
4221 27831
28021 19587
2944 29226
16318 12456
16314 541
10392 25267
4697 28746
26378 3371
3485 14299
30298 30685
12700 20542
31294 10459
32302 24157
23096 32517
16460 385
3103 28211
26063 7441
13115 22494
1334 7799
25854 29816
26946 12213
445 8466
2953 29983
15340 14898
4320 31636
28722 4578
24353 16373
1352 30560
9854 3946
29639 28222
9194 9742
2119 3158
21500 24153
13157 5401
6715 20234
11477 8494
7133 10423
17948 29689
20716 11782
12358 16622
29981 2744
849 32622
2180 4069
9540 17506
16305 2103
7989 12739
33617 32015
22922 11730
31534 33778
15313 13990
31787 1855
31691 32418
29804 25756
7109 4080
11522 10875
33415 9099
18152 9360
24664 5243
639 20106
19373 6628
18370 9557
12509 2875
33159 24992
846 17609
24919 16164
27711 14584
2060 14946
11859 14473
30067 13674
14779 8196
15807 7906
11009 12506
9191 6390
30609 12900
26295 22907
28262 4572
26598 13628
24196 18967
33879 22159
4499 23245
7174 19090
10137 9884
19667 13448
5936 1972
22298 27948
4644 13503
25693 22235
26625 26222
1962 29619
18823 8966
31326 29196
1863 15635
16901 24106
5421 16678
18944 9516
7950 16013
6685 26348
16123 10859
29920 25680
20266 7547
26935 33814
32199 10609
18733 2397
9784 6730
25339 10056
10993 12179
5868 16984
26662 2201
1853 30098
27970 26410
9820 26007
18754 22842
10221 32082
31082 20231
16221 14244
30258 32571
26585 26691
11926 33430
23477 25399
32477 493
568 33131
15899 5869
25259 24776
26054 5606
3531 21403
25438 3347
12320 2013
2432 21729
3890 6991
29615 12359
21919 23388
15688 11385
13155 14345
5098 26317
6565 17523
32453 16511
11397 8007
22506 14270
31080 31276
14053 10024
6118 11973
11179 22834
2684 31735
26142 28159
28493 12960
28296 27880
27324 25742
6011 6983
12537 27542
25346 29726
28132 27847
32315 22916
9234 26786
6532 12700
30251 13819
14517 28446
381 22787
13044 19206
30749 6544
28264 20829
21428 9987
19305 26813
2468 9560
1413 27018
17241 9730
8324 3002
29589 10526
7986 19241
20528 11654
4737 21835
6647 22987
2997 17791
12272 27256
10465 26699
682 12389
27019 24549
3797 538
4658 31816
19850 27456
30769 23565
16096 21058
31027 20921
17869 21586
30547 10646
18081 16607
6862 19677
13790 2461
28201 23457
18674 15264
31828 18955
8109 25621
27382 4230
1346 16021
32509 19230
6855 359
25977 11349
22738 5118
4712 17888
29297 11073
1039 7643
13871 1771
17742 26727
18514 10172
15875 30552
13723 17962
1939 28557
24937 14631
1687 33184
859 5740
11695 16851
9773 21163
25693 20004
8621 18121
9324 31439
26442 29317
7930 536
13066 21123
21719 4014
2664 8973
12938 24587
3480 10788
7847 2081
33026 26653
2837 13633
13111 21807
14132 25034
27664 26554
32363 19801
31824 8169
10475 17071
25613 2014
3177 16239
24093 16373
21792 9887
19507 5799
12557 7596
2488 23544
7481 23382
15010 396
30691 24224
15416 27863
14446 15306
24226 23821
27012 22302
708 10499
8260 29694
21345 27321
26606 27640
798 15428
17813 19924
20124 21446
13762 24932
3954 29656
12489 22171
27670 20622
22352 24831
7201 33063
1794 13967
32457 3261
27047 28774
32959 9357
19764 27416
4349 1035
10574 17561
27612 10221
4715 791
31603 14836
31065 10380
30955 11050
15735 24414
25041 3215
2372 16905
17432 25250
5920 15839
1906 8423
25834 5045
22973 24599
28385 18982
17578 1304
26264 2366
27427 15549
17767 31065
22486 16204
33677 11379
17111 15686
6724 15604
13605 16048
14327 20356
11908 26146
24835 3531
33069 29493
16714 15625
33481 13247
14472 16061
18307 19034
29473 17367
11688 25397
30311 16526
5314 11989
24789 21391
12069 22854
19022 26988
23398 13502
1326 28703
9945 25613
11083 26987
13638 28948
22863 1274
14924 33503
18097 33492
17325 10656
13453 19383
29948 8175
15074 31263
2743 25735
33416 2685
664 30011
15493 21519
2849 857
23950 1672
7016 6966
33423 24452
8649 29715
12179 27537
12276 6298
31818 9434
9131 8287
19756 20261
27843 3235
10270 22206
26290 22295
27176 21417
32887 5147
29201 25251
29555 30597
19856 32958
23248 19283
32054 21214
12510 14062
7206 11422
11085 32061
18368 24506
31768 16927
28747 25429
16660 17767
27459 14941
3207 10088
19034 14124
4192 599
12809 17326
19176 26436
32328 1942
16034 14004
13273 25359
12877 16968
28192 2123
1650 11079
18954 10379
18802 24045
24623 20020
21999 10028
14994 26293
23063 27268
28805 3943
31032 5338
15615 6110
5810 13275
23522 25721
27925 24308
10537 11811
23418 2103
11575 5639
2174 10054
11128 24681
884 28185
31336 16580
9895 7979
8629 14463
20666 12939
9035 19974
4090 15592
30347 3431
27288 2267
10849 30472
1456 7604
17959 11571
6883 12698
1546 13415
32370 17115
2714 33070
22615 23023
29250 6644
33646 6993
12525 15982
29419 24941
18338 24617
19950 11716
24871 22665
7590 28875
858 33832
18722 8387
24123 18330
10195 15031
17462 23613
32751 23346
26888 9116
28371 10149
20149 2021
29571 11310
15752 7076
5525 32778
8602 10810
13282 13591
30070 32173
3220 17946
27104 30041
33331 16708
26454 12000
26223 4933
18401 24034
5968 2188
3660 18063
33698 1152
18017 25238
5574 22647
17631 12078
22810 5354
2084 26990
5269 24435
4408 13448
33273 9743
2888 21475
8799 16704
9606 1081
24395 15749
29854 32894
3904 28345
32229 10484
28322 7811
16319 15771
30464 7133
25439 16632
20316 33444
12598 20311
32578 19254
20229 31654
28838 11873
30561 24778
2196 27110
16382 2410
10207 32898
14347 24754
16394 3858
21341 23362
28424 29081
20120 16273
12097 22911
939 12099
7426 24514
22829 19216
11060 10461
11453 20562
11346 22184
26259 32364
2374 1054
27778 11508
21979 16770
6485 27784
27938 27270
10297 696
21891 2954
2203 12972
18661 6398
13486 13152
20776 19145
17119 7074
19554 4982
5772 2511
28860 17578
23241 30615
25620 15426
25638 11408
14096 30406
27596 16705
2429 12231
29251 31064
24417 21662
12012 12917
9110 29344
7284 18177
26139 27978
17710 20570
33572 16550
13174 15590
31419 7545
2517 22349
13841 13250
19881 26986
33365 18051
31018 27465
28931 24398
26304 15302
27382 3896
17269 24891
26701 9838
15846 27652
17477 33792
32521 16398
32877 28129
24810 6304
6416 28517
31445 27605
16466 22436
24225 15197
5361 16127
6868 26955
25886 15879
1861 19685
7103 18674
6603 27113
28414 4959
25502 4427
13770 21681
28608 13515
11307 12545
4264 6656
12711 7279
23753 8759
13035 18017
31134 5745
19849 25261
17065 2800
8485 32344
24989 8702
599 16071
29214 13821
20912 30702
13855 6991
7934 23618
28510 11254
14758 14249
15217 17392
15410 7093
28133 27321
22090 4410
33861 9035
336 1184
18975 3625
4670 22999
22760 5657
27147 15262
10777 13211
32071 12623
5698 9411
520 1609
12978 8397
1131 10852
5851 7781
33128 4195
19740 1390
29216 3130
21766 5674
8357 32516
8960 7267
23581 16006
20870 27097
33202 4482
954 15856
26389 1354
15664 7679
5545 32530
910 554
25167 10210
2526 15226
13249 15711
29811 6014
4700 32390
17159 11835
16923 12643
21817 6531
30984 24859
31324 27364
27401 12432
9685 18271
2195 8155
6972 14567
7579 10889
12216 452
3518 29461
21300 29107
27473 20571
6657 1247
29783 12772
10186 25688
18303 23530
28142 13933
22670 22196
27523 28439
21976 23849
15442 32459
20833 9772
30054 3360
30202 19490
8579 20588
21341 12968
27153 28641
22126 5963
5291 19361
7702 19447
28987 4074
5888 12492
1902 7221
14471 2217
14948 26797
8862 33140
3753 1402
3925 3265
1440 14397
19376 26820
30904 28062
4955 19073
24229 17718
30052 1303
12676 20523
2155 894
33479 19182
12526 2087
22850 17014
15617 17716
29848 17805
5545 28408
25231 1708
14870 2128
9695 29530
708 27143
19582 14410
9223 24027
23313 32980
25310 6463
9054 22589
22702 10382
2395 11805
27951 21991
21501 26963
2451 9937
33427 17348
29149 11765
14371 26056
29277 10037
10059 11324
10546 27775
10858 5582
3991 13794
17777 30419
8109 33350
6698 8385
4199 28663
7495 29227
8270 3702
25771 17171
29404 26888
14572 31047
27074 26207
32045 23111
15564 9077
3426 1885
31597 29082
24998 20669
4435 22588
26414 10401
6243 29385
8255 20763
24772 7460
27619 26027
33603 24628
2950 27650
8971 21903
3838 22586
15691 3744
25265 26910
25290 19963
2860 20592
6756 31697
33732 13839
905 6365
22631 9338
5307 17459
22515 14727
22314 8823
9988 10752
6959 32260
5078 21820
24042 16201
7881 11678
27255 7379
20490 11075
13283 13133
31119 24711
23653 702
17738 9971
30405 16626
545 16814
8255 29290
7245 18871
10296 24775
704 8023
2720 10919
26841 3173
11947 16081
15150 17891
25867 32573
8049 26717
14372 4411
21279 24891
1819 18857
8356 11595
13091 26289
10486 16646
3616 4819
32905 13272
10999 15514
7242 1824
4503 8075
20630 19115
12823 32888
16680 17447
16465 16474
10607 18971
4010 19538
13744 20632
8439 4432
31328 5602
17785 17441
9185 17032
15911 21629
18267 10160
25295 1663
12227 13673
5320 16285
30267 31291
13979 24919
29795 19270
25507 18669
12441 29788
6660 19157
11110 12934
11388 26035
25255 10712
1034 20279
471 9051
15812 796
7581 12903
12360 11805
29735 33250
31776 8377
1521 2665
1888 16711
5860 26142
2338 8705
25366 31537
15935 12352
15525 14689
32354 21668
28209 26769
24283 13967
17625 25778
14791 23462
10128 2991
18301 25678
14095 21168
17877 6278
24524 30757
1434 4834
1255 10812
19969 30255
12465 12756
15958 20826
33422 15297
30856 14117
13499 16600
19754 21163
32853 10977
12061 19939
22897 21586
21855 23719
19843 3196
24857 8508
32725 11547
29176 28082
14164 26589
19035 15946
22004 33112
33092 10637
1929 22505
25437 20848
28892 3297
8082 19582
22243 3192
21382 30745
24639 9442
3027 31233
16332 11333
3896 21965
30392 28549
19537 29863
33837 7029
15730 24337
18971 15259
6636 10327
1493 4555
32090 14991
24874 5229
2942 29989
4855 583
8126 32161
30896 30317
29412 5498
6865 11179
28565 33538
7311 11248
19565 31278
33145 20648
17644 11540
21035 16215
2794 3729
23566 8306
21661 18780
21823 31555
18163 25481
10539 15854
11721 33644
30250 19196
1371 10481
12184 7908
8160 26014
25686 21821
32288 27180
27057 30075
20306 33642
4687 19896
7008 28827
32847 8957
28049 13643
16780 17022
1952 17597
13609 31368
10472 18816
27192 23759
8811 11260
21813 8258
28637 19147
17988 1996
21284 10480
33890 11745
2334 16762
26185 13300
23013 18502
17547 4538
20797 31876
30981 22620
14397 2855
3879 29232
17078 21550
17398 31219
24378 16711
11288 27298
21754 28163
12468 8203
12793 2325
12323 22497
10719 12601
27129 19827
28674 28488
29263 5446
33856 22494
6324 15923
21791 27169
29376 31182
4367 28945
21649 16376
10320 23591
14079 14941
27201 24700
18875 32249
18175 18308
6448 32224
6235 26032
20020 4273
6280 24651
26143 14489
18447 5949
24809 32686
32885 32649
5565 32870
23121 5228
11172 33229
15407 32139
32145 901
3801 16963
1503
7931 29402
20274 11328
29558 14423
26941 12934
22690 17094
11639 17708
14629 22043
21620 2461
32048 20720
19465 9320
1860 22520
27840 10921
1983 24010
29091 3446
29863 19136
15061 9027
3311 3715
901 17048
9513 3965
1457 31684
27512 24187
24110 30918
4499 9384
2664 33698
6688 31131
7936 22769
14971 14281
5411 16383
15309 24943
18199 20593
19301 18956
8481 347
9793 22692
5242 33708
3163 6332
3014 18831
27489 23325
860 1955
4638 19057
6109 24935
31171 11947
33007 9742
12693 28599
4407 27174
4896 28347
18912 4561
23229 5994
14764 31309
609 13400
17514 7208
20987 5784
13823 11633
12547 3777
17231 9259
23099 31187
20757 19566
22356 27551
6833 22026
16914 22370
20214 12814
22764 31060
9675 12045
24559 30420
24281 8782
21564 19337
23276 22336
33379 26653
1998 19412
6626 4878
30622 13569
31566 25312
12707 15197
24400 5442
5547 21174
6607 12929
17136 2719
18121 27121
17231 27983
7234 24472
651 7868
8884 14169
28298 3595
33705 8671
28591 32374
22352 6997
14907 6450
20151 12615
7785 15728
17885 17924
33200 3055
18857 13037
18168 15857
2756 18696
13124 5930
13919 27006
32421 13145
30038 23696
3526 33147
7168 21290
14884 4126
30400 8325
29639 19842
7526 33595
33184 31294
19425 7156
15639 16718
18261 24195
5888 30473
4049 12304
32618 15802
11279 26240
2791 13549
16674 17495
12979 500
12008 10609
7701 3513
19017 8696
999 19931
12991 31909
33021 28012
20664 21018
9295 17833
18699 29606
13364 33859
1268 13542
12634 18988
23028 29153
17990 27514
19982 13288
15218 4667
22748 14676
30037 10754
33373 794
25530 9253
15477 16423
31939 9601
12447 16088
1233 11202
3121 19215
3207 16760
27490 27882
13220 27142
30837 7127
5393 15713
5004 1554
7734 13546
21211 811
24041 1316
11363 10663
17700 4318
30239 15406
27595 1265
29610 9932
880 27787
30441 23903
9911 1215
23032 5461
20128 31848
33207 27283
20143 31686
23213 25512
30692 8807
25667 19965
11417 9589
16175 11200
14448 32312
23955 28533
13576 29704
25655 2059
18226 11177
25784 4374
9975 15474
2127 5769
29774 1396
1547 14783
2285 9059
16874 10573
31000 28562
21200 7464
22749 564
1279 14007
24305 29699
10057 7796
5977 6144
29112 14419
7870 18513
16402 28359
303 14628
3058 24107
23987 28864
6729 25306
26830 19774
33468 2980
1542 12583
22661 30706
5522 30555
23024 27205
9117 27610
4912 20824
15984 7563
24120 14289
29216 6678
1618 5777
27517 5391
29764 6418
14442 26069
31682 31151
13602 2511
8815 9038
10304 8328
25767 1755
17155 19892
26582 22476
7096 5152
23249 13067
7669 8580
18203 24489
14247 15616
29791 27817
28921 21853
31604 17613
12067 5116
4530 18941
8905 23848
1426 32544
18538 15183
9237 16145
27219 28810
9137 4938
26289 7606
25784 32852
29963 7954
7592 8347
28936 28907
33748 2173
12228 9212
11751 22301
17513 19785
30030 12414
21309 4827
9834 17069
11833 13078
33587 7452
18114 7063
26990 2733
10048 6955
11234 15657
25058 6963
11468 1478
28578 23138
1957 28935
32132 3875
30380 20338
5427 8167
20421 1302
9874 18157
23676 20488
31871 7202
9911 19788
15660 22939
13850 18523
32556 14163
28504 15447
22285 23179
23485 23741
26534 32026
25530 29057
30305 25610
19362 13786
615 24143
17175 25204
11632 18278
28686 33660
4310 25788
8871 26882
18244 3533
6894 27462
33456 12729
32159 22623
13098 26239
22072 18664
7418 30311
6122 16969
2774 6452
7055 13575
31046 3364
9814 28718
22781 6964
23903 2416
4226 31536
19015 19923
19799 30194
6981 1773
24503 3765
24565 12785
5302 23207
28806 21554
24940 26820
32820 31776
18613 5257
19219 2151
32316 15667
7320 23667
829 8261
2789 15559
398 18884
2502 12596
15392 33469
19008 15269
23088 6074
17968 16277
12978 20644
20526 5772
15404 7742
14649 20463
32691 27773
13959 927
2973 18373
30148 8117
20073 26265
31402 11113
21358 13890
29121 21926
18791 10931
14136 22096
30283 23083
7555 18769
31824 5481
25099 29129
20458 25458
9469 23874
1346 13894
14227 12138
33284 31403
12939 4049
16202 24482
8918 25795
3329 26521
25635 12407
11679 18941
1569 31644
27874 31591
12912 21071
11882 4951
13250 22100
17940 31377
18036 2248
15072 28244
23915 14967
3299 4478
19769 28847
9755 14482
23817 17402
21091 2499
25074 12470
8882 2207
31638 22253
3736 14204
20756 26747
25900 15942
16730 22274
20397 29184
32860 15948
26569 30990
7621 23497
21506 6326
11609 1165
25335 14881
11250 8026
31449 10289
15609 16942
11417 12219
4712 3367
5285 32693
8904 13624
19139 15026
12767 25115
13605 1627
23945 14916
27428 15101
14817 4333
3330 18622
24165 18755
2334 32017
30366 29930
5251 4368
23783 21561
25684 7024
7720 1150
18142 28329
11957 33413
13801 6607
3284 28068
33023 1845
5561 30216
5775 8333
23631 12300
28700 29054
7591 30818
19412 25808
9146 12263
2981 16243
22716 22236
800 12000
23225 5719
29469 21812
12684 22389
15465 26438
19899 25564
20975 5503
1504 26474
26800 18349
25370 18414
23519 12203
16961 5072
30086 31189
24536 3742
30692 2172
28576 27182
27969 7856
27176 31204
29915 27843
29062 21909
5688 14108
7970 6099
16463 5592
5564 14263
32286 4249
2824 21667
26088 23558
20586 20370
13284 31135
8764 32785
13364 33662
22426 31481
2860 30601
7152 18495
14726 33299
19450 27903
14570 32680
7175 12458
29080 30318
18079 19606
19748 12257
26668 25737
575 4374
5322 13599
5555 26067
15319 32629
12959 21745
7227 27719
30456 3870
1179 32405
15467 17631
19447 12611
8193 28285
8581 32401
10373 19408
24001 8139
1393 6207
28681 1273
15844 9240
22586 1320
33649 2595
19402 17811
23188 33499
11219 20413
26375 23922
23871 26184
916 15344
1199 21165
29018 26863
27013 19222
1684 21909
31622 17729
5659 31088
12880 7586
27753 28272
28021 21823
2959 23390
29313 23062
5650 29288
25726 21823
21736 14900
14135 25299
33609 22792
15246 14931
32564 13642
23307 10782
18669 17695
17911 26457
13372 8333
3193 21908
4422 15700
1337 13623
11096 15167
11610 14058
5006 33696
33655 2664
28407 1058
26587 18937
5813 14156
26625 31875
23480 16367
33886 6645
14958 18840
32774 23866
25003 586
30306 28246
20437 19884
28336 18670
23231 25309
28797 31516
19908 19478
32398 804
6821 31977
12632 4367
20513 5502
30953 22330
30852 13823
26082 10954
29525 19488
19949 8573
22996 2938
15516 8835
25450 23717
26732 13351
7565 31286
15704 14966
23688 17782
26823 28600
25405 17930
13917 24505
18973 29835
24268 2217
7282 12357
12947 14253
25291 6200
12621 14597
8834 1466
19023 16324
15742 33641
4642 25437
5298 1227
20059 7819
12330 24077
31811 17395
20748 2080
26975 25022
2446 1074
7206 31843
17897 19473
20722 15148
25551 12984
20888 8892
12832 23737
25348 26905
33451 17737
5253 23110
10273 22263
5213 21165
26576 29936
24923 2039
28253 13730
14079 2213
32208 12631
28838 33810
31498 2559
21136 4885
17206 30161
6802 10647
16246 4710
15853 33286
930 23259
10587 3827
24508 20938
19145 10073
26479 25881
19054 9566
2009 22783
29838 8370
13260 30977
3205 27070
11014 18837
8604 3126
15821 15228
6745 14075
4198 29456
15640 6281
12547 25188
674 11118
10190 20014
6787 22712
30426 813
26705 7504
24685 17031
9810 31723
10737 5198
12087 6612
29953 8082
17596 16276
30039 14397
16132 27912
12998 565
11051 504
2974 13309
682 381
31430 17426
19154 3292
21041 14572
17598 10768
10382 5205
14493 22349
27936 31590
13065 4221
24585 29547
26731 12533
16153 13453
30374 17001
30410 28737
32282 8467
8600 2468
30016 20929
1158 16652
32952 29180
30216 15950
4063 19315
11061 9847
21342 611
6358 9694
12708 19285
22546 22371
11156 30857
12047 26435
15504 15423
14852 1969
19781 4085
26703 31814
10539 16122
8613 18490
3239 19659
31486 2350
14577 11762
11600 20940
17549 25522
10608 25270
9615 6959
25499 13340
4818 32196
27111 23309
30324 27922
10628 18436
21611 18532
5893 32747
567 14951
28889 16246
31617 31703
11047 33210
3732 1553
23480 4779
12817 15724
18120 3434
18814 3018
19796 32978
30804 16330
22257 26869
7130 5460
22120 15548
10421 7021
15924 31160
28838 7269
22495 22257
26204 2343
31410 9422
18795 4017
5472 25454
25369 1081
17605 25871
18583 7568
19781 13266
18038 2508
11188 19170
25707 6262
25962 2919
6231 1091
32028 6495
5502 27517
21877 10377
13051 28453
33852 4959
1438 30902
7119 30145
7238 20770
27753 1723
22460 20599
18758 10991
24220 11925
3459 14724
15643 31427
12639 28861
28035 20859
32290 8202
12055 9184
2294 25626
16746 10791
26454 30366
31501 16693
18013 27709
2943 3765
32118 7333
10762 498
21421 4470
572 30169
26723 10933
22548 28639
19470 3584
22619 2317
24319 9738
30855 16923
4031 26709
9645 16168
19697 1487
18081 18102
2766 29456
17973 19684
11762 3049
33838 21261
12208 12755
12952 25775
3396 7539
18970 2918
28890 22414
31516 2118
32035 17321
20731 551
22642 20133
9466 17943
11033 10375
28501 5860
2008 2249
12791 1250
31989 6253
27256 5160
27440 27947
21523 23199
3115 26190
21558 17442
16650 18196
10807 20958
28625 32952
16332 1694
4648 12850
9646 28863
11980 21692
31287 7730
16671 31092
26578 1051
12192 6555
15320 15157
20087 30414
26994 4149
23617 6966
4790 1301
1642 26794
14450 22527
4689 19652
9497 28592
3209 14125
21458 4587
33899 30500
8649 556
14124 7712
33756 372
29832 11674
33431 12686
8422 2629
19223 13272
14585 13313
13480 5375
24725 8019
31552 14865
33864 2779
24470 3985
17061 9143
18951 7619
28506 5857
19516 10199
29805 14642
2360 27794
14722 2548
20334 32820
23607 16478
18464 32856
32987 11103
29336 21328
15958 27588
9560 31703
12534 3002
4195 24567
2782 22520
16211 16066
10784 16415
13582 22220
33730 20035
11872 6452
32430 2018
18891 23209
25030 28493
4773 7570
877 24102
10786 11081
31090 4353
16504 22894
33756 14081
25518 31867
13964 7293
12889 8182
12490 32022
1898 31169
31937 17451
18520 20586
2327 6870
14338 1072
10194 32350
23644 21352
17382 32729
24550 9464
9595 19275
16039 7761
6013 12088
30535 25105
29226 26190
27035 16038
4550 26775
30874 12701
33100 8259
27381 16642
33293 3437
23718 6204
21222 2638
8957 32601
25374 6617
10160 4444
23937 14477
30254 25990
14920 8268
23645 19879
11717 18500
15202 4266
8879 12552
7623 15222
5353 10126
22406 5980
11506 13676
33734 7133
28400 11439
23325 3605
7199 33898
4638 3362
16128 13803
4017 2320
8434 16017
33718 13776
10168 22631
2108 783
6041 18890
20861 25063
19939 18972
31148 9420
15975 23153
27606 31003
6404 28889
23196 8781
13545 19769
23165 2638
28736 775
26030 29897
22884 23443
12720 29213
8787 32677
32480 26745
17509 5266
16197 26937
5052 18055
4757 24311
2564 5792
29562 15891
13006 32489
32646 32595
5741 27555
4667 8100
20164 13801
8642 21316
8837 14559
19667 30806
25357 1985
11008 24968
7312 24274
23431 815
20264 1887
33404 21634
15845 3871
30338 4232
18417 1469
28179 20863
29808 28371
6819 17299
24160 22556
6083 24751
29210 31666
11726 4793
17650 21027
23941 22271
18547 22111
17218 28973
3520 30718
24138 8447
16579 11615
29908 31198
16217 12167
32126 32914
23799 7406
22735 33887
834 14950
29642 9127
3964 16698
28065 21697
12632 30090
2823 3931
24048 871
15304 8439
25747 29487
7638 7791
28557 11921
29858 9181
20311 33889
16553 1295
3762 19824
21177 1119
1321 6124
3816 4074
27799 27993
11286 24376
30050 5412
10145 23201
5021 1729
32869 32212
12957 24842
7455 15250
24302 17273
12844 4002
20200 11462
11308 11328
18203 28583
16476 26453
8098 29934
15669 2383
7481 27237
16082 2345
20523 2983
9528 16631
25852 6143
6504 15915
15082 7997
32110 21436
32328 7153
13684 3218
14637 27517
12381 6341
1397 19768
8311 15498
32536 8728
30312 14057
12138 24455
16938 17746
9211 24051
5841 8454
28025 13729
30108 33296
26580 13152
12491 14100
6218 11790
32594 9815
25206 3878
3565 17859
7733 3927
33465 16004
26765 9415
11494 21756
24645 1972
9284 10676
26368 8123
3831 417
8364 28475
14168 12816
14756 23273
31716 5204
31734 20784
31299 4543
32458 1723
21480 25310
10578 16672
26024 7075
17175 10544
8742 12774
30219 17855
14663 33309
10550 22123
9933 5447
13915 24227
16123 14366
10828 22848
20659 15859
16391 470
15694 24177
7124 30322
3707 16718
20979 4073
18728 28963
5728 33006
4408 21384
12053 9084
1488 2114
2850 4033
16730 349
28707 23811
18346 12835
29706 9205
27110 13525
25957 7652
909 30672
23098 14658
26526 13864
13794 2487
31267 5927
21362 17816
4386 5154
8748 10566
5865 20083
29982 27695
16894 29858
2710 15731
30231 21580
19173 11380
30859 26406
30478 6443
20475 31718
31448 3225
342 447
1987 8228
5392 33721
32512 16467
24667 9763
8916 7022
30686 14829
5818 8079
5043 9162
6200 13130
4332 17974
11384 10639
15057 17182
11627 17731
12467 2059
18392 10063
19907 22225
22168 4905
28973 20454
18327 19571
25920 15176
15640 1420
27013 823
30982 621
21416 13864
21648 7668
30435 27682
5671 13434
5982 24366
21799 32964
5358 14072
33445 16124
8993 6257
18799 11017
28474 9425
26466 10818
22897 12734
11687 5908
33082 21703
28989 21092
22168 5551
30085 25900
6812 10527
12146 30211
32380 19185
661 30136
26342 15390
23615 17741
31830 17120
24513 31168
33796 9741
456 4843
14329 30095
21229 31896
17805 12337
27066 16074
18393 16380
9501 25229
9194 15251
18622 21756
26436 16496
17357 2421
32433 18694
23389 9487
28184 30164
30786 20112
19528 15891
12186 26075
9270 33419
6978 21841
27630 16421
3551 11143
32113 4939
17936 31570
24798 9139
25484 5951
12562 13199
21607 24950
4601 9338
4168 12486
22228 13087
14536 32644
20211 29722
3543 25561
25475 9466
10959 13428
14196 7666
2160 7954
30161 33302
14721 27244
21607 23351
6194 30728
7153 19983
8461 13266
4777 28870
4949 14108
11760 26005
458 5014
17024 32278
22629 10007
11653 7200
33738 5547
23561 8180
25882 33468
24369 14137
31404 15053
3807 22505
25858 12550
20895 3479
2652 26259
3629 6420
13341 14975
27662 32989
23106 19680
26396 26712
33424 23547
14195 24559
27788 18791
31512 27705
11053 25715
4344 33894
18614 10214
21272 6590
9978 23937
25734 19946
26103 26795
25257 21256
11538 19383
10285 29501
9926 23385
8837 18676
11597 6423
32756 25405
13698 19905
313 32177
23524 25091
17832 6271
12170 3108
13284 23807
14493 24693
9722 21605
30141 9051
23954 6365
16937 12152
2223 13409
7775 12560
12643 13323
29278 32260
19065 28149
31145 8259
10007 11007
1225 2472
28809 29890
23934 10786
29993 30060
4580 8022
5604 13602
22366 12102
3041 32395
8059 5152
24273 12780
4994 7329
12151 14041
8246 5843
20735 19250
13092 25293
15113 30144
25999 31812
3156 9053
4792 15061
32557 14660
20629 5787
4165 32290
2758 23340
21852 1533
1712 31213
27105 28063
29077 9408
13334 21011
13247 15112
22454 21807
6749 27289
9993 17619
4390 4231
29897 25899
22485 23530
3478 28189
16724 29378
12715 5233
1618 23599
17418 28886
14373 17490
16512 10321
22404 29104
30024 17765
12039 27855
4634 12613
6505 25734
28843 1683
11792 7049
19028 551
22658 13328
23493 22777
17066 15290
29468 26905
4284 22671
22223 22518
6108 33492
2148 13353
11743 17287
9285 29429
10647 21501
4382 1453
10881 8084
13190 3983
16098 29695
3003 30771
1178 20275
3740 23707
6813 8890
471 7759
30159 6115
9544 32683
17342 1662
24488 24079
3617 21377
14484 33413
8488 6717
17804 17990
4485 30618
28878 20827
28963 6272
9165 17017
5597 17299
24573 8354
31858 23891
5461 22627
7001 18645
30158 16986
11905 3935
770 14723
10563 19489
20274 18081
23070 622
25076 12247
33484 15089
28131 23810
27795 17420
21353 5330
10348 30262
22164 4345
27147 15337
16459 24014
5830 12333
27343 25676
4610 15830
2809 8803
18403 14816
12033 16156
31935 27827
2110 30852
4321 19902
19338 9284
11613 3032
28944 13501
29937 1241
7282 15564
19266 13552
26221 23228
26694 9408
12665 10763
23908 28305
17424 20633
873 14568
11225 26089
4615 6885
2414 13307
15256 10719
7416 32115
29046 13591
18832 917
15495 33786
1314 5033
25339 27864
13245 7815
27500 10621
21650 14709
4196 22080
22976 14493
11409 19217
16183 26025
15546 31422
5737 9869
23876 17219
11304 9930
8041 18729
27376 2721
3992 16371
19199 33153
1823 18844
1056 17343
19852 33503
9844 4183
24329 3719
14037 30573
14634 27125
32864 25748
16498 20318
10599 13417
1585 30245
29611 20606
8146 6423
30238 399
29484 17531
11194 9301
22100 28172
1766 30652
13795 7432
11186 11611
32678 33144
17940 2689
9977 32196
8495 16609
4943 3324
19314 13385
28247 21188
13107 15827
26017 13625
21090 17544
18156 12139
19086 18255
31596 1226
31369 17403
18728 20232
13075 5768
8745 10546
22386 27442
2003 5888
23812 29353
8295 4690
16138 11421
32433 22431
7539 30664
6105 32393
21214 2496
26660 6666
1205 23306
20409 6719
14092 4577
639 10340
25463 16340
33645 18365
13646 9325
12521 28575
17631 30076
10073 22149
32073 19411
18221 27396
10126 25587
23528 19732
9308 1602
6301 11811
3308 30946
5719 27385
4698 9811
22628 6986
25554 19083
8011 22215
23873 19895
9039 7964
727 14521
15221 6730
6991 301
9845 28541
21929 17218
33847 3761
18720 26105
12333 13190
7478 30776
19678 12307
765 28249
5484 32437
31016 3307
12138 1193
892 5046
26317 10195
4322 25056
9090 31108
11646 7481
29113 19567
15376 12937
8508 21687
31683 1411
19171 27623
30236 11807
3762 12171
5593 17324
29316 25458
21397 25239
9078 24630
16702 21395
29428 21485
7720 24187
15309 19292
9455 22921
22709 20276
15344 11114
21114 30589
16374 29437
17524 24143
23041 397
33340 31833
26125 8994
5394 25894
12403 4564
11843 1337
4870 24440
30983 8307
13268 27480
16130 25845
15668 26926
3313 1255
24210 20036
20669 1704
9437 30552
11600 26178
14988 10986
7247 21979
12406 9536
2734 1918
15042 22105
29828 22021
11295 15265
1352 6418
17254 25865
30806 7341
20788 14847
20669 32493
9641 1511
1809 18992
29801 5584
17393 22642
19223 16481
29234 16421
2201 7829
2513 26907
33567 19416
25147 11886
28141 18090
28388 21622
16988 25943
20012 33273
13404 11179
24949 14071
32439 7115
