1011
9333 8290
4919 5537
2364 6992
3565 7124
8298 396
5611 8438
745 6303
2838 2978
6653 7698
9423 4112
222 8240
5165 4000
8424 8923
3442 1835
5198 2827
8446 8075
8607 9827
8317 2950
5537 5842
2346 5507
9321 9476
6171 504
8209 4682
1561 2228
323 1796
8030 1900
6103 928
2067 5839
54 2473
146 1156
6429 9017
9072 11
4538 7592
8452 7897
1101 6871
5791 5561
1155 1236
3674 6376
6257 8643
5301 1465
7056 9849
6602 9952
5516 2924
8693 7005
1570 1520
4428 7695
1197 957
4425 6900
186 3890
3393 5939
2873 346
1497 8156
1565 1157
9325 9724
2732 3982
7696 3268
2999 2312
6302 535
3897 6851
8045 3438
8220 4393
3196 4448
7459 4400
2777 3892
3363 1218
5146 5903
7364 8009
7492 5592
5948 2532
5639 3884
2305 3250
6888 186
775 9779
4460 40
9386 99
6885 1085
9020 2179
936 4736
2804 4795
4637 3306
9429 4190
8034 5417
8639 1068
5726 9002
6928 1106
2445 3830
48 650
7425 3908
2878 2564
7995 2411
2534 2209
8635 677
1621 1079
4016 1146
4099 4527
7857 6838
7449 3547
5694 3169
2377 9726
395 4266
5885 3168
2731 1598
9629 9586
3137 4074
2956 261
184 9270
3177 1101
7904 6150
3277 4625
35 7506
8451 6212
6673 8700
2589 3342
4959 7341
1677 3524
3265 6986
2530 8410
3577 7497
8850 3966
7518 216
6075 9095
9829 1373
5212 1342
340 6982
8891 915
6000 4032
8719 797
6198 3577
2480 2855
6553 8808
5063 3579
6107 5966
1533 1929
8450 7675
6298 2768
3213 234
5905 6891
6898 3188
4471 6272
183 1062
7618 6648
7225 9582
2632 1094
2510 3028
8482 6152
485 8606
3077 7014
4487 9583
1680 5427
5245 1627
5519 3623
5014 6609
5281 7062
8965 9408
4342 1224
4341 1172
9146 5314
4301 6863
6297 3088
6087 3560
234 8448
7637 4510
2205 8384
5791 4629
6050 740
3508 8060
4142 3775
704 4241
4229 3733
6674 1447
5286 3634
5666 9745
3588 4309
873 1906
9295 5836
3394 6116
3818 9434
705 6795
6127 9907
4148 7265
502 6818
5610 9601
2005 6567
7153 719
5716 2701
7211 2950
2677 6964
702 5675
1051 8727
5221 2245
9327 1727
7031 3808
1455 2979
4491 4812
9298 248
943 8587
3031 749
1674 1989
3747 5730
6698 7886
2667 5682
8608 8053
8763 889
3759 7671
3950 9671
3845 5638
1300 2660
1750 9669
6547 6918
3235 1000
6838 4212
3542 5790
2849 8517
4587 5691
8564 8838
4527 6991
7734 2210
3684 9848
8868 3979
7175 5450
918 8885
4023 2822
9334 1603
7246 6241
8040 810
2843 7965
2603 569
8186 5892
3158 2195
4221 2575
458 4185
6647 5035
3146 6032
7447 9250
2281 6683
2782 4673
952 3074
7328 1134
4627 3638
6322 5708
8949 8492
1255 3891
5041 8667
9502 3075
1855 2492
6710 6675
5651 9651
4183 3344
3163 18
202 640
9316 9654
545 1639
5012 2578
5332 6959
8147 7522
7822 5665
3268 3660
659 9678
9064 2775
134 9884
1640 768
2233 5549
9023 171
1569 8593
4123 8614
4632 4550
2098 6822
2569 6828
8579 5622
4529 5353
4060 1523
4002 1589
7284 7091
9435 7891
1527 9026
1876 9008
6007 6684
2737 9188
5600 9587
5410 5446
7413 9341
277 7616
3686 4699
1855 5621
4291 7435
9228 5359
3051 9678
7018 5771
522 2962
9583 7849
3165 2636
4176 5238
6877 6154
5624 4217
5959 2627
2428 328
2485 5097
2410 9395
5753 8910
2590 5153
1098 624
1447 5288
9416 5060
8302 8337
496 5536
6652 5939
9550 6849
2925 5303
9327 3746
5859 1151
5312 8449
686 3916
8841 8641
5167 2177
8164 190
5312 3503
2578 5440
5021 3635
2468 4594
9997 2605
5785 677
8549 6491
7339 2393
9978 8606
7717 1356
2772 5222
1728 8909
7327 4400
1503 2111
1313 7733
9168 9916
3620 5476
9292 4836
8226 2662
4096 5475
9458 8618
6513 4248
6614 3543
7142 9355
151 7399
6106 8108
9807 4210
3361 8174
6590 1822
8773 8691
5724 4702
6376 8383
4268 5508
6525 9264
3859 7231
5691 6972
9121 5493
2428 8064
3392 3191
7386 9719
136 151
6343 4934
2158 9465
2116 1528
8419 1747
682 1455
9895 2443
5170 8160
8405 7337
3841 3780
1263 4590
2469 7430
6004 9427
4972 4504
3221 4737
6083 6123
2342 613
6072 9709
678 5640
4242 2752
1139 2493
2168 9755
5852 151
8920 9206
8487 6379
5435 7221
4799 4031
7355 8495
2133 4582
3766 7806
9254 802
1243 504
3838 7246
3298 244
6184 2247
185 4843
4922 5319
3878 5230
6103 737
4784 276
6614 5828
8624 6611
1189 5827
4032 707
5018 9638
8702 881
1075 9736
4354 2595
9345 9196
9820 2312
7984 1110
9609 5519
4684 7202
7630 2361
5610 7820
2130 4286
3849 5403
3593 1853
5634 1766
2215 8710
6432 8165
7217 9680
9519 3367
5163 6461
6690 6648
5436 516
1285 4262
4377 8158
3472 3750
2108 9261
3020 6151
1471 1786
2805 5373
7007 5655
516 35
9560 5537
2548 7742
9069 9633
686 4146
8374 5133
9266 7823
1929 5493
9770 7999
536 3884
434 343
9661 9786
9056 5584
2239 2659
1168 3360
305 4785
752 500
9011 1546
4496 4367
8184 7572
6655 4940
1076 6193
3415 2535
5799 2223
8450 3726
9026 2550
8261 9094
4807 196
4601 4709
725 6713
1447 2868
8002 7568
1063 8807
4079 6941
9509 2458
9065 4071
7128 3837
9121 836
9017 4766
2108 5778
3553 4683
1692 2134
7271 6704
8761 6953
9286 425
6063 897
1886 5798
269 3810
9134 5120
1937 9271
7103 2270
620 5463
8625 1850
7417 499
7504 889
2408 1143
9846 9936
7916 5945
9425 2794
573 2569
1217 1577
3183 6507
4074 3608
4205 1276
4961 2933
1543 1327
3209 1634
2758 1281
6903 8058
8150 292
1004 9807
3457 1183
8426 3663
9217 1605
4538 1888
4790 1585
3922 4909
2612 7153
4480 1476
2409 6870
9045 7447
6171 9096
5467 191
6612 6782
9392 530
705 9673
52 1766
1661 7068
3494 8570
3325 3110
5600 9977
3886 3392
9860 9999
3936 6273
6967 4357
5986 61
1073 8358
5936 9024
7216 4812
1025 3918
5307 3305
4379 3588
3780 3493
3446 1796
4263 5967
5489 226
1621 2085
4025 6837
9354 2440
4192 140
6442 7707
4342 1024
106 7132
4338 7979
8377 448
9268 8794
6447 1127
9795 1026
9504 5585
6614 3668
6362 708
4422 7824
9420 7938
9784 23
4711 9519
898 9555
6583 1480
2751 924
1156 259
1053 5031
2435 332
5902 5294
8940 5511
5009 7149
8548 2485
8381 636
5425 825
5561 52
7345 8794
4430 8546
2161 5794
720 4976
1643 2188
874 5977
2657 9219
7159 593
1045 3964
9520 3538
9458 2794
7468 3538
2754 1274
8019 7756
4466 9920
250 4088
6321 9516
7199 8540
2241 1866
9896 2415
4149 3584
7645 3716
5996 648
3836 9908
1341 5108
3897 3965
2928 1137
3534 5601
2959 2836
1167 3836
4283 226
1986 4636
4067 194
4006 2640
5011 2480
548 6274
4148 4099
7055 8283
6333 5495
3895 7138
1887 3561
2728 5996
6642 9177
625 4108
7059 4933
4646 6116
5783 6949
5241 6645
5582 5649
4400 316
8861 492
5842 138
4554 3139
4835 1622
804 8745
7877 2246
4065 5364
3510 6413
7916 8422
1537 177
5336 1797
830 9940
9929 7029
9799 3327
6106 94
4214 5668
1164 8622
9788 2765
9904 6577
3934 5185
8359 7506
1843 7223
3199 5104
9720 9629
7533 3912
1048 4512
266 1944
5458 8014
7390 7418
5960 1498
1533 4242
8229 4790
3048 4861
9605 8249
4204 2166
6175 2658
4728 707
2382 1774
6210 4922
965 2766
3582 7276
5924 2074
2616 2892
5959 9972
9759 6641
7659 8527
2667 4642
2822 963
5372 9443
4482 5956
3504 7630
9524 8818
5651 9886
8011 4822
6284 8590
9708 2683
5988 7923
7122 1360
2727 48
7082 9963
315 5781
4122 7270
7287 9349
6290 8807
5027 142
1898 1591
4937 4670
9478 5862
7143 3414
4504 6268
9151 8087
3893 5648
3520 8532
8764 551
5931 5974
7652 1020
8036 9475
1119 8536
931 8952
2250 290
4341 9227
2267 2886
6815 3774
6822 9893
9328 1117
9450 9460
9833 3228
8363 2171
3818 5203
9882 5376
4511 9757
5963 565
1084 3621
7228 1178
9339 3660
9036 7974
703 7802
4106 1697
1877 2436
4626 9567
7608 7597
5973 922
9661 7096
3115 539
3896 8092
9162 6683
5172 8720
8943 1228
169 2655
9261 2607
1522 4512
3138 761
7851 2029
2917 3804
3727 2540
1021 2690
3326 7850
1214 7641
723 4752
5187 6567
8355 9109
9138 4118
7198 5174
2119 8465
3646 8501
4472 2428
6233 9370
396 6479
4338 4980
2119 3863
687 8511
5890 4046
3491 1929
966 6392
9706 8024
8054 2009
2334 3685
1645 6072
3693 3072
7451 2621
5495 5449
9965 434
4284 3350
3590 1256
2502 6087
7749 1479
2606 5264
3472 8414
8091 16
6645 278
8239 1249
4676 643
8496 6670
1257 5870
9088 1313
723 1473
4955 443
9583 1351
3710 8160
9031 4245
526 3697
4063 8891
3564 1929
1930 1750
7112 8011
7332 9431
8051 7669
7915 404
205 338
2165 3852
2165 6176
6922 613
9261 9803
4190 1697
5106 1751
256 9203
2692 3682
8758 2310
5478 3873
6533 3890
2393 2097
6177 279
1345 8072
1943 964
1602 1036
3953 1810
9661 7471
7177 4793
9345 7355
267 7493
5347 5024
5200 1310
78 5537
8585 5999
7287 8054
4048 6263
4727 1851
4573 1695
6826 1003
7374 6192
7427 8997
9361 3608
8428 8773
739 8367
9449 4168
7479 1491
3578 949
4678 1297
2476 7752
173 6480
5513 8012
9441 4875
8857 1929
9078 85
5765 4833
2563 3825
1769 5821
4376 9806
8748 7060
8124 2883
2551 9162
3376 9550
2121 2342
8033 9729
770 4133
8707 358
4676 7180
2337 2347
6990 1793
1142 9596
8508 859
9991 5433
7571 7430
852 1182
6379 7758
7359 5300
606 5588
8974 6642
5628 1073
2372 2860
7208 9125
5025 125
8566 5899
9929 6273
1086 403
1477 8628
9961 2579
2786 2213
1483 430
2856 6571
2636 2204
4721 3664
7796 1886
8490 8621
1860 2166
2921 9698
5630 2913
9553 4855
374 394
2838 4079
8972 1846
7624 2016
9676 4453
2088 8806
1433 3636
3528 4680
113 8919
2613 9561
5361 6977
7324 6579
7170 1982
2391 3006
6553 4213
7840 5155
4955 4885
8848 4523
3278 9860
1278 5495
8715 7622
7948 3389
4628 7552
5575 332
4524 1114
8909 6533
4469 8777
8657 6604
3874 9405
8799 5032
5757 8892
6235 3660
7195 777
4650 1978
1715 3456
713 7346
7175 618
3933 2436
4478 8335
3311 4962
7664 1607
9637 3806
4093 2736
9221 4137
7488 4641
9923 9290
9704 5627
7533 8901
7421 1675
3225 6336
4001 7585
5261 1091
8108 4341
7634 1263
6815 9366
4402 5848
2440 8984
6242 6531
3946 7615
3062 3243
5619 1567
9019 9362
6327 7339
8874 8701
3072 4088
8607 5497
3318 2704
6307 4751
5704 1981
3835 7173
7256 8607
5136 3560
655 5479
9648 5656
6683 1969
4763 4538
2246 408
9110 7484
2885 6743
2706 8791
7189 5336
9856 3299
5900 850
645 6242
929 9647
6884 9650
7845 14
9924 3267
9451 459
7991 897
1621 8824
8326 923
3836 3047
7122 7766
946 3654
2236 588
3112 1898
3703 2941
7583 1831
8554 8957
8743 5817
1557 4806
860 3371
1503 4102
1704 3415
9544 8456
4465 9434
2848 5534
9178 8594
3444 8128
7268 4635
2804 3547
5156 8215
2245 9997
5944 8777
917 8830
5115 2136
634 4317
8017 5187
1241 8372
2201 2186
6401 6767
3978 8882
9491 3252
9167 5782
4590 4796
4153 8856
9688 1855
930 8757
751 3930
669 4649
6466 9390
9718 1657
9907 3428
214 1840
5112 836
1022
1604 6824
5052 630
7162 8283
5034 6281
5820 2165
3481 4698
438 6221
7207 7972
6701 9455
3924 5688
6144 9012
2137 8582
5603 4108
2207 2991
9333 4872
2085 4907
9475 873
1159 3763
5810 4722
1058 3772
8966 8280
4366 2263
1284 4689
5207 7650
115 788
9857 6253
3459 816
9471 6580
5880 4395
2074 7438
5056 8961
2790 535
7505 6246
7367 9028
7208 554
654 9730
1757 5790
5988 7546
230 8709
1837 7874
279 3007
2509 6211
7679 2778
8265 8786
7832 9160
8957 4595
4645 1260
6957 5367
2719 8692
1744 8269
6135 1270
1706 7383
8667 2574
4442 5875
4502 4389
2817 8947
6047 3751
6201 1653
8867 3872
9034 7686
4760 8143
6869 3055
8294 2099
8429 6518
4505 4635
5420 7004
6488 5825
3283 3076
1647 885
7622 241
4138 962
1376 3742
1842 3737
7377 6149
5981 7283
6524 6177
6457 2046
5937 2213
3928 7279
1469 2973
3365 7769
1329 5502
6919 4355
809 4560
8261 230
9940 1318
8534 9290
7718 2590
9325 113
7389 3432
1266 8130
8860 6335
2275 5053
3950 6096
6809 3165
6092 6572
9233 4048
4848 7599
4570 7323
1454 1106
3113 256
6720 5327
399 610
8624 3364
4098 6855
933 2150
162 3061
2049 9735
5497 6826
3213 9451
4444 85
4296 5150
8698 2801
3261 6909
3674 9964
3778 1178
7741 8893
6479 1483
6596 9513
1753 1750
9081 8018
1475 6366
2313 5272
6920 9653
5175 8443
8778 2229
8738 6925
4703 9228
685 8333
4503 1592
4313 4805
3749 9511
6400 9902
2725 663
9749 2011
8619 3499
9132 8427
1419 8370
1460 1465
5563 6938
7524 8341
1846 4541
7845 5931
9845 5258
8547 9544
7080 5109
9051 7026
3460 1192
9690 2634
3461 5344
7619 482
6742 1993
4227 2672
20 3723
4410 7680
7228 7942
9690 1631
9750 7721
3216 3031
5248 3002
2096 9630
5421 8452
5989 6564
5174 8044
418 1234
2563 4380
1677 7830
4600 4655
1256 1070
7737 5419
6204 9838
6055 7647
1556 4136
3338 1947
237 1595
8961 872
575 7460
5690 5532
7900 1208
8476 1785
1834 6253
568 7275
718 562
2826 5823
7437 6064
9572 2228
6715 1004
8476 47
9824 7865
8029 8376
2656 1567
1053 2446
820 2737
4844 5376
7260 3470
1638 1925
4253 6119
5705 4449
4559 2743
142 9884
8153 2968
5440 3296
867 7451
7606 2415
846 649
8553 8056
1364 7290
6629 3557
7505 181
4072 8136
3637 6623
7198 7277
2560 7073
5119 9810
2372 232
8801 5246
5484 5034
8110 902
750 521
7422 1853
4807 5723
3642 310
4861 3945
3286 1795
6479 1311
8819 9213
132 1323
6615 4197
5263 8825
7882 8934
7136 4677
1226 3618
8080 6990
3288 8372
7174 4680
6264 6636
4214 616
6512 1554
3482 6968
9263 7456
9024 8207
6942 5681
4779 9062
6128 970
181 8007
4238 8951
245 5412
496 5555
8882 2309
4734 8993
4211 7674
5279 8396
4635 6983
8355 1364
4149 9220
9937 8039
2970 9376
1272 6925
688 401
6427 6649
2373 5697
388 5464
9163 7364
7341 4603
9048 3473
5858 6292
7853 4618
5975 6078
7982 8674
6753 3166
8130 8320
8572 1307
7518 8701
385 464
4449 9089
7519 8691
6765 1305
3502 5319
7657 1730
1279 8261
3300 4793
3168 6845
3687 837
8839 8711
6164 3598
9802 9874
6508 6691
6783 1325
8852 3121
6799 3663
9550 2181
4169 4676
5571 139
9844 522
9268 8654
392 7377
4476 3060
4156 9497
2142 1193
3581 1827
2465 1607
7297 3721
6739 7992
6516 2299
6302 9187
2362 580
3950 8785
3921 477
8724 3081
9118 483
5540 5741
7278 2642
3473 768
8615 6369
8244 7269
2350 1445
5440 3802
3400 4241
1435 1718
6856 8013
494 6882
7836 607
8163 5550
7182 2721
481 5601
7780 3831
8747 6241
76 7626
9494 9022
1957 918
3592 6922
222 3694
5325 2538
6183 9272
4790 1806
6398 8999
5122 3212
4990 5367
9719 3354
2665 4661
8785 8139
1248 8682
5919 4464
7336 1519
9199 1071
8978 3148
6687 6138
3047 2877
8514 7465
203 3900
9527 3334
1177 4004
4810 8877
4120 8415
8045 9407
4721 3920
1339 4122
7694 2705
2356 4345
7469 4343
4774 5591
7372 4301
5248 4012
1871 3225
8463 2331
3714 7693
4345 6347
5552 2329
3952 7576
7647 5460
8160 2789
2098 6894
5854 9835
2436 9139
3734 3677
9748 3112
5026 9480
5235 2768
3058 8971
1755 9630
1077 2650
1484 5507
8323 9292
7517 6060
7546 4570
3577 1101
4972 4407
3873 4090
3130 5459
8863 9080
8226 5436
7653 1203
3806 448
6010 295
6556 2485
666 420
8672 9480
799 1984
7916 6810
1965 3845
9071 9715
7855 2572
9737 3432
1205 6307
2767 9306
1668 7371
7265 6141
6538 3487
7169 7353
2869 9285
9179 167
6894 7447
1657 8610
7867 8283
5056 1147
502 3992
6653 52
6152 1443
8535 402
9303 6237
2324 5003
1704 233
182 662
2393 1303
5400 2804
6345 2764
4821 518
3427 9180
5340 9401
4945 5758
4583 7909
5129 8308
6030 1248
8174 7704
5155 1894
7809 8345
6356 3192
418 8889
7239 1669
5800 3853
5263 2119
4283 3370
9468 5962
2998 9790
8300 7020
5716 6305
5855 8955
8826 4043
9530 6679
8769 1504
2731 8488
9623 9205
5639 53
3527 3191
7988 4842
8028 8920
4891 5296
5482 2853
2185 566
2688 4388
2286 6857
9781 9666
455 6994
2840 4
6122 9650
8544 5428
9394 375
5512 816
421 2996
4133 2193
6551 3257
2719 1195
78 5327
8166 1787
5053 7983
7871 9400
7788 578
722 1498
5057 149
144 831
869 3195
1292 2255
8789 9598
3858 1376
7329 139
7455 8652
6337 18
8126 3326
8893 1350
3181 7628
6655 6475
218 1939
5310 2726
245 2216
5204 685
3671 9548
6632 9027
6046 9330
7351 2177
1970 2478
1495 6972
3831 7633
4236 6827
6306 8414
6366 6914
7258 143
1557 3748
2965 4124
1928 9749
9236 2075
1376 3670
9460 2443
2622 955
9323 2957
317 4222
222 662
5091 1687
5205 7613
2162 6894
7236 6527
8036 9088
6991 6974
7612 2980
3315 4345
9810 5989
8151 4452
3302 8299
6815 5858
7103 6205
7142 9000
7560 8593
8543 3180
6128 1321
5341 3090
9545 7336
8361 2944
3113 208
3406 9732
6608 5804
9072 3911
4617 383
7184 1399
8390 6568
1122 5910
7691 8150
2505 797
2597 4424
107 999
3141 6594
3010 7760
5871 5513
23 277
6201 4649
580 3819
186 9588
778 8249
4907 3006
7939 4087
7418 6955
2105 4190
2227 9173
7611 458
2340 113
3037 2980
7837 6683
9893 5557
2673 6181
6995 1735
2413 5932
4021 8162
7862 7458
2980 4737
193 1236
2280 3177
8817 4333
2460 1974
2818 7111
3004 3490
7250 3729
9070 4404
4011 5351
3774 1838
7325 8382
1794 2315
4189 5349
3157 7831
7251 4463
5088 1456
5903 4820
3587 508
520 572
8039 4926
4823 120
2303 7954
6283 1572
5558 8743
8273 3406
9728 1182
8375 1104
3635 2373
1602 514
9382 2373
8147 5764
7523 3002
7640 648
4284 1804
5466 9211
2844 1103
1343 7439
8994 7895
8658 4016
4323 3200
9110 188
7562 2488
6277 3403
884 4774
7830 3958
543 3250
3501 5782
6741 9665
6321 7789
5087 6383
5784 443
1032 8960
588 5418
2956 3759
9954 9826
8067 5504
8740 5219
5225 1855
5812 5786
7482 9680
7930 8962
5870 9182
4315 1570
9997 2410
4252 577
2765 5970
3522 2289
6771 4102
5500 9403
4869 1701
6160 7638
6763 2085
2808 2056
9762 9335
47 4404
3936 5294
1465 295
7041 7798
3422 1440
1502 1860
1722 7381
3555 4446
378 7155
164 1222
9283 7921
4698 5005
5897 8076
787 237
5481 4628
9385 6922
8619 7099
3894 7101
9070 3804
408 5512
2722 4676
2281 4273
7281 8118
7937 7202
9135 1850
6514 590
8886 3131
2781 2410
9590 6098
9905 7645
1007 2649
8686 5141
5333 997
2071 6635
4359 6192
7408 6180
9625 3169
3068 6546
1653 5739
9987 8182
6885 9582
9602 4432
6665 642
6883 6196
453 7979
8516 2853
2849 2451
9625 8290
9288 4343
2194 3314
8960 6349
151 4265
6612 4061
355 8782
4585 3467
9432 8377
749 9485
5894 4850
2119 7813
1609 2545
8857 6327
2774 5219
1712 3168
3639 4118
2419 6278
516 3304
6103 1590
9597 8156
6739 3703
275 9797
5840 8031
2105 9942
2341 2705
3105 7781
7019 7637
3879 165
1230 1
9584 2478
7332 660
9445 1746
6298 2960
8181 1549
4280 9352
1397 2989
448 7266
9363 4876
9930 817
1086 7886
3824 5402
4328 9356
1249 7932
7952 762
7708 9885
1125 8542
4147 7414
2635 4761
1348 7513
9633 4905
3931 164
400 2309
2580 318
4948 2245
2931 2105
4289 3749
6394 1609
2422 383
6102 3100
8265 8203
1522 1191
2188 5087
546 832
5712 3956
5309 7705
537 6434
414 168
4600 1141
5014 6529
788 7037
9041 8730
4403 8127
2342 9215
9286 7312
3084 7792
3868 6202
6161 1460
6928 89
7634 8375
6223 8710
8380 7162
4555 6119
7439 3298
3554 7419
7261 9573
9378 8347
4493 2616
2058 6663
6646 9294
6051 2414
4706 3101
2031 5104
6896 5818
2379 7329
548 9243
3075 950
5013 779
2577 807
2803 8600
9138 7832
5934 7465
9609 3443
2205 7372
9384 7505
7512 5152
1893 3631
9465 214
9855 5422
5704 1613
3923 5486
5025 2545
9240 7640
8027 2543
957 646
5017 4667
3323 9758
9198 1386
5870 473
9336 206
2583 3701
6873 5656
4156 2234
6524 2181
2160 362
7902 4751
7714 5538
3670 3450
8533 7393
289 1664
5816 5498
8950 9436
9957 2935
84 5546
5856 5804
8821 1781
65 8052
6272 1618
1867 8038
3270 3234
4306 9135
4176 5520
1320 1172
1972 4703
6963 7240
1976 6630
6067 3171
357 1714
2292 9837
6680 9859
7601 2695
5151 4018
5994 9390
6949 8738
4405 5099
3696 2280
3204 2242
990 3276
1784 3794
3784 3394
3341 9380
9268 4330
6717 2302
7189 7020
3964 1072
4537 3297
4340 9684
9837 6115
9929 2971
8011 8709
8304 5939
2635 6306
8002 597
399 9373
7628 3596
7598 395
1449 7397
8968 4403
9201 4022
416 3837
4689 7771
5876 9600
9243 4962
7665 8066
2606 4950
9031 5193
5864 9910
6441 3826
7611 9211
8521 3961
4841 1332
1787 215
5639 3548
418 4210
5337 1826
3640 4868
2481 9379
1430 1374
9525 9187
2762 6777
6714 5637
9992 2217
9005 9474
1921 8936
6136 7035
7351 3298
4682 7779
4809 7827
8396 5042
4522 9862
3324 9493
2721 2882
9572 8599
6597 5459
4727 3271
7980 4356
6998 1109
9738 1742
5289 5238
1154 6566
7005 5658
1081 3575
576 4983
3101 5878
420 6641
7583 489
3097 8750
8968 7755
252 1863
149 2340
2602 3035
3757 6212
1995 9701
1580 7546
7599 7825
6943 4196
3767 9362
9174 8038
9236 7357
1914 9389
3512 3886
5540 7538
2338 4431
8204 2332
6346 9178
7196 1013
3803 9508
423 3837
9170 3984
8613 7869
694 4573
5209 1595
6788 5826
2520 9010
1073 1311
9056 9525
4373 8201
160 6286
5177 8373
9262 1577
3919 8826
5134 9450
564 7738
6951 3101
3602 6979
9248 6710
9741 1286
3617 1339
2227 6068
3366 6332
2562 9350
7357 3502
4414 7257
4708 1868
3796 89
4518 363
7081 6205
3488 6474
2471 1911
1992 9462
3117 2514
9314 2686
3360 2470
2927 2861
9805 7487
6724 1226
1918 5205
4513 1402
9969 2401
9778 6989
9678 7286
5271 8382
1018 6759
923 7392
3428 4704
8207 1329
3697 4662
6074 9682
6840 8442
5725 542
8135 8074
6059 6890
5670 5937
3331 376
4628 4365
1301 563
7110 6345
5839 6491
7956 4424
8846 7545
5202 6390
7224 2449
5009 1136
4747 7342
7207 9988
4081 5432
9708 3309
2966 5327
1653 4756
4650 7088
4659 5934
5503 9176
8180 1893
9268 3573
7779 6777
2094 7760
8692 6481
7566 9269
4807 5948
