1000
549 322
262 300
501 395
474 373
488 467
382 528
478 181
666 539
542 173
181 159
454 324
582 32
227 123
377 142
557 442
543 210
248 242
172 352
568 408
441 373
251 628
484 433
592 652
622 600
82 435
270 209
493 540
301 484
112 323
117 209
417 509
185 441
259 131
30 41
490 301
588 462
225 242
509 291
346 640
238 557
561 211
481 136
455 249
518 623
9 57
574 330
283 458
101 329
75 344
236 310
132 271
56 345
339 596
406 504
197 100
207 333
665 581
315 388
45 179
262 578
232 452
434 31
310 121
472 322
384 153
226 89
54 595
39 109
320 196
360 358
174 198
178 368
502 449
93 119
159 171
206 41
469 38
6 112
469 90
232 543
234 308
180 239
38 158
294 366
260 616
621 297
653 599
347 569
575 226
616 386
131 184
187 80
394 494
351 111
339 123
419 632
516 401
142 282
496 108
481 351
504 662
580 265
197 412
322 0
637 291
334 439
609 53
237 607
621 189
505 270
341 409
124 290
33 71
65 440
414 386
112 366
228 428
266 229
529 276
90 52
306 508
403 548
27 617
202 396
3 643
176 158
136 341
207 297
0 623
104 216
26 276
602 476
343 253
134 204
82 340
556 9
491 593
658 652
89 260
51 283
200 439
578 120
563 450
520 63
101 252
181 494
600 57
623 77
47 260
527 356
411 120
453 229
567 235
614 378
85 73
570 653
529 36
171 65
405 227
46 369
216 534
664 213
482 307
276 149
222 210
560 123
581 64
367 140
630 502
417 240
518 215
519 481
465 160
399 665
391 164
239 416
124 502
408 532
544 486
13 612
466 614
104 144
328 303
255 571
345 572
497 66
103 165
380 163
65 14
558 458
643 649
290 426
639 359
467 54
390 17
590 625
25 107
39 213
199 54
417 180
199 43
302 523
216 353
162 447
20 362
290 205
600 267
166 5
369 23
614 222
525 497
306 48
110 282
350 634
384 379
499 464
273 597
504 379
90 198
133 95
551 430
433 319
295 431
27 343
222 175
142 539
646 235
99 90
257 409
330 663
145 78
67 295
53 277
71 482
101 164
266 13
221 503
460 415
324 13
312 229
265 235
544 627
213 357
143 251
443 483
372 379
418 265
13 584
136 531
97 87
428 528
439 575
586 100
131 359
244 638
247 178
561 565
639 516
196 180
241 43
152 490
307 467
558 344
658 251
498 35
311 289
399 556
388 395
322 18
614 577
251 15
596 383
404 652
30 9
524 642
632 555
390 472
190 28
219 354
304 251
207 201
207 590
653 304
618 3
54 286
516 324
408 27
518 218
240 8
353 385
397 275
402 377
317 219
212 391
167 503
51 497
128 580
258 243
210 499
545 158
327 367
183 528
209 354
547 39
33 564
96 307
508 593
379 645
216 41
66 328
70 534
160 659
366 191
310 219
649 359
597 481
400 174
154 277
125 363
182 373
136 216
153 326
372 4
474 399
386 18
137 115
347 129
350 523
269 367
347 489
460 274
628 37
339 239
128 614
293 534
101 80
39 336
359 26
593 602
192 174
662 51
617 376
23 469
79 26
172 628
525 100
426 320
6 165
269 574
271 278
184 218
641 288
521 383
405 345
655 119
176 162
293 34
360 237
186 387
466 223
419 377
41 220
183 129
14 436
342 142
627 615
272 238
297 604
289 515
610 361
572 556
367 164
414 59
657 663
528 638
78 390
213 31
59 642
16 7
11 560
440 100
427 453
150 385
264 477
468 338
142 633
361 423
586 481
451 551
367 480
206 205
605 508
150 489
182 554
352 140
39 184
147 579
153 76
131 168
299 285
619 456
345 95
153 581
641 575
217 263
90 504
417 325
603 241
25 654
220 34
42 340
487 303
546 629
659 276
488 66
294 194
495 66
65 563
560 26
567 633
117 317
543 484
618 345
178 469
511 399
523 225
359 439
547 91
275 658
117 620
68 544
378 465
577 264
629 547
123 7
41 631
118 218
313 111
258 241
464 642
159 14
136 265
170 248
651 659
352 462
483 470
370 542
475 187
603 429
149 143
445 63
463 196
225 620
169 303
459 298
109 51
34 439
474 211
258 565
644 623
304 83
242 423
426 16
657 110
159 77
66 113
428 495
564 219
627 620
357 373
113 343
592 181
164 260
415 174
292 25
47 302
389 197
41 483
37 37
464 160
295 463
511 329
539 116
66 383
517 246
579 662
319 424
610 558
520 514
127 567
129 207
631 111
315 583
618 236
292 515
366 221
293 343
521 466
159 371
347 95
87 29
43 520
406 420
10 277
417 660
457 531
578 377
393 136
596 228
396 446
117 289
624 54
656 343
604 568
564 342
196 488
142 607
249 82
3 221
314 610
408 19
647 382
248 256
70 593
278 304
44 79
451 644
370 337
565 31
238 14
278 11
303 119
109 146
268 407
179 609
258 94
100 493
200 140
496 530
224 533
31 426
105 242
600 530
32 332
650 139
325 269
114 264
484 13
122 435
48 622
344 360
622 382
306 629
631 365
342 484
634 345
506 257
323 493
518 437
111 504
257 608
615 425
77 84
230 501
460 152
384 627
107 565
384 74
373 272
78 331
296 318
426 464
50 508
349 428
59 41
352 383
214 457
131 370
55 209
235 411
623 390
432 351
331 420
392 443
10 622
232 124
100 437
199 130
629 168
49 345
549 480
191 300
367 557
326 594
253 59
220 455
181 151
322 413
315 427
388 12
634 121
157 553
533 16
405 86
622 227
107 162
608 469
203 339
214 121
497 567
641 217
434 28
167 254
602 446
639 431
137 637
301 485
381 576
545 454
326 316
246 388
657 597
506 185
321 642
275 280
344 240
407 396
439 196
503 475
109 426
213 623
237 296
170 105
544 123
183 235
397 147
585 298
167 180
658 364
533 220
430 664
23 98
282 469
527 431
217 174
430 637
44 574
55 240
163 252
349 328
439 624
515 160
306 614
658 645
162 465
624 154
285 486
29 471
61 288
194 352
81 183
430 611
84 596
4 418
136 522
223 494
559 292
655 479
483 656
178 405
604 97
190 276
347 67
624 339
75 186
41 557
429 454
127 436
260 84
325 16
229 88
492 425
53 504
640 550
557 491
322 353
634 443
431 395
245 391
121 145
228 343
306 253
70 638
233 99
457 405
127 409
600 529
21 517
106 567
273 373
278 267
332 101
655 445
219 494
344 469
229 183
202 368
13 33
653 503
626 218
663 337
20 351
518 1
621 664
522 176
198 188
79 111
541 493
437 149
213 30
410 312
248 281
282 48
52 230
401 538
564 279
552 78
123 186
333 357
580 1
234 163
285 490
363 53
294 318
642 9
208 243
590 437
537 403
2 330
592 160
315 146
161 357
337 1
476 379
58 590
6 91
50 632
515 611
578 148
572 640
548 193
306 282
449 116
58 21
88 266
192 42
510 233
5 315
32 382
183 363
337 153
326 497
460 182
281 520
595 121
375 394
71 610
476 225
664 278
3 640
631 363
623 177
517 10
596 443
382 234
354 459
105 665
50 157
456 380
33 329
315 597
169 565
591 637
486 53
374 291
68 272
511 146
112 212
343 2
238 335
518 405
577 293
441 473
132 79
136 175
289 544
566 198
349 449
16 13
229 209
587 23
628 647
544 194
341 55
152 658
298 631
128 515
444 456
529 252
165 304
627 649
452 666
531 70
175 116
563 548
529 304
603 453
300 212
45 302
510 475
528 474
584 622
42 375
232 83
293 583
657 518
203 662
661 637
665 52
499 77
348 202
505 198
179 513
525 226
659 653
56 186
495 272
572 483
566 85
321 0
341 101
500 161
572 120
4 574
74 397
584 541
351 88
20 385
661 324
420 17
328 510
0 142
406 642
200 585
172 223
553 411
217 303
34 540
241 547
203 282
381 132
279 195
516 388
8 568
620 460
532 69
355 405
58 312
462 401
13 354
147 348
538 93
649 556
143 448
148 128
522 632
328 631
498 473
223 344
551 207
590 191
506 579
198 123
184 592
1 515
14 608
627 417
231 302
256 54
540 464
74 163
203 431
624 214
81 638
561 425
462 289
91 100
319 54
179 590
275 325
599 83
288 446
518 516
355 334
236 582
456 124
408 512
78 236
290 222
402 395
311 520
368 532
22 604
337 375
15 422
113 39
110 258
91 98
470 228
78 366
361 244
619 518
587 624
273 289
618 473
350 531
85 616
421 557
158 569
643 410
246 101
391 544
250 203
184 657
368 480
337 37
595 497
586 268
116 386
666 416
242 162
108 225
446 453
376 654
285 568
521 145
534 277
113 307
62 544
277 632
179 470
579 88
106 217
114 34
552 614
50 304
617 426
36 222
395 601
13 578
67 82
452 540
240 354
547 72
238 265
113 389
30 0
52 458
234 236
570 493
389 159
38 458
455 232
447 552
217 643
519 5
453 221
302 468
163 311
97 488
253 428
340 571
548 95
452 457
330 284
371 362
464 373
586 274
242 301
333 257
608 287
323 424
29 375
82 30
517 90
127 244
193 652
106 416
639 48
417 314
1000
549 536
569 219
221 0
610 116
559 520
487 445
108 547
64 152
309 392
37 567
645 163
272 539
270 415
103 16
646 35
6 116
235 217
600 566
380 549
378 301
547 200
308 200
596 36
291 625
157 501
47 407
591 213
424 65
176 377
91 368
446 121
47 43
474 171
6 586
71 461
600 543
50 518
665 258
501 446
540 111
209 448
114 212
343 548
131 605
140 475
15 562
664 433
263 386
146 352
416 517
400 69
20 585
38 88
360 661
94 631
49 180
392 343
399 473
660 250
18 281
465 170
580 234
135 498
166 527
540 370
268 651
66 454
4 22
420 420
197 365
91 52
265 623
254 45
36 171
62 158
619 527
223 506
87 90
618 166
153 257
186 268
628 224
344 230
530 550
218 41
163 533
175 213
501 258
462 578
408 611
55 234
621 439
256 4
658 321
494 124
89 298
462 100
453 29
640 564
521 619
306 382
614 442
398 341
657 49
111 165
577 137
264 292
383 395
275 475
439 633
44 45
203 205
177 373
271 383
254 330
176 245
599 347
334 23
278 573
27 631
414 225
227 304
528 96
473 166
462 250
468 135
139 288
282 520
480 635
259 511
323 512
61 88
86 294
282 117
53 45
529 177
646 357
30 412
501 391
652 468
109 233
86 516
296 657
141 638
2 172
69 306
254 269
22 192
138 169
418 507
507 478
239 472
237 466
406 256
411 152
356 491
605 380
264 277
381 279
106 344
70 297
521 566
576 134
152 289
532 384
565 571
596 520
515 196
105 238
656 517
168 655
210 161
568 584
103 656
666 640
660 573
231 159
189 99
584 333
152 345
429 261
270 282
648 352
314 423
658 464
599 316
427 567
135 361
150 599
61 469
647 188
266 300
185 136
211 223
643 349
421 403
154 451
664 350
17 332
495 405
648 520
464 315
447 302
183 582
334 227
546 516
245 196
623 520
303 602
473 300
449 208
95 641
588 596
571 576
216 505
293 144
236 429
232 91
106 56
653 260
604 665
504 165
104 120
294 644
151 622
141 394
43 31
247 535
330 544
233 56
497 408
435 13
247 303
184 428
642 522
175 279
174 556
13 560
661 508
419 651
509 650
369 188
159 587
600 283
383 555
577 289
255 328
178 607
359 91
165 373
288 590
631 276
642 348
584 480
444 536
41 515
306 478
639 665
423 125
443 346
266 305
596 630
411 638
620 596
132 8
529 419
291 420
426 69
194 301
431 336
542 426
299 305
346 44
47 510
239 410
24 524
262 468
569 553
57 569
360 564
228 30
398 596
245 415
599 154
537 410
231 538
337 553
432 432
2 443
87 199
33 393
169 111
404 634
303 646
194 404
497 665
603 201
613 528
624 354
606 186
97 341
562 400
300 459
418 184
127 184
645 79
485 292
603 631
333 626
544 455
153 308
423 229
46 282
192 81
90 281
128 54
260 192
186 132
486 519
481 238
279 145
382 241
288 663
37 102
65 500
70 449
66 346
111 533
159 5
656 120
185 137
523 312
185 127
198 475
325 271
320 413
75 113
617 489
56 442
235 22
180 163
320 120
505 384
514 241
33 43
50 528
621 544
208 178
561 581
150 191
396 83
448 71
66 468
305 452
351 588
290 523
300 85
174 0
119 652
70 20
536 242
5 456
67 55
496 357
20 32
206 657
610 319
292 340
320 556
161 44
165 564
581 74
282 92
220 194
95 80
563 23
376 202
584 91
490 175
534 643
403 90
466 47
115 119
268 278
366 207
389 568
299 503
324 532
77 504
265 148
282 2
650 489
365 559
242 108
120 219
343 577
651 143
614 20
506 621
306 448
581 517
327 136
73 92
521 237
491 518
5 110
172 328
302 59
450 318
7 514
599 1
222 663
358 306
79 456
395 184
198 411
443 4
492 73
567 371
19 309
607 106
491 55
446 69
203 8
78 358
578 150
121 501
590 650
605 275
404 476
646 534
296 118
85 439
588 56
146 380
217 499
43 544
437 350
509 187
448 323
419 144
595 623
58 545
230 196
128 499
463 641
46 134
532 333
66 334
41 221
207 306
585 82
335 545
0 590
585 465
37 187
15 511
255 155
149 475
221 425
232 650
79 595
419 9
104 559
129 57
56 433
491 154
271 526
459 525
62 564
652 530
155 335
425 130
70 163
611 110
286 195
396 420
154 147
73 630
566 236
556 160
422 444
182 346
273 111
187 398
583 311
346 23
189 120
236 141
197 516
286 537
82 163
214 199
159 334
481 135
56 144
580 608
318 387
333 333
175 57
251 55
121 82
192 577
483 128
406 558
314 33
539 340
204 410
107 151
461 417
401 29
203 416
459 610
599 424
303 260
610 511
85 438
391 149
159 485
32 438
478 51
15 239
563 37
416 382
608 161
343 188
103 207
134 619
531 97
426 611
406 601
347 646
162 632
447 276
598 618
214 413
496 229
72 205
170 413
332 511
364 0
621 340
604 423
166 303
441 291
296 666
295 412
180 382
242 352
567 369
541 120
73 367
470 543
55 577
661 559
584 35
533 641
367 528
11 94
429 340
605 477
242 357
452 541
230 485
492 619
123 548
39 472
372 325
275 39
338 476
561 4
419 653
191 635
344 29
662 109
86 519
397 230
444 258
657 186
512 170
318 211
642 544
135 157
207 633
247 125
99 359
627 140
356 665
578 76
280 321
349 34
438 488
330 299
102 387
501 287
552 614
10 126
97 482
240 564
83 260
133 196
200 130
160 384
194 132
171 638
423 233
75 455
493 43
230 211
224 415
54 261
91 591
185 468
365 499
323 206
356 651
28 603
530 402
125 474
613 200
415 542
242 608
450 202
492 172
57 627
475 484
303 424
275 44
353 2
67 449
264 77
190 570
281 587
67 283
457 86
418 620
564 578
446 485
358 592
78 339
185 102
235 536
115 163
389 606
612 27
269 368
581 495
65 268
278 427
269 386
183 213
342 396
215 313
213 17
610 197
4 617
417 451
347 371
197 559
212 308
5 492
589 663
104 479
663 99
471 350
229 570
159 461
70 356
144 560
581 664
469 319
274 377
351 160
102 416
51 257
621 17
81 530
98 179
382 28
272 441
85 566
653 127
30 262
48 129
608 506
651 97
414 356
214 500
641 51
333 312
65 136
126 167
376 496
11 422
15 67
13 246
492 91
106 90
567 535
146 614
640 126
24 192
9 0
413 408
338 635
159 600
148 630
361 359
480 108
558 608
406 108
212 187
56 22
85 331
539 622
468 254
647 311
193 127
399 47
547 29
518 348
140 572
239 212
438 442
437 534
110 235
161 418
580 497
434 219
376 455
292 419
559 585
358 282
170 54
38 565
190 473
396 433
595 662
437 96
35 143
478 65
258 403
271 616
260 53
79 227
494 158
95 61
336 602
431 511
488 491
11 464
174 395
186 106
468 424
398 605
165 381
137 189
319 134
486 526
190 541
61 253
531 213
21 387
472 197
588 70
623 26
448 244
79 356
400 251
39 62
542 299
516 274
151 438
447 66
360 628
395 355
9 461
205 521
248 247
280 104
99 82
161 514
490 64
295 605
453 370
91 362
464 311
645 209
135 491
479 233
70 357
634 600
100 147
31 598
84 394
274 556
58 57
363 441
280 51
145 270
426 512
586 177
340 499
135 2
446 482
536 44
245 382
366 192
659 238
244 364
354 77
515 475
413 517
630 178
374 397
205 614
316 69
322 124
496 142
455 343
77 307
484 71
21 340
541 578
103 585
571 568
337 460
290 197
583 316
618 179
658 484
590 514
367 514
641 469
77 351
90 435
431 247
565 127
189 606
198 394
31 510
363 85
61 348
58 24
608 505
465 477
276 256
383 234
511 631
611 230
410 65
128 250
66 344
396 43
366 67
496 233
399 308
385 463
83 19
643 34
275 220
496 40
245 380
353 549
145 468
295 547
348 273
419 302
66 263
294 434
606 605
608 97
519 493
53 490
396 582
187 369
570 424
193 326
298 2
605 169
404 154
62 620
163 63
294 652
12 650
592 400
258 319
407 25
175 262
437 85
385 368
196 543
649 392
524 340
25 95
156 189
173 587
447 63
371 595
52 473
59 529
357 160
124 531
523 301
219 438
418 601
72 308
194 482
62 453
648 247
488 488
344 171
23 491
512 168
473 140
333 55
156 628
535 486
585 196
583 208
108 238
473 96
335 38
287 356
341 362
218 630
559 259
396 574
363 271
473 18
438 305
121 654
344 239
543 599
268 74
281 120
582 191
384 149
555 275
533 129
326 305
274 545
17 634
320 270
430 337
70 529
2 132
444 427
3 265
74 639
547 521
8 493
357 158
592 632
133 113
563 175
313 611
124 622
318 16
495 445
588 417
555 304
408 327
262 608
396 146
57 411
390 244
154 173
153 260
656 13
187 96
429 539
29 260
581 48
147 423
66 208
10 434
64 208
540 353
447 560
617 458
213 407
343 468
624 57
223 310
491 342
52 363
225 505
620 360
369 198
390 205
121 275
614 60
250 124
409 109
197 658
471 155
611 189
607 325
649 609
