1000
2364 2991
2459 2202
2486 2613
2051 2661
2301 2215
2331 2338
2878 2292
2826 2720
2752 2081
2884 2101
2989 2698
2341 2061
2546 2037
2703 2551
2783 2382
2189 2491
2361 2389
2490 2576
2733 2588
2118 2258
2105 2078
2472 2234
2758 2190
2232 2152
2945 2436
2269 2963
2415 2030
2992 2301
2296 2187
2112 2126
2999 2548
2951 2167
2653 2309
2505 2941
2565 2404
2550 2891
2516 2477
2254 2191
2783 2976
2145 2365
2734 2562
2962 2942
2526 2447
2683 2018
2303 2242
2739 2836
2558 2730
2904 2922
2600 2344
2639 2527
2458 2804
2539 2141
2617 2683
2968 2892
2190 2955
2262 2739
2394 2249
2756 2797
2707 2182
2397 2649
2850 2938
2613 2299
2433 2637
2735 2917
2930 2996
2966 2646
2203 2241
2067 2568
2496 2943
2200 2182
2273 2598
2737 2727
2276 2905
2826 2693
2573 2409
2970 2785
2235 2502
2751 2051
2670 2503
2433 2786
2827 2466
2700 2569
2004 2882
2394 2340
2238 2599
2045 2970
2286 2510
2430 2174
2886 2774
2698 2073
2640 2582
2495 2934
2975 2333
2793 2771
2337 2916
2201 2413
2319 2844
2878 2581
2565 2961
2563 2677
2700 2201
2800 2331
2369 2848
2541 2482
2808 2439
2945 2550
2779 2165
2624 2479
2088 2502
2234 2861
2562 2588
2232 2037
2175 2132
2884 2813
2137 2058
2736 2603
2345 2674
2675 2219
2548 2671
2960 2247
2579 2794
2506 2053
2651 2336
2511 2654
2065 2023
2945 2704
2176 2415
2704 2372
2624 2107
2269 2622
2008 2712
2744 2991
2863 2715
2235 2278
2938 2551
2855 2376
2598 2453
2335 2117
2912 2805
2615 2976
2066 2381
2102 2992
2626 2925
2676 2501
2489 2541
2285 2990
2238 2731
2123 2951
2032 2654
2593 2260
2200 2287
2136 2813
2510 2550
2232 2692
2790 2334
2485 2990
2613 2023
2132 2474
2416 2564
2907 2061
2815 2052
2530 2901
2626 2625
2768 2267
2841 2129
2718 2218
2439 2907
2176 2279
2413 2353
2722 2458
2821 2541
2679 2952
2990 2661
2926 2921
2391 2657
2175 2751
2978 2717
2851 2442
2857 2842
2607 2532
2465 2042
2068 2705
2617 2341
2577 2489
2932 2195
2988 2230
2267 2228
2965 2029
2924 2021
2034 2249
2111 2049
2769 2833
2730 2867
2814 2978
2444 2141
2358 2708
2929 2573
2044 2722
2029 2971
2495 2237
2848 2427
2553 2966
2629 2887
2285 2559
2995 2328
2858 2873
2680 2086
2755 2860
2652 2342
2218 2943
2526 2805
2895 2582
2205 2006
2014 2978
2653 2712
2407 2454
2520 2793
2641 2636
2723 2543
2412 2077
2503 2279
2641 2841
2253 2958
2810 2327
2301 2255
2025 2571
2443 2842
2624 2012
2141 2193
2401 2674
2411 2704
2513 2412
2493 2255
2652 2294
2838 2430
2844 2008
2004 2288
2580 2874
2463 2303
2832 2575
2397 2543
2575 2764
2062 2301
2451 2729
2633 2361
2267 2405
2090 2215
2676 2459
2439 2733
2571 2175
2552 2786
2266 2235
2994 2462
2563 2651
2443 2495
2576 2646
2800 2703
2695 2303
2155 2970
2999 2171
2352 2246
2550 2795
2542 2036
2673 2507
2116 2698
2256 2687
2977 2156
2510 2100
2880 2601
2542 2190
2202 2060
2956 2347
2068 2929
2383 2266
2895 2507
2919 2528
2027 2066
2286 2288
2616 2146
2249 2512
2935 2581
2931 2583
2110 2818
2383 2895
2264 2224
2118 2534
2055 2033
2995 2730
2887 2923
2299 2934
2520 2568
2500 2051
2130 2737
2980 2706
2490 2524
2871 2333
2599 2279
2863 2990
2478 2294
2479 2252
2105 2439
2775 2687
2128 2739
2210 2167
2578 2295
2020 2606
2693 2444
2273 2157
2376 2294
2559 2093
2767 2509
2872 2672
2274 2824
2485 2949
2047 2639
2468 2094
2493 2605
2598 2237
2507 2422
2933 2876
2049 2867
2598 2455
2583 2013
2108 2962
2958 2083
2918 2530
2009 2213
2530 2886
2680 2974
2064 2174
2334 2854
2622 2318
2825 2847
2100 2015
2087 2064
2740 2142
2933 2258
2344 2188
2128 2962
2393 2353
2833 2355
2674 2237
2538 2001
2395 2336
2702 2914
2140 2735
2165 2183
2227 2746
2817 2588
2790 2705
2629 2738
2246 2331
2000 2284
2102 2462
2879 2336
2851 2787
2652 2024
2192 2518
2340 2777
2129 2725
2295 2711
2827 2530
2947 2022
2218 2362
2599 2725
2049 2143
2784 2059
2773 2690
2446 2308
2000 2218
2276 2163
2308 2315
2277 2846
2479 2204
2857 2554
2474 2954
2347 2746
2046 2378
2609 2871
2781 2752
2256 2986
2058 2740
2162 2147
2332 2737
2361 2397
2992 2037
2972 2112
2313 2155
2675 2265
2113 2567
2111 2344
2986 2454
2340 2467
2774 2283
2545 2905
2657 2663
2652 2242
2519 2737
2111 2841
2223 2817
2327 2085
2345 2432
2240 2906
2655 2945
2791 2107
2923 2238
2018 2677
2142 2393
2857 2602
2984 2996
2506 2315
2042 2855
2945 2314
2413 2528
2483 2827
2799 2258
2505 2248
2826 2957
2511 2773
2971 2890
2635 2087
2531 2554
2845 2402
2526 2361
2632 2187
2576 2468
2236 2262
2824 2739
2991 2958
2783 2890
2258 2846
2095 2166
2598 2139
2142 2435
2834 2138
2592 2182
2294 2392
2140 2379
2336 2472
2542 2661
2243 2028
2716 2937
2095 2143
2856 2588
2520 2216
2874 2306
2766 2662
2192 2731
2161 2307
2910 2340
2659 2441
2382 2182
2266 2197
2825 2742
2509 2981
2979 2383
2586 2646
2981 2327
2889 2820
2200 2645
2470 2692
2778 2262
2651 2094
2662 2170
2059 2279
2746 2176
2689 2480
2935 2087
2724 2375
2553 2235
2701 2682
2467 2469
2771 2316
2083 2170
2599 2179
2146 2571
2759 2271
2925 2366
2042 2602
2348 2286
2535 2202
2012 2787
2646 2201
2995 2553
2550 2950
2071 2496
2616 2674
2589 2249
2763 2453
2257 2185
2951 2543
2531 2450
2893 2958
2897 2172
2231 2884
2915 2650
2461 2777
2919 2826
2558 2463
2458 2411
2682 2316
2069 2382
2589 2745
2552 2186
2601 2533
2110 2159
2798 2321
2309 2526
2723 2964
2029 2958
2118 2118
2525 2433
2248 2957
2334 2387
2002 2384
2600 2288
2847 2563
2524 2806
2464 2138
2724 2840
2723 2865
2948 2206
2990 2671
2582 2560
2526 2276
2817 2604
2596 2799
2322 2891
2242 2083
2974 2568
2012 2297
2487 2481
2124 2357
2940 2517
2564 2086
2763 2947
2033 2966
2377 2852
2237 2347
2740 2018
2879 2186
2076 2364
2005 2159
2862 2502
2270 2947
2228 2116
2712 2063
2584 2154
2146 2921
2406 2772
2117 2307
2798 2439
2460 2347
2789 2673
2472 2066
2585 2192
2211 2477
2818 2360
2580 2604
2962 2759
2488 2765
2675 2226
2777 2937
2597 2978
2396 2377
2190 2049
2265 2171
2068 2234
2626 2137
2068 2627
2992 2768
2650 2971
2129 2079
2035 2516
2708 2740
2733 2858
2204 2615
2973 2362
2205 2157
2791 2448
2455 2539
2631 2314
2949 2230
2376 2628
2848 2428
2998 2040
2050 2548
2237 2864
2705 2865
2970 2407
2022 2022
2758 2810
2977 2697
2755 2665
2382 2352
2325 2140
2619 2885
2057 2771
2588 2710
2521 2245
2617 2158
2393 2257
2329 2382
2623 2703
2520 2477
2730 2036
2810 2647
2984 2612
2196 2989
2049 2459
2760 2163
2472 2322
2619 2417
2515 2176
2726 2949
2421 2338
2588 2983
2696 2307
2924 2199
2408 2364
2275 2212
2096 2582
2086 2149
2596 2306
2954 2083
2741 2497
2768 2530
2351 2216
2636 2427
2616 2015
2256 2806
2093 2393
2633 2081
2228 2954
2255 2449
2431 2302
2110 2429
2046 2261
2986 2870
2994 2780
2800 2258
2759 2984
2275 2632
2688 2748
2926 2019
2739 2086
2100 2923
2090 2564
2186 2462
2802 2523
2917 2090
2873 2277
2532 2865
2532 2116
2016 2615
2563 2808
2291 2744
2222 2266
2875 2641
2036 2549
2844 2601
2709 2166
2516 2583
2865 2901
2965 2451
2861 2257
2441 2928
2795 2959
2728 2860
2350 2440
2382 2721
2479 2100
2358 2512
2329 2229
2339 2516
2327 2236
2431 2629
2337 2374
2540 2450
2732 2678
2340 2943
2925 2451
2878 2178
2067 2806
2739 2116
2796 2122
2687 2690
2932 2323
2126 2537
2839 2388
2734 2086
2455 2242
2059 2429
2402 2650
2754 2625
2646 2904
2122 2231
2259 2445
2579 2396
2365 2721
2417 2401
2196 2033
2986 2945
2306 2061
2185 2996
2633 2938
2852 2320
2037 2113
2716 2956
2465 2624
2069 2385
2036 2761
2506 2000
2578 2692
2830 2532
2707 2860
2825 2394
2297 2318
2810 2494
2596 2720
2841 2163
2291 2515
2216 2579
2859 2092
2147 2544
2044 2347
2577 2924
2907 2846
2222 2947
2290 2033
2841 2487
2189 2605
2921 2886
2007 2124
2146 2558
2135 2911
2513 2571
2874 2388
2796 2026
2117 2792
2087 2254
2177 2076
2868 2613
2613 2918
2932 2728
2762 2613
2965 2447
2415 2132
2921 2143
2685 2252
2580 2614
2129 2852
2123 2728
2243 2437
2419 2975
2060 2215
2644 2736
2179 2415
2323 2206
2602 2032
2043 2186
2905 2036
2242 2238
2063 2501
2260 2507
2111 2622
2043 2322
2075 2899
2911 2478
2061 2106
2383 2010
2932 2127
2494 2873
2892 2538
2626 2681
2928 2403
2025 2625
2986 2784
2911 2911
2948 2247
2928 2466
2435 2109
2823 2771
2386 2588
2583 2804
2801 2383
2351 2193
2793 2750
2841 2372
2141 2892
2637 2240
2059 2890
2873 2460
2750 2575
2037 2021
2126 2401
2437 2776
2710 3000
2225 2294
2799 2523
2550 2323
2625 2581
2836 2264
2546 2762
2907 2014
2016 2943
2787 2372
2522 2439
2162 2526
2974 2129
2423 2633
2071 2565
2633 2783
2539 2405
2413 2257
2422 2710
2988 2328
2447 2033
2605 2675
2958 2033
2878 2007
2835 2310
2299 2791
2207 2752
2471 2112
2036 2118
2550 2295
2158 2641
2429 2086
2678 2959
2646 2663
2674 2286
2724 2480
2922 2836
2352 2652
2528 2174
2324 2614
2649 2095
2238 2829
2769 2885
2122 2738
2968 2381
2818 2890
2144 2927
2120 2552
2373 2214
2284 2346
2336 2325
2801 2778
2334 2905
2105 2864
2963 2362
2082 2144
2452 2809
2584 2994
2830 2883
2719 2341
2279 2476
2963 2450
2694 2154
2722 2050
2712 2663
2757 2112
2478 2615
2339 2028
2761 2993
2871 2803
2336 2952
2467 2170
2072 2416
2383 2013
2350 2860
2379 2261
2546 2012
2159 2573
2449 2261
2827 2938
2997 2866
2417 2384
2299 2283
2122 2272
2209 2246
2880 2505
2532 2172
2501 2120
2069 2910
2253 2467
2099 2939
2198 2006
2914 2740
2298 2327
2849 2995
2584 2494
2129 2339
2916 2205
2356 2399
2657 2906
2234 2105
2966 2128
2964 2961
2910 2948
2037 2333
2764 2066
2361 2794
2345 2382
2841 2525
2860 2826
2113 2310
2848 2425
2861 2385
2000 2393
2678 2825
2998 2023
2727 2727
2002 2612
2212 2061
2774 2931
2793 2611
2035 2668
2477 2577
2316 2096
2715 2655
2631 2384
2950 2486
2510 2899
2399 2956
2330 2732
2672 2773
2447 2430
2025 2601
2972 2529
2429 2324
2144 2334
2939 2191
2734 2351
2440 2604
2442 2198
2893 2926
2970 2094
2497 2925
2921 2701
2625 2349
2073 2710
2625 2551
2162 2614
2904 2684
2443 2377
2136 2618
2310 2445
2467 2468
2815 2502
2414 2423
2161 2104
2240 2742
2928 2865
2197 2488
2726 2753
2663 2246
2170 2178
2072 2363
2163 2259
2646 2122
2861 2224
2301 2935
2304 2317
2101 2759
2421 2424
2447 2121
2821 2920
2550 2078
2589 2495
2447 2040
2686 2490
2290 2614
2062 2910
2136 2964
2665 2436
2622 2276
2521 2116
2877 2279
2532 2013
2234 2818
2474 2982
2160 2014
2003 2408
2104 2053
2743 2755
2102 2448
2901 2067
2994 2922
2134 2627
2375 2207
2749 2030
2401 2895
2895 2256
2423 2271
2616 2482
2986 2033
2629 2973
2616 2857
1000
2367 2377
2683 2445
2032 2874
2644 2194
2403 2634
2883 2094
2333 2141
2809 2240
2926 2592
2623 2421
2507 2249
2725 2568
2381 2067
2487 2485
2048 2584
2910 2560
2125 2250
2224 2807
2806 2167
2097 2777
2225 2085
2268 2417
2397 2114
2245 2733
2373 2771
2772 2424
2655 2721
2752 2466
2152 2297
2829 2687
2881 2221
2773 2031
2614 2475
2555 2063
2710 2593
2345 2743
2289 2643
2296 2686
2705 2086
2428 2284
2557 2471
2696 2176
2768 2192
2603 2222
2673 2371
2849 2769
2658 2877
2640 2317
2794 2185
2134 2278
2789 2448
2421 2576
2203 2796
2529 2649
2055 2899
2189 2877
2273 2314
2810 2220
2447 2406
2147 2506
2855 2290
2959 2160
2414 2356
2420 2221
2331 2618
2929 2792
2064 2707
2261 2698
2286 2147
2492 2557
2136 2584
2690 2870
2764 2291
2914 2946
2645 2648
2644 2185
2547 2533
2353 2795
2725 2367
2181 2954
2336 2036
2479 2971
2895 2481
2953 2318
2893 2338
2668 2352
2836 2729
2382 2527
2800 2701
2323 2513
2637 2060
2424 2172
2896 3000
2338 2130
2759 2616
2350 2211
2852 2292
2230 2089
2727 2441
2953 2308
2996 2560
2463 2728
2821 2544
2519 2751
2471 2432
2872 2797
2014 2676
2817 2423
2565 2423
2164 2373
2436 2193
2435 2645
2766 2097
2352 2817
2657 2612
2473 2520
2719 2859
2812 2035
2939 2842
2356 2936
2002 2169
2751 2249
2280 2804
2382 2081
2666 2554
2671 2984
2307 2640
2960 2167
2350 2692
2698 2620
2512 2517
2690 2879
2338 2064
2403 2133
2215 2191
2467 2125
2238 2122
2952 2718
2007 2568
2451 2908
2381 2079
2298 2147
2289 2054
2337 2677
2858 2497
2734 2224
2785 2396
2852 2028
2709 2298
2622 2142
2964 2398
2677 2087
2037 2018
2152 2330
2785 2541
2106 2591
2349 2761
2180 2681
2312 2782
2582 2241
2004 2997
2546 2671
2932 2155
2465 2611
2426 2239
2182 2728
2289 2529
2962 2608
2088 2015
2455 2766
2633 2931
2997 2277
2555 2875
2178 2763
2684 2277
2388 2518
2114 2567
2828 2178
2702 2566
2005 2272
2382 2147
2351 2259
2557 2696
2623 2841
2667 2259
2559 2917
2314 2289
2716 2737
2247 2031
2208 2616
2744 2746
2933 2238
2166 2498
2736 2662
2449 2521
2775 2690
2773 2782
2274 2583
2532 2493
2762 2251
2143 2260
2407 2453
2630 2463
2005 2619
2265 2513
2262 2317
2777 2577
2836 2386
2784 2859
2624 2657
2325 2643
2374 2790
2744 2897
2480 2801
2192 2585
2469 2611
2887 2236
2904 2965
2078 2265
2643 2917
2428 2583
2020 2255
2656 2484
2170 2444
2049 2771
2382 2913
2789 2706
2088 2223
2167 2432
2257 2389
2456 2151
2836 2808
2167 2988
2036 2432
2720 2695
2419 2317
2932 2286
2578 2578
2479 2952
2382 2124
2190 2061
2162 2239
2518 2145
2082 2306
2957 2997
2691 2219
2851 2007
2256 2291
2942 2086
2056 2967
2028 2120
2319 2506
2267 2715
2767 2125
2509 2155
2630 2964
2797 2319
2713 2246
2199 2802
2562 2367
2051 2482
2964 2625
2943 2535
2838 2733
2178 2041
2815 2617
2252 2924
2865 2500
2092 2310
2017 2594
2671 2195
2879 2438
2169 2040
2577 2038
2696 2724
2099 2252
2220 2023
2171 2380
2977 2912
2548 2826
2481 2814
2778 2983
2383 2946
2113 2164
2518 2330
2111 2695
2562 2113
2705 2346
2777 2673
2486 2654
2208 2919
2523 2333
2365 2583
2623 2623
2113 2073
2524 2195
2371 2375
2880 2541
2329 2848
2504 2442
2445 2339
2631 2489
2775 2006
2623 2441
2330 2232
2161 2519
2321 2375
2601 2284
2182 2597
2884 2987
2122 2161
2755 2229
2208 2697
2827 2905
2533 2149
2114 2831
2357 2616
2887 2471
2292 2901
2306 2999
2070 2222
2692 2954
2612 2817
2944 2599
2227 2384
2043 2356
2227 2620
2346 2192
2070 2397
2102 2551
2573 2116
2109 2940
2728 2335
2438 2702
2148 2303
2707 2488
2627 2161
2491 2818
2721 2075
2126 2126
2715 2979
2157 2473
2906 2092
2613 2571
2202 2889
2632 2308
2281 2617
2720 2567
2136 2167
2650 2407
2581 2023
2213 2029
2280 2010
2235 2291
2384 2727
2537 2471
2068 2092
2824 2938
2138 2410
2664 2673
2277 2620
2248 2128
2295 2199
2859 2913
2301 2934
2684 2088
2130 2438
2221 2420
2934 2237
2222 2038
2704 2511
2294 2499
2143 2471
2959 2762
2148 2972
2053 2186
2237 2560
2941 2642
2911 2445
2458 2414
2247 2197
2781 2229
2128 2840
2656 2023
2989 2927
2504 2618
2854 2594
2100 2008
2701 2945
2549 2178
2504 2021
2520 2482
2003 2071
2023 2405
2427 2815
2357 2350
2969 2081
2616 2271
2702 2506
2825 2609
2019 2946
2234 2424
2328 2771
2276 2367
2212 2773
2731 2098
2937 2663
2151 2205
2335 2319
2669 2374
2928 2939
2122 2680
2373 2311
2165 2528
2359 2761
2414 2603
2393 2592
2201 2955
2569 2962
2012 2709
2629 2528
2189 2739
2754 2321
2582 2341
2901 2850
2925 2291
2041 2665
2555 2751
2460 2949
2468 2154
2989 2237
2126 2328
2433 2003
2717 2953
2163 2191
2195 2791
2740 2217
2653 2001
2103 2379
2698 2155
2497 2827
2995 2789
2593 2488
2938 2345
2429 2083
2467 2144
2163 2505
2278 2008
2748 2137
2404 2961
2996 2760
2797 2933
2918 2273
2095 2085
2658 2032
2330 2355
2459 2679
2569 2927
2530 2610
2645 2292
2016 2012
2783 2627
2843 2801
2453 2212
2781 2217
2754 2077
2038 2699
2111 2881
2470 2511
2274 2351
2621 2290
2429 2225
2852 2986
2160 2096
2704 2719
2699 2133
2565 2569
2621 2553
2784 2159
2591 2007
2318 2314
2677 2959
2888 2549
2233 2318
2866 2997
2799 2504
2787 2821
2317 2294
2178 2961
2537 2176
2996 2166
2131 2269
2485 2439
2421 2947
2432 2836
2119 2572
2903 2728
2691 2527
2054 2600
2770 2013
2525 2936
2069 2269
2808 2444
2481 2152
2078 2787
2815 2178
2612 2481
2110 2492
2738 2162
2134 2670
2398 2337
2291 2691
2996 2959
2355 2879
2791 2482
2117 2809
2858 2705
2891 2250
2859 2441
2618 2541
2482 2376
2403 2900
2369 2916
2283 2639
2139 2178
2444 2200
2405 2377
2932 2415
2683 2477
2650 2586
2656 2022
2873 2834
2228 2785
2185 2448
2499 2947
2985 2247
2539 2530
2538 2755
2496 2349
2166 2660
2046 2580
2423 2858
2437 2853
2026 2132
2892 2407
2021 2653
2062 2346
2821 2066
2884 2113
2241 2727
2383 2912
2532 2827
2650 2485
2288 2271
2401 2634
2715 2046
2480 2981
2519 2017
2157 2920
2121 2502
2594 2762
2384 2451
2238 2102
2557 2516
2516 2792
2305 2707
2470 2675
2114 2830
2030 2604
2319 2264
2739 2386
2949 2876
2296 2039
2594 2743
2302 2383
2032 2025
2841 2799
2785 2465
2122 2317
2265 2345
2924 2996
2088 2482
2400 2467
2713 2551
2219 2876
2762 2107
2132 2711
2098 2105
2584 2998
2219 2452
2526 2770
2188 2753
2797 2681
2248 2304
2102 2546
2975 2153
2814 2632
2013 2738
2602 2408
2030 2924
2376 2747
2227 2181
2322 2161
2309 2493
2049 2809
2702 2960
2165 2381
2357 2785
2791 2524
2377 2664
2996 2609
2780 2569
2396 2164
2825 2028
2783 2746
2723 2136
2300 2881
2539 2054
2492 2214
2527 2664
2638 2286
2046 2269
2734 2535
2715 2421
2045 2264
2115 2976
2207 2615
2587 2210
2653 2144
2032 2107
2390 2002
2066 2339
2988 2571
2315 2376
2097 2098
2043 2830
2641 2563
2283 2905
2465 2172
2062 2464
2369 2936
2084 2572
2622 2108
2591 2957
2428 2517
2911 2767
2022 2152
2115 2801
2882 2245
2276 2808
2707 2032
2726 2640
2535 2173
2403 2236
2541 2758
2307 2511
2402 2355
2100 2462
2048 2207
2968 2454
2110 2617
2330 2422
2414 2440
2970 2418
2827 2452
2089 2217
2132 2175
2406 2723
2244 2732
2967 2492
2794 2981
2722 2815
2159 2192
2943 2434
2413 2360
2420 2920
2496 2149
2475 2215
2512 2063
2622 2945
2411 2416
2968 2865
2613 2350
2928 2736
2322 2804
2965 2822
2659 2283
2884 2254
2311 2944
2200 2244
2288 2772
2227 2255
2423 2196
2080 2069
2167 2283
2539 2932
2675 2775
2106 2314
2687 2776
2806 2420
2082 2812
2268 2796
2089 2291
2794 2997
2838 2444
2619 2742
2211 2942
2346 2444
2851 2346
2366 2503
2623 2378
2199 2948
2118 2007
2053 2248
2442 2057
2150 2572
2876 2532
2635 2306
2079 2933
2519 2408
2340 2859
2068 2389
2466 2620
2490 2018
2964 2830
2026 2355
2193 2283
2085 2088
2423 2192
2102 2288
2630 2797
2988 2265
2372 2485
2428 2603
2897 2769
2172 2607
2364 2778
2533 2405
2213 2546
2931 2883
2758 2529
2984 2653
2139 2913
2314 2501
2271 2181
2614 2563
2636 2551
2407 2266
2803 2490
2293 2135
2048 2071
2337 2378
2192 2023
2111 2838
2857 2099
2173 2298
2668 2872
2927 2050
2998 2527
2059 2338
2429 2352
2848 2527
2968 2768
2652 2884
2626 2522
2550 2283
2715 2163
2222 2236
2104 2314
2898 2796
2047 2180
2140 2450
2950 2915
2739 2522
2441 2126
2739 2038
2218 2948
2567 2389
2963 2933
2614 2438
2083 2975
2215 2863
2917 2555
2257 2702
2217 2464
2437 2640
2327 2967
2254 2027
2632 2719
2365 2830
2679 2218
2973 2005
2200 2210
2560 2150
2249 2602
2498 2429
2269 2599
2301 2917
2834 2301
2459 2785
2593 2613
2544 2486
2001 2533
2529 2763
2342 2102
2090 2909
2157 2003
2688 2359
2230 2405
2157 2284
2260 2707
2423 2502
2094 2083
2389 2477
2973 2644
2989 2425
2495 2441
2595 2027
2125 2854
2375 2984
2594 2485
2024 2239
2147 2892
2287 2652
2722 2213
2300 2678
2266 2077
2194 2822
2600 2750
2774 2968
2113 2044
2132 2888
2334 2869
2692 2731
2919 2938
2329 2116
2608 2313
3000 2846
2251 2719
2934 2836
2496 2599
2691 2015
2032 2127
2655 2127
2583 2771
2793 2905
2187 2010
2929 2732
2185 2927
2230 2869
2179 2514
2736 2696
2841 2116
2805 2000
2840 2067
2610 2147
2278 2528
2120 2078
2272 2616
2493 2646
2974 2227
2080 2836
2506 2281
2012 2893
2381 2793
2448 2427
2423 2500
2777 2589
2454 2642
2205 2791
2588 2728
2228 2379
2907 2793
2054 2995
2077 2229
2197 2987
2484 2426
2116 2336
2397 2212
2317 2725
2946 2101
2823 2203
2556 2536
2958 2878
2912 2715
2060 2807
2983 2340
2857 2824
2130 2929
2943 2087
2466 2268
2710 2721
2256 2304
2178 2680
2015 2591
2084 2952
2559 2979
2477 2579
2296 2517
2241 2344
2277 2561
2124 2432
2920 2641
2991 2551
2402 2912
2808 2152
2832 2338
2357 2894
2811 2428
2738 2602
2614 2254
2053 2997
2902 2343
2088 2161
2325 2006
2248 2268
2838 2538
2001 2608
2478 2772
2798 2685
2277 2303
2381 2715
2095 2556
2072 2675
2397 2585
2873 2992
2910 2457
2876 2566
2566 2359
2650 2231
2967 2194
2300 2574
2933 2830
2873 2670
2891 2906
2248 2393
2532 2558
2432 2821
2349 2489
2080 2088
2518 2621
2249 2081
2366 2935
2321 2574
2294 2386
2758 2002
2957 2236
2461 2337
2945 2221
2967 2916
2087 2844
2607 2594
2048 2782
2372 2328
2982 2982
2959 2102
2443 2704
2916 2133
2027 2660
2305 2671
2244 2186
2314 2933
2423 2406
2848 2286
2419 2211
2828 2096
2812 2931
2012 2760
2548 2609
2716 2047
2862 2482
2497 2339
2043 2281
2550 2543
2994 2640
2031 2468
2538 2913
2025 2710
2180 2988
2084 2544
2535 2903
2055 2765
2556 2460
2807 2055
2279 2767
2846 2579
2539 2860
2427 2333
2915 2139
2213 2435
2679 2761
2384 2934
2573 2172
2898 2690
2168 2816
2440 2390
2186 2856
2837 2728
2627 2006
2359 2609
