2000
1527 2508
7863 9553
4082 4650
4128 2240
1561 149
401 6848
9085 2264
9409 3927
9 8151
5667 2785
7735 6213
7335 1494
6598 7658
7222 6592
6427 3382
8230 3092
9442 9866
241 7116
3277 4977
1326 8493
6788 2407
388 3046
6403 1419
9680 1646
9856 5263
4889 4877
8403 8599
2376 9664
4030 747
5596 5448
9282 3586
3401 2241
7009 3187
3794 7103
5167 666
4648 4006
5909 5663
4044 4787
4864 1378
4040 730
35 3897
4718 6492
7887 953
7025 2716
2012 3394
9504 2043
1765 7596
464 92
8175 9280
4076 2217
8458 3999
1116 6831
1306 5988
5827 1333
2882 4876
1224 3200
2897 6207
9074 5824
2966 6092
63 5193
2967 7740
806 6318
6273 5515
1633 3963
3714 9269
2974 2262
3096 4347
237 4036
8179 2074
3396 3824
2749 8257
4192 7277
6727 3764
5828 3592
2407 1391
7613 6426
7069 4802
828 3426
9603 3377
8818 6593
5029 5701
1911 9718
6303 4316
5070 303
6012 5139
9035 3406
4505 3808
852 6692
3368 23
7311 2746
2361 8220
1082 9570
7947 3836
2027 7184
1070 3729
5879 3751
3386 4231
4680 7840
2843 2984
4221 4429
2822 9338
8034 1464
9237 2665
2326 1156
2656 1164
2201 8793
2611 8273
9659 5862
6249 1921
5545 9416
7797 9118
8968 4552
6223 1568
5510 4324
7528 3074
620 627
4256 387
5886 2202
9346 411
312 7633
8158 6992
7560 2283
7230 5077
6189 6069
6845 6200
5671 7648
6704 1745
344 5301
8144 2654
1983 7616
8839 3078
5005 548
9639 878
3488 4990
79 7663
4098 4216
7833 2045
7309 927
3965 1516
5067 5950
3692 910
7675 2550
8197 3410
8005 7419
4267 1604
8139 8131
6597 146
4089 1785
7431 9244
8546 2435
4554 8966
1827 2906
2423 3428
4065 6146
4704 2051
592 295
7189 8176
2797 5809
8363 9320
3209 7947
5436 6084
3732 388
5356 1323
7192 4374
9587 4361
7135 2111
7933 9792
1052 2158
5237 1736
3016 4677
3751 2448
6077 2880
7074 2076
4546 9941
3749 1117
4161 1854
3620 383
7904 3676
8812 5018
9488 289
2509 285
6656 234
9504 146
1306 6142
1678 1108
8535 6574
8833 3635
4435 4107
187 989
8217 6538
2729 2974
4536 2121
7204 4002
3741 9323
2158 680
3639 1300
23 9554
3815 6464
8548 6212
2406 9706
7177 1625
8898 5586
3352 6490
2508 558
5083 5776
4504 8465
9370 91
4365 2227
9146 5478
9420 2618
2879 5223
1286 5219
6701 2400
9555 6040
2402 6925
2156 2131
2427 6920
6499 6733
7957 4578
9655 2380
2854 3517
5491 7106
5953 3054
4808 5358
889 8420
5796 5709
544 1649
5630 8017
3723 4286
5491 6674
5970 675
3150 6450
4080 8443
909 8505
227 354
6232 8848
611 133
7125 6937
2539 174
2097 7316
9217 4914
3268 7405
4209 9460
2067 1399
4230 429
6801 4048
8230 3367
2971 3785
9351 6832
2782 4714
918 8076
9211 2011
6400 3131
8274 9502
7242 2195
9221 2541
199 821
3342 6055
7114 2793
1701 3961
3782 3264
416 5465
3516 6385
9811 1332
1173 4783
9403 3245
8303 6311
5809 2988
1526 1742
5815 8172
26 6879
594 3797
7721 506
7293 1303
2149 3784
6047 6718
7270 1343
1781 3639
7621 8563
9444 7378
9127 7364
7742 1009
9619 5740
5614 9438
3702 1638
5560 1562
2970 1663
7856 8536
9496 3693
5300 2536
5951 9527
5585 9252
4820 4437
3927 3373
861 7378
2794 605
4341 3237
8943 3731
8194 5911
9481 9419
8739 5843
1975 3133
1646 5640
1345 9348
2998 759
9306 7186
8297 7914
9421 4341
2160 6495
4772 7836
7168 9295
8347 3707
7511 1128
869 4985
5181 3413
9565 5387
2744 7049
5508 8828
8683 1592
4442 5310
7583 4812
4042 6208
5731 4057
2296 4472
8300 3115
5693 1586
2045 9150
47 2611
4976 9541
8975 4125
689 8481
1040 5470
5648 4328
4223 402
8911 4171
108 5056
566 2201
3028 5424
6803 2183
6512 7734
2374 8931
8546 2223
819 13
536 7526
4853 6562
345 4106
979 1056
6432 4536
5624 1914
5063 657
6064 1559
7433 3879
4058 777
2463 6039
9838 9125
81 3991
2124 5493
9532 1059
9525 598
2224 2469
2844 5351
6570 5261
1253 419
4485 3427
1019 5513
4584 3101
1853 318
8012 3953
3002 994
1330 8704
1740 7040
4629 5636
7858 3489
9646 3321
278 932
38 8119
5073 3526
5845 8463
2090 6021
2170 6332
9885 9770
5041 2495
9693 3369
9875 1084
8930 5226
618 6986
5053 9359
2484 775
1723 9504
907 8167
4996 6234
1510 7715
5421 7489
1623 4967
7890 2978
7447 4465
875 7281
131 7171
9536 7133
4134 185
2001 9002
5077 2627
4084 2832
2219 1511
7982 3577
8438 7604
1747 5993
9872 1718
7367 7680
2635 5691
883 3878
8158 546
3178 7836
1181 4140
9371 9639
3426 6281
1046 2998
5006 2457
7710 3087
9421 8919
2271 9434
2670 2432
7111 2949
1118 3281
1794 9127
7948 9738
5786 127
1601 3103
360 4449
3890 6206
3848 3895
2930 5265
2442 9001
8105 8279
331 1124
6780 5945
6379 7336
7069 2408
438 1489
9591 87
5447 1532
3740 4534
3484 1422
80 615
4652 5333
4837 6172
8063 8323
2803 5513
3729 4954
27 2543
188 5763
7280 702
2392 7014
4022 2174
8640 9930
9328 1835
5228 7534
3335 5026
751 2071
3447 7378
1175 7919
242 4689
7545 2198
1088 7737
3827 647
2826 8617
7916 4698
791 3674
2206 8006
8089 2720
7744 2354
5002 1399
1020 9938
6172 9835
692 8555
8404 7213
2262 5489
3744 7364
7939 5379
2308 1025
7209 4395
3439 2619
2946 5486
6981 2269
2523 8215
9130 165
6729 9724
2467 2317
7694 4433
6277 4532
5948 1582
2680 3106
6095 997
6259 8839
9341 1042
8697 3551
1527 3228
8856 3560
3696 3016
7959 7880
3166 307
9634 1256
280 1527
6251 5645
2166 6029
8050 6679
2920 3870
9407 8765
2553 9005
5629 7672
9172 3385
1162 514
7196 7223
2564 7643
5495 2455
5434 943
4167 8937
8488 5936
9043 4170
5271 9385
7193 7197
255 5499
7067 274
8345 1322
4733 5468
4788 6935
807 3768
8606 3374
2708 3637
7876 2835
9386 9203
5968 3720
7461 1924
4809 2303
3589 9924
7451 3833
1960 79
6703 9417
640 2244
6869 7443
8850 3781
663 5968
8110 8382
6319 7822
7930 6921
4038 7505
6118 8208
8438 5760
9512 2521
2769 6189
3906 3533
7601 9069
4358 1014
9387 3082
7934 4819
882 8441
1609 52
5659 2049
5576 5621
7627 8476
5805 9072
6551 1632
3612 758
2460 4780
8650 7478
8906 8776
6329 1954
2877 3456
7198 7250
3310 4411
8339 4191
3954 3677
9192 9922
7366 4962
7389 6632
666 7360
8 7221
7480 1617
2833 5555
9042 3626
5176 5395
665 9608
4307 1681
5610 2939
3262 5129
8245 8255
8488 9002
66 8519
1292 1481
9579 1935
9639 2038
8661 7616
6656 5551
5684 2187
5528 7233
7649 4778
4297 2452
1681 2569
1368 520
4203 7894
1827 8756
2021 6499
128 4755
7705 1527
7454 4437
2988 8927
141 3866
476 8031
7584 1262
7973 426
8950 7309
6002 8848
6025 940
2181 2908
8352 6696
3874 3777
2197 5071
3372 7696
9465 2810
1149 1602
6360 1557
6881 973
1122 9011
6765 5388
2089 9939
9401 6779
398 6838
3217 4534
8108 8344
9597 4491
9611 3403
8829 6268
5252 501
1581 2159
32 4028
8781 2522
2443 1709
696 125
2601 2386
7158 9672
6382 2707
6515 2214
3405 1846
6495 9462
3494 6989
8632 774
3282 7679
3138 7434
4952 2434
7664 74
3663 4789
1967 566
4589 7629
1369 6006
5741 5906
8393 6908
769 9739
3338 944
3351 6405
9516 3848
3280 4228
7925 7069
5540 4788
6517 6821
9379 841
3404 4090
1858 8190
6975 4350
8556 829
3825 1926
4304 3411
2153 5819
1711 7377
8703 612
7448 8159
8709 8566
9425 5894
9630 2819
1970 5430
8218 4001
3239 8404
5598 1482
1779 1259
2223 3623
2489 829
4328 198
9394 3244
282 3197
9051 2183
9663 1849
5238 6492
7201 6848
6229 4012
434 2349
5169 7289
6279 3830
4957 7110
5606 2480
2170 9397
6201 3270
58 7297
5541 9919
1525 7443
3949 1808
8515 131
9565 9096
2443 3568
4435 3146
1928 5382
1674 8155
9978 9220
2502 5988
9092 8453
6512 4138
1721 1187
7955 6060
4675 7930
9976 8208
5657 8364
2288 1957
1751 2874
7190 4226
1680 3743
4357 5516
4988 1242
9490 8617
5798 1626
5484 1139
2584 3289
2760 6471
3972 4271
868 5519
9120 5875
4620 4652
5126 5655
1201 2585
2546 1407
1955 1901
5617 2782
9751 3186
130 1927
4532 4969
6506 7648
6761 7391
8828 8888
2745 949
5936 1165
2132 6867
7772 7114
519 3079
7018 1761
7111 7484
3491 8977
2949 8056
5412 3828
5756 1806
9655 5864
7904 376
962 8480
9671 5139
3869 5534
2472 488
6440 4810
7451 3504
2029 399
2859 6889
7797 2568
8704 4030
8458 2422
3146 3093
2914 561
9216 2495
6153 2344
2570 6391
8007 6331
3358 5424
7532 2294
518 2802
4731 7079
6615 8012
6429 3413
9419 9555
4196 9954
5700 6680
7464 8938
9585 1963
7307 921
3009 1443
5826 4307
641 8368
951 682
612 3468
7841 1363
709 554
7514 6384
5 3344
7918 7730
9155 4983
2839 2549
8152 4571
5176 609
4935 2706
8454 8766
8032 5204
7504 5582
8152 9093
6323 1301
308 4936
1196 2672
9162 57
3434 5996
1503 5642
7035 1500
4675 1425
5423 9198
5806 8349
4382 9123
7942 9695
9982 3993
6630 9406
3752 7528
5417 6622
4429 7807
4271 9
8195 2939
3356 2910
2189 7722
8192 9199
6187 6923
1089 6595
5904 5643
470 5718
720 5557
142 3935
2627 1895
63 7579
558 7190
7364 4597
1431 8018
2517 1985
8151 5443
5400 3489
7710 7058
6686 1840
1364 5626
9942 369
4964 8269
2990 6549
177 5639
9852 1101
7989 5642
7829 5618
2201 808
3616 4056
7949 6389
4531 5145
3597 5606
8432 4505
871 5976
5921 4368
7653 4416
3175 3390
9293 5632
7233 2512
1396 1633
7390 325
4401 2024
3761 2095
6626 4370
9901 339
8947 8680
971 1489
8041 5295
7009 5614
5163 9275
6097 3503
4384 2411
5063 9436
7283 9543
9312 8251
7047 6362
1430 2696
9077 4052
3009 9211
2613 6636
4366 4277
1995 5745
9431 8339
8935 9517
1889 1107
8604 268
933 8789
6637 633
351 7212
5476 2915
9413 3546
9045 2939
1793 8406
3083 1282
685 5947
7698 8806
9451 8703
3272 6518
7448 4584
2132 5038
5010 1868
7586 1982
8533 3887
5887 5694
3335 9163
2349 6738
3860 8295
1045 3076
6211 7211
7586 9833
1977 4514
457 4576
3034 6954
1813 949
6221 3781
5274 5916
7629 5833
7743 1990
369 7462
7609 4624
2540 5286
6662 8697
2130 9811
1457 3075
3284 8880
8758 7552
7422 2005
3234 8335
5314 8335
974 3557
1599 2106
3035 4425
2304 6480
8951 1303
1610 2778
7835 8163
7081 9327
7966 4378
8861 3536
5318 4011
1670 9070
5199 9041
7382 7010
3684 5247
864 2088
1673 6306
651 5126
796 5848
3465 7298
5749 7240
8870 2779
8826 1010
7247 5516
2423 9769
481 9471
449 9848
2481 1383
5628 1190
4348 8604
874 8203
7308 4344
1711 2617
9022 8640
8111 5999
6825 6585
1586 5118
1764 5744
5455 1852
5192 3456
841 7675
7831 3288
5804 36
8378 795
1374 4003
8574 82
1524 152
9682 1773
150 4921
4276 5248
7311 3356
9923 2992
4061 5579
4469 9744
6614 315
2290 1887
1705 3358
5871 4703
8945 4504
4062 4010
7884 184
4413 6883
5927 344
6544 3962
5741 2505
6362 8753
8871 7960
954 2725
2739 4211
1877 8607
9522 7393
2273 1989
332 2062
7011 1635
3571 3734
9092 2263
7219 1515
4716 5762
7771 4182
5204 900
2188 2921
4911 6348
4524 8667
6888 5781
9562 6113
6831 5228
613 976
7654 868
4631 6985
8993 5563
5843 8265
4360 3203
9395 5741
5273 2982
8143 3219
8797 73
1864 4554
9783 5792
9091 7152
5978 1179
5229 2104
1620 3190
5666 4072
9910 2365
7916 8597
5339 9732
5594 8792
4358 2818
9487 7230
9999 7226
4132 3913
2625 6768
4070 4875
2637 8284
9764 1288
2047 3459
7469 231
6792 2251
4086 9475
6394 6190
9113 1626
540 5772
4628 4445
3917 7820
2155 7726
7380 4928
4427 6703
8680 2168
4786 1074
3851 1401
7174 6867
9998 6765
4799 6975
948 507
6211 2656
3952 9986
6948 5406
1243 9941
5601 47
6472 4623
8498 7209
551 2805
8091 9136
6095 6075
7615 1222
1066 5797
8100 9375
2652 3003
4774 5768
8634 9730
3919 5875
9546 780
2840 2579
1175 8480
1561 5762
3711 5548
5868 470
5117 9775
957 1620
9343 858
5844 1146
7773 8319
334 5749
6966 1379
6786 2871
823 9737
3507 675
9955 1739
7363 8550
5573 2997
8741 8251
3050 9415
2400 7716
5583 7124
5259 1376
504 6838
9046 2575
5450 9278
5052 9168
9544 3431
5726 2973
6124 1511
5629 9695
8927 1324
5118 5873
6118 5221
2576 207
5949 9936
7970 8216
7282 1996
5373 453
4902 9290
6021 4004
205 6098
934 6963
9098 9267
5888 5872
1662 8369
7248 7929
9927 262
6042 5959
9068 6138
4793 230
4575 975
9259 7989
9431 6900
8753 6421
9341 6428
1287 1434
4390 842
2765 1975
2150 5044
3558 4921
2138 1086
492 6119
1632 3636
5435 8070
9135 9843
3954 4774
8979 4115
3110 9913
6695 9243
662 5755
9697 8533
8605 2783
8518 1466
4227 2451
5078 9854
2648 6130
14 6583
8407 4497
9236 3547
4663 1629
9104 1584
9451 9084
3866 7461
133 9498
5702 370
7998 4276
2857 4654
9538 7339
1605 6063
6538 7134
9456 5970
5778 4292
6203 4001
9651 4279
2113 5974
4689 2961
6085 6873
9075 2136
3533 696
8702 6904
200 6208
2637 2053
8662 9233
2568 6435
1028 5955
3832 8130
2838 5360
453 5621
1489 3933
7566 4213
5623 3234
9644 7096
8206 4228
5210 1319
2449 6015
5170 5548
8528 8308
6457 5766
6884 5782
9337 1342
3669 8201
6879 260
5538 3912
6747 7618
9368 3386
6791 3333
3525 8233
2296 9712
8951 179
6460 6589
6984 628
1045 8498
8715 3991
8479 5679
8393 2068
9510 394
4420 5008
6810 5354
1812 9571
713 4988
6391 2351
6677 6899
4318 8283
193 7703
6624 843
3670 6039
9559 4791
5163 9914
9096 2580
4948 8331
9358 7194
9262 4078
2016 2339
375 7399
1025 6387
9052 9428
5130 9546
3948 8777
1025 8653
7730 2919
7119 3577
7577 1327
5974 4201
2237 3252
9619 4376
1144 8865
9605 3957
9421 7171
9529 6082
1256 4891
1465 9992
523 4284
6538 5927
1814 9391
1280 4404
9171 5742
6560 7276
4644 6450
3177 7930
83 8761
7365 4881
1711 6151
7503 4522
5776 8671
4134 8574
4043 6824
8721 5366
2148 6722
9284 9051
5798 5615
6497 8279
7910 7965
5762 9043
3983 4487
707 6417
3299 6054
4693 4667
4416 9525
8561 5676
7307 2104
7205 360
6549 9752
1760 7411
4896 7728
1655 9952
539 334
6896 674
2847 9259
5023 5692
6057 7017
3886 2061
2969 7779
6263 9361
7896 4119
6664 7778
233 9005
6287 9195
2423 2504
9139 3026
4827 4033
6300 2210
8 4150
1161 6461
7472 9303
5262 5454
364 5211
1406 5683
5696 3137
1876 480
1498 1926
6267 9126
4073 5492
925 5568
2048 6217
2654 2855
3478 1113
6545 1439
3971 8661
5801 2368
1294 431
7563 3063
7126 5511
8788 3958
2397 2821
9673 646
5393 8009
2955 8111
560 9425
7771 8685
252 1942
4641 9066
370 3856
3208 2875
4545 340
6237 3499
2059 8576
1429 1046
6020 298
2974 4031
9078 7206
7839 745
5185 6214
5814 1420
6173 5964
571 7377
1433 3186
5552 1834
2173 2176
1138 7209
2829 94
5284 9700
7270 8763
9141 717
5578 5368
4727 6272
6140 2680
997 912
9524 5666
325 273
576 8277
7561 3161
2503 6106
888 4832
7297 4006
9456 8279
735 4240
6562 5446
9643 6094
177 1417
4764 391
9781 6835
384 9219
1892 8842
7084 2205
952 812
3860 982
3823 74
8718 7293
696 7316
130 4611
4762 6387
5742 4118
5477 5945
9569 3426
2513 7591
1705 9965
5931 6366
7982 7220
5738 1310
4521 8419
7843 7090
3700 902
1380 3994
9343 4926
4664 248
7123 9081
4977 4374
8242 5607
5995 6139
272 1693
4885 6884
7676 8482
2253 1438
8861 2374
4037 4419
4878 6705
9236 8620
3543 1855
5438 9467
3747 7678
9288 9027
7314 4134
8043 6572
8543 4513
6767 7245
6092 9523
9090 900
1768 9873
7508 6466
1903 5099
9369 55
2984 1778
7329 6111
1970 4446
8200 7870
8442 9227
5360 9554
2714 9433
948 9394
7159 2049
6825 9399
8143 8872
9017 2516
6218 2823
6054 7226
4499 9699
5440 5502
3521 8866
4448 507
1550 1721
9650 7972
6005 919
2177 861
116 7036
1301 1942
992 3770
233 6059
11 6854
6812 396
4166 3974
8876 2700
343 8396
9070 5829
7168 5353
6539 4286
6955 2936
4910 4998
3375 592
9009 1939
4630 6110
7286 7119
3526 7144
5862 5566
3707 8529
3844 3710
6015 9738
8393 7446
7962 2084
3509 1023
8516 2982
7714 9963
6172 5631
2616 5828
468 7156
8947 8262
4368 7184
7220 7606
7108 4665
2245 2959
5713 4359
2461 3120
5524 9681
6724 4730
6775 5870
9121 5725
1710 4721
286 8608
1525 437
148 8708
3361 8438
6419 4164
4292 3362
6531 141
9654 9210
927 5206
852 9990
8941 1467
2227 5832
2336 2253
9011 5627
468 9541
2127 241
2181 5884
2825 3941
6665 4491
8031 3678
8203 7337
4219 1885
5206 937
4439 2398
1737 3486
5696 3165
686 7440
3930 3108
1896 6417
6367 5347
4201 2438
2003 5388
677 4038
8315 9290
7549 8305
1033 560
8887 5403
750 6653
1508 1665
7147 678
6830 4965
7666 8842
2426 9378
9117 7132
57 9000
8328 1660
4978 5038
3561 3903
1813 8809
3951 9097
9347 71
8178 6013
7481 7117
1295 8050
3071 2596
3754 3774
4580 3899
9239 4974
4340 6536
9238 3218
1585 3979
1473 825
9060 5618
7451 5670
6711 1962
2576 4574
427 9110
4586 467
9360 7762
189 1384
3680 5623
6628 9315
686 1908
8529 4091
6737 2737
9110 523
9958 1502
5896 4884
3502 8436
9722 7852
3362 8028
1492 7825
8302 2417
2941 2363
7305 3075
2534 791
4180 32
6473 4829
7035 595
1453 7101
5567 6373
7945 2430
2779 6290
8224 8112
6486 8617
3403 7206
8507 7381
2665 3045
7096 8019
618 9794
8813 9818
8413 2914
2429 9542
6158 1032
5268 1885
3860 7101
4828 3687
1616 2011
9413 8799
2510 8109
9764 7174
5126 3515
1412 507
2511 2962
9902 5626
6622 6478
2351 6007
8904 3401
8123 7885
2156 1982
2262 9005
7033 1216
6586 6055
7167 7996
2960 3169
31 3036
7539 1435
3136 793
6552 3255
6696 8870
929 4294
4055 1702
3014 1534
7391 2032
8327 1383
9867 4713
6966 3727
5792 4846
1553 9151
7613 1711
4589 7218
5025 9965
6526 4139
8089 6405
9203 7914
3565 4701
9472 4085
1872 5672
7347 4388
2898 7189
3300 7227
4434 8517
2678 838
5108 9376
8566 797
461 9402
6682 361
7417 9578
5447 2083
8911 6573
4184 6314
5614 9615
6196 3044
4444 8078
9815 6571
2395 4411
4072 9450
4249 334
1766 3443
8544 5024
601 4404
8167 5160
8117 5043
2457 9442
8443 631
1229 3221
9074 3077
3169 4631
4532 6852
7585 9870
8484 6321
5281 2805
9474 3305
2252 8301
1561 9253
2534 5222
1946 6038
5227 9882
5722 3174
8633 6246
7451 956
6380 6891
4935 6657
9830 4166
3522 701
108 3654
498 6109
5360 4079
3155 9774
9425 8789
3673 2746
2818 5212
5587 7174
6125 5202
6120 2257
3625 9014
848 9953
2661 9620
2283 1329
1942 805
3493 3679
7437 3590
1841 5781
6776 1083
9233 6909
3218 3731
4255 5175
1249 9816
3106 2856
4272 5618
3091 5923
9540 6845
9663 2950
686 4093
4019 512
3000 3477
1076 3104
4353 2511
254 7649
2692 5443
2573 2485
936 4215
790 5001
5888 1109
9625 7790
2422 672
504 7088
1233 3768
1992 6066
1447 5365
1002 5893
1872 9159
2535 5531
9857 8782
4214 2365
6802 2431
7329 8590
2014 8069
3597 3700
5567 1584
4111 6162
901 3302
8938 4212
64 7587
7954 4200
661 2427
6329 5140
3407 9459
2368 8289
5774 5538
2128 469
807 6393
5446 4747
7242 3301
9131 9099
3455 4908
8683 165
6900 5665
5720 5071
9258 6689
4121 2751
898 5375
5512 8161
9249 617
9988 455
7748 7688
1718 1079
1158 9260
9562 2448
7985 869
8601 5266
6479 5444
2731 5783
2637 8727
2083 6711
9013 7227
1162 4180
9098 117
3584 1076
2664 6806
9064 8927
4216 6259
4516 7834
9441 4724
1961 7987
7402 4368
4789 1971
5585 5243
6593 1358
5159 8051
8884 2046
9915 9018
7151 1351
5555 2976
5956 7500
1134 9734
6448 8437
6738 5265
4128 8691
2280 4100
5738 1995
2529 7431
3370 2283
7994 2233
9074 8123
7441 8356
6922 1233
4574 3288
8619 4444
4914 1161
7139 8672
4866 1818
8025 9645
7422 7337
8031 3832
129 46
5968 2617
8100 3052
607 9544
3364 499
2688 9451
928 1499
5996 5814
2617 5287
5896 6183
9127 2864
4732 9797
7437 6930
6268 723
6334 559
7184 5263
3365 6301
4703 4092
551 4923
7476 1746
6675 2372
7525 2891
6170 2033
3223 5172
9274 534
4182 6087
8601 3245
9270 1938
5464 3402
3938 7068
3576 4229
16 1938
1560 7741
5295 2124
6123 3132
5510 8001
4278 4127
5261 8131
3503 4144
1819 873
6091 1513
5998 8364
4059 7646
44 1642
785 2538
3332 3489
6852 2543
8782 9584
1841 8288
1024 8744
9367 6636
8044 5870
7149 1873
4225 167
7071 9428
5679 6899
5069 8949
5527 1333
6134 2739
7301 101
2055 7687
7969 6766
6996 2814
1263 8710
6596 8794
5146 6579
6749 8064
9951 5671
8091 6006
2966 626
5036 6582
1118 2102
554 7140
3985 1067
4321 4178
6807 8393
2764 6294
5309 8263
6195 4184
937 6491
7264 2221
3611 625
4622 1430
8031 1130
3788 4093
7921 4245
5399 2781
3682 8263
7007 5071
9400 7098
5213 721
7860 854
5615 5978
7241 108
2812 9612
3258 6590
1690 4220
1952 6212
6697 3278
3040 2364
1304 3430
9855 8724
1819 9996
8160 2310
4884 3574
982 5530
5081 9728
1921 3856
12 3496
5407 5343
283 7251
530 3865
3275 1534
2486 6518
2148 5906
5203 8401
7178 3252
7548 8555
4303 8252
3903 4160
2773 5531
9770 6599
4024 2873
5475 1383
1821 4604
8718 6358
5640 6134
1944 7214
3217 9045
7035 8849
4507 9864
2746 9163
9653 7991
8464 223
311 4496
6401 8119
7531 1857
3412 669
7474 8515
7189 8457
6602 2222
6705 7958
8702 5095
6982 7845
3767 2468
4463 2684
7294 1915
1448 784
7153 7844
6961 1107
7926 9460
3924 3179
2366 5905
3462 8619
3294 5223
8425 6026
6729 7689
4069 1718
1487 583
4660 1561
2972 903
9127 4802
9840 3938
1115 2789
6943 1858
6565 6400
236 2610
1500 2825
8949 1101
4706 2696
7265 9700
8209 2859
125 5855
2072 6797
843 203
3139 1190
8123 6057
5504 789
2105 2507
3306 6670
2387 3459
9075 3895
2000
9982 9545
1797 5916
5562 2305
8944 7233
4512 8159
6510 726
8042 7056
7531 2162
1103 1244
8067 5506
633 8251
3832 7131
8245 4512
9444 7882
4800 840
321 8871
6105 4519
3356 2805
7156 3456
421 6842
6709 4717
5766 234
2616 7329
8873 4862
837 1314
3183 7260
2752 1575
5747 9177
1937 5429
175 7525
7609 6677
4356 9562
8515 6772
2760 2182
8088 5773
32 7474
7649 4225
4139 6261
5439 2244
4189 9282
2779 1305
5020 6906
8597 7680
5702 3781
9808 3686
7848 3824
7724 9754
1547 9494
7736 7966
8629 3783
988 5592
5205 6854
9967 9767
2750 865
2691 5690
3610 297
5141 2463
7131 25
8503 3920
3744 3715
4857 9052
7405 1994
3372 8418
4869 4626
8615 5651
3037 2372
3512 3789
9044 6145
8482 8479
6432 7425
417 4369
1668 2154
1909 6912
7681 4007
9458 4012
1636 7619
500 8655
176 4323
8699 7741
7966 1608
9427 8789
3747 9910
5030 551
2704 4447
6831 9013
5756 5276
1339 8948
3648 5900
6964 8755
615 6330
25 8441
8688 9557
6473 5745
1553 4675
828 4637
2501 1714
5164 1797
7152 2449
1890 6495
8922 5159
9644 5548
9614 1011
7978 4262
1680 2540
4485 6135
2200 4935
5121 4671
8318 9965
3005 9511
4489 8377
7088 7799
3717 610
7209 1839
7685 7325
5780 4458
900 3864
3719 7134
1545 4124
5511 7553
6354 3733
8388 2861
9637 9854
9827 868
6231 5092
6763 7942
1072 725
6710 8988
8392 5135
2804 3563
5814 5423
4944 5844
2052 7566
7566 2357
156 3988
6600 9645
7573 6819
1729 4309
8545 6924
1623 2823
229 3334
5186 8096
6771 5104
3371 2628
7225 7470
9359 1356
6997 2473
5263 8645
5596 7693
6643 6804
358 1458
3422 7660
9532 2835
6307 9810
2483 6225
3140 3727
2325 4007
7063 2946
2715 9393
2599 7010
2534 3139
1456 2282
4148 6524
2329 2461
384 3011
1239 6125
532 3289
8123 1422
5217 4418
5354 548
8553 7772
6748 6333
148 4972
841 5094
5394 7628
2335 7610
2091 5097
781 6112
5694 3165
2035 7117
7603 4776
7958 3426
859 252
6940 7799
7825 7262
7019 6719
2464 3042
4909 6438
114 8255
9502 2617
5630 2636
3506 8347
5760 6635
7713 1836
7156 7481
6822 5252
4057 4515
8035 9516
4920 4361
8721 4475
8897 532
9173 6792
2556 6467
1748 1463
7088 3831
3289 2705
3917 8314
3120 1410
440 5626
3929 2792
7234 4679
6202 6948
5263 9437
405 475
1858 340
8977 1807
7371 7661
3379 1057
2757 7157
8849 4285
5088 8128
4841 6488
1446 3858
8971 5670
3484 9395
3250 821
6999 3023
3805 1303
2200 4472
4280 8491
8899 6303
4164 2113
4591 2641
5484 7068
5520 8316
9330 6950
5349 7244
4682 9863
7064 7312
233 8781
9524 8821
1830 4687
3153 5137
7768 3708
381 6351
7194 9833
7657 2181
6120 7511
899 7674
7250 7404
7584 7949
2869 9663
4508 1826
9459 6652
1844 258
5622 2603
8115 3509
4404 7668
159 9107
6969 1509
9038 7047
9229 8876
1943 9500
7514 6932
6154 4579
9240 4336
8363 5818
5519 3672
5314 5486
1031 1741
4195 280
2619 4059
8030 3061
819 6259
4150 8490
7597 8730
649 3095
6555 7822
8894 1943
4472 9428
7773 3155
5563 3649
445 3551
5214 5123
5251 5706
5994 4720
1873 120
6101 1340
506 7924
5208 2012
5846 6086
8365 4536
15 1451
8222 2937
6565 2464
3510 4239
1915 8656
8625 3082
1455 9084
7536 785
7746 6742
9830 498
3980 8042
6178 7313
3619 5249
2544 4816
1821 9632
4112 6243
6170 4306
1676 1258
5501 3342
2455 7192
816 7192
1184 4375
1557 1849
2234 6494
9778 8478
4106 1423
8312 2926
9301 2954
1244 1753
3309 4412
4507 946
9956 8805
979 33
5269 8400
3783 8277
9146 7466
6399 9216
2118 893
2789 2962
99 910
7743 6713
660 4251
7757 6465
8589 5782
9419 1713
1478 5676
8958 6247
8890 2719
1380 5067
9285 2935
6855 1477
1567 4299
8795 7527
8564 1229
4021 5145
3126 255
8092 432
6284 7972
6930 2539
1210 4532
6403 1206
860 1390
8887 330
9376 7500
2859 281
2982 2616
7602 4246
6252 5985
4075 3229
6307 9169
3222 6831
3302 8671
9469 4866
188 4533
5447 7450
2968 4760
6600 1317
1741 2031
1171 1024
3770 1884
8338 6735
5580 6467
4671 8802
5281 8258
6745 9024
5154 4334
4833 6551
4004 3687
8406 3119
8371 1851
1611 6381
9792 3458
6602 8225
3333 598
209 9992
1538 1378
5745 1053
1808 3309
9711 8877
615 9218
6355 194
8390 9027
6227 1162
3280 2805
4390 4115
3163 1973
3553 3873
3435 9742
384 1365
4786 401
1192 5150
1115 1783
6563 1374
3793 3400
2545 1511
5898 8485
9744 5990
4395 1194
9842 8202
2362 8116
5905 2723
1498 8035
111 9817
7818 538
4428 2721
9217 8048
6975 8130
3343 9118
8700 2612
3863 264
8035 2685
122 2197
7777 7146
2940 1263
5195 4751
1875 3816
7885 7432
7641 5834
4909 1591
621 7181
6030 8041
8935 9746
3467 2554
2380 4873
604 1332
1202 975
979 4464
5017 9264
6646 2068
783 7064
4289 8380
9814 1140
8971 126
9252 9716
2147 8350
647 4551
4970 2406
3551 2178
1338 2968
3225 6137
8071 6615
4792 5925
7954 1700
9995 8531
4126 5193
9952 9723
2823 283
4221 482
359 3018
4037 684
8966 298
8156 6508
585 5016
302 5359
9909 1992
8092 4043
9842 3181
845 2146
4187 5763
7613 2449
7660 9769
8917 1710
256 8242
6948 2589
5705 1286
1963 5402
6555 3691
9363 186
5720 8235
6031 2698
7470 5570
6674 2292
1500 9843
4807 3019
7856 1563
3991 9547
4224 8687
2131 1612
4402 2833
6327 7925
5486 42
251 1688
7107 7016
7226 9507
7141 3384
2695 2532
1073 9601
5040 8505
2275 7583
5450 6258
9414 2041
5693 431
8099 3386
3494 5321
9495 7047
9391 6771
7822 7443
4952 8272
6993 8310
4207 5598
446 1274
7610 5182
7533 2049
3756 89
8055 2831
2204 6262
4382 8988
600 4945
1630 6859
5468 3651
7120 7868
4811 5695
9562 9555
103 3313
1355 9070
1456 4237
2480 9065
4020 6311
2782 7349
2168 6019
9264 3701
248 3307
2450 4297
3406 2921
9703 5567
6003 4501
8573 6031
7174 5715
72 8022
3578 7477
6727 2284
2709 4715
502 1028
1967 5519
4318 5056
3463 4471
880 9695
2768 1201
1686 1191
7637 1868
7549 6510
5435 7376
7288 9106
7076 2076
6052 6133
4384 2338
7010 449
7474 7377
3680 6434
9472 9860
4918 3815
3391 2403
419 4828
9973 1366
4147 1681
8708 3378
2981 3868
6070 4478
1654 1655
1 5836
9983 5146
2062 4679
3246 3330
5006 1837
8144 4306
2821 4327
4993 3708
1085 6190
8316 5123
1273 6281
2505 335
7658 7977
5536 5782
2028 4171
2153 7514
8693 3970
1497 7602
1462 9691
4780 7660
5312 303
5807 6812
5960 2661
6754 3687
7540 6170
9716 5363
5477 2721
5358 5396
4097 8527
1395 2962
1541 2243
3205 7742
6676 1775
2931 2665
4508 1069
6726 7520
6553 1720
5407 6742
7064 7457
6820 8485
7715 598
3020 5535
8172 7100
919 8201
7471 9782
8678 7341
8261 1995
8254 7364
4679 4343
4128 884
7433 8897
7495 8300
7803 5388
2930 2481
8976 706
5904 2289
8398 3249
5644 7064
9980 647
1021 6340
6432 1637
7154 7954
2993 3172
1670 4
7630 3916
134 5558
2728 6547
2133 1022
4761 5372
6639 8702
985 7581
1574 7030
8410 148
6581 4769
650 1171
6677 9868
3118 7166
6065 7802
317 8158
6371 3328
8810 7779
9919 162
4882 1319
9134 6454
9538 6418
8393 3021
92 6664
518 3429
180 4048
2876 2556
6183 2846
3258 9461
7967 7559
4797 272
5151 770
6168 2890
3943 5068
3474 4482
5156 6879
9621 2972
82 2760
7878 90
5 6131
9869 9988
9789 3837
1276 5891
3146 2211
4115 7438
9987 5664
1179 9540
5726 1184
962 8271
1323 4407
9162 3110
2576 1624
5214 4762
850 7240
8452 2298
5050 6299
4996 7294
8926 4203
4191 6425
8994 3963
2173 738
1727 9648
6391 4715
7714 6868
7686 2255
3538 2547
4633 5091
2137 8097
8240 5527
9748 7758
125 4248
146 7730
121 4185
173 7324
3024 9961
4051 2512
3984 2759
6501 7397
588 7987
8009 7005
1102 3254
4294 9336
1270 9352
2138 2233
9806 6779
1792 3021
9640 1065
9568 3736
9067 4920
8256 7370
3506 7743
8267 964
3647 3483
1146 4353
4192 4637
1303 3278
8705 9496
7758 627
2206 5194
8872 5307
3914 2652
5888 1541
9144 3747
3345 6735
5524 1619
9426 2162
9183 96
240 6693
7926 3333
5010 1937
659 4167
6063 6075
161 9193
458 9278
5161 4762
8515 6489
7095 9151
9632 5281
8595 6947
5760 9498
658 8856
3292 6060
2176 1082
5838 8212
5671 8589
9966 72
4710 5971
6490 2492
3728 3743
6706 6147
8308 8298
4747 8661
405 2486
2572 6903
5831 5683
9333 9596
259 5234
2778 1627
4971 7490
5208 3106
5084 3479
5055 8158
5787 9378
3892 4424
3268 9662
753 7166
4388 5821
6705 4177
4492 6744
8260 6947
3541 5887
68 8474
5642 1566
8930 6993
4824 3879
6122 4643
4462 2629
1200 3312
4913 1093
8130 1432
5437 1242
1618 4370
5284 3820
7765 8419
4697 6006
1654 8886
4987 5373
7951 8696
343 5008
3653 6910
4436 8878
7411 4085
5293 9699
6145 5311
4266 1380
4951 9222
7727 6562
9440 4016
7500 3259
4096 8306
9102 2763
8900 7975
5926 868
4725 8508
8805 35
9132 7374
4502 9065
3562 67
8134 4060
6386 8671
6176 3931
9444 4060
9453 4354
2542 2538
2335 6389
5853 693
5346 4489
5199 6109
7390 8521
3393 380
4814 5451
545 3262
438 424
1625 1309
6395 98
8144 6198
4491 4739
344 1616
2704 6022
9000 7973
4461 7825
1677 921
1571 207
9797 6918
1967 9624
4831 802
1641 2168
7095 5238
768 9655
4892 4280
9288 1006
3134 757
2457 8545
4667 9155
4931 1110
4882 1694
3816 416
674 7573
5686 4248
4428 8438
7439 7948
4312 7497
8949 8702
2744 5065
340 3180
6724 4323
961 4309
6983 1481
5683 3065
6108 9767
9301 2246
9011 1191
6422 9681
4203 6878
8695 5788
5006 3352
6369 7744
1136 7985
6562 7587
3059 464
1326 2938
4589 9157
1611 1418
6151 2536
7742 5976
3897 5315
2179 4298
7674 6457
4537 8431
6689 4025
4053 2332
2101 1369
9346 6597
4202 4465
6103 3797
6389 8258
8049 3172
3121 9568
5625 6139
8893 3962
6294 2993
3983 4887
9212 4135
4261 5122
3092 6676
9292 2720
621 8415
5277 7165
3577 6057
1934 6834
1345 4954
1591 9433
9533 2315
6198 707
9328 606
1768 1389
3182 8296
7639 6778
8158 2256
3875 2436
401 4076
3256 5024
1422 7330
1223 2429
7532 265
8946 7585
1606 7078
1660 592
7059 7106
7848 8694
1981 9237
4249 6220
8197 1491
8224 4899
9241 8059
3607 9221
4342 3178
5774 7436
8919 7536
2281 1788
4339 1905
211 536
4683 2943
1104 6812
8631 6583
5040 2766
9362 9461
4489 8549
7289 7551
6110 6748
5638 5590
3546 5428
3477 901
8837 9288
5467 807
4923 9592
588 3581
8740 6572
7707 8269
8621 2395
2028 6589
7985 6335
6798 4561
9485 3664
2519 1127
7024 8737
4153 1913
1283 9659
8419 6937
5073 4865
7464 5084
1827 1858
5982 8783
1818 1056
2146 2466
8384 3978
8612 1121
8383 4179
1257 4138
4375 1180
2254 7022
1670 6727
9454 5099
9674 9387
9941 3535
2009 3151
3031 3364
9188 2363
6844 2676
8089 5219
1754 6606
1944 6875
4539 6599
1410 1695
9740 681
6002 5188
7219 4765
1084 1530
1772 7786
4470 8623
5292 6436
8560 3110
3273 7412
4467 5815
7313 6784
6624 4441
7798 4219
4266 7197
6724 5352
8514 8836
9948 2388
667 8260
5579 3390
1165 8532
1687 9983
4248 4333
2314 3577
3638 6142
5399 8603
5991 7694
5805 4692
4286 1812
9839 9882
3449 2208
2844 7639
3055 8385
8123 6270
4097 9095
3507 9296
2569 1984
1582 1608
3428 5912
2496 2368
8058 2468
7498 1283
5890 2771
3963 9811
1146 2497
8809 7469
6051 2794
5001 6775
3464 1880
1413 9644
6353 6928
3840 8132
1116 2248
8956 7732
2905 8202
9513 426
6090 1800
7099 5508
8209 9462
3828 4110
9147 802
6637 2232
713 7065
6113 3242
9731 7806
3308 1004
3543 9494
3408 5482
4913 694
4769 1399
6013 9416
5645 3443
5503 2096
5910 1999
1702 9158
8437 1739
8391 6314
2166 9537
2619 868
588 8876
8579 2884
6846 403
1546 9656
7210 8571
1567 892
1204 6025
3651 8748
1439 6170
2805 9596
9843 3041
1926 2870
8228 5807
1146 8465
8373 3873
6942 9229
2744 7876
6637 6197
3611 8768
2593 1431
5145 4943
7099 977
8 1609
4319 4580
2476 1910
5149 963
8784 2095
6110 9353
6962 2299
6318 9789
2148 7762
3985 1852
6599 5876
8986 9993
1830 6577
4158 1815
1062 8890
5744 9971
7344 6519
7014 1683
7082 1054
231 3447
5366 2761
6381 1853
5049 5944
4316 4239
5871 248
3193 4219
3949 4860
6006 4545
4059 3385
4350 600
5886 3564
7954 1200
5456 6719
1569 8233
1127 989
9775 937
9878 773
3197 7390
1480 8203
9500 5373
9790 2595
9488 1627
7368 1466
7341 4868
938 4119
9552 4616
8998 2710
8606 5035
9550 9331
3857 3779
6344 4077
8489 6320
7897 1504
1592 7065
7586 8330
2448 9217
6876 5553
7175 3934
9973 7198
972 3874
6184 2836
4773 7116
40 7216
7636 4591
5435 8983
971 1294
1946 7430
2884 7492
5971 7311
8408 6946
4756 5635
309 1416
828 9020
6127 9671
160 6512
5120 610
6780 7896
6358 8778
5217 9172
8624 709
7346 2705
597 9539
9019 2298
8324 4222
2594 1487
3482 5488
1736 8617
5263 1590
9870 7599
7199 5881
3234 451
2754 4121
9225 8250
4484 3090
1987 8079
7279 3126
382 1959
938 3038
318 8629
6568 917
3055 720
6172 993
4671 9999
5007 4645
2511 4022
2488 5221
1913 4225
6256 6547
7693 5929
4331 529
9652 9526
621 4044
1640 3941
9208 3652
4175 2585
7063 3084
7332 6881
8869 5178
3178 4507
7959 2192
3284 9258
2768 6142
8717 6157
9625 1269
3267 2234
4278 7147
974 3034
2715 6912
6492 251
5547 3744
3344 9618
9223 4080
322 2593
3379 7614
74 8499
8910 3661
9733 67
8547 7839
6624 6735
1286 6471
9422 1676
4220 7777
3562 6557
8617 4607
7650 3077
9291 4285
8702 8438
2152 7258
495 9768
6296 2112
7556 3989
2396 4384
7012 4363
1466 9697
9755 2742
8455 4755
2839 1047
4946 9997
3294 8690
6254 2046
8238 8152
3715 8519
1124 2642
7469 4601
4925 2972
6665 1091
6924 4346
3265 4121
90 5993
190 8363
481 2488
3521 7173
6305 6710
750 2577
719 6703
1756 2361
3729 5031
7665 2006
4279 5137
5093 6996
2817 9986
7929 3812
8411 9975
7088 3059
40 5659
5625 6794
7747 150
4924 7049
3219 8475
6574 3352
3106 7638
2778 9889
7047 7517
7247 6106
5013 1041
5171 3427
5406 2173
7977 4429
9838 2392
1070 7493
981 3058
4883 3671
4283 7826
4340 9080
2295 8521
228 8222
6550 2051
3029 3065
7805 3300
3322 1212
4930 4004
4090 6977
1968 9244
8079 173
3654 3324
7468 9331
1811 2507
5462 3515
4744 9501
8370 4061
8268 9144
5775 3760
548 8231
8543 4139
6203 4136
8123 5914
1417 6403
7025 5361
3204 3049
4491 6526
3579 9498
483 8047
1245 2753
5627 1470
5249 3867
4582 2483
6675 6241
7938 1581
8026 4747
5937 4380
7638 5596
4582 5838
3960 856
4713 3745
7922 1435
6638 7459
7224 3796
5621 2163
1049 1153
7911 8770
7555 9664
1034 598
5353 798
3009 8824
3926 6230
3668 3281
75 5528
9895 9277
5704 7819
977 6997
1935 4963
667 5158
971 7255
2522 7846
9798 1858
6673 4657
7761 980
2080 5857
8611 5313
6757 7554
8043 7983
9938 7630
730 1677
2223 9865
2393 3713
3481 9318
5926 9055
7331 5394
2306 1765
8181 5478
503 801
8247 5441
3342 6054
6438 5809
3487 934
5508 684
8937 7805
6483 864
65 7934
6149 6389
2792 9307
6433 9221
3883 105
1057 1358
8298 8084
9635 7184
7546 213
3989 1708
8277 2198
2188 6856
4972 5361
9786 7210
3837 2101
3026 9805
9595 9854
7494 5212
2650 3310
6343 6942
7969 1662
4452 1941
4808 3149
1295 6542
179 5143
5670 7879
7667 5231
811 3015
1051 6586
7551 9625
3123 6617
1299 5890
373 2721
5225 6329
5062 9704
2783 6754
8600 6278
1653 6434
3102 9585
5499 8638
4328 3046
6849 6063
2581 6683
9076 1941
8464 9238
7580 8314
2237 5647
4536 4172
4747 5494
694 128
6680 2484
1488 7863
1250 2494
4765 3670
7271 4092
3012 5382
1482 6066
1044 6111
7720 7497
5905 7184
4766 5135
1714 2992
9558 4806
7927 716
3676 9323
7155 5053
2777 4714
9021 835
3042 1444
5587 4244
5265 9135
4419 3850
2389 9187
4826 3954
2748 8319
4223 7674
3797 839
4225 4021
3156 2926
6743 746
8657 2953
8042 2588
6554 4814
3097 6672
4042 5836
5354 9914
6809 268
4789 9208
8747 122
1790 9270
7894 9219
8644 3309
4134 6056
1834 686
2330 3206
5265 7627
6594 7119
9574 4507
2299 7659
671 6609
2395 3723
8596 30
2498 9890
807 9221
6963 8744
4877 7013
1192 9625
467 4127
4060 187
9478 6996
8775 2441
3109 3826
3169 938
2415 8266
5822 5702
2899 1702
519 9808
6398 2371
6044 9329
2571 9744
3091 227
232 1888
6033 8232
5789 7489
6153 222
7524 1957
6353 1323
7566 7597
1782 3698
9258 4679
6146 6008
5158 5271
2210 8718
6787 3135
4977 4593
3782 2395
2889 5294
6208 9393
7738 6820
2368 8732
893 3659
9466 5979
2473 2229
8200 1924
1475 4822
6241 6554
8061 5026
7576 2703
5920 9308
9955 9068
466 5833
8597 9460
3628 7023
824 3653
6568 4100
7940 2468
4326 4235
4048 2870
3420 3923
6769 1469
8162 9341
525 5498
6556 7853
5556 2824
2865 391
2492 6410
1417 9497
1061 3190
3133 5758
21 7761
1976 3823
4840 7179
6371 1910
2534 2382
3768 1388
6500 5577
6712 5764
6725 4270
5713 8254
2621 5692
1260 4645
6910 3578
6218 2756
2253 4180
8455 2759
7348 8439
6568 559
9804 2149
5529 605
525 1632
1976 9457
2346 8949
661 1655
74 366
1700 46
3816 2748
5061 6662
9929 7771
5723 2562
2320 5226
5418 867
1666 538
98 6038
9604 7889
2367 2406
5150 1307
1815 2866
960 9182
3669 8035
4358 3167
8689 6368
809 8208
9110 5629
9608 5838
2891 2885
3627 4736
464 9353
4016 6538
9870 2228
447 6112
862 2633
4282 9345
9794 3988
7462 4423
6062 4875
3538 8512
5145 5910
3482 9548
2267 7104
693 8180
336 6874
5293 5749
7555 494
7626 4667
6706 8719
2713 189
2236 3217
4272 9283
59 958
877 4841
3157 4772
8456 2616
1564 2737
4700 3778
1953 5348
6103 3812
7767 614
5054 3574
3635 1504
7647 215
8426 1022
979 9517
1171 26
4908 5137
9703 6285
2168 7752
2291 164
6394 7376
4339 180
1634 3292
2833 9666
6711 3090
5745 8940
6559 706
791 3898
8912 5959
6584 1109
938 7456
690 1157
7481 8032
7857 7554
8658 1841
9099 2
849 9438
8965 8527
7989 3058
6707 7232
3502 1533
4138 2511
4080 2585
8366 5345
285 3273
444 352
5062 1474
5821 7868
4263 3595
7966 1295
9568 2008
1012 2075
6443 7675
8217 2941
6496 3684
3149 9620
1165 6219
6055 816
7965 4910
8753 379
2410 7420
8371 6466
8256 8634
988 1430
5242 231
4614 3563
5382 1083
7094 8237
3581 1432
7702 1031
3692 623
5853 7345
6351 6609
9147 1115
4508 1672
9961 5507
9777 2830
8991 5622
6182 5715
8483 1821
3654 630
4556 720
7482 7471
8031 4155
6230 8828
8949 7748
8782 6219
827 9793
8157 1760
9394 2755
904 939
8057 932
6280 8700
602 9937
3160 6244
6182 3835
3246 1887
7358 7641
3637 2542
3762 9678
5276 8675
4325 5128
4854 7250
9432 9625
579 7260
5897 1048
1436 4402
3154 1584
8867 1989
1272 8000
5459 3525
117 5841
878 1266
3597 9928
9414 982
7320 7960
2288 7874
9985 9873
4198 5560
8620 8613
3859 2573
9788 9553
9210 3670
8017 5634
3295 942
4606 5777
1972 4093
805 9237
5819 2406
4879 3649
7964 8457
2458 4310
35 7629
7560 4771
6687 2078
9297 5187
4385 5473
3432 3971
1036 6979
1230 8862
2069 7335
9125 1285
7100 5096
9035 324
1305 2436
721 1434
2930 725
1319 7868
7084 7684
6485 6160
6172 2822
8138 2411
7897 6833
4577 9831
1744 2779
9246 4460
8981 7142
8596 9967
4526 8639
2519 1867
7828 8517
1782 555
3414 1130
8356 7131
3815 1319
4355 7706
6681 2733
4135 540
8735 3327
5555 9111
7522 9730
3239 8765
4831 6840
4383 4870
1625 8369
8391 106
3092 7346
15 7136
4775 8395
8787 848
5620 9112
2694 6214
9895 7112
8020 4846
7480 8492
2845 2237
5897 2840
5152 9284
482 7692
3757 3473
4840 2442
5620 9104
2963 8044
8235 4128
1216 9495
8977 1825
6995 6051
8024 5285
6007 3980
8497 386
2130 6637
5278 3779
8416 1162
7307 4774
3259 627
4729 9984
3080 4392
3775 4138
893 2404
9277 8764
1584 6128
1263 98
2710 196
1809 3967
2135 646
7518 9662
8669 5244
718 4736
7464 4164
4040 6929
68 7065
1442 8675
3140 9920
3714 2844
8669 925
5078 9938
6657 2552
4330 9421
2865 6264
1833 3876
568 4559
7558 5117
4530 8224
2001 3810
9814 1441
652 7555
9510 9004
6981 2233
2352 3129
3108 4516
6404 3229
75 2606
4631 5184
2184 9624
4853 1595
8922 1983
9418 9085
485 3737
4993 9413
555 3944
8820 4480
5905 1524
6625 115
5334 5412
8174 2801
1968 1339
9912 3947
5299 3732
4127 1168
8243 5275
3214 463
111 2541
4907 5678
6348 7456
4295 36
5971 2024
6106 2414
5335 8824
6624 4545
1429 8252
3034 5201
3575 8026
6200 8793
9773 9336
5354 5149
2496 3708
5061 1280
659 6230
1613 4277
9577 4458
2240 7975
4493 142
5715 3944
6789 2613
7347 9106
7569 7955
9320 9514
7807 4593
2588 6482
6177 2429
3501 6465
8350 5312
5134 5730
1065 204
2220 2353
5728 7836
9423 8527
1958 7032
1227 4363
4844 993
6936 5967
9339 9947
1411 9817
6355 1283
5819 244
7152 854
2423 9691
5470 2339
5304 4011
2654 3750
9006 6356
938 9279
3670 1248
8399 380
4488 2651
6724 6795
3592 1598
720 1254
4837 9702
3203 520
9399 6052
3359 1412
4986 7542
4487 519
4957 7636
7064 7767
610 1030
6343 5044
1407 8138
3300 4064
1765 6842
2694 1300
5800 8662
506 1614
9335 8974
3383 9726
6232 7024
8537 2362
6410 9979
105 914
970 5398
7692 7796
4537 1497
3314 8308
1129 9999
9667 6102
7488 1286
8496 5481
6630 5763
1484 6429
1372 9105
7019 7017
498 9335
1741 5933
8162 6093
7543 3402
9039 2407
9927 4779
8543 4593
4363 5303
609 220
9892 7062
3815 1546
2328 5941
4450 9385
5698 6226
8026 9475
8311 5467
3119 6009
8714 7546
6855 1218
2353 4345
7371 2643
8623 605
6273 5
7780 9497
9534 4714
5631 196
