10000
2637 7220
5711 174
9603 1293
8354 4711
193 3642
8070 1573
2291 6889
2465 8955
2862 1621
71 7050
8387 1569
1446 8195
8574 9009
3143 1639
1462 2732
1306 7476
6878 5237
6775 6120
3850 7781
6818 308
4541 9339
9662 4793
5467 7117
7165 8386
8717 4246
9343 9576
2229 1444
237 1916
2765 2098
6797 6576
6260 9232
559 4230
7418 1333
372 4866
4810 8997
976 6704
1735 3927
2598 8302
6404 7401
1890 8699
1573 7038
4817 1426
8086 2788
7809 3413
8960 5830
1041 8422
7199 6394
990 8435
4659 2866
8966 1669
3294 6538
1636 8120
8622 3490
4768 1053
7065 3658
1878 3150
1523 1461
7160 1588
4960 7268
3068 9865
1532 9545
7212 9740
5556 774
9781 8900
1101 2210
2383 9380
3354 4408
8316 2635
5106 8692
7017 2077
4052 742
8196 4058
2741 7768
3167 8065
8501 4112
9838 8507
4324 9977
4601 2855
8765 2075
7293 5329
6772 753
4354 9573
8415 2879
6051 7764
5191 5983
1309 1011
1736 1289
9314 6866
6134 8342
1707 3972
1596 7521
8812 1756
9227 8509
8665 8241
2278 4932
9753 2683
5434 9448
8687 3029
2939 1131
4782 1537
8986 7805
1495 6410
5008 768
1027 6525
6120 2578
5680 2570
7672 8127
3639 5875
97 4774
4193 8076
4462 2065
4654 7542
2581 3140
4048 1968
8353 4890
8411 2669
8961 1530
8955 8751
7830 8146
8302 3668
735 3757
2264 6015
2435 4732
606 8102
3534 1304
3882 390
1763 6486
207 1707
4533 6610
9626 7853
4286 2778
1257 4273
8813 6133
6309 5224
8923 9863
4286 4974
6022 3229
737 9276
8161 3921
4796 7663
2251 241
2284 5937
2971 9625
3021 5491
5480 1534
6961 8207
8889 5001
8131 2667
1431 2446
8857 8089
3440 7878
8442 1438
6376 7305
6056 7279
1365 370
2252 7147
8034 64
1137 1928
443 1486
6177 1118
6810 3259
3885 9878
846 3720
7376 5153
706 7228
750 4965
2195 1814
5714 9030
3834 2051
7101 8174
1825 2721
573 2605
4972 2248
9257 8835
5381 5643
4757 7072
8293 2474
3609 9027
7052 9926
3031 4846
3099 1242
1512 2641
2803 2003
500 9775
9908 5411
2788 7477
7086 6786
1274 7447
4768 3271
7086 4872
2583 6280
3502 8324
1768 1314
9493 4506
8840 8898
2128 7708
8023 2584
4961 6839
3228 7603
1273 9925
1747 2492
8075 7487
5231 2523
5779 1566
7702 2968
2267 1573
9549 2140
6292 6071
2958 5570
9461 1030
2629 2177
72 6194
2154 2127
3449 5020
2572 9676
1800 3914
6312 8858
8224 4227
4648 6634
5688 2312
6447 6305
3845 5201
5090 953
3070 4431
9353 3884
3356 8373
9793 775
9229 7239
4374 5195
6277 5711
8771 2260
7152 1605
5349 5604
1953 1730
7095 8215
6137 6263
1474 3076
3301 245
3353 4425
6254 4079
8097 1847
1181 7724
9033 7591
3034 7010
7348 4566
2089 3263
1233 1282
1373 5450
3718 9654
6851 634
5384 909
1738 6494
8260 1133
5544 6010
9193 9212
9373 5842
105 6123
4105 8175
3064 3188
3136 9360
2183 1175
4848 4807
7071 1124
3041 9585
2279 428
5422 3632
1311 4537
6527 2368
3607 3423
8498 6161
3772 4924
2396 9304
9102 3974
2925 7167
5444 9739
9286 7551
3833 7418
3273 4953
4796 6168
1321 6573
3949 9169
9323 3324
9767 3901
6855 6996
2971 5343
5645 2724
9405 1072
9672 9024
8750 914
5980 3786
5091 3423
4054 1938
27 9526
716 9081
3175 8360
1769 6400
1570 7701
771 4511
8864 613
8944 2930
654 4309
9058 4179
2255 8384
4388 9178
4839 3240
6548 3859
4302 3420
2346 6042
3057 7601
6131 3331
4167 4009
5710 3121
4754 7631
497 8047
6716 1072
3888 3449
6256 4685
2069 3733
4843 4525
9632 5049
1960 8020
3474 6483
3913 9103
8165 5690
6407 393
4264 4452
5105 1755
3453 8903
4865 9297
5929 7671
4139 5030
8425 5759
2669 5500
96 6672
9904 3295
8325 613
8584 333
2209 947
5089 5416
5400 3277
8146 6728
5341 1474
1166 2866
9318 7984
4507 5774
5439 6104
4758 6668
7884 9653
8651 1846
9409 9722
4121 2581
5428 5569
4126 516
3424 4280
6873 4257
4314 8888
8133 6311
5891 2681
43 7102
5377 9457
204 6905
3113 2292
1879 2163
4241 8956
1519 4378
1404 1270
3676 6082
1383 2177
5378 3284
3107 775
9072 5815
9542 7882
150 2150
3602 838
287 1028
6775 6934
4823 7643
4983 8519
3312 1583
4390 664
9211 5364
2012 4951
9838 1821
1091 2906
6521 140
4798 4520
8045 0
4449 3652
952 77
3188 2965
9878 2
1817 1671
2648 8943
1132 2695
3899 8096
8508 469
301 7691
7026 1783
3003 2299
3096 3692
3557 1648
2699 717
7837 6484
6669 1324
7144 444
9615 3534
5150 9883
4526 114
1000 5332
563 3247
521 4941
4382 4880
6200 2995
5270 9219
8683 1075
3751 6369
8917 7769
7543 8844
8978 8518
8035 4468
1644 5300
1517 4406
7673 7833
3469 5144
1318 7404
4092 8413
1171 3523
5068 2923
7795 9252
8551 8542
7063 8241
1245 5511
7309 2216
8655 2000
7421 6448
5483 1448
4447 8330
1097 6659
7510 6082
1754 5732
1845 8403
9567 274
6326 5601
8990 8497
4572 4164
256 5255
2207 3545
3453 6723
2741 3218
6985 5865
7267 14
8057 8204
6559 7843
525 1442
1636 81
8104 9402
8439 2472
6061 4415
1131 2475
4179 5417
2154 7568
2790 2773
8464 1073
9829 3456
6310 6007
7022 2513
1643 6623
9854 1165
2779 2369
2334 7575
4659 9259
4716 6480
9698 9510
6037 64
3210 4654
1583 7742
1891 6098
4275 1426
7203 3378
4477 6550
9623 7437
9177 9644
9596 227
3860 7642
749 768
3985 7967
9736 5080
5932 3977
7261 7411
4865 8079
104 9838
534 7574
3848 7289
5974 3096
4307 9324
5411 6341
8724 7202
5020 6469
487 1457
8831 4078
7115 9901
895 9633
747 4855
7990 3628
9101 3294
4664 7299
2108 2972
7358 9096
1235 8807
1930 2102
2078 4497
6000 3774
3049 2398
9465 628
9685 391
8665 8467
5232 9120
9727 7083
4879 7092
855 6854
2901 4141
1912 4429
7799 6985
4420 186
643 252
1354 2639
9446 3173
3308 6125
8563 8590
2264 812
3963 5951
2881 468
2068 7534
6762 1275
8393 817
3147 5775
3622 1119
6207 4208
9282 288
2759 2636
8715 7981
4820 3164
4720 8382
6700 6583
6665 4247
1803 9599
3228 5535
7760 1987
9296 624
1610 4063
7062 4356
7752 7982
5593 3338
5773 9181
6362 1987
9148 6257
1339 1986
7546 2562
2507 3708
5252 9258
4782 3310
5409 2018
3737 1448
8946 3657
2943 5763
5376 4355
2762 7020
7543 2793
9421 6636
3867 5717
7963 4273
8552 2144
4713 7375
847 1824
7747 8735
6830 8762
1959 6013
1447 1327
2616 7742
8891 1027
2522 9245
3473 7684
2068 8955
1134 129
6013 489
3076 9691
303 8774
4863 6872
215 1366
8480 5472
4808 4359
5532 5450
1407 9114
7145 3132
5405 1281
9123 5761
2262 1680
1528 8345
3938 7434
5872 3245
5721 170
1535 4676
7588 5045
9141 5088
9721 1221
605 2890
2308 703
9030 4947
7230 6736
3712 801
8369 4648
2398 8734
9013 9149
4895 4244
7678 3214
8739 2536
8230 6306
9911 4493
6436 4454
899 6190
2837 2967
6326 9300
9742 7046
3800 9063
3744 6655
8142 6646
3444 2054
3078 7404
6963 2660
5492 8753
3803 6334
9353 2955
4434 8005
6706 9941
4068 7950
841 5198
650 6548
3976 855
6803 8537
4928 8518
966 6147
8359 4842
7746 7098
3045 2831
7125 1966
4306 618
413 2681
3766 2790
6145 8315
7360 5672
1148 2640
6572 4395
3152 7725
1786 7888
8547 4571
4304 6932
9087 4893
9182 1405
8293 9999
5051 8084
6484 5391
6671 9599
4801 7304
6444 2992
4832 8008
3677 2734
6960 5320
1577 6416
4246 3309
3102 6855
9804 3754
2231 5188
6811 7214
5902 766
8343 2536
3461 5211
9544 5126
6458 5552
5442 6238
2365 981
9366 6769
2446 796
3446 6041
4424 9879
6784 1342
1547 4607
5990 2980
7011 270
8542 9181
9796 4504
7120 4361
6097 1220
8995 6771
2254 256
1559 5937
3793 3868
3159 3055
6732 936
222 402
4773 9980
8141 8597
9943 8072
4187 8840
1375 4843
3750 458
1155 1546
1242 5321
59 1205
7446 5458
1801 2100
1035 6809
5131 5641
421 4291
1233 4018
23 1645
8024 9366
2273 4014
2902 8805
4742 3643
6578 7347
2942 8652
5437 3103
8305 5211
6954 4931
9327 29
4614 4948
9731 4054
3899 3667
9609 7408
441 3763
1892 177
5918 6212
5956 1609
428 4574
193 2364
5638 6901
3826 6447
5707 7071
9145 6347
5548 243
9373 9862
647 4403
4831 4581
4695 2927
8235 5508
4279 1533
2775 934
5759 7468
3557 826
9826 5317
6312 4160
4381 7047
6386 952
8890 3180
1518 2689
9718 7162
8825 7649
7336 7327
55 3157
8524 1235
3141 2042
1480 8899
2524 4620
1299 4333
1145 6845
6972 5149
2732 6777
3147 7875
963 3917
7694 7426
3151 9340
1180 1063
7921 9715
8451 2923
8256 4372
7525 9880
9063 7447
8288 8001
7670 9703
4937 1925
4091 1146
1429 8846
819 142
6408 1244
2959 3224
8774 2066
1167 3635
6881 7348
2952 3795
2439 7849
4841 2794
9258 7399
8571 1560
6802 9256
1490 3320
8733 141
4913 1531
8801 8235
1276 4756
9798 2598
9714 5368
5302 5596
3908 9654
8338 3291
9123 8133
9720 6167
2875 7315
2578 2394
7616 5010
1351 7853
3163 8955
5482 9183
6703 3146
5904 6267
9529 1808
9616 7439
922 8555
7849 5860
4007 1042
1392 8971
4383 6053
8382 673
4580 2985
6378 9614
6845 5974
317 2453
5191 1930
5507 1597
3742 81
153 7443
5768 7743
8527 5240
7255 2026
3792 3770
359 8944
2092 3155
8786 8474
4536 9727
5127 3054
1553 149
2271 1551
7112 8004
2860 6982
7231 6822
9473 7022
8663 7144
8413 5256
8837 21
3060 1640
9857 1059
8084 4666
794 2818
249 6416
9004 3760
3011 9185
2049 1538
5130 771
2215 6302
1709 2084
8192 6529
9011 6506
7071 8084
4794 5412
6277 8835
4506 7005
2973 9093
7257 6125
8943 2011
8127 649
160 2977
1595 6885
855 1485
6944 7003
3966 5473
7319 7861
5891 5742
3895 3615
501 8071
6751 6520
2775 1218
9107 4037
8165 6485
3340 9426
9031 3664
4505 8603
1053 9672
4173 2456
2833 5076
8264 8339
591 2254
7087 1111
7108 3904
2792 9487
6275 6572
1354 7301
9929 9201
630 5241
9529 7644
2214 1135
8962 7586
153 5038
2423 4468
7826 1501
7280 4168
2649 4591
7128 710
5063 7460
700 9818
4437 3148
8678 6481
2698 5394
1713 7240
3284 7106
8150 6270
4373 9848
9563 4792
9636 4713
6346 1939
778 8877
1085 2715
2424 5345
3634 9765
324 9775
5205 4186
8539 4058
1506 4438
3980 4696
6955 3668
5731 5150
7482 7340
8761 1270
4310 5513
3362 5524
9544 4785
8789 6599
7724 17
1000 5766
6646 9094
5745 5456
2828 5173
2158 7706
3430 1711
3936 5870
879 2897
2273 9513
5130 1150
6256 264
6577 4393
8557 7555
1056 4613
5733 3807
2644 3960
3089 5778
7564 5658
8640 2035
421 1125
8129 7535
3148 3165
8493 6006
811 6535
7040 8612
7162 6141
1464 3382
8406 3965
7037 2349
5470 1871
5264 4231
5845 3739
2951 3708
1435 8669
8017 7023
3599 3014
2109 7212
5440 2494
2839 3842
2219 3478
8839 7476
4 112
3369 8440
4958 8606
8999 1815
8436 4628
312 770
2530 1463
1456 5994
7357 4909
5192 4642
7575 4374
8921 6616
5762 9622
6624 3528
434 9307
7428 1202
5744 6866
8543 8286
9054 9708
844 6368
5037 8113
4089 3133
4448 6788
3054 6677
3271 6227
7030 1157
1354 8971
3150 1216
4183 5144
7190 8426
9598 6054
1969 6760
394 6288
3297 7727
4264 6564
1760 8979
7402 1804
7200 6764
9058 8288
9782 7363
7839 4419
1492 5013
5052 2300
8097 4957
35 926
7641 7335
7804 2071
5944 2475
4837 6598
7208 9650
9670 6535
6594 7762
692 3504
5551 271
979 3786
483 8805
3768 3923
6076 4569
8540 8878
3688 2116
9643 8462
4650 2207
2472 1108
6723 3512
6409 8003
839 2239
7581 2625
1700 6928
3040 1424
7090 2559
4786 2648
9120 5460
6877 9634
7396 6293
5876 3257
1659 2186
9024 8894
6857 4805
3299 1906
4933 585
8302 8893
6387 4767
2547 9482
3113 4915
3049 2404
3971 7899
4395 1686
7735 9802
3510 7915
4889 8342
3035 9101
7580 2761
1248 9936
7006 4528
876 4148
2989 9225
6188 5954
9331 6833
1638 7004
847 2112
9533 8201
4133 8846
7865 9823
4481 7449
2860 8733
1411 2550
6057 2444
3446 9391
1644 7954
4610 3890
5954 9535
2795 9578
3666 3788
694 4078
3040 4265
6158 8842
3241 9715
4293 1934
5847 3551
3665 8237
3983 2516
3396 3384
1843 7477
4924 3196
169 6046
9711 1005
1215 2991
6712 5330
7941 9753
2919 3385
9776 4566
563 6076
1458 979
994 909
7752 7941
4051 6460
4379 4213
212 5231
2769 3815
2758 2323
7554 6831
4730 898
4072 2851
7310 9796
3340 8718
830 6413
7366 208
8965 9872
6844 2525
1512 9185
8723 841
6888 5907
1201 7562
8860 7767
375 574
1499 4058
6489 2622
458 6642
6015 399
5422 2477
1714 8797
6678 330
4980 3353
6966 8822
9804 4237
3055 362
5359 2236
4702 7122
6572 6545
2892 5918
2630 8942
2191 1507
2085 4008
9262 7952
4415 1665
3004 2154
7967 6883
6446 359
977 2678
755 5601
4264 2019
7272 4728
4599 7710
3520 9665
3798 5996
5330 7362
7457 7105
9206 5526
4123 583
2711 7484
4969 4645
9201 8145
9577 8691
4875 8719
1994 463
6901 4945
2342 9842
5985 5353
7023 432
5079 5583
580 2543
5079 7432
3981 5206
3891 9821
4724 6197
567 532
688 3675
7706 9825
5586 1838
1500 3705
9145 2020
2030 1285
7949 1980
7322 6281
5777 644
3443 8562
913 6761
4540 1642
2405 9062
9014 3719
8940 2836
737 5910
7421 8298
9064 2684
4439 9552
6511 897
7676 4431
6481 1580
1091 1425
4213 5391
4824 7822
7361 381
8863 1979
594 6923
905 2692
4991 4952
5320 3531
5990 5420
7881 2910
9805 6866
6451 5057
7213 2256
4590 3019
5538 5931
6656 990
7059 208
3795 9975
9052 331
1974 9770
9445 3846
5377 6214
8882 7414
7678 4772
822 8948
8062 5859
302 6401
8610 9137
4049 7860
3176 6095
6378 4302
4258 2276
8849 6051
4093 7334
4161 6366
9804 9277
7256 2655
5706 5630
4344 8294
9683 7613
8740 7139
8458 3707
1738 6065
4612 8253
76 177
7576 5022
4643 1527
8566 5304
4028 3363
3560 4032
8547 8031
672 9704
7631 2129
3050 3237
2987 7396
8729 9656
910 5776
8684 7608
7525 370
5483 3298
3972 325
857 4956
6163 8947
6176 8915
8973 6935
4687 3813
7443 1439
5845 7945
8856 3947
5747 6046
373 127
4896 7495
8658 3248
4120 9527
4000 225
9094 2009
3089 5918
7942 9622
7106 8034
6320 282
9451 5788
1624 3304
3424 489
733 5178
147 6890
3161 5517
4876 1089
1598 2523
908 4879
9956 2086
1635 4845
7009 5489
6859 440
2015 5465
49 4808
5474 6107
6289 3941
6032 2294
3725 3780
4947 8571
5646 5798
748 9035
5397 1209
3483 3237
2413 8869
5718 651
3527 4375
111 9777
6046 6059
5308 2068
8618 7053
182 2493
5968 11
280 1843
3645 3542
6781 3019
1947 5368
4428 7401
796 7401
7041 9745
5093 5658
7616 8483
3433 3677
4782 5941
6117 6378
8237 7049
411 8716
6341 6847
8320 6017
9743 5974
4893 550
5395 6241
6367 2618
9823 6432
761 8148
5785 816
555 898
9124 1314
3222 8047
7472 2524
5246 2946
923 1941
1420 8516
1046 4098
1865 3679
4196 6664
8262 666
2005 9222
5147 2453
6880 904
8396 1729
1367 768
7271 9932
2290 7774
7358 8351
7261 2671
1061 6129
1286 6438
1278 1609
1155 6912
1656 4763
8344 7258
8916 1079
8310 955
1252 4981
1630 5529
7948 849
8356 5187
6971 2646
6664 4476
9248 3207
1900 8154
1661 7884
5651 7311
9986 1849
7995 3445
9601 6789
1767 1996
4440 3106
2251 3767
5217 401
8134 4386
9740 492
7671 9805
6923 3182
9579 9421
199 635
8986 9571
2419 623
9817 6792
3123 5276
5214 7044
4056 1119
3605 434
3609 1057
4847 2594
4636 9322
1969 8290
3968 5516
8289 8667
1267 4076
8670 675
7122 9026
4113 3663
6900 7245
2182 1179
1462 7307
4587 3490
100 7798
3531 9065
815 2916
1708 7439
581 1634
4633 2648
6014 3131
1472 6025
9266 3717
1090 670
7772 4900
7691 8874
2305 5106
406 8714
6379 6403
7103 5617
3798 7438
872 9502
4128 9419
6321 3418
2208 1465
8693 4149
6994 9077
6248 9599
8235 6650
5028 6569
5834 7156
7713 5852
9607 2221
4254 806
3283 4078
760 645
6872 7360
8817 7337
7160 4539
6452 8025
7808 2085
1632 9365
6301 6658
9251 9506
8937 905
2503 661
21 9775
7222 5478
6270 8627
5160 3655
1943 3237
4581 2579
1174 2182
8447 229
5834 5924
8111 4626
1596 8944
9455 4946
8972 1209
1148 6151
5949 6550
7068 6361
7032 9247
5188 7199
9899 3521
3471 7675
9635 6505
8697 6779
4017 5681
4392 6264
6504 3482
3009 9004
778 2048
7407 6914
7680 9084
2520 7850
6557 2877
414 9458
6886 9094
7544 579
4141 7232
1416 9965
4764 291
9587 5572
4292 991
1232 9687
754 261
2852 846
8757 6147
9467 2784
2255 6472
5873 2387
2293 4717
5713 9906
5747 712
4401 1028
3285 2883
5321 2701
8660 4611
1752 2679
7229 64
923 9338
2104 9744
904 7508
5409 1156
8397 6420
7324 5287
1281 7798
3348 7827
918 1446
8430 3346
9370 6887
7069 1238
7897 8771
5758 8042
90 2199
7776 6727
7062 3123
9170 2625
5852 6983
1231 7256
9067 366
3570 1723
6556 5759
831 7119
9704 2690
1188 4787
4614 5692
6814 1402
9100 4147
5996 9161
2545 1157
6222 4243
7964 4028
167 5502
4691 9566
6606 5070
712 5766
4050 2388
3561 8229
5926 7847
3772 4038
7377 6943
8492 9658
3828 5968
9734 8201
8318 8096
7883 3473
640 2052
2658 2569
6571 1136
6408 5937
5322 5850
6381 1
8139 4410
9531 6520
2763 7808
1051 7544
6954 5187
6287 9930
4296 2136
3762 4220
3744 5792
5901 8989
3516 549
9060 315
2283 1519
1446 9415
2101 4214
9829 8046
5662 5528
5945 4501
3272 7613
5137 8656
7946 1030
8854 7496
3637 3469
665 7036
16 3264
9165 4968
5792 5021
9907 2950
1958 3450
1004 9104
5041 2337
4067 7919
3271 7730
718 5684
9342 3965
9107 210
956 4711
7866 1168
6181 8070
8058 2177
8259 3562
9132 9545
8340 497
8423 4298
382 2935
172 1861
4092 4934
7803 3727
2166 2815
9099 7702
9047 459
7434 974
1820 7555
8530 5339
8747 1217
7221 8260
7709 6466
3459 892
639 8368
4778 1982
1963 5982
9038 15
9902 6442
7432 3623
2718 72
5618 6834
5100 597
1135 208
4244 1213
7256 2937
9233 2204
7508 4609
8314 5598
9640 8640
8793 8517
1531 9237
3761 3359
5697 7943
7981 4067
8544 7314
697 8578
6082 5119
1447 4857
7512 3623
1344 6635
7832 6269
585 7158
1832 5350
3687 9347
3765 2254
7441 326
3534 8872
433 1478
2445 3368
7402 8356
8793 9076
633 5270
9508 6745
7939 7680
2065 6727
8221 5659
1580 8562
527 5327
7038 2129
6922 6051
5049 1533
1718 671
1806 9751
4510 5955
4715 8490
2657 7363
4206 4390
2453 3266
1266 1096
2641 4456
8001 9205
5818 5459
7590 2187
3183 4399
169 6031
3936 225
6416 6183
9998 936
8567 9080
8899 8300
8490 4955
8411 8867
2262 5091
7062 2166
6041 9711
6170 5527
2086 8876
2521 5787
8227 7404
7253 3470
6058 6832
7191 4353
2816 3344
9835 3562
5844 9074
9202 5881
9969 836
1913 3846
490 9224
3212 3353
1990 7002
7217 6007
7244 3949
9411 2436
1272 6782
3184 883
8962 5769
8847 6737
5904 6987
4978 2270
5147 96
908 6140
8259 5301
7569 4532
7495 3596
9574 7185
6107 4477
134 795
1221 661
2722 1164
6215 4108
9052 7648
5257 7187
530 6261
8882 5216
4702 1031
2641 1387
710 4089
2592 4955
2958 7163
7195 7946
2950 6710
3834 493
3467 2433
9342 987
5798 8636
771 4389
4257 8562
4518 5625
8719 4527
2780 3111
9723 2742
6226 7305
4911 4081
2106 4260
8784 2206
2671 7165
8616 8571
1180 6478
5018 1009
5496 1738
2236 7005
3318 3431
7354 8627
2757 9870
4007 1661
1404 3936
4251 1060
2451 6185
2588 5904
4658 7779
5635 6224
6321 4424
1553 8711
6494 5724
9108 1344
6730 8777
4984 5992
7882 4294
9132 283
4084 7783
178 3940
8058 6460
1938 2567
3218 1944
5323 8755
3155 7150
6285 1248
2387 5600
9449 3071
3522 8069
5838 5683
6779 845
9835 3457
2060 1410
5123 6846
7604 5290
9107 5739
928 5060
9207 6030
9822 8898
2265 3221
1468 9793
6360 1048
1609 6577
2803 4858
8726 5839
1426 1294
144 5562
1525 6683
355 6128
8625 7399
4964 7904
2992 7743
1228 5547
7629 5162
734 9948
745 1954
7181 5155
1849 9759
9066 7853
5755 2828
6617 21
4930 2337
884 7073
2380 1094
9190 8424
254 87
3337 7280
2169 5268
2934 1304
9856 5679
2769 738
3075 8771
7453 8905
4122 1286
6378 6094
928 4064
5453 497
5144 7223
6804 4236
5448 9416
2503 9033
6964 42
146 3314
2609 6119
4634 4285
8876 1387
9671 3839
796 7561
217 9597
8905 2356
5887 8253
9727 1719
4582 6178
6404 1276
2985 6136
2519 7419
3628 8357
501 7238
4752 7010
2484 281
559 6811
1242 8524
2162 1894
7265 2675
9565 87
7247 7701
5109 3776
601 438
2776 3722
1778 1983
4211 4776
4025 2222
144 2377
9986 5122
7064 8262
4781 642
1465 3436
1976 9549
5090 7531
1338 1957
5490 3335
9375 4424
1778 1525
8556 9861
9938 6006
7626 2752
5675 2851
5072 2414
7794 7995
7965 3336
3262 2250
3161 8609
4756 8108
2246 7861
6454 8913
3302 6410
1464 9190
3700 7684
5479 8738
9565 4125
940 9124
6688 6677
6102 2230
2903 9787
4440 3704
3130 5951
6068 4636
1351 384
9057 2763
2457 1986
3162 7192
6271 5220
4368 2987
7520 5031
3186 47
6666 8094
3310 8686
7239 9757
9283 478
5042 2119
3529 5756
4948 6688
5677 9278
3169 5582
3019 6550
1689 9956
7771 3584
4728 8157
8598 2071
894 1471
3854 9042
7124 4311
4937 1370
5106 8300
9058 6583
7569 9350
7712 4842
6274 4817
6435 385
8935 8728
8320 3981
9510 6523
7005 9580
5158 4336
6393 9562
9688 7913
677 2924
3539 8312
1317 9997
6511 9965
8542 5022
1662 6664
3652 6129
1224 8529
5834 5780
8057 6062
2355 3326
2181 2456
6851 3870
4607 4924
4120 9542
391 2748
8623 9814
6601 2629
342 4690
8656 4031
465 6539
2512 3082
1813 8408
2177 1229
1665 6911
319 3285
5214 5435
5793 4818
1658 3016
4621 9205
6243 753
2719 9705
7728 1195
9431 5929
4662 7410
879 9541
7970 3999
8932 1805
4713 8675
4483 6557
183 6562
6681 7551
8441 3981
3811 57
6490 691
9321 1685
197 2264
8257 4327
9263 4625
8560 1617
1208 8644
1922 5796
7378 6693
6566 8291
8703 4942
3988 8478
6959 2881
8292 4328
89 4964
5791 4457
1370 9359
1243 6006
1707 9275
7866 3627
2026 3319
2128 3692
4577 9255
9001 6458
9236 9940
5709 7727
504 7428
5258 4237
4337 4803
4660 1838
3804 4748
1409 147
7838 9310
7467 8058
2786 9836
3514 8629
7689 7547
570 8717
226 6252
2397 1485
7117 1239
3588 1885
2684 1296
6355 6239
5254 878
6686 7776
4191 291
8555 2859
8712 186
6973 7579
9440 472
6610 6176
4660 8419
5504 3190
9843 1601
6208 9957
1042 8939
7393 7359
9058 2364
1996 9885
945 7725
5906 8075
6063 8129
11 4890
6087 5738
8415 9176
2490 3049
8615 4773
7455 1770
8957 1558
627 1753
1466 723
9589 9815
8035 3705
2416 5033
3602 8165
9883 3328
7301 5426
6337 3087
6611 2646
1956 5006
588 7007
4440 1961
5567 1092
7453 2057
4600 4843
9159 3049
5178 7528
7274 231
1357 8720
2202 7099
6857 2060
5760 7909
1182 5920
2990 9357
4695 5610
3846 3357
2041 3559
3106 201
3196 4160
4757 137
802 9637
219 9292
7111 4980
5361 3754
3171 6410
5023 8647
2062 4566
278 7578
8744 4970
2740 6030
9636 7861
1 7835
1487 8265
4701 2306
1747 4827
4314 6959
443 4021
3136 2160
5787 4217
9454 8890
6928 5038
6497 5583
4650 4387
6441 4841
6265 150
4380 4074
6827 6951
2914 7594
1746 2718
1791 7244
1496 5455
6171 7645
1379 5546
9232 6057
105 927
6267 3041
9125 9703
2024 4593
7885 1967
6005 7231
8454 8823
4737 7225
9892 9724
1586 839
4211 4360
6070 6321
6469 5669
5342 38
786 3868
2805 3643
1540 5508
7398 8596
2852 3668
7879 8664
2039 8682
5913 3316
9723 3619
5059 8960
9994 42
9639 3806
4335 1201
5544 4010
9864 60
5372 1552
4593 3859
9162 721
863 3559
9200 493
4263 7139
5582 2106
4808 5600
345 3728
2872 7477
3977 2210
8407 6517
2113 3971
5975 2188
5148 89
330 3968
6302 366
7444 2691
8598 85
2002 2191
2517 944
2806 1279
9148 4902
8325 8662
4168 9854
8361 9681
5896 9557
3269 9493
6795 9008
3329 9233
1336 7872
3796 3118
8538 5968
6234 8939
1440 9473
6169 6927
8574 381
1491 4153
1801 1835
2839 6968
5363 6141
3908 7328
9673 6162
9788 4648
425 3561
5536 5869
2586 9814
1351 8838
6166 9142
4486 7745
1330 536
8579 479
7355 4304
7274 9881
1465 5044
2257 2381
6639 3198
3932 1410
6040 2336
1587 9507
9634 3606
1446 3798
3243 4201
7720 8991
3180 430
9954 9394
860 1502
1482 4284
5417 5969
5760 147
4650 6846
2286 2249
335 1665
698 9767
5208 3864
3810 9196
5385 6147
8266 1737
6582 4184
6416 9002
6748 3657
870 5831
2415 1213
1411 5539
9158 6787
2990 6874
2869 5257
1300 2073
1803 7792
9413 3364
2477 6670
8064 3710
3021 4263
6791 1635
3786 3381
694 4474
40 8021
2790 3862
2989 1533
1010 9673
8690 4686
3075 1570
1393 8274
1340 8043
7719 2200
5100 4963
6562 5006
3376 4228
3844 5676
841 9368
4675 2002
3471 5210
8308 4620
6016 3919
3304 3330
3840 9886
6654 2692
6728 2167
5591 2616
7215 8340
9997 3685
4564 4616
6108 3498
4261 3460
4123 7021
5643 3644
1487 8765
2430 5338
1087 2688
4302 7902
9105 8092
6534 1917
7682 1559
5367 7557
8665 1192
2582 6584
2276 3883
9621 6555
1910 353
2351 7080
2880 4555
516 6857
4450 6688
153 6514
9563 469
1977 429
9598 7794
9779 9282
5531 7019
9089 6577
8445 8941
6937 1879
4541 934
2309 5229
6836 8310
5788 7867
3787 3199
8710 161
58 6961
8033 7853
968 7624
7008 4400
686 8629
1186 6612
3028 9270
3645 6428
9424 9804
7347 3040
4670 2246
1985 143
911 8892
5606 8934
8883 1250
538 6062
6048 8895
5549 1425
5729 2479
2028 2223
6319 4233
4761 6068
262 2563
3383 3142
1022 7275
3322 4780
3115 9544
1946 3184
6523 9489
6674 3271
5891 1344
7698 4125
2395 5668
1537 6356
1829 9570
7578 1253
8843 2274
610 8319
5980 6926
6217 4061
1554 5122
9581 8023
6430 6398
3264 4052
9234 9137
4229 1828
4843 3916
8796 1603
141 8201
4483 7821
8965 5888
1451 5271
7170 5575
6350 4571
8068 8137
7492 3648
433 3714
2481 5190
8822 3197
4846 1200
9971 4676
3321 7074
2525 9202
6834 27
2526 6550
8381 9789
6217 584
2312 6969
4714 9925
3749 3495
7207 4105
7015 835
580 3742
7457 6912
9251 1084
699 3410
1212 5362
2389 1770
5998 8738
2912 2628
962 6221
9620 4830
6342 4647
3448 8938
3309 5686
9016 9223
8319 8013
5017 9425
4849 1761
194 9568
1771 7711
9525 5886
462 3900
9516 2369
2436 3931
928 1256
9837 6332
8641 3874
3498 3645
9822 885
6045 5861
3765 6385
7846 7954
1196 5298
6228 7819
5584 3230
2838 4037
7571 3107
4927 8151
3423 1473
6162 2632
9258 8784
2469 6794
3406 7615
9331 9233
3923 6107
2559 280
7589 5229
1300 8311
7495 7322
4712 5903
713 3118
3328 1633
8779 2651
5860 6183
8159 569
5564 6261
9953 3787
9166 8519
5703 2226
3660 7784
5772 5269
1954 6731
2205 6373
2924 1453
1577 4012
8389 9005
4744 3114
3126 8088
3122 7593
5151 3859
5193 293
6431 8773
701 666
5384 9524
9510 6076
613 11
6745 4880
4709 5179
210 3966
2557 1460
3539 7599
7772 3464
994 4377
7396 9465
9614 3063
2093 7216
8304 5727
2200 4199
7091 8914
1959 6267
7779 867
4311 1981
4005 8862
5144 6268
5508 2537
5348 6880
430 8297
2324 2043
6629 4226
6110 4462
791 7725
249 5014
2802 3370
9241 1788
9364 6491
6031 6554
8967 6568
279 9297
1709 2985
99 3233
7393 4008
9935 9703
8042 285
9743 3520
6705 5003
4290 3050
4048 653
3811 251
3192 748
3189 2654
4642 5456
6712 8079
9243 7753
1291 2480
8151 8337
2917 6650
3573 9816
6211 3431
7874 6035
4041 6599
3369 4844
9728 7712
3252 3085
892 3543
5721 4577
1404 5273
8627 7375
5602 6563
2851 542
5164 3729
1828 3693
101 5128
4945 5964
3804 3229
3383 6481
9177 7379
7029 7198
9999 7736
615 43
4064 6810
6733 5051
1229 9508
1975 1378
6385 1315
6481 95
9075 6203
6804 2566
2044 5477
2944 8316
8750 9259
2071 2679
1245 275
4109 5265
5130 4108
9010 4834
9901 5222
5625 5221
5565 8480
5460 7637
427 4935
9528 5857
8999 9411
1353 8262
3942 8274
3709 850
5082 1554
6862 3835
8569 4628
169 6488
2777 6302
1412 7405
8971 4631
9254 664
9913 5147
5427 8822
4857 890
5867 8496
9332 6008
404 4516
3122 7285
889 6899
3793 533
6251 1354
337 6069
2 1959
5231 8907
9718 376
7164 6972
9575 9880
6244 7204
7785 5057
2493 6515
9095 271
1716 248
8514 8315
8487 4921
705 5698
446 3273
850 5511
4685 1960
3797 5976
1438 1430
6132 5301
1337 5077
4302 9587
1074 663
5637 1091
181 6374
8299 5541
4680 3712
5527 4154
9985 3503
5054 7412
6631 8914
8126 9424
7965 1158
4661 4787
8801 1541
1927 545
3767 855
1344 610
3169 4190
2240 8155
2887 1410
2646 5864
2060 9598
4819 5286
3369 7188
6725 1566
2912 6951
2177 4640
4795 3776
2885 2879
9762 9601
8645 8723
9397 5998
7106 3905
8453 6961
9099 4729
6728 4497
136 5627
8861 9834
9253 3234
144 8182
965 891
4893 6813
5937 6446
9931 9544
425 4891
201 7700
3451 5252
6871 4044
4767 1319
5279 7231
8495 7672
4408 4865
2536 9207
7894 7670
7334 8078
877 4792
3405 4035
4907 5227
6823 8397
8616 6195
6082 5653
9528 2872
8816 9042
7286 7656
9934 9233
8325 7816
1843 6361
4832 8499
3356 4970
3462 8924
5077 2590
5412 9542
5305 1858
2874 697
6560 5305
621 6553
6529 6428
7212 4560
7774 8088
3401 6501
2459 3205
2879 2171
4214 5178
4371 9824
8113 5835
6210 7297
8417 2943
4919 873
880 4009
3753 453
4261 8631
5365 7793
7428 2723
193 4422
5007 7814
8746 9330
6469 5085
6259 9836
7876 7904
1284 2536
4418 5777
6717 7630
5624 8739
4348 6019
4509 1180
2940 3259
9359 9794
9074 9092
2701 3532
8434 377
3901 3878
3570 7885
9961 4756
8345 9507
1530 2688
1898 3990
4286 2602
6306 3182
4482 6276
6539 3733
2709 1723
2542 9638
2994 2827
369 246
8030 943
9800 9145
4293 2535
2177 5884
1232 6113
113 2
5441 9744
6449 2049
6394 3971
2269 9924
5977 6710
5663 336
2176 8007
1350 8260
1981 5301
9239 4191
276 2590
7679 7575
8098 7329
9159 4307
5430 1080
1056 8751
9294 9158
9021 4093
1011 7250
5856 1985
7964 9446
6978 8397
2370 5394
1645 4783
7191 2644
4882 6746
5038 5583
7897 587
4108 4345
9327 922
490 8925
4115 9512
1442 2939
6928 8151
6555 6109
1002 2874
9992 6146
7713 9260
8932 8199
4885 2303
8350 1109
7731 2846
6488 5089
4256 3988
2993 823
72 1123
3413 9328
7578 6390
5419 438
140 5960
7863 7325
9629 4796
1278 314
5397 1801
1924 2285
9140 5122
6080 304
3167 2818
1736 4968
7833 364
2163 9956
5724 6406
3130 6187
9840 4720
7245 3705
4455 6217
2599 5883
1833 1465
4639 6642
369 3804
7995 1819
9529 9097
6540 3029
7375 1739
7231 7496
7865 7763
8872 4570
9790 7579
1948 7263
3419 5895
1152 398
6879 5369
4359 4454
3218 8072
1610 2157
5883 1294
1492 642
6422 8345
6276 1313
7711 885
3922 7121
7712 403
4782 4060
5342 4518
8835 7420
9231 8551
4327 9279
4202 7575
3756 7373
8755 7679
5820 6843
2723 3285
7132 4837
7879 8837
5982 8128
9211 1763
5956 6362
2473 8270
5261 6527
4076 8990
2926 7446
7984 8619
8310 8380
4548 9002
4311 5669
9954 3515
5106 8428
4775 410
6833 937
5663 9196
207 8541
2115 7724
4254 5160
7016 8898
8605 7587
9699 6619
2139 4880
6199 9457
7039 3388
4854 2822
9641 9195
3179 3200
2979 6610
8369 5500
5513 8634
6528 9882
6300 4737
4705 5886
2332 4696
9639 984
791 8703
3577 4131
5823 5894
379 7073
2400 1223
8851 8381
6189 4919
3633 8655
2209 6701
5877 4411
2200 4093
1503 2784
9488 1263
8451 1785
6378 4869
8863 2701
384 5702
2156 9827
7076 9212
4488 67
6273 3145
8229 1751
4858 2658
9256 3782
2782 8030
1079 8513
3044 1054
5128 6437
9322 4122
5746 8187
4669 7833
583 4079
1214 2663
7902 6698
2979 1713
2518 6803
4177 366
8540 9841
3243 6902
8559 1768
6301 1585
5359 8812
9254 663
6734 1533
3292 6718
9337 2081
2000 5162
8573 9426
9382 8531
4547 2955
4008 586
7631 1990
5437 7604
2610 4945
3658 1935
7436 1919
8964 8750
8208 3957
6476 2217
2275 6982
520 8298
6116 2270
4922 3194
3235 5755
7413 6669
6196 833
4497 322
7181 1066
5861 7660
8081 9867
4169 459
9145 6889
7892 4769
7678 2321
6806 8580
8395 4955
6880 8872
6573 9041
7395 8801
5080 991
7754 671
4191 5073
2240 2810
2896 3919
3249 778
8539 5717
3572 9665
1122 6925
1906 2494
5944 7784
1958 6744
5592 6624
7753 8675
2755 5135
3197 8262
1966 1136
1084 5479
7986 785
4817 969
1986 3200
7173 578
2284 5463
5892 8919
5258 2873
6471 5169
7160 6773
8545 9587
3250 750
6904 9976
8821 818
7413 9482
2865 9939
185 9339
1874 8603
9547 7548
5907 4769
5627 1112
2536 1807
3406 4822
6237 1636
3010 263
4796 9334
9084 956
1704 9917
1099 4097
5967 8480
7499 819
6487 1331
2707 8940
9029 8309
3954 9603
3475 4247
3074 3054
4068 1076
8708 8004
5081 3755
9626 6462
1460 7316
1219 5503
9360 5210
1698 3569
6688 9974
1312 120
5114 1868
7572 7092
9762 3305
9658 4130
4719 4657
3003 8952
9512 8177
6804 4701
8831 1508
1701 2588
7893 2240
1137 8205
7613 9103
3358 8025
1510 7855
109 1577
9221 818
905 9851
5038 7328
4537 9454
2924 3498
7905 4574
4096 9077
6507 8448
248 5518
3728 1237
9266 3776
1388 2795
7001 9623
610 4547
2450 4907
1541 6557
4042 9475
9860 1011
4543 7008
1637 4783
9328 1668
6546 6493
9144 8539
6724 3897
3822 2063
4184 5204
820 7905
8790 8345
3890 8941
3626 4368
2129 8567
5809 6253
9532 7466
187 2832
4701 3917
6753 8899
7892 1570
5836 8166
5013 4818
2435 3597
5363 5944
8383 622
2143 8540
9586 9708
380 6963
7520 7592
802 9940
401 1222
3096 4001
8098 8692
5179 5744
3321 2789
7042 6542
2641 683
2840 4091
1740 9940
6649 5349
3992 9671
1147 3949
3419 2369
6747 4604
4133 3088
5830 2425
3345 570
6486 2928
8137 9951
6007 778
7618 5473
6562 8176
5384 4678
7825 4912
3674 4958
9083 3984
6594 6652
4663 7547
2843 7447
5671 6715
119 1934
33 1434
9114 4534
9379 3996
4452 5450
6749 4155
2154 3667
3155 6876
450 1284
7346 9283
8185 1266
9073 1316
4006 1029
452 3983
2997 6517
5940 5720
833 9530
4812 3502
6968 4986
1071 3468
9585 1464
7260 895
8261 577
3106 9369
2719 4802
5739 1784
6673 6828
9792 7151
6448 6858
5875 2141
183 6142
8937 2198
6246 5277
1214 5425
1800 7893
141 9401
9994 1847
121 6640
7990 7391
3374 7599
6720 3972
5827 8726
6985 731
5977 530
3634 916
5784 7989
7749 4725
2667 7490
5660 9781
2886 8149
6158 5519
7753 8044
118 9286
5867 6553
990 6707
7332 2210
3742 6202
1381 1383
262 2959
4351 6025
3072 1900
2633 7166
2354 3056
9613 2240
8597 1605
8136 5643
5057 5479
5475 1218
1635 6867
8810 5556
2724 2973
8024 8361
5955 2316
3046 3277
9289 7576
468 5202
8776 7416
8973 3891
8657 5666
8123 2969
6224 1568
9212 7001
6026 386
1792 3912
927 8759
2895 9233
4685 2981
9632 5512
6234 6087
6455 4885
7294 5304
4845 9355
2617 4389
6197 8985
1765 3962
9614 3667
2115 7743
4926 9323
9074 4093
4428 7660
2573 4871
9538 5810
8691 1860
239 83
6007 1982
7192 9262
6475 5044
7585 5344
5178 2406
4663 2129
8441 5264
7882 1715
1763 6999
3137 578
663 1775
2640 4129
2077 7658
3524 7740
1860 8852
9586 5678
8397 8166
9316 5012
7376 2508
6898 4409
9552 3134
1182 7144
9252 6612
8693 5921
6198 2255
4319 17
3753 189
2485 7376
3226 2590
5631 4280
1534 6374
2908 8637
5009 1484
3895 6995
6367 617
5293 7111
2447 5671
2839 2055
5136 4130
1239 2900
4621 9862
3512 4053
7504 3528
3960 9836
8583 1693
9981 7835
6916 3317
2524 1558
7690 5257
310 6438
9883 5866
2474 2093
1074 1763
730 1326
2518 9755
2448 949
8252 3889
2951 3519
7503 5216
5589 4631
9589 9206
2909 8849
6455 3479
7224 4827
9880 2278
5310 4347
1347 4284
3877 7062
4865 3005
9718 810
4100 3422
1685 897
6326 3552
6717 2881
4756 21
490 9482
7272 5054
5024 5025
8470 7579
5150 8445
5652 6856
4858 299
8049 5721
3412 7184
9075 9204
1431 8913
6213 7653
5991 1554
9139 2140
792 3773
7047 2833
7707 223
2621 1447
4703 8849
3920 2046
2623 7004
8071 8485
6268 2403
3218 95
6703 7043
5275 1955
2305 8562
5296 6346
5234 5615
9978 5604
9542 1258
6083 2568
5327 5613
9194 5543
2788 9977
9441 3201
1355 4080
9349 4280
4305 7042
2546 3563
2913 3873
5788 7545
1382 2912
2881 8899
9273 5024
1124 8579
9774 1790
500 6778
7649 3445
4940 4198
7640 7484
9212 6642
885 8189
2598 4338
958 3504
2195 5275
6478 7769
1801 1763
7327 9809
7602 5726
7863 9578
7064 8974
57 6771
4247 3584
6227 303
5054 3886
9540 1767
2101 1075
4789 1894
3315 2676
3206 108
9040 2541
172 3947
8471 3473
8951 1185
7572 2492
9991 7062
1005 5990
7409 68
9661 2911
4538 5034
4020 4848
9153 5223
9761 4321
2294 9934
9037 5429
8508 939
9216 6534
1689 6905
8633 4786
177 4418
3763 7765
1837 3149
7141 5905
1395 6294
4902 8720
6923 6872
1434 182
970 5613
6347 6654
8009 5859
6869 7051
9476 5259
4285 2171
9145 1863
3671 8732
599 5647
7130 2547
3749 3565
3572 5049
6314 4751
8117 1083
1792 8482
4651 8093
3408 5769
1348 2086
7945 5681
2298 6862
7582 3794
8829 3771
8885 9520
9401 6344
5501 321
3699 8428
6233 7970
1167 8354
1174 6807
816 8257
7405 5472
8737 9366
9961 9602
2754 9349
1834 5155
302 6533
1484 6483
20 2467
6015 3873
7204 9218
3618 4402
3831 232
2809 7001
1682 7491
5183 7361
816 4949
6507 3833
2226 7536
9580 9398
5801 20
7693 5384
6290 7222
7818 1457
1194 1389
4647 7131
1808 7007
8858 4969
1014 60
3099 6912
2814 4001
2324 9889
4272 9245
427 6929
5528 568
6769 8736
9255 5202
5918 8042
950 4242
1746 7889
6695 7772
1137 321
7138 5758
6413 303
3639 4866
7841 5268
9458 1991
1403 2438
5564 1052
163 4934
7118 5807
6808 9862
9455 7348
6305 5407
2055 4293
508 8555
6174 1761
1965 1651
5314 6945
9713 6887
5682 7683
3032 5698
7512 7965
2294 1053
1270 5614
8078 7713
2766 8962
7715 2322
2603 6003
7443 9861
2261 1070
5512 5281
9125 853
8690 792
107 5169
6984 4256
2060 7854
1981 8301
405 7392
3703 7118
8468 9238
1795 2203
9897 2585
5382 5945
5359 862
2816 5018
3793 6917
190 164
3446 73
7310 8778
3414 3971
1211 5715
6699 7917
7721 2768
5331 5275
6227 8666
8826 5662
4863 949
8102 7492
5405 1400
6860 8023
4790 7447
2101 4422
1294 4853
3222 732
2766 4009
7422 1140
5052 1961
5812 3920
4110 402
5961 3600
9776 8006
9439 4682
5588 7242
1052 5501
1636 485
7736 9057
7762 5334
8337 7375
3916 59
258 2584
4192 5152
6458 2794
7913 4621
4910 418
6456 238
7684 6197
2537 78
8908 385
9441 520
92 5267
4135 4476
2958 1310
7624 3811
5802 5643
2731 3222
797 8641
9312 9286
5375 7350
2018 2745
6020 4372
9490 9869
2762 5095
8863 8603
8336 1504
2606 223
6683 1876
2149 1583
7796 7298
5968 2150
3783 8488
1373 7842
6842 165
6694 6402
6573 2166
9550 3620
689 4935
4378 9712
4082 3674
6543 8199
7805 8592
9021 8289
8005 376
6483 6255
4056 1818
164 7852
4668 7845
7296 6796
2931 2155
8212 8515
3313 9616
5852 4220
9721 5241
7310 6770
6696 3317
1378 7013
217 8515
7945 4100
6808 4908
9868 2983
4463 2041
7416 7422
1222 4644
5390 4110
9721 233
9930 3966
6348 8347
7600 7735
1445 3085
1865 3693
1140 913
285 591
9880 6743
9215 6513
5796 2253
615 6965
7018 1035
1458 7197
877 3803
5380 4484
5696 950
1828 4075
1609 9733
3251 669
4423 3846
3766 732
2710 8363
5335 953
4090 3297
4663 8858
8199 7646
1530 9630
7069 5814
9793 7041
5747 7118
9970 7913
9975 1477
1078 5263
5387 5101
7106 5953
8372 1542
8391 6411
9562 920
9124 5687
291 2483
3142 6498
6194 1442
1805 9631
6048 9693
5300 6562
6096 8468
7915 9356
3895 4284
9853 981
5792 1431
2818 8198
853 7417
7849 4316
6997 5669
7104 3919
3979 6074
2679 7809
3576 1082
2581 2554
4698 2757
5692 8305
5662 8537
7326 8809
4720 7767
4302 2400
1412 8756
7497 5798
7667 5116
8199 9714
1487 3433
4069 722
5849 340
8291 318
2349 5740
8380 3668
7037 2635
2425 8811
6230 3787
1774 2678
8645 3792
3516 5910
8527 6790
4459 4378
9734 8933
2247 514
7072 2386
3338 5433
7336 3687
2299 9855
6009 8822
6525 5584
2796 1004
4288 9105
5242 8195
9188 2951
7502 2631
716 2634
7343 9567
181 2704
5167 5435
7089 5936
7211 4702
8540 916
8393 5829
3819 7564
3619 3682
2832 4151
6076 7799
4585 1847
6452 9057
5349 7539
6338 6229
5949 5583
8990 4009
5657 3645
1262 4854
8186 6873
2695 7667
3849 5879
3180 6209
2724 4784
3689 2729
1357 3039
1561 4492
9646 902
6223 4825
6697 3188
9370 66
6981 4729
574 5417
267 5810
5713 732
5493 8229
2863 7519
7279 7460
8315 8333
4754 4790
5777 3982
7620 9226
1749 5264
2200 3842
9296 3147
2068 3229
6322 1239
8854 774
1089 3921
5656 6616
6803 8875
1959 8928
5854 6216
5737 7918
366 3017
6716 9280
133 2788
3698 9216
3495 6223
8515 5296
7733 4632
7064 9238
1133 4673
9739 9547
4152 5816
1583 1451
3802 1985
215 9114
9942 1864
3562 4155
6544 9202
8810 5384
6093 1964
597 6842
7192 8624
6538 6033
9469 3440
7229 8386
9923 8245
2118 8614
9659 6465
3326 4425
4930 7139
8956 4431
9782 3918
6158 2356
8827 7554
1169 3509
6324 8002
3347 1017
2166 5463
4468 5251
4575 3187
6557 1001
2275 2728
2181 1141
4223 8733
6292 5073
3704 5310
8480 4344
3525 9136
2131 3846
9101 4379
3847 7220
742 6584
3707 2177
8874 2902
3914 5310
4611 4001
2514 7869
9372 1317
1524 5626
1273 8271
4304 1426
7336 4045
2469 6377
4059 3458
8902 9061
4076 1144
8175 4470
3152 3127
9761 6786
3924 1071
7960 5946
5753 3531
6116 8087
1517 6792
4806 8395
3655 6221
595 3257
7879 1596
2470 9291
5626 1132
7597 7836
1831 4766
9382 6290
8388 3972
6446 4016
4721 9774
8694 5264
6025 2159
9915 2613
5169 7055
1188 6231
5131 3034
8119 8064
492 6
2216 2922
1839 8374
5153 4367
1522 1925
8524 4954
2649 6033
1732 2713
2378 1401
5625 9877
4283 2238
944 198
3132 9629
1873 4601
4262 3113
1669 1424
8007 7390
9610 251
2589 6507
9942 7284
1328 6425
3440 6843
4778 6312
7229 5713
4830 4726
1822 8017
5512 1673
7570 3752
6051 6739
8788 6140
6582 4687
5661 2687
771 4777
4365 7501
9914 1614
6264 757
1961 4256
2057 7237
3158 3106
4878 7393
4174 8783
2079 5315
3608 7498
3974 7282
526 4554
9534 112
632 6330
1237 6960
8863 7134
3564 6756
9680 1145
4521 7827
5694 5691
2909 161
4570 6189
2638 1900
2419 7421
4423 2234
8527 4156
4301 580
4621 8200
6355 493
2817 4005
8270 9151
8668 27
5594 7922
128 3245
6239 2641
8319 1992
7595 1534
263 9827
5370 8177
2533 5155
319 8770
1755 441
2907 6847
2159 7469
9992 4769
6573 20
1981 4419
9353 9083
4520 961
5112 5948
9622 2112
7077 5732
788 3266
4285 8984
1971 7076
3714 773
5825 5682
406 3993
2076 6951
4312 3084
5506 1907
3030 7988
7135 7526
6820 3847
1750 342
7963 555
1659 7221
8792 4804
7282 8641
6031 4283
7646 4176
3258 6645
7533 4110
9333 5793
7691 9834
4884 7458
2860 1655
9951 9745
859 6005
1535 9353
374 144
9744 9017
6582 7727
3231 8950
7577 1644
2448 1484
7894 2792
6884 2163
9252 265
4083 3778
8893 9142
1259 94
76 8132
3566 8877
4175 3804
523 9821
6106 7914
6295 9036
2404 4327
8932 2806
2703 8178
111 4766
9092 8591
8448 7544
2153 5290
9976 5231
9389 7321
46 2630
2503 545
2922 6056
9012 2216
9684 9554
9392 7992
7623 3153
8122 6080
8161 4428
8279 3049
5672 6970
2110 699
1274 5425
9608 1482
1095 562
4492 1169
1487 7087
132 7427
7439 3191
3011 4532
4269 5730
2418 1183
2449 6570
6574 637
6541 8935
1870 8050
2361 3144
6641 7118
6556 8436
4043 8921
3210 5887
4246 2185
1052 7701
8061 3591
8306 7461
6943 5794
8731 685
990 5840
7340 5461
1377 8558
9514 2430
1903 7457
5023 6645
2814 4919
1440 1573
1516 8218
3158 534
141 1172
9338 5468
840 3627
2341 4861
9264 3480
269 6991
6791 7862
9436 357
1067 5717
8425 3404
535 3380
182 4614
144 9120
7029 489
5686 9970
4236 6766
4659 9879
4868 7218
5403 8087
6377 836
9411 9219
2966 1727
7532 4225
9892 2343
7290 5986
9142 1411
3167 1996
8674 2545
5658 900
3948 7012
1991 8783
6554 6979
4941 4279
1678 6708
7953 3782
4430 1711
3567 9432
4985 9961
928 4343
6200 3924
5527 178
5178 7000
6283 4021
388 3648
1769 817
9607 179
7107 3731
2750 5831
841 8630
6821 5715
7207 4868
619 3759
8940 7891
4289 4712
3966 7600
516 4600
3580 7107
7415 3266
177 6007
9123 5471
4570 2459
7063 7602
8450 2926
7245 3785
1499 8331
8386 9668
468 3864
8576 1176
7792 5097
5789 3465
6711 4953
4584 1750
6393 7929
6543 7547
3091 7075
2069 2344
6069 1725
569 4394
3332 1846
8240 7926
1669 7497
269 3088
3319 7100
5542 1263
9704 3760
4781 5563
4130 3913
470 7472
7459 17
3404 7817
8518 8593
9879 8549
8354 2518
5766 2334
522 4114
339 7909
9181 1017
722 5052
7612 7022
8899 0
1541 6478
9475 8181
1374 3134
8953 7971
581 1233
4557 1429
380 2069
340 4005
5388 744
5529 9668
3480 6876
6174 5215
256 7835
2053 6161
3860 3483
7460 904
3796 9450
8292 9624
5732 3948
2047 3933
802 8482
6602 2093
1271 6848
6227 9657
3701 3851
1859 4902
9302 1987
9469 4860
1232 475
939 7791
8216 9967
599 601
1958 8886
155 7917
1281 9386
8785 8135
1 8791
8607 8401
2831 1770
6425 3126
9860 4048
9407 9105
8674 8538
9368 6363
5825 7301
3245 6785
2431 2421
7574 4874
9851 867
2672 8748
793 7833
170 4225
6086 3356
8023 9161
1348 5949
749 2745
7981 2064
5417 2859
3077 2717
950 4469
4380 7032
3068 5040
7683 8476
1459 669
3187 8636
7589 7955
8273 3766
5240 9266
5783 7697
4875 6472
1536 1750
5577 6458
3911 2389
3786 9100
9569 9086
4953 6566
2898 7300
5816 2599
6036 1119
2942 7668
1211 4670
6598 9706
6881 5542
5677 5781
5164 2756
6653 4499
1563 1435
2272 9861
4970 7141
1287 988
3273 2209
3374 7137
6555 7913
6956 4917
1620 441
6350 6178
3737 6264
1593 6102
3303 4801
565 7642
9036 6415
6699 5441
8970 9497
9501 6059
7529 6054
4494 407
6221 6173
4816 5772
6344 8133
172 9882
2094 2570
2746 5311
7664 5438
4820 7506
6857 4126
8012 5530
8560 7432
7130 2399
8018 7849
6453 2931
4268 676
8067 8924
5817 8531
1929 1299
5643 1652
773 1739
6564 255
8553 1981
6727 2001
3046 2376
7892 5776
5899 2576
5993 2136
4895 4611
9462 9130
5430 3116
3020 645
4433 2872
4061 2129
6073 7993
2166 8358
3841 1326
908 2165
8177 8355
1285 6731
3907 752
1137 7151
7945 5913
6828 7543
4646 9478
6688 5540
1339 2398
6946 6512
1257 124
8388 494
5690 7454
7450 6464
3994 8675
3660 6122
6561 2928
1135 3129
233 4960
4721 342
6928 8553
7128 507
6353 8989
3077 2539
4572 568
1326 3903
8518 7682
9041 258
1730 8864
8709 7116
9215 691
7066 230
9230 7952
193 1179
8477 6271
8750 8890
5345 3642
9923 707
4668 1927
4013 9267
5694 8664
6697 6981
7131 3035
8896 9211
4049 5546
4659 842
5272 4075
9430 3731
8449 6828
6986 2884
3558 5600
5340 9259
7463 5551
2029 6671
6489 4865
5483 5048
7408 866
3236 912
6192 3188
747 9115
7562 8873
5011 8842
3800 2805
280 9144
8236 8420
1702 4791
1075 4061
2718 2325
5522 8277
3572 4614
3402 5445
811 1275
5381 9803
4100 414
6034 9950
2635 9194
5567 4541
8032 8123
3104 4573
6105 4587
2478 4412
5217 2852
977 1758
8693 2516
5953 7748
5551 1100
3563 2999
9159 9045
2287 2497
227 9322
9800 5056
1776 1390
7149 6987
7466 9115
7866 4376
2279 2352
9339 1931
9249 5797
1879 7400
3409 8508
1371 7883
97 2996
7312 6080
801 4437
4845 3096
7243 1573
3335 5292
6343 7185
2946 2517
9031 6842
2606 9262
7022 446
6993 4963
3219 8406
6009 3704
7098 3162
7576 6627
4329 8461
2575 5112
8615 9729
704 5415
3332 3518
9830 9703
2969 9293
4067 27
4788 9450
5085 179
5192 3412
5810 6569
2324 7041
2868 5920
5275 8591
1726 3621
1104 1673
1933 3461
9727 7728
8189 8184
9113 4620
1501 8561
2502 2879
9917 138
7533 6162
2680 740
2626 6916
9881 4835
4483 1786
4615 2666
5465 5864
9296 3736
4706 4327
8789 6007
4789 5465
3519 202
1510 2052
550 6986
5812 6017
1565 5950
899 2193
133 2361
9197 2551
9195 5401
541 1515
1277 5935
8368 1446
878 1126
4543 721
9380 7992
9230 8927
7468 4049
8024 2504
2285 2845
8679 2057
8294 1726
4383 159
9221 5496
1443 6084
5576 4624
4974 1211
1060 2037
7868 1111
9155 127
7465 6003
1074 9079
2392 8824
3376 7015
9543 3440
4771 3546
8532 4807
567 3396
319 4359
5307 5381
7743 1112
4354 6847
925 4777
7665 1041
5666 7613
7196 4378
9183 2530
9336 1022
2316 9524
4305 5290
4761 8366
7290 2118
5264 3333
664 501
1817 277
8609 365
6543 446
8007 1841
9778 5201
5816 9600
2699 5625
9674 4847
4858 8634
4028 3824
9582 3120
103 9833
13 8843
2650 9610
9069 413
5212 2712
9682 4988
7659 5600
4409 7574
8448 231
117 6276
4715 367
2548 4421
5512 5470
305 1542
6667 1595
5208 5971
1309 3541
5185 3623
1357 852
2563 3265
8308 2459
8952 5533
2608 5044
9360 3378
3018 4614
149 2995
3965 227
1380 864
133 9132
6627 6325
1099 3755
4510 4487
4736 7451
7340 9285
8833 7995
9351 1546
3794 4872
3047 2087
2018 7983
9220 4494
9851 4762
4964 197
5693 5048
7751 2848
9237 3412
7822 7441
2253 851
8020 4008
6745 7268
8738 9274
778 3768
2356 4219
1173 582
3715 4026
7386 2289
6611 1498
5716 2407
5488 4704
8274 1478
2432 526
795 3615
7205 8685
2433 2339
9781 5556
5441 8311
2877 8342
7683 3609
7991 4321
3902 780
547 3990
7942 4275
7610 2520
6044 3637
1447 814
5842 105
4460 4326
9693 3571
2519 4943
9705 8607
8572 9139
3594 8362
8102 1128
320 678
7499 7034
8025 3313
1179 7058
7153 2699
3781 7689
9713 4354
2959 92
5907 9650
8836 4868
6905 2628
620 7671
1364 6573
9714 4089
1562 2679
1275 5238
1789 9678
2783 1766
6343 9495
7028 3656
6085 8436
1288 6805
3455 9385
8623 1088
4872 6636
6514 9450
7594 7928
2742 8759
6184 2248
2905 6618
9474 2483
8079 6882
4072 6031
2123 4049
4035 8218
8686 7038
2978 9808
6649 1454
527 3738
5533 7854
2186 4160
187 7505
8958 7839
8765 5694
751 4955
2487 7061
8190 3694
4274 2426
6564 4943
8267 9733
8961 8132
8561 5848
9088 7666
1075 5371
1823 2265
6102 4256
3260 4366
7632 8087
8064 9564
7205 3858
595 8821
7612 4236
9462 7927
1942 7190
8260 2621
9047 1175
4543 527
6561 1805
2957 5905
5309 6238
8168 6276
9300 6240
4832 1827
3459 5681
1381 9038
1009 3166
7703 4129
4037 6700
4256 5632
729 2625
9284 2604
4182 3490
5100 566
8113 9109
6503 4957
2344 2829
1171 2347
9136 843
5977 4104
810 3832
8505 8487
9099 5765
6446 8236
482 1043
7669 4939
8599 8014
8830 4943
3724 937
7423 3227
2869 3475
1487 7773
370 2565
8260 3418
1202 2944
7867 5247
9081 4901
2946 606
6234 9490
3526 8840
6940 3213
353 3360
3815 9331
9217 2500
1742 7420
3808 4097
7901 930
4419 4152
6065 8021
3290 394
9630 2336
9115 8240
6641 2433
4749 5512
2958 3113
8920 7535
9639 1987
665 1926
9483 9949
5875 7212
8910 2099
9136 6459
4137 3630
4049 7857
6351 2862
6529 6172
2229 6867
1294 6639
328 3040
9749 5500
263 2229
1387 7279
1392 6707
561 7687
4217 3939
7608 4515
7450 762
5393 9930
9634 3072
3471 1404
2856 9768
8495 5166
4263 8427
6961 3658
6908 5345
3133 5830
6966 2070
5304 1404
8117 1233
8707 3077
4460 8580
9078 1068
3603 283
6948 7894
8518 2436
1669 8258
1752 2616
9388 2278
2389 89
3690 7717
9216 2011
4647 6985
1507 8946
3428 5778
7148 2608
5539 6679
464 1504
7385 201
3258 8337
5532 9849
6029 5739
6254 8841
7301 6522
5492 7002
4069 5470
4852 5366
2668 2839
3612 9221
5996 50
1226 5281
9592 5970
5877 3324
8523 4826
2573 2860
2415 7305
9144 8932
7192 9461
72 2224
9105 7175
8200 8281
8376 1910
5644 8529
6675 3831
1246 5822
3586 4029
2978 5117
3930 5375
7466 5524
2459 9709
1460 361
6326 4811
5919 3558
9960 5905
8003 5401
3638 3301
864 5630
9876 686
1560 371
8202 886
116 2060
678 6395
2114 6148
7235 5944
3996 6297
5264 8102
1171 3183
3527 6699
2800 8591
9958 9777
2534 1678
3909 652
3331 7835
9565 7051
6752 3963
3946 821
9816 2544
7431 1127
8039 8143
7637 5362
7357 6804
4254 296
3654 8690
3653 5317
1064 5761
9500 3073
8347 4440
8320 179
3984 3080
5826 387
8509 9134
7670 3599
3709 1
8582 9390
6813 1689
3199 6028
5661 200
4395 2639
3851 9167
1135 8683
8311 2200
1324 9059
8039 4230
5784 7741
5595 3185
2314 5419
8577 1725
1566 6932
9850 2137
9228 7802
8892 8458
2614 5395
8290 1487
8856 1940
1436 1029
3227 5249
2349 9157
844 9166
6055 6800
7230 9764
5822 1101
4566 427
6670 731
5887 4199
8991 3109
3702 8915
7246 4893
3249 3458
6616 1685
4688 5974
2223 9964
692 2714
8575 6780
7613 4837
1166 3340
4007 8576
2052 6431
2825 2532
2030 8823
1855 4173
6097 5117
4034 2806
6294 47
9030 7822
1206 2738
2794 6288
5158 2213
3320 7400
5850 3927
875 8808
302 6479
5658 1477
2069 4296
7747 2959
8841 2392
9289 4761
2044 4928
8472 9266
9405 1841
6264 3459
6743 9537
6307 8610
974 8328
8451 2035
1609 7402
851 5883
4578 5188
309 3178
5514 1662
4627 9787
1172 7554
9140 9006
2122 9924
4840 9110
142 4487
598 8992
3555 8040
6987 4911
6752 3873
9161 5768
3579 3948
4004 6396
8066 3964
336 2151
8840 4072
7845 6558
2623 7960
2743 8661
4640 2557
4960 5493
6147 9235
809 1925
5558 6595
5110 7779
5463 9187
1772 4650
4386 2791
1025 9738
9009 7683
7479 2025
813 2727
5924 2470
6643 8090
352 1041
9224 308
361 8739
1387 3869
143 7587
6611 2402
4115 2197
3071 993
2548 8819
6400 9230
3819 4792
7141 4899
4872 4019
8325 5683
669 9909
123 3103
2946 8613
1771 1040
8532 45
9365 1658
2195 205
190 1163
8243 7834
4763 4072
6249 7027
6277 9239
5960 7383
6931 9567
5946 7148
6794 5670
2353 4653
6582 8475
317 9145
4209 4889
9928 6961
8636 4535
6432 5924
3376 1641
4463 4916
7326 9250
9552 3160
8042 346
4360 498
495 3620
1824 7327
2517 7811
9386 319
3293 9720
8036 1533
6761 4519
815 1171
4572 1998
247 6839
5236 3542
2063 6555
195 7663
5320 8359
8800 4362
4326 2481
234 8829
3609 7468
867 737
9564 6956
1577 2172
8201 9978
7061 5129
7311 4246
2590 2168
8294 8571
1338 2553
5291 9285
4806 9117
5382 8630
8583 9761
1308 847
4938 8372
2488 3866
2898 2926
9124 3819
6658 8354
2689 6841
5734 5907
6859 9192
444 4532
8271 6146
5848 6547
6525 7965
3277 6886
426 9358
3721 7496
1317 2657
2888 8822
1005 8952
6289 1773
9088 9609
9881 8058
8270 9727
7599 1298
4878 2002
7196 8643
9815 1947
2747 8494
4859 7348
7941 1176
5593 8425
9690 5343
8289 8075
4351 7313
201 1146
4085 3921
6011 6959
3225 4899
5717 6644
6036 4062
4720 3772
2003 9321
7417 122
7775 1061
5273 7019
7211 5118
6791 5350
2970 6644
6622 4811
7353 3406
7418 6107
8842 7936
1018 8970
3408 1574
5752 2398
9986 1732
2365 1384
45 1977
429 1849
8988 2724
7056 8652
2010 8381
8748 291
1368 4572
1953 4301
1462 5110
1967 1271
1465 2356
3831 7228
9949 9822
6404 8399
8386 1671
2337 5519
9365 5421
3036 5601
7559 5298
6166 4633
6636 8922
5607 5521
9315 8420
4982 5661
412 6121
5980 9437
5667 9760
3879 8644
2203 1539
8433 833
5982 5601
9338 2300
6569 941
1342 6826
5505 4224
7922 201
3672 1002
5580 9604
5781 7599
7822 393
1264 2050
1067 1316
2999 2237
7908 164
7189 2413
8130 5418
2135 3794
2310 7234
4575 7925
5782 7448
6168 7080
4477 1475
8225 6538
1636 9272
9448 5757
5398 9359
9074 7258
2044 5551
7663 8499
1805 5951
782 8595
412 1787
5351 118
8205 1819
1940 6702
968 1001
4549 982
4362 2711
1812 8655
5798 435
2834 5691
1571 4683
9206 5833
2487 4990
9692 2774
5195 4250
4589 5638
2093 6872
5770 2608
9578 6354
6195 6570
5403 381
6047 2367
5756 9981
1977 1471
8075 458
4856 5589
7826 9095
485 750
2964 1829
275 4394
1332 5695
7707 6768
1038 444
9302 5152
1322 426
36 3290
9568 4224
7709 9660
8596 7459
2606 195
2385 3465
3981 4274
3003 4685
2227 7670
2421 7601
2057 4397
7818 9454
2239 1594
2343 1933
3883 5152
9771 5018
3942 3011
2354 4326
3968 6482
5715 7026
2870 5827
6098 5140
7979 482
9551 4167
457 2920
878 7830
2250 4860
2181 8258
114 1454
480 6203
7004 958
988 4098
5155 6480
2992 7617
9799 5102
8180 5355
3323 1511
7089 1040
4125 5007
2317 1061
9074 3577
8610 4125
8388 845
927 9110
1493 3189
4458 8742
5271 2153
9830 5746
8722 9209
5170 872
5924 4478
3974 4289
1992 8416
3706 962
8790 9
8314 562
3276 1451
1561 5826
9744 1552
3372 8954
4993 7412
4204 4105
6024 3800
6771 1185
2086 9066
4673 5547
480 7676
6804 8010
253 3729
9412 7615
8222 8845
7185 3264
5849 3377
3215 3592
7803 178
685 9115
140 8473
1044 3756
2052 284
6063 3477
1222 4998
1998 2047
5260 114
7419 4287
7504 3731
3654 7256
9647 41
6353 4981
3214 9271
9876 9544
8231 7845
6428 6205
6585 931
6340 7705
9803 4865
8476 1513
8656 9059
2520 3540
817 9013
6907 2827
7020 4481
1845 4829
8003 2340
7415 8266
7424 6046
9094 9217
4790 6438
4130 9293
8132 5455
8813 2468
6563 2552
7868 2042
2930 6202
8867 896
7517 2285
6773 5497
2500 3259
8297 2516
8780 1856
512 9050
6347 5981
8701 4292
56 894
1466 9132
5114 6632
2953 757
9572 7185
6305 2356
1522 5873
4951 7795
1877 803
2732 9123
25 7108
1153 1216
5953 4971
6953 8513
8780 9305
9439 1240
3734 7985
1901 7432
6061 6477
5750 8124
9377 9153
2980 4599
3958 4567
7038 1649
6841 639
3199 8584
4817 9373
6877 3188
7847 9264
7742 5076
5533 8287
7828 5560
424 2564
5535 1855
923 1594
4411 2454
9256 8468
5540 8146
2452 1006
5637 9863
1217 4015
4833 2368
5961 656
2015 9545
1488 1337
3714 4258
3294 5417
3208 5770
1320 4257
989 7083
3058 385
2985 4358
8773 9909
897 7742
6818 172
8239 3115
8048 8433
6818 8385
3704 4887
7611 8201
3644 8800
8155 9166
712 6836
9496 1392
8040 3013
7689 860
5016 9045
9466 630
4501 8683
9815 7273
9181 4145
5347 167
9042 3972
3986 789
316 3060
1814 8719
8983 5600
891 3405
2122 8020
2526 9084
2796 261
6173 7448
725 2605
5443 6955
6520 8488
3987 9375
2056 5944
3944 4446
6347 8196
2775 1233
5498 8719
4047 9155
3205 2490
1431 5085
6055 4600
5198 9576
7234 9750
6669 180
8505 9079
7876 3987
906 3859
9161 2334
3709 3216
1470 7065
8714 3115
6216 1515
1714 1589
248 9703
4786 6624
6744 9531
3142 1259
4919 201
2628 7877
9608 549
3407 5880
876 189
6098 9213
8393 4764
2851 5643
5332 3935
7447 8210
7680 8853
1661 7058
5143 1118
534 5406
3975 1368
2940 3456
2054 1274
2864 804
9508 7302
2767 5146
3812 9627
5181 3600
2354 8102
3534 1114
5835 4052
130 5044
1046 4460
164 5100
9591 3230
4772 8584
650 7719
1952 3266
2439 6390
6178 3444
6997 2959
1365 9453
5588 1303
4038 6164
6809 1330
9159 1193
1836 205
848 3030
3053 7772
2565 8607
5347 1308
9421 6035
5880 5057
9534 5389
4968 1754
3809 525
1132 3727
7535 1351
4460 8802
6532 7358
7732 2671
8288 8665
2652 4071
1842 5812
4314 2880
4804 6437
914 401
5907 6796
610 9128
8320 2856
7516 251
9513 8315
206 8845
4543 2514
2582 3951
2671 117
8032 5614
2684 1253
3171 7910
636 4019
8045 2051
6718 7554
7047 81
7018 5761
9934 7913
8991 5824
1518 9510
905 4039
6826 8147
618 6188
124 8117
8764 9667
5778 4563
5792 5123
7888 1176
289 7353
8942 8200
2796 1659
4211 840
9236 347
9884 9612
2899 7132
7097 1300
9902 9246
6692 1294
6302 7680
4184 54
3576 7755
2375 38
3877 9822
9740 6187
6476 7909
4034 5580
6555 1894
1038 2762
7199 6472
2301 6165
7409 5164
335 7203
271 5376
2038 7870
3188 9013
1274 3070
9655 8349
3159 5682
231 3334
8564 1248
1350 1883
1415 8572
9919 2402
1460 4683
5346 8565
3888 8493
6002 7735
9396 8265
8681 7871
6604 9867
1005 5261
3888 3858
1621 3254
4227 291
3521 5125
9956 6457
4514 8275
4100 1783
2385 1811
6355 4931
2611 1917
8912 7876
8522 2289
8547 173
9343 9767
7993 3551
9845 1400
6430 8840
8042 3031
8981 1117
5250 6740
1359 1715
8484 8260
6866 7566
6516 4991
69 3453
6038 6361
3839 9470
2710 7186
5866 8421
5649 5738
5315 3768
5428 7425
1312 6605
6663 3017
7151 3115
7114 1594
1227 1238
5392 9179
5705 9638
5821 38
6372 8819
4025 7171
3682 50
2075 5519
36 1915
4379 304
543 5665
626 9567
196 3457
7152 7979
2627 7740
7820 5336
1237 428
4028 6848
9200 3813
6239 4452
7289 7222
3997 8049
222 4385
8531 2230
7659 8734
2807 2222
3763 5119
6101 285
5299 1524
6647 6918
8272 4250
4450 6217
1091 1179
8588 386
6838 5822
8408 5577
590 1046
7356 3088
2248 9850
8072 6904
8280 8681
391 1351
8630 2597
4786 3684
5191 7711
2358 5050
2557 9910
1575 8037
345 8947
6918 8940
7899 2707
231 8935
6489 7326
8247 6567
4446 8326
1786 8662
4109 4630
7363 5986
5285 9115
8487 2016
1988 3777
7914 1921
5860 4032
4381 1842
5920 469
1073 6968
7395 1910
8307 6681
280 5023
6171 8322
6740 4355
2452 298
4835 9049
2593 1401
2045 5054
468 222
2216 4997
9143 5750
7126 5552
463 8315
3909 5573
5249 1842
5737 3299
7178 7860
6223 882
3488 1710
11 9337
7495 3044
9186 5333
1110 9550
4810 398
1896 6955
681 5692
5774 4876
9906 3774
7643 4826
6125 6838
6739 2799
9192 482
6588 7432
6977 5294
1881 8286
1221 7776
520 8826
8778 404
5544 2727
7868 8391
9001 2107
3206 5328
1725 8181
2202 2166
5252 2168
1135 7372
6648 5934
226 7021
3231 5493
1393 450
3879 2667
1784 1961
5854 6419
3950 8216
9746 9780
7814 8151
2347 7099
8418 1342
4063 7568
8093 9776
6357 9449
857 9038
7038 9236
3448 6853
9050 3311
7660 7425
985 4376
2370 6699
2597 4800
9641 9792
1240 963
5066 4716
5914 2542
967 354
6123 2191
5012 9318
8823 7058
9101 1872
2324 1818
8544 8624
9626 5825
3837 187
443 1468
6967 1065
7608 7259
887 3470
6997 6258
3815 6934
4026 2581
7477 689
364 4121
3293 901
1952 3721
5847 7490
4432 0
6985 6259
7738 9394
2322 5312
1824 6409
6354 115
7762 5316
7646 6553
3701 3962
1986 7901
6259 7535
8777 7227
1260 2378
8073 2343
4388 809
8837 7391
7831 4697
6994 467
4455 2343
2509 2304
1519 8889
2063 6064
7205 8248
5063 4125
2129 9826
9560 2435
7789 1333
4989 4392
2175 4798
4427 8785
6869 9044
5112 608
669 5868
9014 6549
841 1067
2085 659
1023 4763
9015 5101
1339 4862
5619 4308
1984 6678
8082 9184
6161 3507
6072 4365
9463 636
775 9305
2149 8689
8473 315
3325 395
4772 8523
1177 428
469 9357
1357 5302
4943 1325
8032 2380
7972 8589
8433 2147
4978 7938
1871 8867
1065 3420
6582 711
2358 8749
1135 5997
2947 7149
1572 9379
6749 9760
2630 7359
8646 2316
1918 5427
671 8558
6607 6109
6218 9027
4957 1214
768 6962
3468 3323
5717 5172
785 5362
1470 5173
4574 1114
7491 4973
1755 6978
9436 5082
89 6769
3693 6154
2663 467
7496 1985
275 9539
2597 9872
7495 2031
2141 3508
2931 8458
6646 5429
3903 369
7395 1352
738 2585
4858 9199
3728 6119
1097 4154
9352 1522
4224 5478
6887 9615
5378 4235
9999 8840
5305 3232
3326 8796
4818 2406
6120 1179
5641 458
2468 8562
6067 284
1234 4399
6625 2955
7834 7249
3739 7121
830 673
6032 5880
3424 491
8964 6596
1778 9218
3213 2945
9637 8259
1194 127
4064 4838
3227 6595
5142 2898
69 1410
1586 3727
5751 551
8559 4198
4472 4555
4472 7219
7603 7024
9479 2771
483 3299
9476 2674
516 2941
8982 4068
4282 78
1072 3154
3131 1264
2386 6350
8301 99
3076 943
9781 3371
2211 1968
5318 5223
7421 4779
4631 224
2921 8834
6276 6195
18 3363
2494 8445
9043 333
6321 9869
111 216
5004 7570
2193 3704
6352 6002
8595 3148
6349 9582
1823 6413
4759 3355
8143 6557
2725 142
7654 2639
5869 2635
9524 2074
5987 8864
5279 8521
2460 5067
7973 8415
1648 910
7579 4511
609 374
9102 5516
8804 8263
5558 9273
4557 5314
4564 8911
4037 6832
9984 2831
8805 2861
5863 3572
3294 6158
513 2921
7405 8990
8263 5965
8817 8981
4268 4687
9378 7205
3451 7404
8044 146
2625 5348
3271 1676
6123 9400
1280 2930
202 1197
8498 8084
9271 4598
380 7744
3304 4147
656 5363
4422 5492
4949 3713
4985 3264
5366 5245
8140 9590
2199 4375
1718 6802
3826 384
6884 6794
374 548
4471 7360
4209 8973
5619 3923
3577 3236
1379 2454
8323 7230
1905 4176
6234 6164
9518 3419
3456 1569
3307 8502
5898 1348
4508 1007
3744 5840
336 3939
6316 1836
4061 7602
2452 3610
7268 1272
4260 5027
8356 6337
7530 8610
2678 7026
3676 2294
8224 7565
4247 2745
5484 5992
2449 909
9631 8557
3284 167
8888 2882
4043 9368
1266 1796
349 6199
4916 360
8667 8544
8903 3614
4224 3361
3847 6525
3943 483
2815 6517
4600 20
9866 2046
2495 6991
4358 435
5949 7497
4034 5176
570 2239
227 9900
1276 8647
7357 8581
3489 3132
4650 8131
6603 6843
2589 4322
8107 5698
4775 8839
2640 1018
2265 2227
2665 4114
1902 3097
3592 4191
8292 4843
1677 2707
5022 382
9228 9339
4367 9925
1653 8324
1975 3589
3934 5594
1789 500
7974 5951
374 1426
6548 2938
4960 427
9045 9775
8099 7002
1816 5854
1687 415
521 8490
9136 6545
3693 5155
7643 9872
3702 8210
4213 4707
8744 697
9103 9255
6055 2806
776 6330
5333 2179
7790 4375
4788 8579
7965 6974
3533 7517
4777 7654
5315 448
9006 383
4546 5815
2298 1999
8625 4127
8889 8713
5754 8224
7894 4045
6572 9605
5563 5880
9432 328
5458 6493
9209 5193
8514 7746
1958 3513
2204 2259
3701 1204
1857 673
2556 9115
6091 6572
6774 6960
4396 6042
5738 8243
2389 6238
2489 2607
8382 8354
8276 7878
6305 4588
821 9061
4090 1449
4994 5870
6978 6177
3856 9192
3100 7497
4462 8454
477 189
5594 2428
4546 2640
6018 2006
5232 7967
4731 1534
8198 8686
875 5995
6165 8832
4473 42
4236 786
1999 6803
2370 4195
7603 7745
4231 7343
7382 16
8640 7571
3598 1684
8541 269
2550 8812
7678 8193
1666 1400
3070 6098
8205 9795
7170 5671
8742 9211
1634 3347
6100 3341
8856 2255
6861 2035
2098 8888
6018 2328
847 6890
4955 5034
457 6159
3906 6379
214 9652
2305 7008
6098 5474
6011 7579
6507 7855
781 6795
9410 1905
5835 5058
529 1958
8390 4053
9113 9366
3585 9476
7558 5808
2595 3050
7101 8015
9661 8117
5709 3615
4686 556
1777 8044
4801 314
2109 6111
5225 2248
4233 5447
5916 800
1295 1930
878 8470
1007 2241
8793 2599
4337 9545
7991 4340
5391 644
3188 9297
2659 6723
9704 4457
4176 4073
7549 4779
4937 2989
6352 9873
9192 2485
7784 8221
345 8112
2531 8964
4566 3983
6550 9449
8469 9279
7564 2385
899 2225
6686 2460
3782 4892
3987 9382
2020 6047
497 125
753 4792
9937 3743
2120 2468
9 1005
7550 9204
5020 9161
4889 6608
4133 3551
503 6019
357 6876
8651 669
4732 5138
8960 3043
4525 7116
1198 616
9727 3255
8343 7348
4734 6071
393 9867
7655 5637
2504 6495
1255 1609
2671 8485
2122 5223
3174 2504
8311 9129
2165 6435
2452 8569
4834 9830
4505 230
4561 9177
7577 6077
9673 1857
3400 3162
4478 2473
6865 1082
5725 8190
2833 3553
6469 2865
4824 1055
1859 3156
2863 2436
7767 6005
1169 7704
7963 4072
3101 1053
2329 5328
1900 8671
5899 5519
5047 5915
8675 1848
757 2764
7241 9634
4449 4152
4661 5297
2890 6220
4224 8406
4700 2010
4691 8348
1096 4241
6393 9430
9468 4332
4945 3647
1114 5018
1631 8902
294 2827
1181 8778
5480 5148
7956 5915
7409 7587
2777 9326
8782 6385
3568 8080
2055 9983
1086 8973
8766 1433
421 5362
4234 5390
9783 1907
3548 6073
5864 262
1748 9048
7742 2557
6146 8478
6702 2341
5294 1245
8038 8211
1328 5594
2481 4257
735 9341
5711 828
5798 5262
6532 1401
9035 7032
4181 8673
7728 956
5461 2158
3649 729
2465 9477
2332 247
7149 1888
7690 1193
9811 1455
7187 6552
7968 3633
3090 7275
2404 4572
3941 8450
867 8876
1661 6588
3910 4978
8230 677
6248 2388
4095 6584
4145 2541
2714 655
331 7555
1913 4080
5274 3366
6797 4917
7330 2893
8690 6785
4969 1458
1128 8822
7973 7865
9970 3909
3280 480
8914 5922
9038 26
973 5669
8422 9979
8544 333
4533 5711
3892 8230
9628 6579
6630 5048
3752 3992
2758 5329
8907 486
7848 5634
6754 4380
4098 1192
5393 7912
7599 7262
5393 4837
396 6858
2767 3960
3177 3009
7621 9460
8146 4866
9150 3048
892 5378
5751 7387
1804 1136
9011 1265
493 4529
7615 7477
4521 5033
3855 3431
8653 2633
7292 6635
6787 8969
7625 9907
4007 2433
9863 7849
6746 3346
4269 9423
4714 8074
9237 2517
2972 8973
9338 6848
1856 6672
8297 5843
3091 4147
7088 815
4177 5392
4066 8819
4316 2762
9170 1447
8768 906
2469 830
717 7183
3140 5231
8710 3126
9672 4972
2944 950
7685 5975
7901 5493
2574 1279
9666 3459
4136 4551
6908 2553
7787 9667
7286 5711
4902 2910
888 6452
7260 6308
1380 6972
7053 3964
1064 7131
5678 7545
904 407
9881 9521
4891 1612
5307 2108
9970 5429
6665 1674
7345 4229
6825 817
2368 2823
1187 6522
7584 6313
9381 8232
7163 5198
4677 7788
3011 2361
7310 6417
9461 2915
5468 1117
7369 5645
8892 4416
3810 5706
8029 9430
2324 9622
9071 9281
9172 1114
8265 1413
277 402
5597 3776
4387 9676
1854 1921
8146 5140
2085 1641
9743 4858
6799 9269
907 1529
199 6876
9879 953
5220 509
1437 6872
4976 6109
5761 6099
2536 2154
3107 5530
5732 8032
8585 2752
2850 4335
9970 3036
8126 6111
3925 4370
1415 4569
3854 4632
5060 5878
7150 7357
2194 7606
1247 9244
2124 3297
7587 4304
615 7687
323 8637
105 48
2833 9707
874 8622
979 4348
2403 942
9980 7733
6293 4591
4088 149
5502 727
2799 3556
758 3491
6399 8380
4754 6218
6984 3282
3348 9696
6820 2197
990 7262
9168 5428
3165 8978
1213 9434
8126 7396
7922 2107
6194 6142
7759 8250
9057 1788
4707 4712
9056 1408
239 7035
498 6513
5398 2709
3806 4732
1793 3526
1952 4698
8699 1660
6859 9584
158 999
6181 1158
122 3812
7074 5175
4458 6349
7352 3525
8021 2304
7256 9585
7848 7287
6787 653
3988 8624
8852 2306
1541 6941
1744 8466
3714 6757
3880 7596
3663 1619
2775 1918
9133 9700
7586 2112
1262 222
3596 5431
1090 6534
9390 7883
4724 4528
3872 6371
7840 543
2966 2053
5776 2553
6511 4567
9496 7230
1762 267
3075 5506
4080 5337
7609 5582
8942 2232
4941 1893
3163 6632
2331 44
382 6701
8100 5722
6945 603
3453 988
9194 2391
1899 2771
6936 8806
503 18
7786 2228
4847 6960
698 7164
2727 7156
408 5176
8411 2718
3660 8967
8356 5871
5874 8216
888 4099
1412 6121
5094 1570
4267 8398
9215 5410
9675 7387
3359 5752
6268 7659
6162 8313
6285 7666
4548 9665
9593 6961
1709 8112
7323 3808
3343 3391
3072 6464
5107 310
8801 6277
822 4336
5258 3893
3163 2211
4278 5829
7045 6709
9648 4150
2378 3228
2392 1642
4271 8340
2717 9661
7960 1074
7635 8778
7698 7580
6845 1767
4613 5177
4346 4851
4642 7886
4563 3521
6016 9270
3977 175
461 510
3700 3629
3694 8131
9320 271
3496 4980
9576 1362
4517 7255
9514 6403
7247 2926
5452 544
8451 8399
202 7716
9292 6332
7976 729
2859 5593
5128 6837
621 2099
2595 6192
3406 1852
5436 7088
6911 3361
3967 6700
6289 8956
7496 8747
1722 3738
7906 999
9009 6629
1585 529
2835 2638
1924 1193
3307 4734
1189 8247
7876 1081
5459 8246
2283 613
4233 7604
4513 5095
9002 198
582 5053
4087 4706
4038 3377
5864 9324
6935 6396
3305 1113
4497 5908
3514 9641
2119 8816
4418 3701
5748 3976
4133 6979
2802 8419
1865 9983
3405 8748
2668 2328
4536 7047
2871 6842
8293 8139
1943 5833
5918 2224
6977 2312
3498 4669
8448 9000
7539 1832
6348 4307
948 498
6057 285
4398 6114
2619 4674
9455 4198
3221 3764
6436 7997
5840 9436
2105 1988
7571 4649
6898 9726
8242 3713
9370 1012
1167 6945
7496 9074
2217 8266
432 2558
7522 7175
9181 136
7768 4044
7067 9971
57 3160
3494 1909
4387 2598
5972 9135
2065 6879
9791 7928
5842 154
2506 8709
9152 9005
6476 702
8157 3497
3532 2798
7482 2904
8318 2705
2124 1750
8716 3306
5432 7076
9881 5343
6275 8888
9090 7939
3562 8281
7139 68
4774 1971
5969 1084
675 4193
1660 5934
5256 3921
5953 4589
8574 8430
8919 9481
8084 5690
9892 1967
7421 5715
5712 2877
8052 6894
4251 523
1558 3518
598 8546
7603 3651
4353 711
8803 549
522 6849
6438 5791
9797 9438
5750 8466
6020 2273
4808 9060
1180 2046
3434 3502
9855 7482
3047 9392
785 5988
4290 9894
9731 4569
5663 4103
6530 4244
479 2019
3438 1455
1988 1438
2481 6937
3907 2509
3643 5521
1876 5449
6374 1982
1812 3478
6068 3620
6143 4799
2895 8057
1812 6863
6510 455
3782 2658
6495 5478
9177 9923
7070 2042
7197 9825
6912 7423
6671 6798
2916 9082
8218 2165
8264 9388
7894 9549
7257 3189
4765 9964
6575 6661
4048 3086
5823 1169
9055 6154
114 1318
4316 1203
261 1421
1936 5602
6558 1601
4676 1325
6525 6979
3702 2525
1045 3481
5194 895
1609 444
5250 9576
3693 8947
6962 2565
2163 3800
1058 4310
8491 7111
3442 8928
3705 8504
3246 7638
2204 9586
8822 4727
9337 845
331 7011
1232 7650
4421 6105
7516 8822
8796 4388
7027 8314
6745 9465
9786 7835
4668 2426
2997 4930
6556 4841
9876 9316
4800 4801
7096 9848
5571 4153
4030 9137
9021 1647
3492 4769
506 7616
7064 6119
3245 1726
1205 7453
5169 7773
6545 7463
3040 916
7546 5682
3338 704
6986 2103
9208 9403
5142 10
9157 5385
1736 310
715 9020
4186 4059
1319 6245
8653 1271
7443 1377
1654 3975
6849 7998
4030 614
1999 2927
6480 4994
1044 3337
2437 2045
322 5460
8636 304
3787 135
2260 3879
2024 8665
5001 7819
4511 7900
9504 2501
9701 4026
5224 1024
816 3078
169 8452
2700 8344
4747 6146
2139 6641
8420 9019
368 8954
8516 1712
7907 7079
3059 1339
9185 5386
5527 3990
887 8160
1756 9931
5297 8556
9952 1453
8398 8209
1717 5076
227 210
2092 577
7128 1751
8068 5585
3127 7372
5781 9078
8718 8441
371 3422
1391 4548
4967 6113
676 7528
9944 8055
7401 4575
7004 2318
1539 8308
3421 8510
8805 8509
2490 9052
8022 6082
1884 2274
9934 8820
7798 3310
8762 5055
9054 18
7679 6087
3820 7318
4414 7523
6371 9954
7732 2075
5016 5408
2752 6642
4065 8471
9062 8180
9558 9261
2371 147
665 3600
220 2806
9831 372
6351 9447
7391 780
1658 8279
3006 5127
6553 551
3052 4293
138 4262
2152 2114
1968 2280
3244 1750
5849 4327
5375 2869
8368 2102
6417 3723
5837 311
3839 1189
3131 7347
979 9512
5492 1596
4093 8821
7878 9737
6350 8897
6979 4288
1061 5524
7636 4624
3396 4162
1977 5491
7110 2043
3880 5503
63 6050
7109 8645
3025 6222
1035 1048
1131 7607
4218 4784
8520 1007
3124 3548
9940 3583
6937 890
2426 7717
6140 7909
8577 9151
2900 4652
383 255
9635 6986
4302 2709
7602 8737
4676 4461
4558 8729
890 7851
2713 9170
2653 975
7973 2498
561 5154
6085 96
1106 3166
4179 3493
5662 1518
2083 1749
2978 8097
4578 2660
1614 9773
8366 7705
9474 3553
5076 3727
4849 9349
4623 5476
7306 6401
9919 2975
3158 2747
110 6655
9483 3815
9240 7734
4493 5113
4963 3640
4626 4442
2558 8461
4715 7974
1088 6279
8267 3014
7044 7896
1042 1677
2977 8556
9541 2730
1194 6723
7356 5648
9594 89
206 4600
2444 5705
3854 4754
9890 5898
4941 8008
5868 1323
1177 5963
1628 4408
8978 2786
6948 748
376 2323
3074 8265
9749 7478
738 1610
610 9394
2570 1310
9971 7222
9961 8501
5216 1287
6724 4445
7611 3490
499 975
8760 6288
8036 6368
6026 3217
2549 7031
9775 1226
6331 5085
165 4442
5243 1281
2172 7217
6674 9195
4226 4462
4626 6336
7962 4909
1080 7971
3747 4007
738 6932
6706 5585
1431 2334
6920 6660
6824 9364
8956 5381
1096 6958
8824 34
4943 7832
4943 8432
2384 7073
470 4580
2114 4286
3859 282
2983 5285
9184 2572
7529 799
8456 8574
1651 8318
2209 3848
6837 5298
1718 1703
7690 3231
8354 323
6909 864
3537 705
2170 3605
6117 850
2808 2112
8953 3695
6313 8793
4974 1613
5541 3797
7026 6008
4303 8062
987 8484
5558 4382
8755 2374
8962 7639
369 4281
4341 4904
4058 3874
9423 8002
2207 9619
4989 2348
8343 8775
9882 5978
9704 8368
9346 7550
6909 731
8559 9133
4889 9184
2228 3737
8527 6297
7625 7220
3122 356
9811 1604
9383 3042
204 7015
9320 306
9023 8770
1460 8944
7469 3611
5647 1685
1885 8342
6678 729
5166 5284
5750 6497
3589 1565
7156 4205
8140 7193
7748 5072
2947 3331
1793 248
2502 5695
9895 5716
3638 7634
9682 3605
5495 9108
3298 5564
4200 2574
2540 5774
3004 4579
4179 474
4923 9657
7276 7011
1181 5696
5187 1809
1434 5364
5031 5866
4392 4318
6740 3236
3551 659
6655 7177
8631 2104
1654 5170
8006 9496
7869 7104
4067 9145
5818 7651
4001 9745
3510 8413
847 6153
3489 8083
27 5765
8053 4645
4360 638
1895 1379
8038 4836
2371 5927
2541 687
6116 8045
4204 8529
6869 4546
9884 5206
746 9390
8472 1947
9410 9342
3159 1647
8202 8770
5932 2370
4584 1849
9899 1724
8412 5153
5600 6
989 5541
3832 7208
4301 3804
9077 1592
2812 302
283 6998
1993 5977
8533 4234
3868 2377
3169 8888
1094 8621
8897 1182
4831 8961
7630 5032
7194 7150
7973 4845
6061 2241
9194 4144
61 5307
2040 8771
648 5387
5157 2844
7746 1504
6631 5311
6198 2428
490 5214
2545 1896
5264 8471
9378 9342
8021 6364
3868 204
7318 9908
8482 7355
5598 6489
4171 5308
5800 1433
4589 378
6185 1965
8109 5719
4593 104
4938 6194
1463 3485
1468 8912
858 408
3230 5182
264 9512
7859 9628
7942 5645
5339 3345
4899 8138
2257 2217
3911 8837
3085 4650
1678 5268
8988 561
1362 3321
5652 2022
1785 1438
4544 2667
5388 2903
6170 4164
6373 1212
2888 2961
9566 4161
1797 5843
8701 9679
1784 9945
4940 1647
9558 2972
6526 6033
5911 6160
5145 1022
4211 2010
1990 6516
8437 1359
568 792
7911 3431
1764 3697
8853 4764
8819 7859
6511 7302
1617 1896
310 6604
6930 3592
7882 4235
51 5276
1653 7629
3742 8618
7033 3760
1800 5002
207 9336
7145 2042
9502 4016
1319 780
3140 8974
3421 309
981 4663
3355 3903
2665 8858
9888 3273
3826 7545
1515 588
1222 5152
7810 1378
3859 9966
4641 3738
5301 8074
6197 225
968 4989
6534 5783
8399 1927
8331 7920
940 4043
5703 3014
1 6548
4323 1366
3981 9628
5180 4614
5593 3858
2335 4228
4521 7103
556 251
1033 6231
9189 2641
7397 7535
5310 2439
5238 1088
1385 270
3726 1047
3453 923
1395 2653
6258 5396
7041 2661
7252 3169
4319 7161
8484 7271
5974 1431
9630 7078
1508 6958
3066 4821
3791 8988
4405 9952
8929 1657
926 9003
6325 3983
9051 1951
9888 4184
9158 6475
8893 9906
6700 6271
4672 4828
2523 9451
9751 607
9347 6553
5676 8779
9851 592
1936 8022
9222 3527
5559 8075
430 2830
8383 9562
5651 7135
4352 3459
9373 5893
4057 6614
726 9133
1468 8157
5693 9076
8962 9329
9365 6481
872 2171
8143 4350
8008 5313
792 4547
6887 9526
6999 6061
6390 5307
5844 7624
405 5927
8779 8292
746 9552
2260 610
2743 7092
2292 9269
1702 7651
2007 4486
2329 8321
8359 4820
6472 9965
2972 5521
8569 8569
8463 3685
1866 9503
6196 1036
2604 134
1997 6843
3889 2712
4951 8352
1983 2528
5142 9733
4674 7063
5162 8321
169 8525
2937 5060
7701 2151
839 2619
1108 2621
6101 4111
6783 4628
5204 3525
5643 1399
1578 9534
7976 857
9134 2514
929 800
6076 7863
9695 5425
7726 6429
8900 8347
7103 8166
5884 9161
5737 3105
2481 4097
2996 4692
2362 6582
5154 2511
372 8558
9635 8666
2093 7604
7078 3342
4884 8003
3911 4705
1969 5313
2876 3020
9318 2024
151 7020
3210 2094
1866 2628
1441 8920
4388 4036
8120 4968
4885 3530
7761 2549
2103 800
2853 8112
7739 1763
4109 7066
9780 1108
8703 5100
8330 9741
6333 4261
9539 8471
8981 6608
8141 1447
1826 160
7948 7612
9839 3124
8810 5139
1525 8284
8681 6160
1771 8767
7797 1953
4614 5510
8427 713
4909 2358
2737 2497
2530 5426
9112 2920
9737 9973
5751 4248
1118 5678
7290 8472
7650 738
4228 3700
1764 3866
2183 5937
7223 1029
5909 4158
3298 7036
5188 7372
8901 7023
3635 469
9591 1228
3413 669
254 5949
9553 3960
939 8142
6920 9544
4936 5189
5802 6370
1801 4890
6807 8632
8526 8557
2388 4612
5969 8606
544 1056
1888 4584
8277 4417
2591 4353
1547 4308
4370 5879
4267 6309
4198 8328
2050 3777
3966 5424
2300 6543
6309 3891
7212 4879
7480 8575
4801 9689
9927 9738
3356 7944
2610 8345
4457 8718
4177 514
663 5443
2850 7059
2629 2259
8687 5953
4961 1516
9676 8811
9732 1129
869 9966
6805 9205
7248 7790
8960 8908
4403 4071
2728 6036
2529 8104
1204 9509
8058 5542
8978 629
9161 7788
6424 5752
5379 3820
6997 5476
7640 2551
7531 4579
8220 730
2362 3388
4320 6549
9154 1719
1003 5897
6977 78
4470 521
9322 129
9283 6303
9575 3580
9174 7742
8359 1506
4380 8989
4714 6603
1094 6963
4111 998
2679 6569
8622 1018
260 9441
3104 6256
4396 3154
9913 7675
8327 1674
8542 2358
8524 6140
3460 8991
6982 7764
7278 2913
3296 1655
5350 7089
4092 6868
1786 7395
8974 1138
1336 5154
1 1880
3600 779
3891 3171
6941 8826
997 7364
3736 6959
1832 3686
888 9683
1937 9088
2448 9573
831 9081
9509 6299
8861 6943
8946 222
4951 5930
3216 4240
284 8629
4348 1116
6860 2244
3648 1336
2147 2228
4504 7047
8099 140
3122 5764
9110 5673
6703 946
8151 3289
9002 9704
2925 6694
3641 7720
4409 9921
2606 9372
6785 436
1076 4883
8141 8519
2719 3039
6989 7846
977 1191
6512 5009
0 5043
9278 1078
9244 9966
1119 928
2500 4578
8885 5713
5066 4117
9766 9684
5546 7387
1338 5952
3433 2134
9646 7594
6323 4244
8771 4392
7107 7878
5941 1843
4341 553
2690 5972
5019 8816
6284 4054
5192 7096
3955 6040
7686 6564
930 2921
7066 2132
6730 2240
8518 5598
6250 3528
6168 959
5156 9024
1648 7136
2795 2894
1335 7552
344 6347
153 5168
7778 6366
369 130
9561 2486
2575 5467
2752 5966
4972 182
6305 20
1356 8538
3098 9612
5546 6105
4653 1982
7714 6649
7272 9491
9345 9131
7254 6133
4030 4478
4288 3111
7353 1493
7099 4497
2769 4932
3220 9993
3373 8373
8580 1740
4594 7418
5236 2501
7571 7697
6976 5174
622 7647
8745 2808
8015 4921
9600 1825
8987 4367
159 580
9040 725
9307 8605
4780 8472
2837 8231
9239 878
591 8739
6973 2481
8205 4081
4610 6206
8189 1592
912 2467
2906 2666
3917 8836
9832 161
9614 6922
471 9209
4624 3983
9754 7270
4950 5540
6529 902
1959 3999
2330 3138
7856 9540
1 6379
259 9541
7703 1683
3939 8072
1105 2874
4181 4910
5636 7126
3224 4822
9076 6180
4187 6992
1706 8208
4017 477
4969 4755
2138 7004
4728 1130
8529 7041
8913 6615
4118 7972
5206 4543
5131 5669
3993 5952
6202 7301
9020 8950
2523 7061
1898 1672
8687 4105
9082 9140
7630 1405
7588 1217
8647 2861
9036 9873
5518 3997
297 7276
4377 3686
8084 5145
1495 2682
9289 5477
5597 8858
6274 203
7617 3770
2066 3513
7848 3284
2706 945
9106 7620
9987 6552
6545 2478
9521 4266
3070 4568
9764 5763
568 7838
4299 6906
3390 6404
6928 9096
1206 4939
9924 7492
8577 1601
8026 9902
3520 4237
1925 299
4566 7170
8900 2077
3594 908
9390 7827
3800 9670
4510 7699
2158 7380
4669 3442
323 8867
5354 5077
4567 7378
206 4133
6182 570
7371 1964
1788 8537
5276 7332
6249 2160
3535 1800
1362 6930
9332 4557
7016 9577
901 5800
6145 8738
1485 4384
8026 4603
4164 1913
6679 6853
9044 9280
9658 9433
9241 7803
5265 5310
1861 1901
9685 1301
8473 6879
6010 8331
6687 4950
4969 4017
8301 4854
9402 8790
7836 4276
7010 2443
3644 1346
8601 9378
9556 4881
2971 7168
1242 2452
1704 4662
7083 307
3575 355
453 1718
7236 282
7690 4452
9756 815
4868 9855
5803 6430
8170 2803
2355 2636
7097 5512
5001 5192
9716 7856
5830 2975
3359 4878
1607 9695
2517 6127
1296 1068
2972 8243
4929 2104
9826 352
8261 9057
4625 6573
1911 8181
6329 7409
590 395
9166 6067
1461 2232
1125 8746
7561 4234
1463 1199
9880 7199
8676 7042
4335 7428
768 2972
3333 5586
9889 7426
1424 6998
335 9278
1761 5874
2983 6818
6082 4672
118 7606
7740 8837
5269 6379
5430 677
148 8904
544 61
784 3754
5696 2957
5868 4722
418 9180
2281 1517
1357 5029
2828 3737
7779 9288
1027 5677
1864 1577
4710 6209
5371 8592
6703 3469
860 2
1207 2202
7148 2989
588 474
6138 3430
682 7822
7868 1476
4745 9498
7120 5542
2011 8312
406 4618
7440 5424
3142 3632
1908 9437
3398 4458
2447 3824
7722 4741
118 3273
9039 4698
5074 2476
5067 4929
7593 5553
3992 4735
92 2460
887 6700
9274 4791
4159 1967
7107 4712
5011 1469
8969 7860
5420 5739
2367 3618
5682 8187
1022 6752
1231 5634
439 4978
9762 7649
9617 2051
8101 1519
8189 8192
2368 275
885 3656
8713 2928
4927 7870
8373 7246
353 4041
1094 2330
2813 4851
3571 6563
8823 1582
1365 1681
6533 5252
6715 7042
5105 7822
7085 8305
7666 2957
941 5447
5121 9758
578 3280
1025 6794
7425 6529
1838 4122
3112 5114
3391 8674
2091 5710
5167 5740
9392 2750
5487 9047
6127 4828
9642 2857
6011 6448
6803 2843
2831 8766
5005 9916
3076 5968
3699 4697
9845 7033
9075 8862
3131 5978
5682 2184
4962 6036
5372 9797
5375 3405
8457 9063
6604 9014
6047 303
2064 2233
5647 8107
8796 9622
5290 1997
8693 8333
702 2349
8987 3433
6424 9492
9565 5824
6868 7745
5507 1068
2183 1377
4157 1657
9114 1731
3745 3355
5383 8447
9400 4022
3200 6724
4154 7368
4468 8697
429 8013
8167 1787
4263 3221
8154 721
7730 704
4212 1650
7983 4886
5235 3782
4827 1086
8078 2735
6738 2117
8083 5395
4090 7738
733 9498
8656 2631
7079 4998
3376 33
4076 6463
1213 4756
3888 9217
2148 5519
8889 9005
8068 3038
4650 9045
3207 4446
8862 4225
778 1330
266 5661
6710 7095
1287 1716
4767 1984
3034 5320
6676 7344
9347 7278
300 8765
7613 9396
2854 3748
4179 2239
4863 6085
576 5855
9812 9216
4906 9101
8553 3849
4098 4410
5748 6230
1450 3243
7176 1403
8434 2903
8356 4797
921 538
5644 3791
8161 4087
1213 4243
5626 1580
7717 8818
6060 3331
761 3944
799 185
6998 3456
6443 2098
5804 1279
283 7565
9346 3610
2744 2175
8954 3570
9026 3660
7084 9583
9141 8871
1249 7213
9603 5606
4055 2855
8822 3187
308 5411
8002 8641
3654 60
747 1610
6805 4411
8299 5396
4255 7773
9560 1517
3599 7034
2211 9148
614 8814
3499 3187
9067 4078
3176 6075
8976 6447
4207 359
7052 3333
4566 3853
4927 5867
2043 8521
8813 7333
7726 28
5540 9138
1481 2816
1706 4995
7468 1290
5450 4473
3650 7096
5963 791
6395 9489
4711 2179
110 785
2193 9796
9417 1808
3442 9517
3246 683
1222 2545
3243 8603
7878 8946
2963 5492
8840 7901
1845 646
6099 7534
3068 8913
9845 8228
5366 455
1495 1493
468 26
1875 9687
5877 5011
898 1132
5724 8330
9509 7385
9155 8502
2776 4113
9117 1342
315 3055
5891 2662
2711 4301
5061 9026
5568 796
8701 7436
2883 9876
2780 8271
9049 9393
853 6122
3433 3504
8841 9432
494 3055
1923 1614
5315 5972
450 5860
9242 7553
8174 8183
8953 7030
9852 7267
2980 6123
702 6834
7194 8337
7974 3816
9271 3194
2960 5671
9992 9749
2692 6828
7051 4703
4755 5744
8809 3308
9794 6740
451 7846
8261 2488
5162 5350
5609 8387
4117 9094
9455 2071
8552 830
2652 7624
6863 7622
4747 1174
3684 5091
6559 6427
9028 1899
5677 1530
7463 495
7590 7114
3273 8830
5817 2660
7579 2219
7714 4472
3781 7820
7725 8698
5915 7351
1652 5400
4704 9350
5859 4542
2291 5893
3204 3306
6754 5680
6385 8748
7937 1083
1618 8189
44 9621
9101 954
224 9714
8201 8
5601 9114
8598 8327
7491 850
9877 2677
554 8111
4308 2337
4356 8503
5699 2941
5972 5267
2275 765
560 6449
5114 3498
6669 5346
4515 6154
9003 3185
486 5026
6135 7222
1883 5430
7300 2922
1485 6154
2234 5018
8478 5870
9614 7656
9978 623
6119 5099
5860 1952
3110 8495
9776 5816
6629 4555
3328 2287
1062 3702
615 2280
5211 6623
6726 5036
5099 3963
4420 9151
5309 8822
3250 5298
9178 9484
6706 5486
3340 3267
560 7034
9419 9271
5174 5257
1105 3392
4989 3403
4470 7640
9044 7751
5378 3388
8540 1052
7623 7510
7574 4936
4845 3696
808 5575
4301 1108
5292 5394
3496 834
9746 1621
9950 6832
4560 9738
361 4245
6870 1545
9326 486
8569 3697
8505 5034
6580 8662
8652 3106
1373 7063
7734 1631
8910 7827
2140 5310
657 9262
4835 9937
5188 6174
8774 1584
7919 549
2737 6941
1901 5902
4945 2607
6139 3665
9044 2730
5208 8468
377 983
9533 3491
8581 7738
6813 3769
8014 8734
5700 4703
6726 5004
3300 1110
7894 8350
5843 2201
6163 342
7565 3255
3166 7458
9279 9337
4689 1677
1314 265
1059 6884
525 3665
7701 3560
4832 2221
8993 5891
7934 3792
6077 3153
6961 6022
2981 10
2510 1854
4474 8702
498 7246
4018 3368
8630 6956
6979 9224
5777 208
975 1015
1619 9995
2935 2134
1219 8479
6580 3617
8715 2418
6785 3369
6691 6888
630 3218
2138 6288
2714 265
5469 7528
3110 1709
8612 6959
7111 5465
3419 43
3973 7279
915 2339
6418 9438
7894 2938
4619 7417
7992 6584
5634 9370
7661 2737
4759 1873
299 161
6754 1092
124 3242
6915 8143
1814 1342
1964 4702
4396 7915
3923 3571
5153 1180
4517 5465
7270 4356
6817 8972
2379 3161
7302 1959
3619 4521
98 3988
5018 6406
7742 9984
8041 3108
3946 9111
8414 9922
9929 7756
7302 7844
6288 9621
5011 6557
8442 5278
3036 9930
7480 2184
2995 7337
8310 1451
6063 7686
1846 6513
719 7177
5712 4109
7759 7851
6130 3368
1563 2297
5133 3458
8441 2599
2291 8230
6287 2670
8484 9857
6732 9361
4989 6244
1364 9302
5996 6872
8290 382
5053 4176
7144 8775
5918 1902
545 6200
6338 7410
8783 9152
8935 1140
1566 1275
994 1970
6141 3055
3294 3145
4375 2167
4308 5202
520 6272
4480 3683
9423 1435
778 3033
2591 3929
2856 8471
2646 92
9093 7727
868 6773
6493 2586
5425 5340
9919 6606
9719 1791
2572 8938
7292 5306
3057 277
6425 3837
3453 1282
1082 3033
8587 6349
518 5467
6295 715
3705 6941
4006 1030
9085 902
3485 7242
9170 3331
9063 9276
745 4028
3946 6096
5442 3117
9305 8931
7897 8791
859 1741
8598 1583
6607 1377
4047 971
1449 4660
1239 2822
6917 820
5419 8651
4759 1495
9527 6494
1033 881
3806 7678
8116 8427
3820 9218
410 7563
6019 2761
9865 9442
3171 2374
4615 3807
3762 8707
3972 1238
8257 9704
1510 5873
1660 6623
6355 5571
5945 9449
2491 9269
4380 6405
555 5256
4204 1440
7848 557
2227 3629
6411 8938
31 3399
2836 527
4072 5313
5205 2253
6430 1063
2839 2680
6328 3078
2047 4273
169 85
3741 3320
5444 4645
6811 1780
4289 8031
2427 8478
6002 8242
7714 4244
9184 9267
3831 8830
8821 9167
6246 1144
8294 1269
9471 1164
7155 7328
680 6541
9940 1068
8804 8985
1246 5599
2400 6576
9770 1809
4656 5539
4272 2983
5300 3264
9188 7733
5253 5268
517 8203
5597 4095
1369 7838
9889 7695
3384 26
7126 3548
3619 294
6554 4579
9309 3095
9908 3873
337 8906
6262 4140
9654 638
5184 2520
3203 6912
3247 2565
7729 4647
1858 3025
7059 4294
4779 8988
7860 9530
662 2770
6197 3147
1369 3643
5839 5438
642 5916
1352 1683
3782 7363
9750 6331
2638 1765
4817 7866
5017 8432
3572 890
4518 802
3146 711
6146 9688
6874 1174
6110 5761
8734 8670
296 7063
6542 4576
1872 2300
988 8164
2930 821
6730 165
4378 6891
488 2549
4075 257
4946 795
3486 7440
8076 3525
3535 8631
2912 6652
1768 9845
3425 624
4776 9652
3848 2767
4201 6826
1751 7081
8071 7942
5859 2093
9466 7282
349 674
1682 9612
2739 3047
1679 1132
5559 622
531 2538
1816 3489
6311 3128
6129 8406
5827 9895
9474 3658
9392 1379
1614 4416
5414 6509
1235 6713
6601 2938
1458 7191
8142 6423
4879 7773
8888 6225
9294 9558
1898 239
4872 7955
3120 1169
2196 1159
425 6112
7356 149
2656 3132
9423 4287
7791 5711
3205 4845
1614 7577
9319 4217
2277 4559
9725 9597
1950 4662
9273 2711
2321 9597
7601 3063
5099 3984
8175 5842
3428 6850
9299 8681
6428 2445
2537 2398
7939 1633
4541 4101
8690 422
5735 5484
7862 1636
5760 5243
7051 1672
3495 6901
3429 2865
1535 7739
9830 1040
2623 9867
8552 9603
4228 967
8826 7341
6241 8648
4618 5544
7782 6659
9228 1877
8478 6094
4782 9070
1450 6913
3922 5234
9669 7478
1510 6499
4473 6978
9549 5476
5744 8342
9862 8178
1702 2849
2389 7538
9710 2011
2097 3628
6552 5100
9897 3459
4835 1857
796 3775
7738 1900
77 3795
1375 2156
8693 8856
922 4638
3025 9869
4367 5788
2521 2509
5024 6427
9020 187
6120 8904
1371 7486
8871 2725
4793 460
3821 9422
7632 6489
8568 547
3061 7558
3110 404
7143 9160
4020 8403
3742 9250
5212 1220
6394 5389
1244 721
196 2704
8322 3226
8966 4867
235 8443
8387 7540
1235 5638
9943 8049
3800 3485
7760 3618
7458 7422
9887 3327
8208 4332
4947 6074
6684 6683
5829 153
8537 6654
930 3694
5966 9004
2053 6335
2205 3625
5823 4509
3088 2178
977 8808
2955 9477
4629 4019
5299 5057
3790 5126
1693 2895
131 3213
8300 2983
3610 4973
8592 7442
7409 8657
1419 3369
5218 2113
5194 2508
966 9386
6429 3013
6716 3776
2631 9721
6932 3839
4766 2341
1259 7232
6900 7708
8296 3144
9152 3884
2328 4084
7818 6181
8342 9062
1774 3316
1510 8260
3773 314
9053 3580
5202 4699
9529 2847
6966 4217
2126 4459
3711 4227
874 3904
1364 4305
6216 5988
1757 1191
5087 3435
5709 9581
1107 3146
2139 9077
2200 6672
8132 5452
3453 6696
6555 4110
3058 3405
9442 5658
2181 1260
3447 3216
8124 5775
9119 3463
2204 6492
5866 4667
3779 5893
6439 8314
4628 1547
2366 8305
6175 5142
6636 890
4060 3142
1937 4495
5151 2363
2832 3265
2048 3618
5732 7015
4941 502
854 4087
4422 9700
7895 3842
7087 7346
1214 9356
5147 5195
4053 9995
8350 738
7720 873
8240 6991
485 8174
8589 3695
5324 8524
5619 9932
8528 407
9438 3466
1868 9265
2581 9418
7374 9655
6789 5431
9036 8532
4610 2142
1672 1734
2059 2183
4165 3840
3960 7853
4662 2200
4465 3835
7358 8257
8621 7639
687 3701
5769 5695
9586 2113
378 3292
4516 8152
4864 2109
3519 2295
8397 940
5557 3912
3393 6489
8737 5604
4768 1438
5725 3390
2848 9131
6048 6390
1449 514
5764 9665
7319 5521
4031 4159
191 9380
1809 4481
2402 9688
6219 4272
5988 6730
1680 7168
504 6031
6508 3711
7850 6822
3759 1878
3993 966
1742 1742
8747 5118
97 4264
1217 2095
8785 9911
9286 254
3751 5905
2440 5709
5516 8057
4715 7241
8472 8788
952 1038
6831 8032
365 5652
7294 8038
5499 8735
7326 8302
1124 7529
3136 3294
8655 4132
6446 4327
4100 63
4339 7075
8371 3572
3544 67
4709 1537
3744 7301
9344 3286
8159 5196
6180 5865
5572 8143
8034 12
9659 4470
5040 9184
6893 763
4609 9726
3645 9830
5490 9901
6361 4632
9078 6251
3932 6191
8432 1639
1618 7212
539 9691
379 2390
6611 7016
7112 6350
9925 1909
759 8548
747 2527
4970 8232
390 7684
171 2409
2691 6229
4691 2783
2159 8746
2122 9305
2318 8862
4685 5811
1086 8168
5202 3006
713 8560
5237 7463
6618 925
2743 7763
5001 9388
1534 5300
2777 8710
2399 3261
104 6612
152 8465
7831 8911
997 8697
1396 7525
3036 4036
233 2862
6762 2506
1376 7458
1459 7814
7121 6974
1632 7137
2428 5764
5921 6128
1711 3131
8574 4136
8560 6112
633 2449
7585 789
3493 9980
5922 1231
370 7846
7281 1253
9199 9948
5811 9210
3158 6641
6746 7641
3015 6970
1020 9045
4972 4379
2412 9209
3366 7941
3549 5817
4157 6846
7791 7109
907 551
3880 9596
6931 7395
4415 1881
6724 4015
6834 6256
1519 9028
5091 7913
4579 2326
3750 2525
8582 1621
8540 6857
3356 6878
5621 7733
6192 4701
1507 1259
6710 1705
9248 881
607 2816
1615 8720
7866 9222
8619 5860
3895 3794
917 4665
4958 4387
2561 618
5386 4764
1468 2935
8941 3447
2295 5720
9498 581
2660 2093
840 458
773 9591
1062 6123
9012 1242
2551 9420
5804 4928
4152 8033
2827 911
857 2058
2505 7976
7013 1626
3366 2577
4089 213
2687 4425
9833 5834
4329 5885
3839 4077
1345 8762
8210 7325
5904 7505
5007 5043
7705 4586
1905 4734
1875 3916
876 1316
1281 8243
699 3155
3945 524
4676 3298
3759 3201
7093 8244
1158 6720
2926 8590
3283 9452
8976 8057
9590 87
1787 4288
2142 4179
3697 3805
9933 4917
380 706
3847 9278
7077 7907
1922 3733
8854 2168
9681 5048
208 7988
9711 212
2242 2494
5239 9368
7782 9196
9200 6887
390 1448
1467 9094
3695 189
1586 6744
3681 1576
9207 6650
4559 1932
973 3818
8192 9886
5935 4699
5220 7157
8547 8047
2718 849
2840 5854
225 960
5275 393
5482 830
8999 2304
9725 5894
9944 3344
4417 1846
5284 8211
6623 3660
8622 5413
531 5866
1423 7626
6359 9088
2730 5687
7773 2923
4456 4209
8340 7182
2452 2161
9695 2673
3305 4
96 589
5155 387
7947 652
5894 3341
7275 7307
6181 7527
6901 2483
6354 7656
7836 6663
3485 7084
9627 4382
9797 8526
6316 3382
3519 4618
9687 7132
9534 616
690 3007
5542 3077
3223 1184
7681 7405
3220 3399
8695 6335
3056 8069
8823 7229
9679 5611
954 4047
3495 7450
9839 8459
3448 3238
2139 5334
410 2068
7001 3223
893 4788
174 9307
822 908
3171 7600
5648 8917
2958 8218
7638 6306
590 2966
8309 3210
3595 3356
6224 4884
2625 301
2090 102
8818 6895
4522 7186
1673 8579
7650 1422
2321 6447
9527 9633
179 6713
8601 5470
8527 3624
1791 8683
8795 1434
9095 5401
1928 8168
4328 9060
3699 3065
8078 7119
1759 5424
4756 6196
6135 4379
7092 3073
9705 573
6422 1283
5355 2287
7508 5326
3986 2022
255 5178
7340 2908
8380 6118
5070 2134
68 1021
3462 8748
3300 8209
661 1533
7914 3711
9028 3021
8495 9800
8274 6288
3124 1166
9332 818
6885 3586
7502 2139
9850 236
1252 250
1674 1747
5532 4728
6039 1804
5289 1466
7350 696
2586 6119
9247 7483
8698 3867
4532 2053
3565 9832
9947 9513
208 9518
5978 6647
2476 9405
8909 4352
5728 3858
1624 453
983 118
879 1296
9927 4375
5993 3688
9269 5835
9176 5053
3650 3525
1845 3780
1799 3925
7923 9685
8229 2968
1003 5536
109 2017
6611 854
5621 8343
5668 1591
4289 1706
5816 9703
1318 2199
7646 9389
9345 9758
5099 6171
4322 6697
7714 2621
1476 2873
1349 4042
5661 2082
9631 405
2072 8858
3203 640
2063 5287
4003 4334
8088 9856
8496 3668
6260 2903
3754 7183
6428 4339
8964 7043
2748 3340
4154 4518
4467 1726
8130 4803
2179 5110
6950 3613
2114 8811
2832 4063
3903 6304
9341 2513
1273 1440
2944 4886
3397 4037
1149 844
3784 3975
4197 5067
4495 4569
3509 1111
664 3288
8583 8392
2336 5814
8823 506
5327 2732
2418 9146
9672 8037
8177 1926
4283 3654
190 2194
2499 5541
4258 4870
5819 2653
8964 4582
7174 7131
97 2921
7875 7059
9381 4217
3340 1348
6072 7686
483 7029
1206 8939
6976 2323
4834 3036
8162 4259
1882 6717
6566 5537
7609 2953
8167 476
4069 1460
8672 6535
6221 5204
5821 1867
6412 6294
1547 2874
7123 4143
1903 9689
8716 6974
9410 248
2853 8205
1904 4047
6345 8710
3659 8503
4967 6531
5160 9964
2339 4834
175 1423
7817 9425
6585 3366
3214 5326
396 8595
5259 4088
741 6879
4560 2019
2171 1919
8235 3651
8964 8905
4119 9732
9391 7104
2093 2839
333 3908
7099 4593
9784 3337
449 640
6754 1780
288 1082
5754 5123
2253 4479
2740 4265
4233 2833
3333 6217
1817 5348
6518 8378
3975 1689
1846 2601
1920 7189
3137 6754
4274 2689
8953 1419
7121 7498
5724 3515
6932 9994
8530 6085
4748 3788
7958 2060
5044 8619
2642 1360
9403 7943
2924 9187
4540 9782
9206 8531
7417 7843
7636 8482
3103 6375
2588 188
5339 3091
5899 1638
1004 8279
1280 97
1986 6796
7467 1569
2233 551
2044 7861
6910 1204
6642 2878
3551 4096
7332 4779
6345 8595
288 1062
2573 4537
6781 2003
9504 9278
8287 2291
3080 9402
7137 7253
1787 1611
3384 6569
2626 9521
8785 5433
5688 1244
4490 3369
9262 8898
4357 5186
545 2794
6160 7647
4455 9019
6023 9653
6516 4692
4221 1462
4171 4022
281 2056
2731 6221
7861 5418
9104 7636
8680 3339
7284 6663
519 3799
8080 174
6152 1124
248 9299
2409 3436
6151 4983
8842 5530
6151 1896
2922 5251
9870 123
859 8221
778 93
7089 553
6744 1298
1169 4270
3712 1200
1205 4788
8158 6952
1326 32
362 1780
9048 1026
9259 1317
5988 8047
2501 9374
8876 8352
7234 7312
559 8004
6563 4633
1965 7650
5214 493
7876 7292
1250 4516
8263 8659
6316 8111
2115 6828
8076 3973
7535 8146
8769 9302
2057 9089
9106 8991
2441 3287
7887 2569
9339 250
2706 5520
744 4855
3154 2474
8756 1916
99 7409
4590 6897
1428 462
6404 2399
4803 482
6968 1103
3296 5833
2884 4841
4815 6685
6839 4832
5819 5599
6530 2527
5858 7480
4570 2196
8387 3947
976 884
8529 1258
1016 5507
8702 5109
9757 802
8078 694
3876 1902
2326 2652
4367 7751
3998 878
9483 2977
3672 5877
6002 1
564 6708
661 1411
8441 317
3688 5376
2790 1661
3623 5244
2502 8298
1636 8161
58 9882
1598 7194
1363 4436
4401 1925
6845 4714
8934 2465
3588 7892
4596 7455
4927 9557
7918 2229
1928 3270
5594 4785
556 9594
9888 9780
9990 8615
8470 2262
4963 6020
5157 1927
6491 6777
3500 4553
2271 3843
9901 9773
5105 5851
1593 409
5931 3118
1956 8489
55 9963
4219 1613
1101 9761
7187 759
2183 5941
2656 7689
4352 4337
2427 6054
1421 9234
8639 4449
7532 7613
716 6451
8680 2069
6109 2742
7625 5064
8940 512
4898 2854
7429 6915
4939 4726
4489 8706
6690 8560
2400 5819
6045 604
2987 50
8512 4770
4556 7160
2268 3979
3319 2167
291 638
9969 8288
5405 7148
7704 6848
4015 9311
6209 8902
8656 5807
7526 2942
7584 4272
8250 8301
7169 3711
7598 2444
6499 1428
7959 7323
1847 5315
8290 3837
426 4303
5367 182
4046 5536
8526 7479
7538 926
2370 5031
9270 1276
2554 8063
653 9179
3586 5408
3888 8840
7254 6284
324 1707
3505 6068
4526 6556
7388 4456
834 1807
8274 9582
5537 9025
201 3100
1165 1458
8899 6249
410 839
5522 4477
6393 4361
156 4830
6819 9435
5814 8853
9649 3106
1691 977
4666 8041
102 9352
5349 3996
2993 9539
6516 6345
7815 1723
5542 6890
1575 3339
3436 5086
7997 6911
8927 5434
5923 262
6100 2270
6708 6351
3987 7410
5234 8236
3913 681
9751 9149
9585 2024
805 1818
9106 4009
7618 6727
1898 1362
3523 9957
6305 4396
7858 5528
6356 5255
3814 4133
6087 8462
1180 8885
5456 3877
1233 4250
1060 8191
8094 6624
3166 9207
3917 8404
648 304
1313 1736
9705 265
1631 277
270 2797
546 8452
452 7852
5882 3549
397 144
197 5459
1942 9497
4113 4441
9514 7445
9568 4356
7342 6899
9073 6226
2602 8262
9042 6101
829 1515
5145 8380
3867 8636
4911 3779
4278 5524
1835 5646
5378 1577
6202 9156
9881 3544
7714 5055
8918 1305
2292 9326
2715 3058
976 6792
8226 3368
9418 6036
4177 6290
5075 2532
134 5530
7495 2444
3750 4474
2177 1957
6485 5109
3749 7885
8061 7843
4241 8138
975 6000
6332 849
7248 1265
7568 7775
4795 5427
1754 4747
4225 6574
6679 1113
2300 4651
3826 1705
7190 9345
4975 515
2848 1911
9121 7055
9047 2664
2401 2147
4707 9805
9603 3487
7651 9678
9768 6794
5512 7095
1569 8889
765 1832
4727 8157
4797 5819
8866 26
6075 2337
3632 6775
8693 1068
8890 6536
2830 8552
5989 608
8542 5895
1400 5550
948 6124
7367 9577
6342 8473
5932 9667
9943 6866
4346 5101
1711 3707
321 5279
7801 1733
6699 9620
4401 7620
640 287
8993 703
5470 7971
6267 3035
1119 942
7017 3722
5138 5465
6152 9859
7608 2726
6492 8644
7153 4260
5047 2566
8731 5419
7634 6754
2697 3724
1149 192
1571 5326
5757 1702
5209 5789
3697 441
3841 4761
8626 5441
594 1300
7953 5348
8592 1972
7016 755
2936 2754
3426 9728
2000 9190
2364 1909
8225 5194
2821 4077
9674 1380
3343 2736
4919 7908
9720 1543
649 2382
8250 3020
4613 1461
297 6399
646 3597
6645 5983
7312 5386
2198 335
3615 2115
3444 6484
6079 1754
1946 2766
1757 7521
3513 8242
9085 3889
413 5992
125 8023
8404 4185
5871 9479
1368 9563
6230 988
5396 3549
5038 7879
1123 1583
6934 5421
1320 2120
7906 8856
6538 5262
6781 1874
2089 7471
8572 8697
4883 6002
4092 5485
1627 5038
8504 5395
407 5561
2375 4657
8393 8498
1678 9773
2119 9272
9743 2984
8921 7390
4686 7871
1244 3036
4806 186
5056 2200
8982 2618
8033 9756
4339 4954
2014 3988
8464 596
9875 3904
2781 9269
7651 3956
635 9464
2076 6907
6354 2711
6557 6781
1747 5018
3405 50
7711 3909
9650 236
2950 119
902 2661
7954 5270
8678 3538
1622 3572
2108 8785
6428 2137
9730 1613
5860 4138
2045 522
1854 9029
5112 1122
8218 8675
908 6318
8305 7434
8258 1933
7521 2076
8092 4417
3455 9145
2652 85
3519 291
2810 6452
7984 9469
9477 4158
6732 6899
1554 1590
8329 9490
4247 7185
5517 4633
3244 9727
9840 2485
1311 3172
317 6066
2542 9433
7279 7880
4906 8811
8633 2524
4139 8248
8849 1882
438 6341
5831 2477
5900 5602
5417 749
1482 5364
4105 6493
4717 9580
8474 5981
4965 117
1424 9835
9334 9893
1052 9318
6587 4553
14 5894
3570 860
807 669
8176 9801
9053 7841
3392 7107
6583 9686
7071 6366
6071 3231
3774 4886
1262 193
331 5731
7799 4535
7113 8108
7687 6933
9918 6633
5674 9562
3029 5260
1343 2581
6447 8307
8195 2767
9060 2269
5807 3433
7395 3233
1583 6652
8874 912
2530 70
6189 3255
2688 7572
5897 4591
6665 1095
4896 7518
919 1658
7808 9718
2113 9918
173 4262
7154 1040
1169 4545
5936 9767
4264 7606
4257 3102
629 4205
2 1379
6233 6193
5656 8444
3108 5706
214 7107
1227 6801
5228 2136
5599 4472
8510 1832
5418 1133
5801 479
1432 5225
831 7158
7232 6390
3181 2986
6034 6976
1426 6626
3227 3760
7588 9833
7189 3186
2146 8539
8262 5410
8609 3531
9945 8281
6820 468
4773 3647
7414 8174
120 1766
225 7150
8499 565
3401 7674
946 5117
1078 613
2335 1502
9317 9207
5857 5139
2213 3473
1514 8689
8698 6561
4296 707
6652 8981
1028 4316
4568 1600
1776 2088
3909 3721
3480 6201
1806 1618
6339 1618
6506 19
7642 7874
9831 5824
318 6430
9028 428
6570 6636
6071 5714
6270 8783
6176 4812
6517 7552
5934 7281
4249 4136
3214 6
4743 9912
1680 8243
7200 901
4826 9346
4462 2532
1091 2456
7546 5423
2819 6034
2808 7654
633 7541
6328 4402
3731 5983
3094 7976
7516 3227
5817 3413
392 5011
7402 2928
4448 2271
75 1850
8091 7151
9734 7527
5648 5856
2929 4398
204 8603
6223 139
1934 6778
2491 2794
1069 7856
4534 913
411 4057
4477 9873
6027 3905
6536 110
1949 1694
48 7620
647 691
305 2808
1235 3348
6904 4801
665 458
7660 127
8268 5501
3644 8493
8198 9893
3510 1978
417 8868
940 7124
1788 4578
3459 8447
2500 1435
5885 7854
6236 8855
1836 8889
7673 2960
3699 5126
5051 2120
2804 3132
8723 3954
3490 8032
5719 5951
1135 2962
3654 6035
1501 5765
5391 6129
3076 6384
502 9772
7606 9464
6901 449
3650 5341
8904 6690
9337 5672
452 1281
6957 2083
8506 1243
4347 7809
7430 1380
6032 8952
3396 1913
9968 7254
8458 7350
7274 4660
6077 7890
5053 8302
1276 8281
6790 4789
1423 8682
9529 3589
6885 2657
3334 7529
8469 2430
9929 6833
6727 9838
6024 7173
89 4229
9938 7085
8635 7841
4123 4543
6875 3038
8767 7928
545 6069
6893 487
4161 2943
8986 2186
7099 8713
2289 3285
1648 4466
8297 3785
738 1326
557 8289
8474 5760
6326 1915
6740 7568
3913 3675
9501 850
4477 5886
5670 1230
8336 817
8054 9177
3099 4170
9393 9188
885 5173
7219 6761
1294 855
2502 1511
6928 7462
1954 6990
8062 686
2657 4054
1420 371
3347 4149
2844 4173
2305 3932
7870 7459
7622 404
9854 1158
5623 395
7686 7553
6851 58
3035 7571
8574 4245
6146 9824
6686 5441
9902 8204
9297 8737
366 8701
6220 9177
4861 8568
8880 2035
7026 7793
3672 2286
6109 7670
1502 5268
8937 711
1165 3755
6920 5362
1825 5942
2657 4042
4807 4398
2934 4250
4798 1821
7738 1309
3014 3711
3430 4667
8450 8095
6983 8821
3119 2151
3611 5435
135 1237
1934 1089
7931 4599
4861 3106
918 1880
7540 5905
824 985
7924 8554
9286 1035
4769 7362
4895 56
9369 6580
4508 4422
2738 9277
7171 6636
3145 818
4740 2550
3227 1983
4319 184
5748 6929
7939 9942
1462 9754
3261 3319
7220 6097
4299 996
2950 9538
6949 3190
1883 3011
3343 543
9638 1865
6749 8517
8526 8752
2007 3051
6337 1922
2652 163
7828 4197
4474 8199
5905 2230
4047 4613
495 8815
3167 8237
5362 5968
6787 4763
4417 7170
5812 4107
9949 8796
5276 8999
4819 3404
8742 9360
7767 4759
5265 4504
1518 6624
6493 3342
9868 3643
2990 2307
3936 5973
520 4754
5834 7724
7219 4880
5513 8373
7823 2509
8893 2856
9058 27
5259 6155
899 3645
7186 7225
3095 3123
1409 9637
108 8242
6437 6523
7227 8835
6098 1818
2121 6033
8888 6566
1
1532 7002
