1500
2482 5338
2324 3276
4818 777
4016 5343
5727 3915
1614 1747
6087 4639
3583 5481
4169 3126
158 4203
3375 853
4635 5219
1221 3922
5614 173
5387 5485
5030 3957
4625 119
3339 6837
3904 2015
5557 4534
5637 5394
3284 591
905 4704
3299 3146
2127 6753
6894 1543
2147 1186
6544 1390
6108 3468
61 5634
1129 6349
6271 4708
5323 4739
3068 4857
1438 1301
325 4445
3564 2605
436 6645
2187 316
725 3585
1943 2627
6645 6888
4600 2733
6261 97
285 700
3893 6775
5032 1340
1387 661
6727 2975
4311 5622
4202 1449
2042 15
4068 2824
1920 5669
4809 49
6622 5434
5669 3924
1613 2872
894 5171
3249 6771
3644 206
3808 4619
147 2117
1704 2879
4217 256
3475 1654
3181 6171
5890 1125
5296 77
3353 4760
2548 5443
1775 18
1651 1672
5097 2152
102 4406
5937 2221
1334 2446
4404 1847
828 5655
4423 963
596 3544
2612 3640
1636 2535
510 2273
5192 3775
4776 3223
4646 2790
3436 2188
6248 3387
3934 6328
1257 2996
509 3965
1016 4434
3125 471
3651 4641
2720 2295
3307 1761
4319 1074
3787 3964
6464 3237
3774 6442
1687 5411
2609 787
4819 1091
5135 1945
581 822
5077 3209
4957 6516
4996 6731
2683 3471
4356 5170
1351 892
4233 6806
1500 6867
5452 4321
5267 5875
5635 6624
4444 2732
6953 2903
1797 6051
5841 6016
6400 4995
4797 332
4025 1364
804 6453
403 1155
2446 6004
6508 5462
4995 684
1120 6537
2282 5578
574 1275
6935 2035
2838 6903
4325 5366
5633 3884
6352 4954
6811 2791
199 5334
3873 1471
3233 2989
5830 6261
1939 2720
3619 5207
3671 2324
5442 3419
142 2142
1956 5580
5914 480
6054 5487
2577 3492
715 278
5028 2283
2680 6127
5377 2526
6881 6319
1707 979
4389 5629
4595 6676
730 5261
5410 3343
257 1813
1318 4441
5604 3647
6524 4777
76 3579
4300 3288
6500 199
3969 5957
2892 135
3474 5024
3158 5012
34 5999
381 2115
1122 1232
1245 4181
5113 5346
3093 2593
1057 6709
1177 1016
759 3186
2334 3226
3051 4468
3049 3999
2886 2096
3079 5899
3480 5483
4675 4232
5336 4004
545 6941
3101 2422
479 5375
4081 4195
5979 1022
4473 4387
3835 1711
1049 1787
3310 6243
1786 5692
4601 1350
4796 929
4286 4922
1893 3936
1034 3531
2992 939
4845 6024
2963 948
4655 6511
1020 4019
4910 2869
2587 5541
1190 6930
2171 2576
1322 6136
6083 966
2046 6524
6655 6080
2349 4119
4914 5071
5737 5846
3298 1308
3650 528
2219 4334
823 4493
3982 1010
2150 665
6582 1399
555 1773
5925 6428
1922 5888
5908 5737
4024 2114
3325 2209
3637 2465
4342 5562
3914 2922
6978 2266
2771 3748
4236 1033
6902 6612
6915 5599
3137 368
5033 5015
3726 2127
5342 6648
6363 4655
5745 1507
6281 435
4698 5330
3102 4265
6754 2391
1912 6617
4756 3985
4835 6458
2066 5049
3331 5204
4263 4382
6802 1927
3159 487
1975 2371
5719 6098
5533 489
2209 505
5304 4172
1393 4692
1353 2132
2106 2257
3841 210
6207 238
1454 5987
2922 3311
2692 6512
4054 2453
5668 6353
5875 1073
5394 4854
6792 5079
3685 3441
56 6359
340 6029
1416 6879
3674 1956
4615 3090
2478 4898
5877 2853
3407 6218
2932 5281
1810 3446
4062 3323
3388 5448
2450 2220
6860 6019
5268 6347
2195 2998
2423 1191
3349 5488
2994 3225
2772 6153
4847 5672
4010 4498
3586 6889
4328 780
2243 2153
2948 1804
1175 2674
5341 4929
6704 3399
5515 27
286 6315
1813 6958
2327 2410
3861 2435
5571 2250
2939 3758
1653 2406
149 4120
4728 1051
2365 6432
4641 2857
1222 1642
1235 433
1170 133
2117 743
5968 4529
1692 3542
1374 2756
2920 2961
3556 3837
3028 2133
5782 1884
5776 4489
2956 2068
3301 6485
4150 3445
2945 836
2011 1825
4221 2267
1309 4310
251 4910
3382 2568
6542 3030
475 6473
6893 290
330 4314
1681 2002
6182 5864
3529 422
5874 293
3531 578
3332 6376
4938 2609
5621 6992
6903 5990
795 2286
221 687
3385 3948
3112 5017
4133 6875
5742 858
817 5633
465 5796
1630 3829
6266 1112
2867 1182
5508 2688
6449 3581
4467 2829
4157 0
5672 2498
47 4504
6254 3084
3606 5840
3896 6436
5736 520
5762 3114
791 5335
5313 6298
4988 1746
4592 2601
5812 6405
2077 2971
6823 4194
69 161
4145 1491
1369 6381
1303 5427
2732 2827
2748 1534
2389 1698
3058 4599
4357 624
3992 2710
6975 2260
5547 2774
977 2549
5858 5574
6781 1120
5127 826
6227 2374
647 679
5843 4817
6778 4584
673 1730
5476 579
1892 5770
1503 1940
2783 3805
901 3665
4053 1797
99 5856
950 6303
3445 1855
1980 3495
6593 1387
2112 2555
3975 6630
4014 6192
4755 2061
3705 4186
2983 6510
5958 3575
1952 3334
2310 2728
2790 3279
4296 6489
5148 3428
4421 4049
5759 5050
3403 1506
3700 571
328 5666
4702 4311
5816 527
5768 5529
3013 50
6431 3383
1799 521
1690 378
6895 4572
3056 4681
743 3983
3643 1083
1332 2777
6268 4103
6012 2419
5809 344
5579 4530
1075 6638
5191 3967
3996 296
2353 3050
1907 5315
5372 3613
6265 6934
6684 5833
2524 6487
393 4459
2812 6521
1863 1196
5433 801
4656 2964
6158 3102
3771 2591
3348 6404
1386 87
2193 952
5411 1969
2183 90
3420 313
2909 6113
1935 3363
2890 935
1384 2235
5623 6886
5331 2144
899 1557
6303 6864
794 2056
5517 1627
4677 298
5554 310
6682 688
4840 5265
5538 5988
6466 4030
1763 314
4449 1244
2346 4734
3391 1092
841 263
6925 4819
3258 5380
2566 3973
6467 1639
3320 6707
3126 2878
5338 28
5205 5874
5428 155
4080 2356
5792 4259
3683 6513
972 3794
4345 2160
148 997
1379 1147
3197 2216
3439 2139
1501 3705
1202 3053
4962 1207
3458 1223
3271 2264
4540 3648
3206 4974
484 1303
45 4444
6739 410
6380 6152
6938 6081
4305 3851
5178 5031
1919 3991
2688 6626
3505 1827
2227 3711
5106 6187
1224 1338
772 2431
688 4642
6135 4723
6140 2201
1783 6220
6932 6238
5255 6134
4027 2616
1586 2558
6336 6598
3324 4578
1465 4916
830 2263
2272 5298
5945 1119
5834 1595
6163 2714
5972 861
5260 1844
1795 5306
1647 4949
6540 1793
3122 6693
5943 6166
4799 3238
3366 3467
726 197
6278 3558
3552 125
6998 1345
6475 48
78 5806
4065 243
708 1425
101 6002
2285 924
6513 4328
4030 4433
207 6441
5194 3352
5881 60
3908 5973
2705 529
6919 4032
3809 2809
4190 1369
6055 1210
4483 1446
2159 6301
2677 669
549 4326
6790 2826
3086 2543
2761 2382
5459 5458
1423 3235
2745 2243
1116 2967
5691 6429
6302 868
854 3043
2429 5293
1182 1231
2769 582
162 6180
4779 2528
2185 2053
1985 6339
2120 6743
6664 1904
5349 2778
455 1126
5699 5943
4290 4759
6051 1103
6779 6960
2727 2049
4249 4694
1558 3507
3461 887
287 3412
5697 6062
3920 6690
1215 388
6129 3997
5210 6433
3030 2155
6921 5120
3933 1201
4726 706
1363 1183
4090 6589
6131 5674
3264 5011
3069 1352
1083 2780
4046 5407
6780 1113
6104 504
871 4483
3276 3527
469 862
4711 3630
211 2182
50 6292
3495 3232
1917 6437
541 6219
6453 807
1164 6785
5427 5808
4533 4436
5241 6609
6685 5720
0 6461
4112 5860
1686 4518
3183 4262
2301 6852
2825 3594
4317 4943
4360 5259
6635 416
4719 2893
1375 5965
3184 2798
1728 5284
1895 627
2831 2819
1657 551
3209 2942
4038 6651
3459 3359
2793 5679
4907 5449
1625 4729
6929 4557
134 2223
5200 5901
1659 3589
2817 2977
1525 6066
893 886
6179 6107
6081 6711
4865 5954
6251 4838
3430 1978
2670 3005
4351 146
2341 820
5713 5587
610 2890
3055 3246
1884 300
973 5351
476 3959
2230 1925
4961 2393
5852 2098
3567 5755
5129 536
3514 3314
2 2618
5503 4
5689 6745
6670 900
1033 4764
1909 6156
6732 2253
6523 4039
4717 5388
5975 5021
252 831
3613 6677
1272 4129
4982 6815
4104 2670
1247 4865
3217 6266
5412 748
3986 1136
201 4621
2097 5819
5098 2738
4443 5638
965 6337
621 236
1964 5695
5110 3087
6653 2817
5444 1957
3309 3205
138 5431
5679 5743
2024 4302
462 587
5080 5014
5151 1360
1450 1699
226 3128
2735 2553
2851 6712
867 5542
3451 5236
1539 3577
6042 1720
5109 670
947 4274
5835 1240
2776 2792
865 2087
5330 2505
879 3119
6996 4911
3115 3002
1204 2734
6638 2040
4869 6411
4419 5771
349 4127
519 2484
5152 1372
3804 4496
5393 4394
4857 1650
2420 6697
4416 5513
3489 4513
53 5059
1541 5248
1483 3654
6560 4848
938 4988
3455 4793
5289 66
1473 2612
1002 6426
375 5150
6719 5983
662 6967
2673 5304
5175 2205
4959 407
5073 6033
5546 6103
4077 4054
679 3461
6782 6363
334 2769
1076 5858
6603 813
3136 3793
4648 1363
6391 5871
702 2078
243 4435
5820 1450
55 2404
3752 1209
1112 1713
3739 4250
4042 6352
6220 5920
3819 5294
85 5703
2449 2284
3361 223
3493 3180
4815 4338
4585 2532
6378 1632
2936 2489
5012 421
2136 3083
5231 6918
5863 1903
3194 6169
1382 5824
6206 6106
3938 6929
587 3148
2328 1095
6021 1690
3589 941
2206 5577
2784 3391
808 6543
913 52
2265 2955
1381 3918
877 4611
4058 6394
3148 4630
2126 603
6366 425
3166 901
3518 1971
1350 373
5147 6947
6330 3156
2730 365
1841 2312
4079 44
6184 3332
3662 3734
2991 101
1818 79
4661 744
2251 4376
6477 3893
5829 6204
5923 6825
3543 850
5463 371
4177 4809
3274 1318
6326 2600
575 3275
4862 1382
5638 6154
3786 3876
1094 2796
5187 5934
6987 4131
1338 6472
3052 3872
6723 6519
500 76
3321 2560
4810 1465
1855 4399
1281 4206
2811 4010
902 881
2330 6966
196 5470
3139 793
2019 4115
2971 4933
538 2304
780 1283
3641 4241
6213 3977
3352 5349
5664 3478
735 6554
1030 6952
4631 2648
1969 2744
3710 2026
3251 4685
1150 3695
969 5500
2430 375
320 4063
6446 5356
3468 899
2001 5935
5680 4282
5673 3801
2137 5442
2780 3171
4299 6333
2842 5350
2519 4606
5322 983
1642 4539
1142 4189
5568 16
6814 1037
6441 6893
5454 1968
2743 5890
3130 6560
278 2285
3188 604
6625 281
6714 4322
114 576
2299 6102
4557 3144
6039 2294
2490 35
6147 3081
1140 4601
3337 969
2231 4472
1125 4278
1172 3319
1743 5139
344 6840
2294 5296
4665 6476
1511 3393
5513 3338
5987 5700
5174 4022
6005 4592
5441 5605
2333 6001
1407 4780
5601 1724
2455 5673
4613 1407
5969 557
5166 6833
4926 3094
2901 214
2021 3330
3863 5489
3313 1093
956 2120
6884 5961
1505 3184
3616 6060
2950 1270
1156 2642
1352 1375
703 3460
4746 4383
928 6135
2291 4205
3544 6434
749 3011
1300 3621
386 6587
4632 2918
5608 2551
811 3456
5262 5087
5885 4485
517 1199
357 287
1508 5377
6604 722
6662 6923
2496 2333
2797 795
4222 4122
2652 6713
2762 6983
3178 4810
6570 6545
2766 2660
3940 5279
2041 4027
853 5034
3574 1062
1054 1496
6812 496
3895 5885
608 3101
5225 488
6283 1099
1292 397
235 5132
2685 4415
3876 6686
3756 5019
6852 3218
5589 1806
5196 5972
748 6036
2278 2675
1492 6854
3431 1069
3591 1189
2371 80
2169 4500
5229 91
3142 2306
1368 6769
1406 5035
5130 532
4135 1581
4523 3840
4526 6341
1445 3820
1107 3438
2570 2898
2196 463
1995 1573
6141 5094
4374 890
3625 678
1627 4757
5607 6974
1607 3799
5114 5533
5413 2787
6741 3298
2883 3744
6217 5591
2544 5194
3868 5327
2905 301
4156 3632
4966 6295
6490 4339
1035 4157
1266 6661
6297 5769
1117 4059
6228 5912
1230 1455
5138 6965
6412 1909
2311 4025
6463 4536
3129 258
3362 6672
1938 5872
92 1150
1237 1378
6496 466
5456 4391
79 2822
3806 5058
3066 5263
887 1910
3955 5969
6659 2931
1186 3608
6804 5242
4559 3341
6435 3980
1128 6403
4099 2071
1982 5308
4553 6555
3308 4006
1683 33
4386 1086
3225 4222
5467 3634
1588 3993
6060 4364
2488 1708
6878 6321
2217 1832
2591 4700
493 6777
6745 4882
5791 1917
2805 3569
192 5773
5674 512
5158 4727
4295 6104
2917 5333
1405 5563
3626 3042
6596 286
5359 498
1635 800
5026 5981
855 2864
4662 728
438 1164
5328 1578
999 4045
4602 3541
3250 51
5207 1328
2329 1544
595 2380
850 1161
1608 1180
418 4752
2600 3875
3456 2302
248 5370
5866 2134
4454 4779
2075 1337
2713 3656
2276 3292
4710 1505
86 3694
3024 4102
398 472
3297 4904
3646 6360
108 3404
5312 6215
6102 4398
3548 4650
2467 2583
6175 3349
333 4211
38 2495
1620 863
5870 3797
3244 1145
1162 3725
4504 717
1168 3688
4224 4510
4855 2051
4944 6667
6679 1003
563 4013
1354 4076
208 876
5493 896
3350 3523
5922 12
2458 586
5297 4750
6066 202
3358 315
4335 4846
1631 2341
766 4161
3798 2584
2040 2622
630 2019
6525 2206
1637 828
3663 4915
2795 2301
2296 2620
6965 3075
3559 3607
5770 6452
3915 5299
2268 5958
1131 4492
4438 3995
5878 6523
345 6736
2142 4987
5811 1068
1166 4886
1584 6356
5642 2573
4375 4781
5855 3434
3394 1839
6873 3518
4418 729
1169 1131
3077 2595
4152 4815
4532 5681
1581 1307
590 3765
6762 5602
4930 5724
1385 5231
1886 5603
1078 609
3667 4048
3460 5494
2759 172
1572 2012
6563 5851
858 5232
5761 2757
667 880
1069 5196
5620 6525
4308 4556
238 359
4179 3549
4078 3400
5156 6000
3179 1519
892 217
634 1613
2146 3001
4985 5671
5407 3610
4200 1882
2675 4519
4552 75
166 3099
599 955
4276 134
3443 112
4076 1628
402 3529
2422 5610
1815 2447
3587 130
5307 1706
6149 1020
3718 1044
459 1744
5617 3721
5936 5324
3719 4528
2445 6944
5096 3732
521 3560
5189 5539
1847 6798
2200 3051
4732 3121
711 1899
2442 2740
4379 295
5715 6916
2370 6577
6768 5906
331 4149
6926 2296
4056 4481
5249 3085
3118 3326
308 3035
3557 5062
5971 5907
1842 2747
4846 5233
4879 6831
3846 6142
4103 6703
1936 3463
605 630
776 1322
3737 150
827 1577
1904 4879
6793 3272
304 5193
4213 1330
3454 4450
4256 3730
2794 4888
2280 309
1510 346
3152 1313
2729 1809
5446 1981
5068 3599
337 493
1701 4304
1314 5530
100 3277
3585 1671
2722 1975
903 6020
3138 1214
1727 6894
2246 5892
1145 2236
3761 4085
6186 544
2862 2541
105 4001
6142 6291
5753 1377
6221 1021
5305 3142
5426 2683
4037 1610
3224 3643
2888 2006
1160 229
5894 3484
3520 6233
6816 294
356 2200
992 345
3401 4098
1829 6049
993 5118
3854 734
4687 541
686 6722
2537 5804
5882 5799
5432 3811
1527 424
2374 3517
1126 2885
448 2943
2530 3554
3360 884
4614 1321
6295 2004
6203 441
6046 6515
4253 2954
1086 879
9 2288
4917 1362
1070 6190
1903 1872
3293 6633
1139 3813
1482 4807
2108 4307
6728 64
3191 6575
5318 5952
3956 626
5375 6680
5773 531
6940 1758
5582 6439
1718 718
4573 2691
3259 4687
4060 5371
1846 2985
1091 3426
4028 1170
2047 4502
2560 1687
3701 1295
6433 92
5329 2657
5900 6735
3021 5173
3624 958
4109 6047
2226 5084
6912 3380
5667 3622
446 6662
3952 3981
1983 6695
4183 2428
5088 417
845 5055
6424 2008
2923 5192
3731 625
932 6396
3527 5927
2535 2766
1193 2810
2798 4963
5631 2563
2494 5256
6928 3378
4361 6728
4804 2552
1082 1059
2682 2036
836 1298
4400 4090
866 1054
6960 413
3096 6583
3959 233
2985 5627
3865 6008
3123 6926
6474 3360
4047 5393
1761 3692
5420 6584
2966 5390
5327 5571
1433 3718
1959 5949
1358 2786
3820 5893
3214 2875
1320 6971
3597 5648
6191 6705
2238 2476
237 619
5729 2360
4638 6578
593 6770
4681 1139
2533 6819
539 1868
6770 3022
6774 3782
5876 4868
5636 4593
4517 5917
2633 4323
4894 1552
81 1374
6247 4749
2307 3203
6510 1281
6784 3487
3103 4409
5418 938
1852 4488
2832 2742
2340 1052
6856 5302
6509 3677
2995 6170
1730 2164
4358 339
2372 4789
2441 2213
2177 3990
1721 1056
2716 2972
5974 4192
5102 2820
6631 561
5315 3500
32 5555
6369 1263
4781 4243
2509 5080
4206 6186
3817 1410
1519 85
1466 5475
5078 1808
5126 6018
3404 1851
3775 6733
6981 2463
5491 1219
276 3986
1756 2607
3092 2475
4859 6924
4833 3968
3686 2468
2460 6480
110 4826
5443 1002
3338 5667
896 6137
6630 3109
4873 4509
4689 5369
1053 2707
4472 1897
4734 852
2747 640
2575 3386
6527 2861
6036 644
1446 4426
1476 2765
2259 5100
4802 5311
6822 5378
3636 1728
5837 5459
1801 1582
6350 4921
2547 4980
84 4550
579 3056
2999 6483
5146 538
5181 3927
6904 5645
4952 5869
5844 4508
6242 4725
5686 3739
5079 2559
6539 4237
1452 1036
4381 6774
3374 5076
4488 2272
3230 1721
1556 2665
652 1584
3074 3036
6322 3753
4545 1140
1700
559 3048
697 782
2578 6372
5733 4028
4700 5063
1750 2807
4205 6390
134 6542
5990 1014
952 2464
1639 5734
2686 5467
4800 3390
5870 5957
1335 6320
5426 4935
2522 2812
2504 5483
1659 25
6017 1525
4821 1306
5701 3641
4014 1493
933 6269
4033 984
6374 118
4101 1094
3912 4647
3971 5714
4216 3847
5386 4951
5148 3311
3467 4500
6456 3034
1349 1927
70 917
3497 2968
6363 6252
4883 181
5652 6541
3932 540
5005 4963
1319 283
2658 6933
3036 3913
1088 2288
5537 4892
5338 4933
5901 1359
954 5407
5289 370
3574 6838
2909 6621
4324 3684
3082 5830
6364 486
2500 615
1938 5721
3836 940
1129 2379
5177 2357
4096 1184
6774 3895
3986 6107
1587 6458
1902 377
5016 5655
152 5460
6895 5885
301 3855
3368 6086
3364 1064
95 1918
5832 2221
5955 6408
5088 62
279 70
6442 830
4641 1680
1521 406
3165 4858
5240 186
1152 4486
1658 1384
6686 5295
4422 2638
3436 6744
5540 3377
4016 1910
268 6885
5916 4097
3565 6374
3990 4732
1343 4617
1946 6251
1987 1401
5387 1950
4197 425
6699 2099
3372 934
998 3773
2994 2370
6459 5425
586 1046
6199 4813
2194 4590
3888 4250
2133 1857
2365 5558
5010 2623
4570 4399
454 4611
2364 360
3393 524
3775 6905
3357 490
3494 5985
4506 84
4743 855
3984 4429
5447 3858
2273 1
1782 1327
3674 3593
2814 257
4590 6197
171 3037
1406 5429
3520 4053
3256 2974
1823 1738
6379 362
6004 2653
229 2157
3326 3114
1424 5025
4458 5777
4075 6603
6298 3135
6317 4140
4335 6720
6962 4006
2811 800
1106 3166
4871 156
2190 4788
1015 1837
4963 6317
1217 3283
5989 5238
2625 3852
5235 1092
4955 3796
4244 3550
2741 6284
1727 4382
2381 3496
5283 1002
4865 5080
980 2532
4517 4900
6908 1500
6309 728
3614 964
5434 5370
6549 3878
2604 4199
2792 2444
5309 6881
5057 1218
3376 3676
1719 2374
1892 2523
2467 6686
4287 962
2797 4503
6251 2983
4508 5417
6291 5676
6031 5793
5834 1733
3532 2467
1638 344
3697 5445
4300 6520
3291 3574
1584 2350
6792 6250
2053 3810
2105 700
3026 3171
280 4295
1838 6275
3659 3143
563 6771
444 3598
1668 5348
5922 5710
924 4712
1487 2232
3793 4707
799 2612
5647 2187
602 850
6287 2165
2361 3955
1338 4720
1878 6169
1812 4289
3533 2151
5451 2301
6705 4640
223 161
2587 1482
4874 6828
696 3179
3922 484
4894 2881
5494 6289
314 533
1314 2487
6337 6997
1970 5636
6281 1394
3524 2239
5839 5981
261 4145
2296 894
2452 1403
4804 4968
1072 710
3926 5757
1361 2913
2586 5792
6489 4689
2936 2077
2386 4404
6246 4002
4962 5740
6517 3036
6984 5549
2707 2846
30 4095
6465 2432
402 3540
2975 50
5819 2582
471 4946
5928 951
618 520
5198 3404
4125 4761
1707 2684
3103 2198
1458 4966
5743 6238
4147 2367
3231 3778
2528 975
5466 5475
4211 1246
4321 4869
771 1430
27 3861
4068 2405
201 3640
4116 6396
1655 3429
4340 3213
3728 2943
4680 6829
3979 6573
1538 2827
4516 2454
4064 3992
4633 948
4010 900
5460 5976
5803 3853
1676 1402
2169 517
1056 2465
4207 1423
4745 732
2032 6456
2820 6826
219 381
4612 4447
3684 4679
6915 183
5400 2291
5098 2985
5312 4067
6180 6543
3747 4518
2018 2908
5269 6688
2096 679
435 5415
1561 6221
5030 889
5118 1569
120 4550
118 6722
562 3410
5455 2528
4905 5036
4842 6965
5847 4464
3149 45
2924 1383
5317 5105
75 4936
2383 1662
4604 1882
6659 2998
3313 2680
6213 5412
1076 646
5414 322
3873 2603
4783 233
6060 5077
1284 3252
1373 987
2432 2503
3618 2664
3694 242
4940 178
3408 1405
5334 132
2669 4351
6445 1284
743 3619
182 1502
2490 2149
6226 2560
984 6198
5699 1050
3134 2989
1545 3694
1327 6780
2336 3714
6461 1200
2841 3383
3837 6669
4658 2319
3570 6368
2438 4529
3201 6047
1120 153
6826 1171
1734 6956
6565 5157
6275 843
2153 2262
6679 4765
2454 2773
3051 834
4756 2106
1531 6257
5949 781
5788 4271
2118 6816
2730 5682
694 5184
4160 5693
4545 4412
989 5801
1862 1041
1039 4899
2582 3325
3470 4220
3791 2930
3379 3234
4379 4870
6556 27
4361 4438
6183 3156
1529 1368
4755 757
482 2999
5654 3610
6477 2023
944 1567
2642 724
5164 3298
445 6945
6127 5285
5739 1803
5685 2745
1099 4792
2646 5852
4902 192
4947 918
1596 5781
6682 4236
4131 1108
4454 4931
6621 3542
5897 3078
6255 6823
5623 3946
5250 1334
6723 1536
1721 6057
192 6709
5281 4209
1040 2859
6348 4940
6193 1347
3741 1454
1680 4666
1037 6634
1290 2082
5024 4728
609 723
2954 721
3700 2890
3045 79
2405 3151
2191 4838
286 1174
2351 765
6052 4639
806 4362
3582 604
6096 6788
5158 3474
4220 1074
592 1683
5495 946
6247 3453
5560 428
2928 140
936 1602
4642 2836
4890 5084
6658 585
3638 2682
2379 5264
1648 138
5801 5996
4579 3128
1295 3102
1170 1155
4200 553
3992 1511
4830 6843
3778 1366
4702 2553
4366 3742
3840 6239
196 3894
1826 1016
6388 2062
5863 4082
6988 6834
3699 1090
5965 6186
5947 3081
6408 1082
755 5870
2635 182
3421 1926
3292 4601
2577 1349
5688 61
6231 870
3136 2652
246 3649
3655 3520
2571 4784
1739 5631
4038 938
4549 2315
22 2234
4931 6723
4860 5581
4023 1883
843 3495
2286 1669
1172 15
2735 745
3598 3099
1251 5925
5306 6907
4805 3494
4953 4856
3121 5471
1067 2646
399 6609
6332 5883
104 6410
5757 5394
1444 4661
204 3277
2852 2252
3243 5216
198 2441
641 5201
2220 6389
1367 507
5111 5596
1874 5799
2026 3387
5944 3729
6933 5173
2173 1181
189 5338
2400 1139
5061 3833
2375 5373
3266 4918
932 2049
3585 2018
5412 3702
6453 6654
971 5018
2964 2393
3946 6265
4869 468
1612 2266
3613 815
3843 2555
4705 1878
48 3005
6637 1545
662 152
209 2574
5124 439
4621 3693
2292 6597
3371 683
1695 3307
5737 5242
2067 277
6279 4849
3481 3949
6974 5951
4959 4830
914 1459
4376 3555
4987 748
523 2073
5852 6639
6906 4113
2883 6156
874 2898
208 5500
2151 2095
4308 4693
5770 5043
5156 959
3152 2945
5545 491
2244 3312
3154 6549
2662 1787
3564 389
5102 5603
601 2394
5843 2758
1755 4815
4304 6295
5829 2622
6187 6427
1746 5070
3349 2458
1960 5124
2764 2268
5224 6142
4566 3175
3981 4415
1645 2226
3751 6873
681 826
1181 371
5241 2756
5332 5552
6807 5113
1611 3076
4764 5244
172 586
3023 4932
6467 2401
5765 2377
1395 405
1875 1315
6003 1723
1819 1472
168 4773
124 5202
6293 1320
3237 6815
2920 3321
912 3484
6166 4749
516 1111
1816 6961
6093 147
2412 2452
5869 3198
6917 5039
2798 28
511 5611
1456 1100
878 5496
4564 3587
2537 3064
5069 5795
3129 1660
2648 1535
3968 4191
1399 1620
2404 6144
3317 6504
3677 6600
5792 6074
1214 6352
5706 3544
6117 978
2931 3943
2652 6566
6626 5458
5833 805
1654 3782
3657 2931
6596 2272
34 2069
4421 3767
1206 3396
1001 1593
720 297
6861 2091
5266 4514
2505 3463
5409 5239
4213 1077
2099 2774
5927 3227
6760 6802
902 4903
5746 662
1370 5190
2985 3035
2496 6503
1416 6976
6889 4538
5486 5368
5029 51
4492 1928
256 568
923 1126
4979 4948
5084 66
98 1865
893 5158
3065 4243
3660 859
4309 1759
3083 1825
2606 598
2031 2805
2732 1884
5416 6581
3400 2496
6677 1173
3187 6741
5981 4397
4094 3890
3931 1513
2155 793
1246 5379
960 3999
5218 3849
4401 6315
2637 2445
4394 5854
3900 3318
6751 3724
6676 3814
6206 4016
3557 701
1621 774
6280 3737
5291 4322
4558 835
3181 3343
339 2557
5778 5906
5438 4512
6597 3160
6446 3612
6029 6435
1792 2620
4618 5044
5871 128
5716 3154
2531 4779
3459 3708
6966 5478
4134 4656
1334 769
2721 2621
5288 1831
1995 1981
1705 4329
2059 510
507 6887
684 5978
99 2500
3676 3990
6615 6147
894 4117
1752 5980
2335 5128
6421 6400
3805 3200
5175 1199
3069 4112
1145 5809
5307 1849
4467 6450
2765 1406
6602 11
1299 4389
2989 6235
2726 1086
509 2644
2299 3470
4062 5894
6147 4833
5690 2940
5420 5405
5971 1470
3556 1677
5683 5715
1601 1604
6402 2057
4478 2799
4774 470
4989 1754
5335 1888
2268 5800
1662 2083
4863 1081
162 5821
3784 3824
969 6034
6909 4654
178 4027
2209 2835
4352 5999
2442 1080
6380 1129
1034 3697
3782 6036
6948 574
6884 1255
262 1375
1606 4659
1150 3255
64 5109
6972 2201
1774 3236
4090 6050
6738 1049
526 2169
1032 6716
269 2249
2902 6001
3989 4244
143 4619
3508 2008
304 645
3170 423
226 2988
2510 6990
2672 1518
3584 5890
6927 6363
3228 2244
683 2043
3403 2021
706 3700
1640 5507
5983 6227
2555 5210
2324 6895
1839 1259
2092 2689
2733 4379
6766 1420
5302 4474
4126 2526
1653 4589
5093 3221
3392 4675
5661 6605
2636 1179
0 3674
485 1670
630 5098
5850 5686
2054 3570
1991 545
5926 279
130 3117
3465 4807
26 2925
3162 5402
5273 2384
5205 901
847 5707
6616 6301
6646 5954
2622 966
6111 4446
1905 335
985 3456
202 803
5745 3579
5844 3629
4897 4583
6781 2329
2748 1495
1095 1307
4644 5606
2984 5513
6440 3558
1912 4757
4180 2328
1048 1017
5898 734
4749 5807
5034 1922
6911 2840
512 749
4112 3489
2573 6336
3131 1035
391 2916
4464 2123
6304 3239
2198 1578
1133 5409
5936 6969
3599 5129
2266 123
2082 4754
6589 519
6409 6455
2525 5656
21 1115
4417 2307
6497 3711
6043 1251
8 1026
2723 1861
1867 6752
12 5074
4827 4531
5528 4593
2078 4620
6680 5904
3469 2371
1381 6437
3975 2854
6460 4061
2595 3818
4056 6360
3315 3133
3647 2352
4973 5565
2657 2616
4858 4768
2115 6830
2309 1140
521 5984
3518 4924
4862 75
4373 1603
463 2752
6525 6267
3867 2325
4343 3842
1153 1469
6808 659
2439 2933
5600 3931
2347 3933
62 5287
5322 6584
6452 5946
5419 5032
548 1428
313 5192
3212 4551
289 3444
552 6641
6613 4681
5603 3266
147 5411
5473 4132
6216 5199
1904 6311
4153 6702
5391 4050
2782 6871
1098 4824
4602 1576
5756 6950
2718 2409
4364 3837
3847 1363
714 5121
6745 2920
4793 4010
6375 4566
6413 6418
2584 580
303 6404
1209 6066
4689 4831
866 1943
3978 5440
677 6137
674 342
6657 1071
740 1691
5514 2248
1532 3149
4671 6604
6634 6195
1723 6432
4603 4197
2873 2690
5143 4235
3695 5350
5764 3
6259 5866
1729 509
1248 3774
1882 173
233 6679
5593 3419
3455 1330
6795 3050
236 3435
3594 204
3120 4837
2968 1210
5301 578
6937 2457
3097 1034
3949 98
4194 6463
2246 4030
501 2380
3818 496
5610 2714
1016 5849
2978 6000
620 1999
6869 1167
6008 2739
6178 1544
6821 6578
5070 6388
6725 6892
6113 6324
155 1531
1447 3925
2708 3421
2932 2872
288 2330
1265 3735
6891 91
3077 5687
5274 2765
1552 4887
6236 1498
5993 4107
2786 6963
2344 1806
4362 6210
908 3457
2530 4708
5992 3401
1851 5326
4229 14
2666 6076
659 4554
5994 4100
2511 3551
892 1290
3322 3797
206 5820
52 1350
4083 3469
2965 107
5256 735
4320 1530
4144 90
1266 6966
4186 4917
4276 1811
6673 5072
4762 1287
4187 3981
4859 5881
6487 6580
4176 3908
4850 4229
5587 4221
2802 6739
4412 3054
1530 5668
2853 3223
1105 3864
1619 82
6022 461
6076 6464
302 175
1820 1994
3903 1260
4826 6583
1445 4692
5611 1183
1753 4118
4504 3150
4721 449
1128 1909
3254 2559
6150 6606
5348 4343
1516 3416
2770 5651
2113 3042
2888 6913
4045 6331
6334 3929
5662 5209
5284 4134
2423 6757
4686 296
6818 3084
5908 4056
405 3732
490 463
4175 3100
3420 2283
6932 112
3123 1801
5401 2704
1702 785
2498 2300
2703 5528
2787 3250
4892 5384
2639 2716
5365 5366
995 3715
946 6097
5297 5343
598 5198
5325 1243
3146 3092
2542 2688
3535 3074
2898 2793
1859 5140
5571 2611
6894 5191
3189 4200
4391 1905
2326 5393
6399 483
5330 1042
1412 576
819 2418
2618 4851
4873 4047
1664 4452
5511 336
1470 584
3866 729
3952 1843
6650 3360
466 521
5208 6850
2819 6883
4018 935
821 1684
1633 3455
3554 3162
4576 6329
3142 214
5192 937
1940 5339
401 1261
3726 535
3410 1317
947 5750
3360 1241
6385 3710
4189 1959
2247 3315
2816 6601
1615 5315
6635 3679
1811 5130
4699 3974
3898 4015
2692 1966
2614 6434
3319 3418
4389 1924
2213 5659
4208 5499
6047 202
6649 109
6066 2932
2321 3264
6358 2958
588 5972
3790 661
1325 508
4685 2275
2610 5042
2546 1618
4332 5367
1842 40
4921 2048
2917 3900
1647 2566
1042 6569
5141 1870
1425 5377
3853 5215
824 893
3522 5094
1466 275
181 197
1359 1373
1501 6533
5424 1673
853 1114
2540 1058
6671 5529
5791 2740
4912 1164
5234 1067
4005 358
4142 52
2772 6994
5385 2712
3702 1929
2228 353
753 6470
888 5960
900 1549
3113 1471
4916 1336
5263 699
1433 3323
6814 4510
392 1590
2359 3052
4659 3051
2729 5888
5067 2001
3519 169
5900 146
4299 1220
296 2279
5478 5369
4002 31
3117 849
4695 2004
1137 4422
6624 2927
1094 68
3768 5963
1835 711
477 435
3332 3914
6142 311
6661 4175
3502 631
6508 4348
6278 2114
1332 390
4828 4487
6301 6557
6985 2778
6351 110
4878 1758
4697 3063
3047 6173
6474 1230
5233 2661
3597 1025
5445 6570
5543 3548
6839 6594
2872 5802
94 4385
725 5621
6224 4413
2974 2786
295 5586
5519 2952
2783 1533
1803 4320
3820 3206
1559 2776
1896 5917
2611 5654
1315 5780
1169 3673
1582 284
648 2204
2689 5525
93 3256
1603 2011
4925 24
1011 2133
2237 6719
1916 3138
850 6259
3054 547
4397 325
1952 3776
1827 2649
174 5291
5782 2364
6081 928
3115 4111
4836 3567
3947 2572
5165 4567
6772 2045
4490 3869
2089 1076
3367 6126
4632 6489
2690 5811
3715 3870
993 3625
3342 504
666 4868
2849 3233
3969 228
4274 2127
3589 2907
5842 5193
4046 474
167 6454
5037 3638
4950 418
4635 6029
2704 3941
4235 2906
5575 5845
1304 6397
1858 46
5582 5768
6632 3043
4554 5570
4735 1338
904 1863
1060 4959
6594 6592
2908 4957
5109 4367
139 2488
5940 394
6770 6517
6574 1413
3107 1820
502 6795
6730 6256
173 5891
6905 3096
2461 385
1384 223
1846 5099
6152 1977
1438 3000
1761 16
3488 3481
49 442
4375 1089
5326 2580
3651 6898
2016 2610
963 6784
2025 1697
2418 3996
6735 1955
6810 313
1494 2675
3854 1283
5914 6146
3760 1818
5526 3616
5547 2153
991 6930
4718 59
1683 3683
2328 6159
63 2424
4593 6015
5230 6205
678 3015
1526 4036
2264 5732
4823 4225
5754 5279
751 512
624 6386
6532 5282
6612 572
5107 5265
6790 1221
4611 495
25 2183
2734 5872
2044 2059
3441 6534
1363 5920
2565 3783
6794 2280
3777 1750
2581 4608
6219 4131
2221 1644
504 3764
5503 2297
4569 2584
1408 3788
5222 577
406 5708
6184 4841
687 5236
1084 5019
345 3365
5861 4338
3876 1552
2368 5169
2560 2562
5656 4983
3466 5041
1210 555
4854 2034
537 3161
3438 6165
5129 1286
2063 881
4703 3378
2864 4484
225 6264
6539 321
6198 3249
4243 4854
1083 2378
3158 5803
6173 1499
6746 848
4365 4048
4870 1563
5518 1816
5968 3417
1544 6751
4415 293
1379 4515
292 5735
4070 739
6155 1550
1507 6249
498 6236
1964 4729
2403 2549
4507 1952
5101 1802
1965 2462
1097 1998
6854 3956
5337 3176
6524 4421
5982 4847
1563 3780
1932 5165
2557 2863
6114 1063
5958 0
6272 3073
2285 1712
3536 3409
6590 1625
5708 5299
1833 292
1681 1732
1100 1647
2077 1707
387 2727
6569 4980
1348 883
3727 4060
4889 6274
5187 5021
3244 3701
6084 5632
1536 4054
4489 4121
869 1658
4322 1814
5380 5346
4640 1466
3111 1069
3016 4575
1604 1896
6628 4065
3595 3232
6975 3342
6698 1995
1738 1300
628 906
1075 3164
4093 5522
1684 4502
994 6653
6758 3415
1855 6425
3806 1581
5231 5442
5431 316
3972 6110
6325 485
5011 5504
566 6812
6420 6922
4212 2042
1409 3991
250 4174
5722 3618
3190 1037
4167 4677
1004 2936
745 352
4138 6041
3612 714
5363 554
1685 1739
40 5919
5423 3901
4895 1705
6264 6526
6299 6591
897 5860
2144 3872
2076 1761
3355 2951
4856 1397
4102 1262
1712 2802
6547 771
1694 5352
6542 2801
2882 398
1122 1231
3928 6806
1534 5695
890 4319
3333 5372
1502 6330
6944 3023
4382 2339
1493 245
6708 6929
6331 6105
4768 1348
3555 882
6411 5365
4920 5791
6075 5054
2624 2849
1316 6807
6900 4342
1163 4592
2308 2995
5615 3191
2938 1125
920 6958
3572 6577
1446 3461
5532 742
4904 3816
3182 5268
6437 2484
5179 1398
222 349
3086 4108
4683 3691
6550 171
3936 6896
205 314
487 763
6560 4727
3908 639
2373 4075
1376 32
5149 5298
6 5489
3537 3642
3013 1465
28 2026
882 3985
3884 1142
868 1672
4930 5131
2376 6560
5527 6547
3528 42
2588 672
5986 6941
1357 1121
4268 2843
3671 6943
4476 4037
2949 6060
5962 2696
6775 22
4317 1676
6223 4436
113 1744
6714 1411
2643 3279
6943 1099
5002 5850
3896 657
5214 5689
2408 4202
3577 6869
5311 4344
6611 407
4402 3208
5272 4597
3911 5420
4249 1078
3736 5559
4499 4758
4341 719
3547 4806
4557 1635
1022 4714
1146 3663
6387 1771
4980 541
576 5342
5245 2539
291 862
3144 1481
1256 3963
1366 6430
977 1301
4501 260
1725 1228
5991 1835
656 4483
6875 2830
1310 6629
5139 5677
3962 1258
23 2609
215 2861
2800 6013
5422 5323
3879 1222
6436 3595
439 6936
4535 2310
2049 3472
4583 4871
3402 6632
4040 2276
1649 4468
5838 821
1346 3186
5589 6800
4561 844
3040 417
6887 4745
5003 4162
682 2242
5099 5487
1984 965
383 2387
547 5398
6693 6665
1471 5280
1212 1486
1328 5604
4485 4353
6973 3768
5227 6370
5851 126
5972 1182
6481 4632
5512 4537
6926 867
1690 2473
409 922
4918 3025
1618 6356
2235 5915
3680 6447
3456 3513
3635 2569
2912 4090
1546 831
1969 3899
931 3937
4363 4482
1804 5243
497 5259
1999 1457
6404 5754
4267 466
1722 677
4937 5267
1772 6510
5912 3763
756 2691
1682 3775
4706 4433
2382 2979
360 330
4228 5344
3504 6901
1650 3779
2921 6736
1787 5836
6600 1195
2023 5751
2392 4305
66 1361
1554 5853
3730 3439
2940 6308
3654 1671
6107 212
2776 6680
3967 4395
2523 5278
1326 4527
1322 4599
3449 1724
3643 5502
5379 2227
910 2003
6424 1010
3709 1864
4772 3687
6115 2536
3748 4239
2641 329
5734 6423
4437 5188
395 4302
76 2709
3776 2734
773 4374
6864 6413
5657 4223
3061 1217
3204 493
1054 331
5975 6949
4540 4213
5614 562
3443 6343
3030 2189
6006 3159
5864 6382
4965 410
2640 1960
2277 5589
3230 6518
691 1706
4551 1325
4462 6657
5007 3671
2302 569
2003 6817
1318 6618
3404 267
3525 1838
