1000
1758 1327
263 8429
1361 1539
6516 366
1202 2894
3768 1435
4472 3824
7336 6334
5681 8502
8357 4096
8132 5721
3239 2127
355 8946
2655 6857
2715 6003
7172 9004
1315 7190
1037 5662
9176 2988
6490 4618
9163 1377
9730 2765
2102 1888
8880 8897
478 7038
1889 9708
3492 4721
3006 5252
4301 5709
1228 3004
3130 3417
4447 8696
8156 3018
6849 1072
242 355
4800 8209
3349 4046
5764 5953
8843 3008
682 2058
2328 3297
359 1878
8797 3431
995 9180
9272 538
7059 4826
2049 4448
5171 515
4975 241
5250 1646
2301 903
5771 8330
1043 9078
1531 3057
9963 27
7747 7446
6994 2984
6390 8613
9768 9890
6555 7115
4108 7484
8250 2432
8944 8236
1299 9286
5761 8241
7670 3577
6402 2140
3013 2833
8915 1721
6370 27
2360 9876
5761 8884
169 7249
2826 3984
9984 4921
103 841
9521 6135
3235 2868
5566 7029
2029 184
9774 6065
4236 138
667 6584
6300 6420
9335 1258
2607 7237
1999 4056
7372 3781
8022 9032
452 8124
2834 2437
9156 6978
803 2620
7946 8821
8384 3809
6205 7468
9865 1219
5448 2896
5503 4106
9894 1871
7032 9633
6622 4701
9412 4139
6482 1640
8174 5886
862 5710
1664 2239
6735 613
9210 5264
5198 7662
7285 7271
4925 8482
4517 7534
9489 7709
9096 1883
4265 5582
1433 4774
5124 7357
8680 4201
2395 8540
9886 1966
2182 2995
632 8485
3683 4649
2665 8301
9042 5797
5922 3675
320 2281
8475 9117
2824 5872
2137 7479
9901 4378
5027 3945
7054 5903
299 1069
7182 5120
6377 2454
1474 9145
7103 2571
901 1159
7669 6441
1330 1067
4045 1120
1139 808
8271 2328
7550 3050
5450 350
7304 6494
8014 6319
9252 5181
2467 5938
6790 7211
7065 2747
5433 657
6307 4277
2470 2955
9934 9668
9573 9564
9971 5258
3257 8902
9132 155
4712 7078
9886 6469
6219 1375
9976 6407
3023 2931
1756 2434
6076 4605
8176 6835
1170 914
611 2217
1483 5314
7070 9515
826 6343
8985 2977
446 4448
2504 5097
3690 7860
8227 6736
8949 4357
2939 7043
7875 3996
8503 2996
1253 4306
8981 3269
2636 5905
2936 9773
9592 4463
8889 5093
6211 6355
4075 8823
7432 4439
9695 7200
5157 475
8301 843
7350 7650
4012 8566
9191 7320
6451 4937
9106 5533
897 1651
7364 7446
8563 7917
1595 5804
9349 6540
4358 1441
8117 4676
2936 3089
3258 1894
9220 4060
9924 6502
1439 5987
7432 6845
7142 5411
9493 392
9407 4375
4765 2650
1323 4163
9070 5416
5450 3322
9183 7276
3180 2763
5500 8196
4552 3015
5902 7209
9016 4873
7020 4410
7493 307
4576 4881
5527 5511
2612 3391
9720 2045
9112 2884
6494 4816
5100 2201
5173 9910
5754 1357
6553 4881
246 368
1482 5412
5043 7730
8299 5878
9502 8677
6725 5512
4754 4325
8860 6742
3461 8048
5910 7793
3957 9757
7625 2201
6454 6747
7785 8023
8502 5252
1803 9842
4995 1610
8033 9914
2701 6188
1026 9974
5353 2413
6705 768
6486 2964
6391 8394
4406 6915
6791 1559
6580 7109
4729 8007
7987 6244
5399 6983
8342 8657
7082 2626
8016 9290
918 3139
8162 2430
5771 6324
3462 1400
219 36
3390 4334
233 7375
8605 6179
1242 152
251 2474
1212 9554
2601 2547
6802 1550
4043 4473
9731 2789
8521 7927
8032 833
6304 3214
1677 4849
8592 3281
6642 7539
9323 7409
8109 1186
3918 7330
9655 1310
9115 2480
7818 7782
3006 2985
7064 8897
3570 7694
2938 5800
9504 6579
9072 1090
1848 6702
6327 3100
472 389
1348 4829
4498 8832
5062 9759
4243 1587
7817 6375
6016 8026
669 2360
5055 8268
7285 2200
6078 5197
7729 6430
4131 3981
2092 4456
4716 5480
8267 2648
7470 339
8737 3385
3795 1018
3818 1076
284 4942
97 2955
3702 3579
2468 6156
8286 1350
3751 517
1265 9872
7512 7662
8281 3199
6567 6151
5626 3768
9442 6186
2425 3976
606 5125
8773 1980
227 4410
13 8225
1239 7353
8808 9040
5005 5707
4436 1027
7984 3721
5077 4845
9080 1722
3390 2120
1695 3569
2807 706
5507 8419
5528 923
6439 4292
1505 2668
9040 6239
4018 6111
528 5604
4285 5311
8432 6382
3511 5159
3657 2810
8414 8929
8758 7371
2543 64
6539 4952
3329 6185
8113 8962
4201 9664
6574 7621
527 1961
580 9550
657 5435
7089 6277
812 6165
2408 2055
8181 6140
8251 7944
4596 9581
6527 1994
4516 3626
4193 1836
5124 757
9482 1953
5677 3739
6584 3102
5942 7302
5952 4728
3622 136
7256 1548
3412 8353
8957 3642
3258 6867
8473 5304
2140 3057
3977 6944
3053 2527
7304 3711
801 9642
4388 5904
3560 64
3335 7718
1702 5179
7499 2874
8368 9431
7230 4824
1215 4020
4139 7095
3639 3659
3919 9960
5282 437
4478 9060
7973 2273
647 8110
6650 3944
6660 5840
415 4027
5800 8236
904 9878
4499 8124
1205 8562
6473 7820
413 4697
8669 1918
2696 3980
3230 9290
3347 4334
4028 9758
814 385
5116 1127
713 7891
3641 9884
1460 8143
4976 6029
7720 8547
5213 400
3000 8174
1002 3544
9751 2155
6177 2849
5389 7270
7418 3076
6257 190
5599 9943
6285 6731
4386 9272
5661 6372
1316 7007
7745 4592
3538 3089
5589 527
6678 8534
6874 6139
7265 9014
9809 7420
9528 9392
4746 1984
2396 5329
1670 5237
9970 5044
2543 4097
2215 2698
6419 9550
7441 4020
4469 9940
7488 6635
5288 9469
713 9101
5583 8249
883 2397
4569 7095
8295 4689
6498 3306
1124 5000
5511 885
7618 721
1134 6967
8405 2154
2430 1412
2126 6493
1661 4431
8100 849
5321 8357
9511 9513
637 1161
2564 5121
9883 7703
170 3996
4605 8893
5289 7350
5246 8049
2288 6269
2593 1568
6940 3165
2112 9625
7021 3572
631 7502
3456 4318
2442 9624
1083 2400
7507 1888
9557 8843
9424 4749
8150 822
935 8068
6805 400
7735 5744
1919 2063
5388 7882
1271 9137
9069 5303
5602 719
7892 9818
6388 9543
908 7217
7595 2680
1343 9957
4716 7779
266 5172
495 3309
9348 3254
3869 6139
7009 1744
4802 3180
6268 4103
2614 9875
8227 473
499 9267
7655 8284
1674 7682
238 3116
9889 3328
1994 2480
4721 6102
9040 7854
4383 6374
8866 146
5105 6735
8825 729
2478 6418
7900 608
2286 1578
8616 459
5574 184
513 4360
3482 9230
2818 4654
7085 5808
2686 1126
1353 5595
7673 4837
6052 1436
2599 5722
7188 6784
4119 5981
4547 132
407 9765
3658 3497
414 1618
1399 4032
2391 2709
1874 4992
4454 5398
601 7727
7399 5156
6688 6281
6980 8344
5341 334
4863 4377
9372 1731
849 3094
9286 4747
4977 2677
8938 3394
9594 9662
8830 670
8586 7431
8272 165
8953 9340
4948 6520
5271 3012
6605 4662
2363 7334
7056 6328
7696 6122
4855 4144
8215 1162
8406 7353
3238 483
7148 4588
6105 8182
6613 4000
5452 3200
247 9856
8706 6764
1168 6474
3669 6972
7791 1484
8787 8760
8408 5845
7349 4576
8346 389
319 749
9679 1704
4335 8319
1869 9788
52 6743
5815 4728
9850 2579
5765 4053
3558 1961
534 67
6316 8686
8238 3878
6830 6272
5950 4403
7163 7619
2694 925
3885 649
3861 2045
6819 9214
2446 5679
5824 6487
4915 5048
8946 9452
3321 5800
4518 8846
7036 795
2379 2065
9580 4270
1474 647
1406 4673
1537 142
9809 9495
8946 870
6977 2161
19 8045
1468 6166
7853 3995
9314 8090
5728 3984
742 7697
4754 8062
3078 3747
7735 7500
873 5360
9034 9220
8437 69
6589 8043
5027 5512
3390 1109
8184 5778
158 3193
3920 3918
3595 15
9053 558
658 8304
4275 1500
9335 6840
3207 9745
6896 8212
2652 9151
2881 5146
9985 8436
3417 7930
3578 5840
8306 6640
222 9590
5227 8063
8699 11
5952 3183
1887 6694
481 9418
353 8658
9528 2205
6923 1061
8940 5305
517 6801
7947 6505
4430 4216
9251 8476
3229 5448
7379 2717
3798 8494
877 6067
5023 8959
1364 8606
1061 3513
2994 4513
1451 7392
8516 5520
35 9952
2650 6940
4167 6215
5366 5572
6531 6569
1483 8584
3433 8678
8396 731
640 8776
2658 2680
3959 5701
3362 8284
9468 5602
4869 622
4005 6905
4121 2973
3655 1303
2732 593
1368 3116
7407 385
5369 307
456 2270
3605 4883
9959 1484
3896 7739
1554 4822
3271 4024
4100 4331
5337 9239
714 347
7752 5834
5421 1009
5082 6732
7938 8876
7929 9935
9731 5589
4193 6592
7418 8229
1705 5765
4405 949
2964 9350
1365 6187
1165 9530
5758 7176
8805 6485
8094 1544
3615 9873
8246 9201
3523 5164
5002 6297
5818 421
2019 1974
8498 9078
9363 8692
5501 2984
4201 835
2971 3240
8779 7105
6573 9568
8869 8994
3258 8258
2222 6953
3678 5901
9041 2573
8581 7340
2860 5869
468 4559
7634 7799
1981 4746
1406 2171
1660 957
7600 280
6649 3252
1228 9881
129 7691
8322 9666
2060 976
7501 4287
6150 4839
9740 9911
9539 6443
196 6710
5017 1041
672 9721
375 8494
4280 8043
290 5436
889 7649
9406 3655
5416 1034
6028 2625
2961 6873
2120 364
8351 2432
6317 277
2586 3048
6029 5051
9187 6273
7818 1562
5084 3186
1802 4993
7243 3396
7008 8902
1676 9146
5322 9089
2643 4291
3281 1492
478 4744
7000 2775
238 4800
7782 2325
5502 8774
8013 9780
1324 7807
1706 9448
4163 7300
7946 7367
744 8761
7510 3032
2919 157
1604 4785
5516 6874
4717 1117
4534 4247
7061 3235
4050 1586
3443 6072
2969 5929
4229 104
6786 7967
8353 1595
287 9737
1454 7403
2295 9531
8275 7641
1434 9778
7159 2067
3392 9579
7994 7514
4382 1748
8657 2418
522 1745
7867 5671
1511 9773
7615 4167
2370 1575
9795 6213
4343 478
5041 5006
4468 6149
4961 6473
2305 6516
9076 3330
6733 5604
4168 4808
4309 2461
2103 1678
8563 6446
3346 9764
5924 4603
982 8831
4674 1708
152 277
8700 2796
3732 5701
9655 8480
135 8987
295 1983
5096 9724
3553 4560
7909 9155
6652 597
6865 606
5556 1248
7194 1817
2011 281
9293 2320
6062 1917
5319 8533
2212 7035
2951 8274
7993 9357
4285 3962
1354 7745
1456 8251
7786 5232
3170 4898
9344 3224
2051 4402
5863 9754
1341 7271
4763 3069
7544 6379
9310 9002
9833 4992
5682 4432
1520 9454
4144 1497
3530 2871
7987 8218
7274 7360
8529 8648
9990 6592
8388 8503
3319 4584
6084 2837
9746 4241
6437 9211
9831 4965
589 4342
5206 1640
8965 6032
9025 8355
5858 100
1902 1628
1314 4568
5562 6954
8927 8292
2947 5836
7227 2483
44 8535
464 2857
8744 8319
2977 2635
7361 9301
1747 7819
7870 5762
8299 6842
7795 113
8509 6952
9976 4233
5336 8394
5310 5314
6581 9142
2869 1383
582 6840
6691 9268
1711 6919
3068 2584
5115 1170
9631 8165
2516 4032
2923 7693
9287 104
2340 7518
972 5207
9570 75
6163 3602
7248 2025
5439 4956
2021 2881
8134 9883
9673 973
614 7450
7179 5849
8272 2499
5052 6686
676 801
4 4699
6497 6424
6447 5184
290 4996
6800 6688
1334 2269
4223 5727
217 2030
9761 9772
4975 3341
8484 440
4934 8772
9519 6666
5180 91
3226 4403
6712 3108
6330 4437
8182 7078
3225 9726
9377 2373
9193 2994
8600 3707
5845 195
4987 7947
2591 4827
6039 4646
3614 5000
1838 8204
4660 6269
2949 4392
8250 4071
5077 6466
6 9609
4373 7586
7062 7262
3277 3642
7437 4846
2581 4277
9224 8218
7132 2228
7124 3128
9097 4552
542 5188
8918 6690
3943 1609
6423 8073
4146 4133
6692 8535
1554 5028
1000
1340 8518
8599 1874
1666 7008
7457 1163
8707 2830
1189 2927
6939 4528
1438 6206
6350 308
5333 5768
1077 892
41 5255
9211 399
927 258
3377 1508
7322 716
7748 618
7139 1258
7914 3439
9831 8038
6570 30
6274 2802
1600 2757
9221 2425
8677 2613
3173 2067
2694 9799
8914 5074
5775 7419
9764 1819
4219 7448
5603 6265
9994 816
3285 1443
9780 2999
4386 4363
4257 4981
8889 9537
6896 4352
222 2114
5142 4215
5858 9122
928 6198
749 4200
4398 6707
1409 6975
9712 292
2331 6191
6937 6727
6472 8681
4741 6631
6603 2597
1516 1858
3781 420
2490 8709
7361 9234
354 4441
1441 7362
680 4179
4113 1498
6408 1469
5843 6005
1172 1333
9804 6829
287 4707
2676 2240
4757 9182
1328 5284
1107 4368
9292 2307
3628 3318
7801 512
6555 1928
4761 245
5556 1061
1937 7497
2733 5088
7234 5487
7365 5965
9728 8661
281 2912
3917 4229
1641 668
9703 7171
3468 7278
1079 8467
502 9263
4548 7495
1634 3724
8743 3541
4476 291
6815 4014
2930 1365
9991 6244
1240 4099
9187 8413
2385 922
845 8707
3768 2458
6220 5993
1257 3712
8824 509
5823 1153
7862 477
1791 1742
5801 9535
9459 1537
9957 5442
9746 9489
7198 7670
907 459
5676 5547
2035 243
7580 5849
1110 6511
8367 4691
9421 9843
5240 2601
4051 8437
8375 4663
5893 8145
8426 7420
4959 9381
7069 4296
4047 6100
1221 7400
1274 3176
6906 4258
4112 5044
228 5474
7640 8289
7607 2265
2253 7847
7781 8513
5350 3952
570 318
1899 6877
4113 7520
9510 5842
4723 2623
519 9916
4693 2422
7129 7691
9507 5012
4845 5539
7349 6609
9594 3693
5503 12
23 4470
6769 1557
1742 5704
8168 6603
1459 9814
5048 4297
4152 4503
5240 7492
4772 5884
1615 8273
2358 6592
350 508
8593 9641
972 1354
6404 8300
4683 7622
8 2730
688 6739
953 1837
4565 9287
2919 6952
6884 7503
4047 179
9125 3020
7248 7078
4304 6067
3232 3987
2421 4612
8622 4196
3639 8006
8248 6228
7611 6187
3534 2217
5793 6294
2236 1537
4726 5509
7572 2000
3534 5755
8739 7782
9459 2315
8625 3931
1751 7673
4920 3467
1120 1277
2039 6020
8138 7050
1659 551
8533 3586
8480 932
6293 2470
9577 5915
7069 3051
7699 8982
8923 4751
2019 5076
7239 5477
262 2963
3424 1966
2528 8529
4877 812
2671 6561
5630 2820
2467 1480
2825 7641
8402 1992
4109 2335
6178 3534
2336 9319
8295 3227
4512 3057
8315 3405
8206 8816
9681 3833
6678 2160
9798 8428
594 9067
4126 2857
3779 6423
4706 5370
286 9853
5848 5757
4102 8241
9874 9219
1772 5328
5513 5582
8546 3227
4891 6108
4852 3565
3937 8241
4499 1001
9811 1644
8198 3779
6571 4916
737 3685
3005 9720
6822 694
3660 4818
5708 7867
3001 7369
7959 5661
3062 2476
5863 7440
1651 7534
2943 5450
7576 3113
5501 1248
7350 9926
5272 5484
5380 8731
9116 5218
8362 423
6100 5329
5585 6174
4477 3835
8992 2590
6928 1863
20 8983
4444 4532
2468 8264
7034 6398
2130 631
1770 1554
9976 8595
3209 8722
8244 8008
8647 2410
4366 1077
1389 8687
3141 1635
2453 2257
4211 9276
4151 7741
4477 7569
4616 2450
9795 6353
5568 9946
614 5181
3653 7560
3326 4753
2525 5485
5519 3105
2331 5206
3972 7242
9042 9977
4721 7300
9379 4265
9227 1242
4289 4901
5146 8289
8493 5403
8681 1556
5387 2551
9655 3935
7011 8022
6728 1979
1668 4431
2581 5574
8058 6626
4609 9124
9669 8337
5258 7485
3372 1520
5379 5397
7220 945
9892 1205
3238 8886
8977 8445
68 9283
3732 8443
6828 1218
89 7996
1783 2088
6065 6783
5395 6448
2787 4499
4715 6450
1423 9274
2798 8864
5354 2186
6371 2634
218 622
1445 4314
3192 4373
1450 6771
1444 5435
6547 1915
4749 3137
7163 6398
4798 4946
2137 4444
4740 1879
6290 6974
9011 4157
9411 6144
5636 3276
6354 6602
8321 2882
5706 5158
3904 5483
2085 6607
8347 8505
5214 7376
830 5221
9053 370
8766 1969
4675 458
4127 5088
3962 8969
2349 4475
3519 7198
2454 4486
5254 6326
5966 1738
2440 4742
352 3918
1825 7710
1865 5763
5569 466
8438 2143
1021 9612
2145 7541
369 7336
8330 6288
6344 562
1891 6408
8379 5942
8499 5266
2040 9056
5059 6892
7102 8306
1654 7067
2107 7460
3417 5720
2348 3092
4914 8493
695 401
6409 3602
2785 5022
9108 7377
217 9915
5510 1691
794 3658
5344 3960
2970 7721
8445 790
5983 7958
7166 1846
157 8912
9706 7590
6023 9847
1920 4284
8074 7711
3705 1240
2336 6530
4221 5737
5215 2148
6594 4289
1094 7407
9993 5144
7510 1684
3670 5580
8220 1743
1922 58
5465 6078
718 1091
276 2843
1038 6074
2462 5153
1897 1838
4826 7719
8177 6771
8512 58
2961 4340
6232 4837
7966 2601
9282 9921
8390 8450
4444 5662
2655 5771
4352 1757
5435 1132
3119 1750
1307 9953
2654 6915
2097 717
1668 537
3665 6505
3594 5210
204 867
9901 7317
1449 4827
8139 874
690 5002
7190 5020
7686 6526
2361 3632
7680 2739
394 2252
2149 8624
470 8933
4043 4287
8177 4231
8847 1008
9538 4757
8829 3720
3423 2853
6025 802
5410 6637
2061 7095
4605 2785
3250 5556
1981 7652
5764 6958
2569 2070
2483 4456
2033 8232
6195 5932
737 1263
3925 4623
4964 6250
3068 442
728 2570
3793 4718
8666 5661
7247 6011
6611 2663
9362 6593
7751 2173
4122 9698
6448 9549
3275 4632
2013 6247
9760 7584
713 339
5882 6992
3886 4405
8366 7001
3379 4137
1696 1730
6882 3586
5450 6472
6996 1185
4293 1252
9364 5538
2790 5068
1320 5449
8784 6225
5567 4797
5189 437
9599 5456
6304 504
5486 9263
3093 3473
7214 6815
6221 7974
794 7509
7482 8452
1246 4686
3336 9135
3086 3972
639 9555
3603 5500
1565 9963
5371 4537
8794 7501
2870 4192
7946 3202
6366 5353
3765 858
7959 9763
649 7467
6261 4562
9378 6219
4700 3110
9050 6443
7718 2847
8699 1505
6586 6506
7605 3244
8071 1403
4234 573
8129 5373
2722 9241
3303 3314
258 7840
2493 3643
8491 70
1508 9397
7477 8139
3910 247
8603 5350
1761 2087
6587 5820
9300 2838
7278 1730
2957 5577
8461 6521
7574 765
6535 1382
1672 581
2600 9350
888 6297
8721 4483
2619 8565
2392 2624
9382 2784
8428 5175
2135 4312
6178 5738
5995 3735
661 5150
9441 9476
949 9285
411 1132
7004 2510
7606 2150
2474 8115
9607 7645
4159 2051
5159 8342
1146 1872
7704 3318
5329 9171
9446 5584
7816 6769
3532 2256
2964 3757
2157 4459
5192 8093
6342 7004
6499 8964
8133 1005
4963 2926
8008 6269
7982 3243
4766 7427
5652 6658
1367 3929
7673 2475
6494 7952
1135 5400
7060 1848
988 707
9977 3686
5986 7920
4311 4333
2969 9492
2590 6080
774 3522
5630 28
2590 6040
9268 5247
2254 1561
3434 3629
7743 8737
3640 1978
2812 4715
5878 6114
3460 4564
3628 1618
1209 5828
6408 5088
2366 4533
5362 1082
2144 897
4052 2552
1736 4480
4063 6564
2997 8823
8503 9684
9383 3077
1802 2235
8274 6322
5924 974
6189 7686
910 8053
9750 5929
9781 9898
6518 4423
8514 786
9528 9776
9010 614
296 1540
9837 1851
3176 6874
3382 8934
5153 3501
131 4237
2119 7297
4644 1940
3976 9816
5302 8307
4825 4064
8238 107
6094 7985
9509 9446
9042 1716
8659 868
4050 2067
4000 6431
6901 8171
5448 9788
2661 7498
7877 125
3426 1248
7475 1091
3230 6844
7195 5258
6258 4969
936 112
5741 2702
9541 2861
7025 2080
3469 3570
6193 3146
6213 8444
2417 2800
3576 5573
745 712
4258 6746
3532 7722
5277 465
274 4333
4326 8701
9567 837
7429 9385
1199 4659
147 2476
660 7857
1373 1222
4702 4218
8492 8570
6599 140
2678 6432
3730 7655
6771 5713
1499 3357
4561 2470
3298 8787
2635 7275
2666 1313
1697 6964
2615 3996
7757 987
3349 9962
1965 5568
1663 356
3964 3730
1878 3828
282 9222
4824 1296
1211 4904
7706 897
1803 6950
9494 1307
5355 5731
5891 2606
5504 162
313 2438
3861 7772
9835 8199
295 7445
686 9293
1407 4503
1399 5361
5304 4212
4650 9462
9090 4174
162 3723
9690 6294
6829 5028
9504 9514
5269 7364
1210 7120
6168 7731
8051 8106
6398 4340
4477 3934
5099 3595
3929 5847
8094 2134
1528 6744
5062 7539
2082 250
9272 9089
3287 7483
6264 668
7099 6601
6093 4253
7988 6505
3634 3475
9860 6590
6175 3630
2661 2183
6016 4817
5388 4272
5618 9809
9449 1675
4828 8170
8955 4488
9443 7995
4893 2486
7024 881
5396 7945
8036 6798
4469 7861
5118 3244
8022 5271
5706 5859
8412 6772
1607 8056
4792 4374
2611 2188
5083 5007
39 4864
1303 7975
4197 1119
7258 7417
2685 6132
9143 6228
9120 5869
6820 2756
3570 1321
2565 2941
7953 2835
85 6739
3912 8569
5198 5482
4016 6891
4189 7437
7712 4393
766 8345
112 5873
1330 8111
7127 4098
363 713
6540 3062
9203 3964
4677 4895
7440 8492
4897 7101
6978 1236
1184 4839
3579 7458
1236 6484
4833 9116
5992 186
3690 3263
1674 173
6976 5963
9034 715
5897 3359
5930 8185
3002 8465
3844 4199
5385 9175
626 7358
6858 6257
217 7367
8273 6239
7021 1555
7906 3545
5062 9555
9021 4263
296 6694
333 9674
6056 1158
4866 2890
6899 7771
5053 8990
5842 2846
7761 2975
9181 1139
1500 2875
593 1694
5539 1785
4013 318
8093 9244
274 1668
6555 1302
4968 2236
5141 1189
2527 5390
3389 5375
5554 1731
1409 7988
3739 349
1847 4509
1999 9269
7179 8946
149 366
6996 903
3014 4903
5580 8905
2281 7631
594 6402
2616 4264
6235 3695
9297 8536
163 2060
7244 2582
5008 9065
3797 5457
1655 4721
9298 4719
5890 6392
816 1872
8671 33
5821 9847
3864 2928
1414 4179
7280 6146
9615 3625
5087 1947
9585 2732
1874 1190
4834 2733
3395 2192
1406 4188
2310 6413
2227 3045
7641 1898
8986 775
9422 1496
2957 2643
3564 3773
9193 3302
438 9237
1663 7874
3377 9518
8006 9611
2618 4673
5016 9598
1552 6815
8461 9264
9032 6716
9777 1030
9709 2714
532 1593
5167 5865
1598 1486
4467 4520
8445 2557
3738 7332
573 8702
59 6762
8879 688
1418 4480
3637 4547
4895 140
3492 3128
2848 1771
6910 2071
2029 9881
515 5457
9751 56
8406 9999
344 1732
8005 9385
9455 1677
8327 6350
2179 3511
6535 7471
6771 5040
7765 2423
9984 289
4112 4678
5643 8278
3940 4419
3979 4409
5889 728
111 7772
8264 6906
6882 5102
5689 1967
8391 4501
973 1696
9731 2429
9545 5414
2983 8701
7776 7628
2434 7170
754 5866
9674 172
5932 1684
4050 5202
9664 7390
2062 6737
9411 6647
1716 5378
5629 2451
1298 7293
5886 4521
2957 1414
5070 4714
7000 5424
6872 7949
8541 6575
4789 260
6556 3396
7555 7155
3615 5817
8741 5318
2736 6522
8485 6276
823 439
7262 2266
7341 9635
7452 1931
8766 1438
802 9548
4211 5993
9659 929
6488 7024
2223 2195
2451 9387
3260 4721
8429 6609
6943 4702
8991 43
12 1554
9338 3753
9910 5934
3236 6524
6640 8726
2331 9765
5836 343
6904 4551
3359 3071
6770 82
9486 9300
2462 6683
4038 6328
9640 1197
976 1750
6823 3674
4418 1144
323 1369
9004 6772
2926 9352
3085 494
9996 9202
7890 6524
8011 8365
2108 6711
3645 2674
7821 7285
9898 2694
9148 4417
5633 6102
3384 2800
6098 5492
