2030
2278252 4828484
5373102 9537400
9714443 1065150
5575716 6353319
2150764 9233458
8239913 2997033
5913802 1043056
1649639 5312693
2455804 4880563
4564549 9663160
4093213 7906983
5795386 7585394
1773291 6812878
3168940 6405094
1370895 4379845
7543671 8479819
6376855 8549843
8637508 9069372
9774982 5978264
8722794 7326709
5835293 8842374
2574297 9527448
2064192 4252457
5503050 4833935
8544431 1929169
3513994 9477686
7729578 1091457
6510411 7122758
3815787 1898811
5938523 5020181
8373012 2878827
8563176 7533895
6329068 4289855
3402848 7606862
8081775 9621631
5074181 7759605
5943453 6668387
5140885 1480538
7423355 9623709
5024607 3529148
7215796 2431694
9547525 1637331
3099808 3568646
6676589 8309160
2892835 2753064
5055323 4935162
1035267 1347271
8641028 3493939
3310191 8856500
5593852 9439569
6992665 1961168
9256954 7486991
1442491 2098782
8005138 4751237
2243416 5892371
8644688 7141389
8246152 7669647
8857936 5524519
6487038 6054735
8446969 5891010
2374490 1422008
6228778 5599432
3767825 9518293
7423498 2442470
3486610 4329092
6600938 3041524
9210225 1539680
9968745 3027141
7870036 5530813
6639139 2744741
3307473 1256347
8022716 9616509
1166951 9148932
9009954 7915217
1532881 5749077
8174210 4174201
6107694 1217790
8211724 3416295
8943154 1013288
7322544 1812383
5349013 3652096
4460848 9357855
5603058 6458587
2471505 2152495
3287901 8320401
8770609 1464254
5967124 5954461
3133515 7817232
1945556 1298280
7733909 3528587
8864614 8051123
4312965 5911276
3732219 9540588
4810167 8653115
2177476 4432821
4176617 4070262
4935946 2368266
3634905 8886445
6765890 8998827
1464449 3230874
9950123 1221570
9124896 3697846
9066915 3143603
8226077 5997773
6758500 7463431
4930220 4747236
4519841 3711424
7643566 7333654
3078854 1994717
9061850 8739086
4805257 5728035
3631865 9636171
6396027 2508980
4777934 4087362
3269490 8943554
3583843 3240602
4059109 7718974
3227115 4032671
8879529 3845764
8022624 3512870
4984792 4958484
2165627 1297455
8911233 4151793
9329885 4284566
7334174 6135648
9845418 2362565
1509070 2112451
2512186 5645466
8032837 6941855
4670371 9368482
8580234 4198957
7012050 4837267
5353496 3118250
2459745 3512957
5016081 8101250
4518401 5933560
3852711 5821498
9470963 1222276
2721294 4954381
5099828 2088396
3363499 5828693
5836175 4553711
5921669 9227756
5923885 8207895
4981988 8293569
2610501 8458799
8548245 4579942
9256082 7724266
2962875 7233468
3962044 5363711
1635667 5824103
9395429 4836882
4909975 4962440
4942151 2779456
2195733 5765228
6272844 4823289
4295393 4114787
3535151 5217402
4556670 5145463
6421705 7908608
8791011 2179663
8244719 9489408
1412309 4227396
5075035 9109979
5786289 3165552
8028790 3236141
4495764 6232356
2524377 3980009
9673702 6653843
9363229 5788542
7692333 6694705
2481681 4661969
4881203 7917456
8060797 2908496
1884043 2989420
6469202 7470473
2879620 7457398
3809406 4371475
9242580 8872632
4532528 6656628
5448754 1063889
1364244 2928191
8324893 7309176
6602310 2720194
7702670 1789925
7179256 5975169
3255453 9007444
5487655 7903326
6498898 4574973
2046741 4083795
8674516 6560705
6870522 6920521
2323812 5641471
6735372 4206962
4827821 6680340
2694089 2692327
5237164 4153826
8942205 6096650
6089955 7777919
1035985 4530345
8671144 3842871
7248813 6768620
1852981 6135895
2170339 4404463
2601224 9717909
8322919 7243469
3613984 8779430
4683532 5841296
2305513 7797039
6917740 4281615
6964735 7344514
1966670 7436771
3686529 6644397
5987116 8305253
5974399 6112262
9343666 5808561
3263385 3461570
6897218 4260630
6605723 6707132
8997314 5677680
5566666 1785067
5869140 3188477
9376846 8670501
4972742 5144887
3388025 1336177
7876385 4234086
7308818 7444694
1450556 3753163
3630818 1153044
9249792 6806096
7721985 1257039
6282244 4711279
5436689 8309398
5886006 3886055
5750168 4724675
5172456 1700123
7844903 5162688
9041156 7090265
9488549 3455241
6763629 4926327
9904921 5993969
4921111 1304314
6483072 5657256
6035799 3689274
1778142 6641848
3574270 5115052
1706650 6076851
3743058 2140804
5353934 7907568
9763579 5366464
3907855 4347740
7777847 1644183
6008476 3610204
8801721 1196166
5948277 2883098
7315361 5496587
2316179 4128759
9841493 7824401
4491192 1000385
2454810 7526294
2001659 5493560
6108630 6555891
4193569 9826172
7898511 9730714
5583610 6586212
6773176 1104533
8618565 9817657
6983253 4243815
5698753 8731610
6952829 4706453
1399858 7311790
4065018 6025996
7216101 4081858
2112904 1022426
2137011 4284028
6042337 1598253
8884388 5824324
9015551 4747850
6872354 2058490
9843748 4070539
6494307 1760356
1695880 2593605
7537059 6695078
1667245 2588164
3684741 2095373
1317535 4372594
9240882 4796194
7485677 1206230
5978386 3327534
3894424 1335912
9878463 4674952
7221892 8482198
7495398 1293678
4381300 4143394
4332508 3489517
5758045 9492723
1371126 9444920
1452891 9526290
8348057 5409114
2862748 4161303
4795090 1385159
7953803 5152385
8349054 1716025
9143252 3445441
3933199 5889870
2906340 7821918
3504085 9122458
8806009 6066780
8911383 1114803
4496551 6827536
6527688 3150019
7520277 9279829
5324082 2707636
2315629 8902400
8717483 3266600
4695599 1042345
1025345 8671463
9350769 5343212
1033137 8245067
9487224 2834430
8495787 7853935
4981469 8505091
2644448 1911961
2440699 9815377
8840461 6936481
7614085 9984868
6445333 8984540
9703576 7517939
1440571 4453608
7372064 9901914
3993837 3843718
2220507 6010572
2348865 2843147
5013702 5570324
8788423 4464623
4281177 4613028
3570939 5843240
8229254 5258462
6887614 6490144
1892223 8226179
2352085 7483971
4686836 6816013
6367767 8937266
5233860 9294449
7250087 5956949
2061644 8366924
1025255 9366945
5514477 8645238
3765084 7911944
7587321 4708024
8469447 4812922
4669244 6309216
7416764 4640606
7031654 6141649
3923082 2157144
4861051 3038842
5917866 2870777
8847034 8734830
4975967 9542814
7721401 5866615
2402483 8228556
8930504 5384832
4793548 6173133
9122543 4143714
7623967 3814859
1065411 6631587
1422114 3687724
1049667 9188822
8280396 2663014
6151277 2714822
4480982 7947268
5477481 8844650
5006337 8775769
8985590 4702155
2454449 2297787
9592769 7455798
2852606 6969899
6099137 3877604
8061778 2122904
8143617 4628524
1045808 7482088
8513703 7922961
2999960 7553205
3570050 2716062
9609538 3308820
6937971 1735812
1824972 9524028
8375071 2130004
3266081 9523866
3876287 5195592
9911679 3867908
7230639 6493379
7327084 7194178
1598034 8739952
3616223 1844043
7254707 7347795
2906286 6501115
7978678 1148821
6876046 3121842
2631770 9731475
9627111 4450696
3772499 5013102
3103088 2121659
5461194 5362099
1066121 8292542
4130670 7195334
9246948 6768830
4296252 6534496
3133365 6161651
7243814 2784902
7591415 6307974
6106210 3807407
7969033 9502048
2647376 9308589
2192303 8208689
8131949 6702901
1888255 2645817
7186396 4250420
7193174 1797549
3630225 7117160
7712931 5752221
5354453 1194882
9692408 6026153
7366024 3840891
3507617 9452196
9637485 1301860
8495699 1821322
2310706 7772235
9644662 9586610
6779838 9671392
8664543 7835008
9141216 2445982
3222965 3378919
3179457 2762972
4024425 1527437
1458799 8948474
7864451 3976524
9502438 1351175
8337137 8963403
3697588 9232808
4633863 7979574
8410308 4526011
2588578 5731768
1246317 8077286
6993382 1808696
5807375 3993214
2995188 3120362
7042372 6664339
9545832 3629906
3722064 3360939
3894487 9690859
7925705 5287476
5752901 6552477
1293692 7474938
7779195 1657354
2442596 2658600
9159030 7944302
6350299 8753359
2334982 4028492
1931693 4259900
9643785 9226586
2795930 3320266
6535496 7610253
3138039 6974955
3637578 9696404
1801781 8643589
8608479 5973520
3561266 6507769
3943091 5768642
9173606 5840371
8620199 3012157
5840374 7351946
1418763 6554632
2816472 1437791
9516581 5090839
9200528 3164411
8367110 2766974
9689466 8998082
8588293 5615039
6428459 2340230
6774071 4339549
7890053 4007608
2424710 8947612
4454698 4820795
6524970 9706985
4732621 3418633
2614245 3414592
7850109 8728032
9475577 5867087
5081414 6623484
2154890 7486271
3810389 1266915
3685017 2040110
7214136 1509036
5155862 9887304
3643147 9117154
7326776 7463158
1105648 7114476
4738376 3901225
7057181 7512809
5591394 5577598
8282002 7280479
8232959 5373934
5972246 1642381
1168707 9475350
3099917 1247548
3771007 9773153
6185488 1879249
2570482 1285487
2532815 1360006
9155497 1932280
3204664 6239223
2309037 1685251
4373670 9789370
5796735 4069894
6534706 9258141
1553919 8007233
2114820 1931397
9337881 4167452
5716477 6952410
3704001 3023025
4739119 7097655
2567433 1514166
8289332 6553030
3048377 2686722
3291780 5711274
4992648 2965788
4528513 4840944
7538361 1893955
3165739 5296658
1697374 7616588
9928814 1324857
1511487 7770400
5154722 2520431
2151329 5639901
3537927 8755767
2456274 2773470
9606807 1801733
4917849 4432353
6281609 4053649
9962624 4851841
5989048 4950972
6319321 3753658
5639101 5931143
2645470 3319442
7148418 4954135
4443351 3736380
6111365 4066013
9126888 7875390
8811245 5250812
5832578 9735014
9391538 2266008
8035763 1185273
7336234 1557275
3246499 2880070
2397366 7991418
2744335 6692899
7583958 5895575
9111457 9821705
7201877 1251839
7646446 1763341
3096509 8685923
7096476 3883864
3820663 5840266
1559046 5854278
5544468 8694423
7473060 1636428
2741860 1802165
9365616 6662651
9854428 7633729
7725321 1067529
5669031 8744526
3373271 1312223
3821448 6585882
2754322 6467496
4463854 7178520
2264726 7405363
8494230 8025520
8231067 9215906
1734690 6885398
1946972 1416031
9920038 7185883
8865053 3712263
6096818 3634287
4889370 6718995
4175862 7006986
4767411 2454364
2485731 4278001
8119869 9013204
3723136 5919167
9080245 1764291
4849114 9512192
6019911 3507278
7553748 8344069
7541553 8045039
4029014 4504423
6836810 3641346
4381589 2610925
2003730 8910112
7138620 9550959
4439889 4062313
9058414 3522668
9068043 3598613
8858043 8279479
1251059 9789124
7881639 4805563
2084083 4274944
4100095 7129702
9313734 1250593
8845756 1624561
4637713 5627258
6005833 8985420
3770918 5882700
4310775 7304722
9587582 8602620
3119529 6713732
5580404 5729728
1805550 9661287
4273937 2295825
2037268 9424247
8348859 1312914
3761263 1920593
7861770 6814606
2709516 8781104
9339232 7745788
4498695 9840468
2926473 3000398
9430883 9964474
3802920 4331393
7582430 9379108
2450977 3612255
3942617 8164661
9469711 6467512
8712411 1457067
2342697 5763207
4965922 8662061
6872942 1284766
7999763 1395359
1523642 8594149
2310819 2866332
6426369 3532322
1555565 5852185
2464538 3118828
3624843 6513948
6099267 4540937
8241575 3947461
1614951 5757804
1367677 4834807
7758186 8119183
6619768 5482104
9010830 6427019
1125176 1705607
9350834 4403336
2042800 7696880
3288542 3285124
8907645 3765121
9229658 3998803
3629081 1861286
9467395 2521668
3237577 1924481
8675167 1384151
2495393 1183350
9010555 8306638
3556988 1286031
3842502 1295032
7784949 1933598
1739616 8518760
1820647 4936216
5984815 1617449
7543170 6543897
8609206 8046815
2680801 6213704
9652970 3099135
3837606 7472787
6568203 2655351
7429524 7593873
6897907 9915907
4811930 5686932
9120130 1693261
4358506 9217666
8893704 5091318
7475864 9325042
2743259 5681207
7869393 6673502
7104211 2004245
6337231 3880221
5344915 5012173
6451479 1326037
7824092 3942731
6438869 7748868
7208640 3026482
1536825 6639511
2739468 9461664
5330560 5391073
5701451 4718170
2449237 4958388
6191123 1865662
8373655 3486759
5407548 3349719
6470629 5545988
3539551 6928522
3482766 1762588
1431204 8226936
8172944 8753470
7286149 3506945
5235595 6173455
2236345 4796398
6858834 1204096
8307824 3608072
6197495 8333162
1298290 2522164
8633150 3708239
8218506 9338864
8397375 6296116
7050610 7741165
2529488 8263958
3431422 9220589
5506875 8804275
7894865 3147774
9822177 4330816
7009727 9503843
8290168 2221807
5425431 7349489
4876951 3937313
2377114 7443158
9618183 3320701
6257278 2000840
8663364 6125047
8420720 1795738
5140452 5134836
4052133 5970964
2259212 1986493
8280876 4182138
8137801 6535131
7137089 1005479
8219880 5424801
2841787 1912790
6199619 3943555
8967078 3281791
3267454 3777513
1331454 7371408
9700157 1353884
3107954 5643488
8985448 6040085
6893358 1795241
3065932 7374499
9499856 2318772
3762385 4770600
5820311 7971630
1638065 2871485
4339676 1701136
7561945 9660326
3129535 1903551
2712016 2890540
1326218 7560128
9049841 1039158
8877127 5780183
8990880 5998505
1990697 8148347
3560390 9021418
8723987 8131094
8275377 8941123
8031600 2008727
3186406 6673977
7490546 7118999
9960080 1791292
8861161 8128238
1150048 9492534
9499680 4124992
4619746 1650780
9603051 5335957
2163420 8161296
8307964 8845457
6351456 3764632
9123198 5713767
3285007 7221491
8296348 9173434
3893941 7298303
2254089 5011254
1271017 2648438
3308598 2123533
7063468 5657329
7541126 2870406
3596881 1853178
4901023 9410500
7240293 3233472
6202599 8594650
5196143 7601798
8330736 9107262
3845662 8440969
4326596 1163830
5117700 8516672
6296392 1696719
5903256 9108571
1911750 5672707
6569502 2274660
2376066 6665001
1857012 5815940
1664254 4295769
1536419 4382741
4218758 8489944
3874486 4625724
2588488 2044880
6326809 2818240
3604942 1246351
4417452 9037917
9164946 3645051
5608724 6169099
4708380 1040903
4578357 5419589
7244190 2234455
9180865 2666542
1365457 3314893
9196705 7569606
6637048 1552236
4855516 9648737
2970197 4054652
4569016 6512914
3080544 1611747
6864794 1704869
3358323 8984899
3440168 4216811
7834778 6576375
9821120 6059112
8571987 9561453
9147351 6599803
6682340 7597130
8548354 1698826
3700073 6391088
9159528 4506925
9327722 2265118
7906599 9392275
4273852 2894567
2781628 5363699
6624619 7208534
8759303 9127813
6176564 2113250
8131932 5993840
8914834 7602401
9607774 4924453
8700627 2513734
9081388 4710732
5084372 6435323
8570129 4027339
1153565 6320660
2527438 1429257
7493492 6110449
2630915 7943256
2524005 4064445
8917037 3619424
9924558 4994880
6753840 3711523
3877614 1596199
5573292 8623029
3574282 3357219
8228971 5324125
8184808 4917286
7269876 1551545
5929219 6559873
6747122 9620956
2034737 5172611
2397118 8177187
8441073 5556245
4124092 5096407
8426863 2378675
1899584 7199186
3691945 6087509
5517027 6494245
9255538 3537184
7188616 8643284
4086250 1226041
5210587 9989093
2258365 5219706
8926904 2680284
6032481 7767071
8387866 3342614
6446997 4848085
7878507 7430198
7758759 7895467
6026821 8923437
8897028 8455619
5793333 6030316
3785034 3097127
2837969 2936612
1701479 6006457
4948639 7204691
1772239 2417535
2242295 2541855
2147937 8184878
3240604 3045719
9081976 5908301
3223252 4279272
2660292 1421163
9708427 8857214
7747017 3759054
8538221 9667310
6308568 2993009
6832954 7769784
3120013 9991272
1584098 4029607
9107017 7688354
1847448 9236665
8213178 7784219
7793089 5085264
7039306 7288571
7424510 9621937
9569268 2219093
3448289 4538501
3502831 6786775
6048170 3449857
7261127 1028582
6440557 9149376
2753402 4784949
4101612 4058687
2918975 7205629
4214760 9884163
5888467 4023180
6214850 7728593
1640648 6725211
6236484 9538772
8442826 7631771
2543997 6504563
7691642 7461524
6810533 2761662
1599110 5517609
8981535 9113503
6331100 6157304
4370316 5240234
9033192 3402807
7224814 1530994
5890197 2037857
8175224 3138708
9035660 8389930
7716739 4088101
9599256 7239909
8061437 9785467
7405596 4922486
9792142 9560572
4707822 2369539
1381588 3791901
8752366 3864004
5042743 7922746
6536826 7272255
6723701 7339522
8426293 2644600
5695283 4674407
6049202 5685992
5341606 5480011
6237784 9108843
8437838 4106659
2382321 3689579
1838838 5908585
4840436 9684326
4354521 8815200
7843746 3961134
3780865 2197849
9878730 1131482
2071391 6183613
2827940 1710206
6327674 2438146
8412030 5150683
2195160 3246678
3628611 3183467
8997190 4858003
4859272 7526896
3227122 6050854
8231661 6047185
3755618 1042741
6248158 7485136
5193793 5753077
5771708 1293169
8913740 7791203
6431426 7455236
2844449 7805080
8215035 2629768
4673094 4200553
7466038 2499703
4691891 1954587
7105216 2011078
2885033 7617341
5747183 2080152
6425242 6103096
2576156 6422460
9520291 8961730
2144167 5102508
1997187 7718196
5757738 6522265
9148771 9549828
6605996 3863618
6816546 6977647
7889714 8940851
8335197 8440231
1406878 1665605
1079334 5393559
8628004 6637782
8532596 4768987
7005770 4086251
8136287 9585786
8868374 6805087
6456191 8948092
6436803 2825645
9185438 3950212
9357617 3083031
4038899 5899901
3508281 9816095
7076263 5999923
5172314 1630777
1226398 1973666
4318160 1053182
7093792 7253032
9844981 5780239
4299500 6739704
9438379 5528739
6001145 1400749
7226341 9892256
7543778 3801489
3971912 7053483
6267563 4524021
6158875 9029051
4145225 4201684
2851495 9503012
8447395 3524812
6364723 3196633
8346365 5094377
4536505 3836092
9907019 9910629
1292537 6912693
1792730 8651109
5345434 5814169
4147026 2273601
1845052 8126520
1633124 9444086
3979648 6855826
9012019 7479857
6083912 2866398
9042711 5211454
7969023 3828266
1327014 8908737
4190621 3090657
5956877 6261359
5483910 5484980
5386141 4193079
6014051 3039985
9105508 2180211
7971848 6359158
4572525 8310145
9791981 4151589
7829777 3976162
1257641 1955722
9503468 7084725
1645192 2098392
5943089 6013531
7046366 7846329
8671822 5203264
7666932 7945320
9177192 2712352
1362218 2489867
7954117 3874696
9887310 2496266
9448903 6481029
4292313 1559392
9373375 9640341
6324104 6079926
3666853 4515963
1962560 9938697
3874349 5621491
7946127 9177604
7026380 7166748
4943460 2806458
4111200 1074211
2561457 3450421
9554466 3403630
5402851 1168317
7027254 6382401
2849825 4788100
9159792 7412031
8871339 8867052
2086883 2937004
7909027 4481794
3232425 6013723
6934347 5007961
3113354 4110966
8579432 1256956
4755271 5541032
5097121 7221778
9505355 9535543
3348185 3063040
6586364 7419589
9981217 5129955
7819563 1134560
2664420 4986435
1957779 9420468
1360658 7764652
3486174 9669044
9251778 9389363
6392309 7397669
2079598 8385368
6726300 8181601
1278671 1911954
2623300 3189311
3398075 7123205
7780999 1168816
1989199 5367047
1834197 7510253
6545867 5291217
9819927 8538475
9331138 9100647
5211364 4202972
2319744 7544527
6399123 7145508
4571655 7392298
6086750 7282110
3026462 5852909
6204728 5259331
3468107 1251749
9996397 2945375
5238694 4196478
6171356 7905960
3863625 6171626
6522831 8224599
1707879 9411811
9308601 6368503
3009413 3860627
4692541 4802705
6457921 9464496
2689113 7156712
6942864 7576931
1944556 1196051
8008980 8107358
9494286 2470779
4588978 9796341
8038121 3838431
3091763 3292783
5472556 8561838
5427352 7217222
1966155 6420128
6625626 4538453
4610509 4584847
3998016 8534365
3926191 3265125
2574642 3379871
1353491 8836074
3340694 6224709
8487851 3306223
3532832 5987826
1751343 5615112
5650502 4511131
6390486 5665166
2479023 9118628
1498097 8911451
1217154 4081038
3653152 5566522
4123569 8343343
6364646 1304354
8789722 3839171
6795400 3414658
8103781 8462491
2174085 8903413
1077284 5675783
9662360 4844555
2550989 8985662
1603940 4791163
2074687 5869701
7002541 5093011
7147036 6782947
4060205 3167574
4696709 9575120
9563553 1950891
2988033 9370454
1582638 6986912
8786417 4942498
8059678 6433373
5834231 7948564
5824446 4864185
4161949 2702742
2174540 5014860
4708881 7682896
9722151 9612308
3777071 5628328
7405366 7049777
1077634 9432166
6725513 3602031
3007139 3624666
8741291 7401614
8866760 1372137
5525024 2878993
9785568 5835723
2482102 9290534
3372286 6079294
7063241 3900786
3948812 8577848
1467037 6896987
7439629 8402902
7021708 4634305
1106471 4282332
9467432 9557404
9040973 5326416
2102893 2899618
3160845 9913823
8853018 8537590
2068377 1447393
4220087 6999533
2875483 9754390
1939805 5934360
8355748 9747013
6029966 2144331
1154612 3125637
5198170 6416686
7624105 5664677
6922301 1542750
6388485 5503934
7918114 3415102
8988905 7225045
5942949 6252967
8210143 5694054
8133556 7604670
3985454 5465056
9943519 7355962
5225063 3249322
8474146 3856199
7830064 8312597
8878733 2895797
5309418 5829311
9206002 7546620
3374984 4157891
4254674 3509320
9520013 2570113
4627542 1445738
8596577 9709073
9883462 2258319
4174014 7751144
1579696 5819239
2746077 9641931
1514020 2265117
4200053 3377131
8787230 9982088
7365590 4798824
8996812 5793707
4219692 6687808
7101091 5229718
1304548 6651680
4075965 2755588
6748402 9002227
5208441 5166352
6754370 9522525
3511141 9906796
3546021 3565961
4379405 2613175
4283296 3127428
2066880 9368807
1042429 5476181
6596429 5052175
9069073 8705577
7757397 8936258
2993751 8280192
1557772 2116657
6667773 8824326
5277007 6094049
7669650 8757305
5484949 1332078
7006192 8128318
4200860 6837268
9959287 9948535
6586744 6241245
5925392 4856757
8879349 9085378
6757598 6309361
6041657 4311225
2421775 9565740
9502641 6157289
7033113 1799103
2545530 2348563
9608383 6030323
5342229 8367510
8632102 3955533
9122685 6636732
4082746 8404579
5461660 7958166
9941864 8665377
2718083 6544030
2902464 8609600
2911975 9933951
5618663 9886965
7540114 8830541
2451967 1037892
8520172 6161301
2718451 4404011
6554744 7565182
3906903 5699677
4325594 4966477
9341895 5943048
9319814 4363002
2827581 6113074
4564484 9371075
4555998 1852169
4120306 9166394
7985408 3890824
6718882 3912051
9669170 6692568
5332042 9223552
9670689 4711910
1293579 5953956
7933271 7915474
9545987 4315191
9463920 4193900
5295027 8943725
9873440 4296665
6824397 6417566
7484856 3889282
7266880 2906612
8708924 5439439
3180143 4990371
4313783 5754756
6715285 3917476
2838112 9613542
2408486 5522866
3262985 8335130
6813251 3101611
4847269 9208769
8204382 9513859
3875970 8215563
7345968 2117822
8913418 4268355
1321667 9223584
8802521 6469953
3815385 1132276
3789102 3143491
7838972 2564495
4569939 9108348
1132710 7327616
6042710 2005176
6209924 2304979
3225912 7193685
2975548 3667775
5430543 4249055
5449713 6345110
8861122 1730447
7648404 3650977
2269473 2023631
3525010 9718123
9141153 9194442
5610003 6523800
6954252 3867516
9932880 4418473
8290738 6556918
4015216 3143153
5916273 6471030
4388914 9637941
1900766 8103875
9028861 8259464
6326321 9649006
8266810 8581439
9265754 4353209
5605966 6918109
5082499 7168354
1586153 5432256
6775244 2044379
7748914 3255539
4538679 4913919
8596248 3690453
2167924 4071129
4785471 9560110
7536190 8627038
2796995 8563045
4407687 6959948
4702236 2007346
5619323 2039691
1805894 2127584
1231942 5603162
4393440 7546842
8264140 7911611
2347588 2820209
9554634 4252698
9398506 9236480
2909428 9384664
7589571 4182093
6162266 9648125
4928781 1480010
2717980 7327755
4035323 6309529
8202072 7061033
2738942 1859365
1118386 1634754
6711161 7570847
7200880 1739681
7951654 8956908
9150763 2061378
5539083 9679166
3795560 9219705
9627380 5284668
5031462 2239164
8786162 1316315
4325934 6421267
1259635 6056001
1050270 1544361
1366181 1117274
6937721 4434228
8374134 4264045
7364325 5736676
1680144 1041811
1554270 6480548
6233522 4480468
8356339 8642282
3737362 8352442
7127639 3339816
1441342 8289041
7046217 4192975
2828156 9249060
3355920 8135856
9018995 4225075
3113228 6669953
8807678 2436528
2874248 3262665
6056966 9388328
5072409 2688951
2898244 6124621
3218722 1730186
5654179 8458837
6852452 3162866
9271102 2361635
1920780 7385942
9198012 2749136
1230412 8302776
1401469 8228180
8227340 2453929
8868464 1491752
6546624 1409441
5925081 3741935
1342746 8108227
9831448 2348553
1689345 2148613
7736347 7511520
3581107 7241393
8368636 5614441
2551623 3036816
7451720 1924520
6620820 9713180
8901815 1403196
1407926 8558879
3089407 9101149
2417187 6782284
6701548 7062375
7756922 7622617
4957695 5006401
8309199 4749707
7355877 7783388
7003143 1295815
1786079 8829619
9590437 5354641
6322175 7800959
5629900 6619434
6766901 3294440
1906742 5926419
2014416 2532046
7706249 9707938
2880175 7332676
3817329 3004174
5175206 1109558
2972736 8787247
8895833 8498587
2847085 7053010
1740410 6029639
3731381 4783701
5132764 3747672
1297084 3581694
6043540 7933803
6614563 5240596
7274188 1238970
3027881 2354784
8521345 2764854
2660528 3213014
1496941 4952199
7538473 2589714
2772450 3573431
3841033 1383890
1143686 1185255
3833994 3732062
5713159 8848844
2493491 8527963
9119851 5135794
3896493 8198581
2268215 7185780
1268538 9571561
4037799 7713835
7866410 3546023
5220558 3006580
1694028 2165899
3838045 1582041
6136306 7468845
5934145 6408967
5949710 6858752
7959279 4679208
2461417 7471835
9355281 1656847
5342994 3888836
4892757 9360188
8605264 3479665
5842522 9268059
8238204 1742636
1376014 5723495
2700555 5406396
7679918 9404465
7582147 6469677
2206016 8681154
9204554 4891724
8890991 4973446
9225826 2383149
3410980 4094337
7720786 7628663
5780196 3900507
4028211 7790670
8488871 7829517
9612979 1399129
5784905 7581290
8987428 2667693
4575076 3772454
9074629 3821834
8787414 4442723
4627126 9805197
8573778 2662446
1330319 3500656
8478579 6713187
4703550 5537957
8775006 8605987
7733182 4606586
2933885 6700237
1381562 3330773
3255769 3591166
5330158 1571389
1074566 3154471
2110320 9181761
9543988 6890412
4699920 4547619
9029511 9353847
2344724 8904945
5662753 1520116
4461030 6633137
2358430 8294244
3136285 6951378
5930507 4694017
6566878 8457649
9455085 6563511
8451024 8834451
9723074 3294616
3383385 5310286
9566689 4021076
4778514 6959463
6552552 3953715
1278253 7361874
6856934 3694431
2208020 4996796
6907993 3272497
1800407 7310545
2801581 8115254
8076155 3686667
1466616 1805441
2738732 5917258
7432144 7750365
2119703 9524536
9819738 2126092
2931795 6021626
9562543 3529892
2155834 5079195
7909567 1238393
7774558 6927506
7798339 2434198
4610159 5125507
9875735 7826373
2354879 9675226
2359952 2281194
4432784 9436339
4280723 3617378
8735187 5659982
8832222 5590961
7830338 6073411
1626170 9552750
5988575 3101746
6279879 1536081
1035949 5840881
3654703 7116883
2153363 4832206
6208460 4552739
9474895 5369577
7150582 5754730
7753860 5969590
4426366 9565176
2187528 5529838
4391438 6643110
6736040 9366940
9984309 7569614
7286273 8754349
6303141 2320318
9948838 1180654
7792725 5662592
2301414 7246548
7154742 9490988
1528074 7602197
8967965 4995573
5850524 8847985
8664092 9715814
6419761 3866172
3733447 5774055
5201658 3347296
3371944 7882711
4235478 4861363
7465567 9024904
3294251 4254043
1086042 2130690
1441637 4737905
2583446 6893666
9500810 6993639
1680993 5774443
7123191 8613404
8129926 5228706
6187934 9782114
2423627 2932041
4717635 7788309
7502831 2115519
8711826 9325350
9832182 9715845
3732121 4586944
2938141 7105700
7932300 1273490
2996355 9586893
2883450 2305585
1723730 8903787
9508784 3125951
9101466 6668245
5852452 2823468
4948137 1010578
6299708 1672643
2131155 3257176
2006086 1602489
4462210 9256303
8201127 6378871
1838109 8769177
2693518 3920634
4419341 1232800
5239409 1927090
6013720 4931670
7162606 8917605
3580869 4875693
5793841 1603296
1897441 2970515
7009464 2199388
4586674 7528746
7034377 2318650
8695772 8780153
6190561 1072593
4780889 5561212
4281178 9897332
3586456 9519720
4011466 5668891
5711924 9636082
1967429 8977086
4167448 2648484
8772236 7743978
4714905 7102223
1909982 9610071
5252582 6900127
6243788 7649553
7884149 6383874
8019804 2336324
5433967 2887474
8347687 2622721
8319914 8437887
3410954 2059896
4539966 9663466
1474712 2731765
5253427 3113817
5232797 5307179
7919347 3858150
5671596 8167375
5816590 6781717
6160208 2154941
4678554 9158473
2492383 9617508
5153365 4705944
7341567 3628725
8958418 5060921
3524921 6533642
3093230 6094398
1667601 7067923
2314165 1533737
4061254 6796423
1117491 6321219
5799007 9616511
2051683 3500362
9414634 4170815
1002633 1603280
9368615 2640887
7960977 1397520
3461806 1595125
7857186 8531170
4708976 6248615
5612240 5280894
1291730 6582639
6620300 7527510
5579412 8377357
5442658 3176067
6333528 1709142
8084906 4466891
2232159 8420565
3852719 2635776
2500364 7063598
5137770 8802846
5343101 2721752
7042732 8341512
4226125 8430642
1688163 6717631
5916505 3496609
9630149 3442601
5078399 2103647
5620299 3955372
2083538 5103418
4978254 9847291
4784827 1664717
7390224 6538323
3040280 1422481
4253882 8907095
5102680 3481744
8483983 1195187
3813302 7956826
7512836 4052756
1512047 2006008
1243658 1920321
4631140 1878158
4687905 1677185
6741869 4405592
6687839 3454568
1559767 9871299
2887545 6530671
3922164 8296055
9676656 8641020
6998478 8373394
3610666 8715619
7175847 6247712
8007606 3404577
1892012 9730324
9072884 5676167
2643328 3514337
1509914 2581103
9331811 5384557
9813413 5140767
7345250 6515316
1002846 4484288
8372684 8282609
2700897 4857036
8182419 2313639
4895020 7191676
4733609 3167014
6162727 1062532
1446672 6254067
8435840 2567542
8722617 3351838
5538221 1334959
1949996 5315827
1012845 4916128
3991494 8373900
8799279 3479104
5397087 8560188
4449183 8755595
6140992 4939070
9172040 6249287
9994216 6434289
7114117 8654161
7734747 7504784
5601145 9423435
7500007 6904786
2751147 7681626
1068696 1869572
8075681 6710157
3837270 9307770
8641410 9624544
3845063 4448881
4109977 3077825
4758888 1299571
8202142 3509872
3659811 7062688
2453870 1952454
4947985 1377683
7668871 5045626
4201445 6008740
7364115 7514399
9141906 7885761
3505405 6800117
6884590 9231015
4225029 1184479
6838551 2322470
7595347 4209697
9404232 5038551
8949943 8875985
9901429 1776378
1120912 5921892
6182451 7224475
2862780 1678903
1491720 4116882
9449456 1121903
3848828 5360862
5993954 9833386
1911606 3485560
6126151 6366929
8575344 7895949
1600992 3912288
2280214 5477130
5269736 3592421
8908242 5168034
7982924 8170191
5546265 9493100
1164314 3744912
2811832 9156197
5379500 5504452
4680585 5708035
6503089 4367764
3084352 9257389
6261600 5224271
4947941 3849134
3523051 1434743
3824558 4133379
4477818 4926089
9112757 1416119
3591510 1334681
6363858 1143115
8991883 3787609
6135368 5885292
7364261 8613877
4975252 1159503
9968213 4343761
2456561 5536369
5523113 9060264
5522897 8713499
8914304 4853367
9554197 5454541
5602827 6739426
1956533 4748314
5134566 3177850
8900735 9609488
6620491 9415034
7282629 4378536
1491763 8106507
4426115 3376946
1125032 9157641
6763948 2141082
7975605 7263324
7986217 1339001
5610941 3633887
9432403 6143484
5459578 6978716
2419697 8502989
5838465 2408387
9199492 8358878
8517816 7180721
7524166 3104830
5879246 1536975
2653119 1129805
3928160 9613682
1837638 8718050
3652505 4104435
9398285 4450420
9921006 9014586
7599751 9921598
2771174 3208310
1638807 3154877
9536142 2096942
2912181 1477074
4219989 6201423
2376275 1852452
6236668 4626878
8970399 5029685
6739941 1960543
9420706 2561627
9789918 1174638
3689304 3730390
2467741 1663981
4382193 7673233
6125222 2356532
5929193 2816105
7997154 2096338
6849873 2839229
5289922 6219362
5594776 3778834
8202643 6835419
4945997 8807806
7635545 2898945
9213510 4610043
2552135 6435145
9878549 7178928
3843740 2034213
1418205 5434832
9940670 1323739
7049961 3610078
2590199 6683966
6884108 6860965
9848883 8963823
9289420 1776217
1121297 3070840
5990252 6864192
4401450 4415075
8098580 7762683
5293473 7965808
4630092 2126337
9741579 6696896
4576115 8003129
8789468 2919516
8221081 7915572
3639091 1122899
8721447 9997970
6413412 5881466
5854675 7423693
7846144 3123311
5371390 7193916
2132239 6019370
8839548 8194762
8637674 2306829
7893243 1145307
9485416 2823270
1527061 1946238
6575917 4217524
8471133 8953798
3926323 7390304
9641541 9848422
1436051 7965898
2753062 7153396
1249803 6106613
2036916 2857132
7707278 6800042
5633613 9751398
9480353 1637590
8679430 6679862
1804557 9293072
9774120 9285227
2365346 9179623
3496878 7500075
3328746 3175337
4536841 1771618
8057905 4376665
2534461 4054308
5589622 5198853
2126584 7782975
7043769 2019511
3503786 2645455
2149298 2006399
3271293 8646648
9283172 9346274
8414696 1978431
1653979 3501791
9300181 5440166
2501232 9873447
6303138 2586101
4982075 2619654
1313327 4678635
4954478 1576516
8079052 2262382
7523250 1027437
2005779 5450668
4419621 2548359
3894943 8021305
7980154 4343913
3167313 7870428
5506722 5156842
1496542 9870069
9923772 3990510
8949240 8822638
1990087 1183993
9441625 3050562
2968213 3256666
3136635 5617210
2351430 5845803
9281254 9115059
3914198 5850593
9542954 7394868
9452992 5599484
9691765 5504210
9117793 4460801
8492747 1410687
9042458 9264335
8403418 9412321
4102789 1064901
2517697 4899299
4862109 6031718
8270302 5053972
8215051 6810872
9660896 5684154
7300904 5753235
4242452 6465966
9665418 8982695
1181066 5147492
8160956 7077183
6747230 3569446
3667835 5280764
3780576 7257496
3064123 2950821
6172843 5933617
7728721 1648517
7308922 4748300
4005395 3167517
9666372 3711720
4681488 9434835
8298427 9163948
9645675 9138500
1800162 7475731
3522123 3552571
7613601 9540690
4203689 8357553
9242158 6112487
5763222 4955403
3469207 6795718
6855655 1069723
7321482 7405798
9845730 6030250
8005490 2099686
9582729 4372565
2879122 7599094
7797563 3787164
9751960 1513738
5638684 1084817
5439308 8877073
7037156 8321565
2671975 4733040
3252355 2783549
6178159 5797857
5905498 8097905
3942326 3745044
7222022 7646051
8247718 8571193
6796418 3496171
6508577 4393281
2470284 4785478
5951367 9537631
1114143 9922146
2100
8625353 1746465
2761326 4448496
2794670 6748432
7750113 7061700
6130746 3171261
2341995 1836723
8424540 8388411
5940505 1506185
2074962 8219895
2916554 2148374
2433743 7176763
9095193 6693734
5481107 5652677
5682337 1674809
1447432 9141818
9861726 8927469
6741797 9927256
1687189 1280669
4156597 8292862
6539518 2039537
5631711 2596432
9995793 8513008
1943396 8796853
9722474 8351766
3601943 9820521
6295952 6843857
8197904 5418039
6504005 1966807
7925214 8616308
6837635 9809094
3972196 5540361
1843915 5902570
9006130 8996353
8600830 1664222
1944528 1361381
4503723 6747171
1664162 9914975
6461414 6119734
9842360 4647534
8656043 1216845
7915386 3283221
1548101 6242147
2794352 7448145
1833862 5472099
6281193 5904010
1274475 8486232
3832645 9538557
6277379 6240041
9664970 1751160
9313260 4450945
5508346 9047842
3227670 5812897
3716924 6922762
6249978 2035308
4010649 3660493
7173043 6942675
8425860 1363113
4635093 1586527
5273446 4630835
5564191 4638729
7889121 3147654
6925307 6631107
4184324 6552426
7989424 5758529
9930298 8759583
7148799 5292601
1329588 5419888
1029748 9190379
8439115 8592238
7008542 3477881
5902329 9175335
7945966 4396092
9898019 5457071
3954844 9749008
5964386 3773675
6607021 2364086
5327056 5763569
7029034 2858850
4339096 9368988
3367289 9125073
7881456 2234929
3952369 9241529
7270914 9498801
9778036 1894406
9031099 1656097
5912971 3559616
9527031 5371952
7690041 7658353
1302129 6775538
7133453 2444829
8395910 7965643
7368062 2829597
3465778 8511395
7357783 9299292
3943152 5020432
7443432 9494677
3705129 9634510
3072840 9582169
6470276 5736670
9482739 2096389
3511945 4415158
4294240 9133405
8276982 4686766
6633263 9989823
3603781 7245685
9400388 1590098
2911649 6546587
8960381 3965387
4924147 1549263
3413207 8622309
4454633 3900354
4280064 7055140
4098200 1764536
2900322 1765848
8224351 8561957
7426287 9259654
1195279 5478389
1954924 6091011
1536069 9074936
3677918 3291276
1784385 2002778
2903923 7639905
9354657 9129710
5341637 1281181
5132139 3512559
4407230 6088349
1827457 6386249
9983579 9220057
3141990 1721998
6908540 4459018
8440308 5583326
2381974 9933842
9360740 2435077
2316027 6688937
8137671 2513771
4460185 4419292
2799406 8585922
6553882 4385805
5160223 2391799
9364304 6529547
9995095 5397990
1314587 1799439
5029463 5209474
5316509 4172350
2899532 1824268
4341589 4442600
3627088 6943489
6620333 1622359
3891699 3617060
3333722 4701167
2210389 7556253
7136230 2341554
1779828 6079767
5772221 1920759
4007753 8817419
6261604 9768986
8571633 9006521
2098490 4804374
7620614 8065495
1359378 1919137
8261912 8589773
4036029 1633790
4975580 5011084
7391022 9540867
6679303 6439199
9191716 5097087
6652907 5768700
1446022 1456306
4105659 1266351
7889728 9352563
4533193 2711166
9465443 3242712
3858826 5542544
7276851 9680124
9503896 9723440
6310926 1272852
8546539 8357492
9351849 5598775
2196097 9161465
1130183 9259009
8826409 2307048
5693616 6243945
5891414 4463987
1537002 8242893
9830599 8941671
9269919 8929088
5663953 4736003
5147932 1833155
8931309 5161343
9942865 5990487
4086084 6478279
2382698 5226562
4957500 1463267
5928304 8380273
9687652 8350643
3111654 6981728
9102554 8101238
7842721 5088335
5768479 3067801
3588522 7072884
5185727 2791956
9232823 1419867
2772093 6413257
2362819 8675634
1109328 5089202
4923965 5043846
9742092 8979178
9709017 9342336
4106928 7446106
8778014 2375822
2561522 1320604
1326203 3176567
7052698 8109886
4396167 4508552
8723126 6325025
9290993 3077938
1904549 4765104
3901452 3708126
3635556 8721502
9331163 9524578
1730065 1849434
3777707 2104167
4368117 4546369
1225025 8973853
8517168 2241579
8526939 8965191
3190529 5350899
3405664 1874763
8436134 2578437
2336880 2772442
4170991 7106623
4106841 1697234
2868056 3477131
7497534 4682390
5910037 1078248
3666628 4749651
8609182 2806573
1873412 3212587
7988748 5180947
2157259 9497420
7361603 1175713
9133928 1029724
8179065 1828056
2313577 6681661
9580325 6600699
6198546 2050765
2292634 6977836
4902124 7946193
4187283 3748076
1745815 1104696
6287279 4341252
6944352 7019254
5866019 6117614
5327082 7249040
7728764 6739642
2930769 3431456
8061374 2864776
2178961 7987807
4814349 7988090
7336625 1083183
7872378 2127503
2694556 7431344
2938897 5849830
3866506 4717110
9852684 1064525
9405264 3815623
3817678 7414508
6471967 3663919
3379748 3493253
6952709 3759003
4848550 8244304
8018054 4055454
3654420 7400104
1290608 4580998
4722451 2162307
2475194 3492455
4257934 4660271
8523066 1787389
1857839 3934765
3918466 2513227
9239520 6220141
3811098 3439204
1080557 7070788
2295308 2340014
6108266 1517118
3928895 3017608
1795086 5265307
1587372 6474881
3114070 7907680
2548243 2170599
8770339 5040456
7533165 9543107
3626885 6209085
4787852 2848396
4054410 6658824
7302284 4384844
3181617 8558564
9082148 3790516
8909251 4472475
5016126 9339459
9321247 6828351
5378895 4700207
4655126 9937920
4571466 1521174
7145252 6137005
7261925 7390038
5401317 7707678
6948033 3657261
9600613 8092721
1217024 8432430
1954968 7094332
6984279 2371790
9265383 6063202
2663622 3242832
7934366 7290279
3945802 4792820
4213415 6220425
6989885 8421700
7021721 7134663
6467051 3771470
5738750 2087762
5493107 6190006
2353227 8220009
7613871 6204581
6249607 4451050
5582373 9178355
9648893 9645535
5326093 8080108
7611808 9616933
8249241 8567840
9581603 9020167
3917738 3923246
9324266 1981207
4639814 7945138
2259615 8750792
7600151 2854742
4423916 5736892
2731773 9339842
1402051 6832116
9049074 7090355
8562914 9578182
9972686 8635836
2391648 3120005
1115026 3491100
9672465 8299259
4671265 7923907
4601930 8429426
9534082 6190461
5658310 5358198
1588198 9876112
8183801 8600885
3664517 3654019
6212669 6041629
5731497 4257104
6280794 4651020
1418396 3243094
4888494 6719646
9474922 2421670
9224417 5684254
8972698 5918183
5027792 5851024
9796869 1861306
6064678 2928315
7006571 2053048
7592108 2272123
7347119 7585738
5038241 4273752
6683439 8319999
4106119 6651173
1195772 4727684
7647853 7227733
8241869 7624152
1133235 3981542
8105641 2962871
2602764 4067076
1445725 3417184
5723495 1765538
1429143 4911193
4721083 8835378
3037293 7840176
9259835 7433587
7276428 2637037
8109172 1997802
5648379 4456758
3292457 8895010
9305701 4997488
4364073 4958789
8187336 4280923
1808954 4243038
4982602 2979302
5221319 6344332
9528091 5647218
8122631 3677117
5091212 7590355
5030238 8113463
7617036 5265749
1047167 2557092
3760643 9333359
2035648 3756997
7674933 5448418
2909920 5931653
6451368 1606268
3618479 5399515
2393880 7625516
2918885 8682686
6277347 7632651
7329262 2711883
1636028 6845555
1734612 2913400
5660168 7598847
3179839 3472053
5900750 4494846
9397058 5655163
2429434 9271120
4530878 7177939
5223116 4077927
4647243 4150437
8181527 3658191
6691837 6447603
6862033 5759534
1165737 3316773
2920335 2729749
5236735 9694110
7849198 4449044
5918739 1197314
7065231 9241163
4717808 1323358
5663286 8782373
9429519 8181938
9418793 6765485
6857309 8564785
1022808 6437832
2111930 5519596
9204861 7643516
9002566 2160725
5663152 6142843
2596132 2466305
6041405 6928580
2857060 7906448
1518035 8224625
1860130 4714412
7312554 7392350
8420058 6295020
4113423 7634904
6777202 7842349
6912790 3193047
5374314 1447146
6896373 2969207
2868347 7408780
3383928 9621547
9686576 3121956
4519591 8280320
3639301 7398003
9459390 9477854
4672534 4258410
8779247 6266662
3166386 6990242
6761206 2676893
8935478 1203560
9827158 1465315
8926822 8882937
4239767 1951843
8596242 6570527
9143658 2345515
7056606 1608685
8261802 7817634
4673444 7723446
7095284 2173279
1419811 6705318
3019447 1067364
4782786 6533534
3900524 1135815
5125957 3493531
5589105 5888531
8748420 8357397
7261843 1080560
8612031 6209276
9341593 3708284
9144947 8427066
2406668 3605418
4238840 2555867
7621791 2416540
4295631 9369592
9055960 7342544
4492036 3111796
4861115 5627414
9254806 1803161
8529032 9201819
3621819 4199621
2838590 6735357
1847100 4468439
5599966 5353918
4184561 6853231
4673538 6966759
6128241 6035136
3981886 8418255
8540684 9433563
5655162 9110061
1070075 3413206
9761776 8153610
3706403 4998940
9602993 5728173
8777141 3506918
3390557 7269998
2268065 1375550
8151985 7134549
2794300 6614094
5036378 8784213
9655252 9844960
5604642 7592551
3258668 7887024
4999267 2464181
7062383 8959339
3117760 2481686
5576977 3600200
2995569 7545139
8903180 1663109
7218232 7734678
8462737 4318109
1172586 2250363
2996321 6428975
8100803 9542141
7685706 1472245
9384602 4454812
5197203 7226835
8412659 5092648
3226870 3657483
7067527 1554655
6308308 5129405
6568298 1552705
2789727 6498046
8789530 4338345
7783636 8852121
1698334 7000750
1812463 9091412
8316703 4795030
9287045 1300874
7979351 9197093
4862461 2817035
9317306 9131197
1408826 1503674
8521323 6012008
7854275 2931839
3550175 4708363
8332263 6049074
4629691 9604376
5018191 4287354
4397148 8903722
3191793 5130891
5404895 5108881
5223243 3058062
7303892 6107391
5685526 8861764
4315387 7970294
8149602 7180055
5416344 4430021
6744748 8489892
1068034 3383158
6378286 8117586
4088952 8935020
4918558 4119732
6453429 4514091
1256066 4164234
7708278 6905608
6212475 1767610
8886990 7259811
7044158 9900118
9261262 8571070
3999956 9815469
7365302 4398757
2842136 4296088
9712527 5537682
7680639 8474214
3958550 6223063
9846054 3209726
3869347 9648837
2914128 5186274
6953571 4898526
2050891 7951849
8346501 7803258
3701853 3505610
2851559 3730103
5028221 4694880
5564241 3672452
3004301 6875072
9039991 7150662
9330869 2771095
9825057 8542301
6621959 6630696
2258669 9326625
9861156 3310882
5280847 3886570
1943995 3647432
8371039 5550117
4809444 7706989
9038260 3476459
3332454 7723761
4160289 4443410
6126741 8737578
4667407 8139228
9866572 1420774
6030653 1682370
6465820 2229043
5147785 5066019
5167003 2362728
9575343 8006903
5147208 5274891
8865752 8132028
5702255 4995190
9461629 5734011
2939504 4542286
7907902 8234467
9500173 6812139
4044081 4480366
4887331 6920559
8272487 8209298
1661027 3804285
2707110 3176070
8182540 7838536
6969207 7222963
5373412 5348274
4601293 5813429
9683928 7580617
7682852 1950593
9152575 8334068
5995490 2623757
2585296 5291553
2741613 8065084
5841785 4834537
3976485 6142972
2679003 6939879
1703059 9073227
6398856 4980437
1269501 5771474
4812892 1846095
9784100 3849874
4660399 9978232
9456403 2676784
7985646 5861881
7848968 7590738
6891732 9866612
2303993 1057088
1296219 9120015
9482149 9510875
1193257 5686156
2190332 9143189
1912468 7919656
1676501 5143839
3390781 7020088
7569075 3617550
6782554 6339648
5309465 2003172
5446026 6649145
3873700 1029193
1096014 6201139
7156990 4860916
2936115 8000373
9129578 8918152
4241178 6177245
5465272 6226069
7137170 1903306
9619790 9710339
9841552 5620552
1089318 7245187
8783929 5308620
7288077 9543511
5950095 8778549
8550187 1415796
4246231 2249161
9776345 8181923
5519201 6854613
1807565 3678445
4741153 5439824
4394637 7591984
3027090 4806728
7203786 2512785
8218345 2288892
3906775 6626825
4202783 3739739
5075007 5672967
7201244 6561119
4071975 4949360
8018012 4271614
3536259 1540803
8088876 1817908
7703533 3112153
3585547 3040738
9050661 2921276
2612378 2027474
2459024 2016645
5278756 8947577
7767783 9524507
3754037 9037637
1680979 9644065
2068580 8294023
8297175 3843359
6763763 9593778
9671656 9066814
8624472 3111170
8023327 3862053
1792728 9190470
6603281 5771546
9470783 3719401
5714878 2238333
3328173 4566898
2704175 2933899
7367312 7140088
2446820 7198939
7611240 8562584
6342011 8888233
8122262 9994043
4042080 3195984
2575174 4016893
3918795 3197420
1030004 5253986
1505344 5723559
4387693 6415169
6566566 8482517
7121669 6089435
8335400 7067551
4908485 6750403
2660964 1574211
9990357 7765657
9672686 5560710
4945290 2174112
3851759 6865666
4994772 7178201
2090147 3965289
7704736 3895718
4359129 8657150
2345286 8221515
1799858 3045996
6895378 2998844
9249811 9951552
4400805 3816955
4352479 7707903
9998093 9209874
7370680 4997950
7418217 3957939
7129054 1610230
2193865 5757231
2759461 3314863
3718164 1552946
9029246 6818566
7244902 4129913
2373831 4220589
9218973 8058509
7102398 7357684
9538951 4973487
4199391 5348591
5338214 5999519
1903039 8622564
1657707 7340695
4733787 8669520
6066988 4058746
9220109 6255988
1350915 3720120
3934363 4162558
7280493 2630590
7262859 8649870
9399360 8152357
4055375 9757550
5737878 8515095
9465003 5250489
8283500 9740084
3813182 7459762
5915066 6950321
6821485 9173434
5061786 4872690
1374056 5398347
6063040 7228954
7261585 7579351
9120990 5960084
7402469 7845483
6484234 5107601
1082610 2378957
6478031 2494188
1433940 2022024
3250712 9695473
4197102 6764138
1091702 6435213
4981222 2950357
2256725 4184020
3865378 5527644
3498027 4592456
3024685 7469026
2940733 6555736
8507962 1222239
1186022 2894336
6048609 6560219
5807800 9553104
3185703 1291087
6919887 8581535
9987687 1679412
3833214 6632895
7808933 2080806
1212619 2491200
9145429 8246982
9818847 5870288
8305753 4113341
2952476 8618327
5257776 7311385
6396743 7713855
9245813 6409324
5304727 3371483
8560985 5360960
7686608 3265942
9495621 3806829
2728449 8000125
4163997 4213936
3589122 4927374
1168738 6081076
5348614 5053613
5654659 2950139
2779848 6224147
1812047 1952598
3777328 6669355
7904828 4505211
6906953 3914315
8475101 5135072
6814800 8793898
5426749 1180599
7139353 8260211
4688907 1939199
9386185 7330963
6061550 9567893
6641153 7544769
1333559 3360186
5984966 1198546
7085035 7966148
3349442 7489159
9376848 2403840
1261146 2787822
5878530 4228371
5080371 5979422
8992499 4345819
1400354 1052856
4798886 1250266
5342032 7399369
7566318 9151848
8450070 1032156
1029130 4321295
8714427 3581066
8113841 7308803
9171366 7569955
3302101 8652667
1687421 8718408
6171924 4024970
1314501 5011492
9187817 7030331
2397760 1300693
4640088 4860700
7296083 3413210
5074771 4642385
7223576 6111193
4546146 9974426
5326121 7284193
6534011 3496134
5190863 7981799
3549227 5909992
6780541 2685207
4185782 1706588
8107145 7393968
6407582 7188228
4941259 2111357
3715614 8177182
2834156 1723263
4483364 3687604
7227738 7591052
2177961 7972452
4318703 6532950
7433351 8206537
8997670 4736138
1558106 4587644
8642996 3618953
7284830 3432648
7566953 7536134
1429536 4130345
7990551 9678979
3106434 5558366
1792247 4268570
2025662 6828208
4322288 6490704
3705731 1642415
5790083 4899903
9308879 4530870
8951278 4915413
3836325 3216902
4975893 8549483
4681050 1686578
7583210 4187280
8321727 1543833
9800408 6083929
3023152 8872597
9575482 2956307
2681217 7098121
5767105 5018282
9668137 5054864
3805417 8409247
6799704 3544654
2819073 5012101
8678793 1806453
2570013 1469086
6805287 8095782
4398679 6475916
8817225 3141268
5496159 8050878
3862836 9188823
4718142 7373929
7958532 5663056
5807842 7399234
6937379 8220871
2815362 8470519
3472972 3170779
8498801 5230921
8564290 8502493
3728869 1407068
5694404 9620594
7639736 8386338
4237985 8182179
3686555 7589271
8549421 8276946
9189954 5291187
2460081 7793091
1483935 8526374
2006862 3709471
6682648 3019174
1781036 9165074
4678371 7049273
8483544 1778263
4579128 3150953
3062972 8035453
6684861 1570395
9527645 5917216
5585692 1912418
7310391 8193223
9648619 5078902
4967888 3067594
3071879 1630617
6984454 7579838
6723379 7419901
1354329 5054172
9928921 3526625
2498831 2912070
5690397 1797759
9741062 8010931
9630618 9363294
4198214 6847119
8990578 6750768
7676817 7521616
2269904 7214216
5313558 2161922
9788002 5185959
7883403 5646300
2144939 8898866
7447493 3920293
5737296 2177811
9765771 7809863
5133043 7576391
8767764 7478151
1654085 5514028
8884960 7827872
4856788 5386268
7785960 7971477
9711248 9412794
2589104 3474876
4057537 9993338
5868802 2133788
2786821 9350042
5395098 4116638
4651053 9220201
7597374 9214866
2461835 1702436
3607952 1339934
5486640 4912348
5192455 6609695
5074673 2893103
2840537 7172742
7667573 1962208
9385001 8604395
2294137 8712568
8567359 2061601
3838931 2695717
6278246 2499157
3388017 7651320
4909167 7795113
8481737 8083684
7356507 5959523
1239897 9703705
3611313 7200842
6959315 7179924
1586839 7442759
8353483 8874194
7568716 2458493
8063492 6662467
7639916 3710964
8449025 3499685
6618715 6136562
5098939 7002335
3511842 9724755
1982240 7390066
5578447 5831823
3108606 2930694
7949137 4654442
3328279 6807741
8106854 8680886
6757748 1683565
7038613 9143059
7363367 6839266
8524418 1044654
1244564 1858159
2519491 8706025
7015268 2294044
7406258 4360072
7564856 5864791
6823064 7122160
7143858 4450671
3285337 8174378
6886923 7484684
7889480 1963310
6472350 6142059
9733807 1331817
6588840 2787056
6868878 3213714
4727049 4969415
5636555 5035674
6114549 9184054
5492115 7835165
8430178 2696559
7658590 3461481
7720770 7422894
5827855 7413071
5719637 7543892
2628227 9415167
7755343 9456110
2397985 8117585
2328712 8234907
2392567 8683400
5455418 1601469
5325087 1302309
2089339 7195719
3038754 5846043
6704694 8464389
9324147 6009407
6446943 2758079
7206287 2379669
2450504 4419306
8544214 8901327
6119167 4907163
6570666 3852523
7742792 1602299
2460447 8690384
6915184 7122500
5852160 4160509
4399328 7015486
5309147 4200595
3174615 6812630
9140184 1784491
8793136 2995197
3498792 8177880
8382786 5899466
6915920 5487691
8628422 3764091
9584468 4297691
6211090 6770731
6230145 2807209
7183876 2485973
8919956 1472470
4546987 1093546
5443829 1494537
9131084 7005431
9083833 9829014
9034271 3915226
1955882 9230167
1648611 2951001
2972198 9301328
4327073 6783461
1513804 9100940
7603850 6255094
7948833 4003249
5944326 8819931
8532515 2782924
1953772 2698910
3378768 2344526
5859091 9429449
5565576 9493455
4029564 8245705
1412332 8800079
1634196 3476566
8048767 1279880
4187875 4313597
6282159 8591776
4284925 4970275
3326388 7790979
3410406 2715477
4796093 1784075
1808872 8804925
7214920 4393698
2313818 3536700
9959625 8039401
7824514 6713924
1085353 3679212
5278217 1041107
6630549 8334612
8010926 7072851
9216399 7241719
2666012 4885205
1384961 3432558
9441990 2897363
2004794 7847581
5938253 6019715
9411801 5531394
1433277 7878554
8783274 8120937
2710253 1405792
6031033 6465924
9084733 4825596
5845711 2861027
3423500 1012217
7780160 6088415
8800959 8460200
1085561 9798976
4120764 7806507
7455281 1514363
2658387 1507835
3769705 6344364
4983302 1644625
1085016 7976057
9973891 4485960
2525898 6772544
3467982 3851709
1648488 1089779
5772959 8915963
9815422 1255978
2364548 3508869
3414337 1094505
7123593 5544769
4378231 6509908
2375219 7320215
8110032 9161441
9762272 4316355
7185186 8191037
8146154 2068548
9225422 3342802
8115450 4764455
4233668 3064922
6775251 6872281
8628971 6541978
2015168 7373781
9303586 7421239
9408608 9354402
8962590 9528478
7181981 3784232
8691922 8542301
3327386 3574846
5572280 4648147
1968468 7581720
7164738 9945181
9230582 6238338
7009214 6617733
3508330 5078933
9394059 7252147
5312553 3720468
5396968 4742071
4311639 6662098
8339397 4701341
6284783 3430678
9412442 1806579
8691324 4898070
6308384 2289687
9444447 7810819
9722934 2689908
9973545 2683016
2872923 7423089
4128989 6392915
5269124 6177368
9429579 5289670
4208924 6577082
8556314 2263892
3358244 6076319
1288185 8995874
3120587 5807099
3090702 3845216
6540652 6655113
3623910 9227073
3362588 4140758
9313506 4160472
9272118 5096642
9100769 8673264
5394988 2716143
6097130 9712826
1757737 3141964
7373096 9140197
5772396 2587226
9921633 3136480
1957054 9087982
7643784 7373001
3909945 4718359
1360877 8089510
2344354 1479049
4560159 5080207
8040906 8690243
2587775 1891609
6178321 1387075
3235848 2486211
7518162 4973810
6838358 3340466
3406626 3815179
2779335 7785631
4853672 6564858
8268672 4271429
6448482 2862796
6565756 3185078
8118487 4200464
9281235 9264838
4712319 5092700
2659363 1617598
7595067 2265782
4524654 7055146
3732009 2712292
5587706 5288353
8535712 9935005
1323673 4745387
7645590 6578592
7441120 7744817
6924164 9390093
2084704 2751418
1952216 9862133
8084966 3666883
9221525 7870105
8264528 7935684
1595418 3587355
7668643 7494517
1546058 9557180
4596745 7935387
2414323 2931780
7519692 9864042
8719549 1142803
3066563 3077724
8753318 1246077
6501426 6812445
6875421 9859693
7958063 1086408
8425418 5581047
3100600 2885538
3159160 5118334
6233399 8735471
8676731 5654421
5662395 4074654
2943584 5152568
7922721 2987473
9349371 4486178
9219615 7747741
9625087 6527045
4062994 6705232
8501730 2886947
5165725 3930528
3210444 8373708
4140226 1705290
7678011 9798339
2849474 3339029
7886356 2096924
9521158 7084277
5452180 2292145
8370856 4853077
8766185 5311545
6736508 7734869
7210015 4001857
7531482 9611022
7923225 8402794
1405893 8382319
5006444 6747724
2627109 3208038
6536614 3098115
2113206 7771791
9709825 1558392
9809291 7056240
6747346 6165576
5384543 8903131
7745424 5616397
9602414 9612876
3982392 8053775
3076847 3468780
3571613 6550493
7854717 2722161
9123930 7204360
9995052 1385830
8374532 6667550
9897230 5014982
1725360 4671382
9380347 1115451
7256559 4172051
7063295 3658878
4434560 1918387
1161772 4995237
7760671 5368559
1670303 1483858
1388994 8267398
4140149 6926599
7756074 3073575
2742219 5628547
7411407 3523194
7967286 8202304
7448638 8135284
3103566 6305987
1037533 2500717
5704848 4408144
1717315 5318826
8147457 1691430
4876262 6501346
3554900 3738739
1610529 9772368
8351289 2056467
1251081 4603152
1859190 4771058
3292579 8675628
4849478 8615385
1435596 3737508
4452242 3855768
6009439 9823635
7306308 5404287
2454516 9089820
1533836 3184184
2500772 2220388
7139065 4049063
8616207 9513007
4653337 6904693
3085603 3741466
4050168 7011309
4530732 5527039
2395730 2038128
6741972 2915010
6770183 3041960
7405162 5869371
7303488 8156611
3199999 4009033
1918198 9688529
5803026 7360505
8377493 6122510
9238009 9642647
8603537 7799300
7872752 4614145
1042412 5473977
2631999 9205085
8163471 9579321
9695922 1212885
6588807 1739549
3619965 7735648
3398193 6899804
1579352 4428768
3656530 2970893
7242713 4099766
3548916 8957530
5974153 3265826
5190164 6520973
7546661 4155897
3448968 6018368
5129742 7527602
9984995 8696621
7100501 1131206
9695512 4491263
3810939 8378157
6267966 7070217
7622082 4511292
1059673 8191053
9520653 2553283
9038315 1862479
6834813 9896194
8173817 7302449
5093781 1059547
4031318 6387977
6715544 9046712
5512143 7068618
5552349 4457671
3606827 2910359
9976147 1309446
8694025 5222997
3798921 2785817
7731483 4685182
4947877 4533485
5911707 1575503
3756313 6458951
3622040 5923713
5247062 1781103
3445638 6235445
7502278 2308707
2370016 4733205
4834186 4488767
1336769 3848581
5700350 7836284
3583129 4843444
3210508 6920600
1938042 9758167
9067617 9334325
6350464 6589346
3072805 2947196
3123527 7051375
1391126 7577051
4138791 4698709
8922177 2863098
7609917 5126464
8259913 3253899
9761612 8573220
2966962 5568004
8737846 1715670
2277680 1566218
7261683 8618662
5178021 1580058
3663363 6262168
8712232 2594053
7963883 5605821
4202906 2779309
6618977 5347217
8763201 9731595
8693033 9061229
6802887 1095107
2158552 2609425
9629801 8136694
4062422 9073006
3574372 2096835
2181805 8983956
5955670 7832223
5389796 7717259
5149736 5728757
3152277 2549683
4870086 2922590
6860671 3824569
2169421 5391139
4249356 5757977
5172492 7759646
4226638 2650393
3986403 7507215
7321134 3355477
1894493 4833906
2643659 7813818
2558033 6772693
8286952 5394399
9322351 5183588
7951345 7612264
8487753 3803528
7677568 8247777
5575606 9284335
1787235 4570669
1672207 2765259
5519728 4945578
1141267 5911696
6656064 3628336
4897934 6243847
8154387 1778210
6912688 8006357
5011179 8546011
4598182 6494644
1607335 1042049
6023940 7260688
4519522 8445650
8804402 4987926
7501685 7093268
3960499 2113939
1481365 7337273
6506294 4248035
3338158 8494246
5091043 1456098
7061059 6646977
1644993 7396689
8276179 8577726
4275243 8703504
8181605 8577362
8071095 2940953
9099816 5293204
4070753 6749186
4914810 4299745
8689313 4396821
6898370 2740373
1220375 1745176
7418686 9492585
4752706 7860870
2302414 6720644
5676190 4304371
1547064 6077146
2998527 7664747
8533845 4570546
3042327 1626712
8734696 5066770
9494398 9578160
6695033 2366746
3151803 8394602
6875446 9663202
4913552 3567672
5394276 3772575
3804210 9763438
4015034 4368614
2237634 3752651
8759568 5033475
1344975 6854392
8673783 9864550
5614701 2158137
6779159 5626344
7405110 4805829
4054962 3903954
9715168 1946606
1773680 7504510
3148645 3290417
2403001 7425524
6403973 9214783
1192218 9737137
4705149 3201454
4815588 9628543
2964738 3584191
4327762 4595535
3800196 3971588
8923058 3316244
5443895 3393420
1156661 8455461
9220711 6004729
3139826 7970652
3158338 5800384
5372326 8005483
4397305 3656210
4242665 6759035
5277200 6661522
7499013 9076488
4000594 4959101
7598451 8688888
9158218 3493993
5336743 8895975
3569140 1993515
5843403 9398389
9188201 9086463
7673691 9780283
4912899 1702796
4887145 9396720
3168447 8410518
1481636 7712155
9692018 9426324
5351333 8153158
2329718 5216746
4509240 3541891
4921535 9321621
5171392 1189118
6340484 4820900
1059830 6865585
5510436 8934492
8432270 6378696
5941829 4509472
2738670 8255321
4298480 1575000
9110051 5588004
3597054 4159621
9759931 3718073
5439459 4250892
2680239 8309740
7814730 8771232
3183908 9595567
1681184 3431269
9847441 3773306
5576646 4709425
2329158 8955446
7170831 3185097
1944241 4536514
3523820 3164308
2667832 4140340
6632098 6026478
8662621 4791163
5829586 3878368
9879913 4269555
6821723 7553859
1410353 5561067
7360282 4138728
4244255 9065653
5930467 5847315
7938690 6849150
1397424 6474007
4746560 2232932
3885590 9013470
6475590 9122191
9141780 3098555
7298180 8379349
6566168 1001279
4548238 6361891
8195643 9563964
7854110 4799793
5378842 6160873
1391083 2008783
6304423 1373183
4660071 9807048
2565044 6861202
6611462 1329826
9028597 5817785
9325803 8349248
1373299 6704117
5400784 1305720
7842715 7659755
7570780 5253975
2071081 6826802
9791222 4891444
5009366 6052248
9929928 4151117
9214399 7571846
8190327 7111562
2455971 3398325
5040327 9179042
7060866 8604212
8404247 2762857
9711336 8086173
4751188 9494461
3689553 4837881
4986278 5191532
3630443 6210219
2893222 1005187
9788418 1506699
4306236 5810118
3024347 8596362
2108386 1163763
8414126 3731903
2883188 8414310
6023808 8612330
1095226 4256294
7008484 7934758
6868208 3681216
4234204 3791729
7820339 5554474
5273867 1506185
5522977 6971143
9116694 4992874
5759215 1208716
2008909 7744650
4252638 5648999
6367031 7506770
4348580 3063711
9121003 7139378
5322339 4881576
8102599 6059207
3942163 6256529
4327943 4200887
2488026 1407804
2674192 7982418
2509542 7531694
3826941 8463417
7964569 7758941
7519257 5207806
2639127 9174715
4946126 5046911
7450945 5125485
6841512 1315334
7200672 7527558
5327811 5955381
5210928 4453258
3770008 3683654
3280467 9186112
2178496 3967262
2783968 2409539
7371020 9908466
6402609 7905168
8725025 7013126
6708812 9890106
4588383 1281515
4154449 2123955
8269059 9743506
6513918 7660258
3881674 8354578
9735661 1927681
1460089 8738323
8448734 4413610
4821720 8879980
6504533 9725554
4011354 1765433
3470134 7447521
3612346 7504441
1264181 7687706
7065988 2793983
9877718 7249281
9433815 3523769
7989783 8716901
3573320 8275913
4593088 6524104
6049783 2881929
4997582 1887457
8102899 8047535
9313788 5711419
4886422 4442784
5839607 7738189
6980111 4642021
7350518 6419763
8022719 7156768
8573557 9863190
4474480 7934245
5686318 8023444
8128435 1338384
1575453 3784236
4545291 2855779
9280826 5938861
4752921 4564320
6508045 9371698
6494318 6591392
9171866 2032499
9593730 3357092
9865259 1056335
9873923 6166429
2390737 3444944
7564991 1414666
9198029 8315258
4087291 1867982
8668770 2647468
1499870 1506948
5414612 7770309
5273741 6477134
5293228 8297477
6310728 8031554
1183930 6188277
5814887 7482657
4041108 5119269
2598642 6005307
8123939 8741987
5601930 5386931
6238629 5719182
9242709 7215707
2553273 3158023
2871403 4826077
6624010 4901013
4772994 5441896
4876183 2578363
1906904 7528610
3675267 5127500
3151658 6719897
9097649 2181055
1720893 8051342
6189486 1964643
8137691 6702008
8218269 1382989
6275282 4410149
1210177 4706908
2807704 1127399
8037694 2265032
7760848 5882597
8455641 4443193
9330074 8270163
8868385 9533038
6584168 5025462
3814996 1786459
4845778 5493762
3605410 3115809
2995166 3610426
8383653 5133453
7352047 9948397
8248395 6443483
6289610 1005548
1721875 8586429
5535897 1213133
1860572 3865553
6029844 9567735
1349320 8779927
9579704 4740549
5377417 4398925
7771574 8542059
9714014 2284525
6612014 4303364
5065288 5973910
3827776 9575976
9672154 1167904
6121153 8538416
8353383 8997493
7515788 1487635
8592855 6747872
3344667 1270312
8694371 5756175
1012377 1008809
4256959 1309064
7112935 8376720
4159658 8410320
4319179 8368642
1491581 7383210
3435848 5532637
6615752 4549639
1089389 1528885
7936932 2689886
9209775 7853769
3461471 5199167
2249345 9180030
6114546 7807963
6763302 6117626
8402890 2766122
9606980 2865167
7563515 1424159
1708471 2164821
7186945 9044295
1946231 6121107
6842495 6826956
4347174 2894671
7676850 1398907
3933628 1132269
7743419 9594308
7241698 8827312
7179820 9745230
5590372 2683455
1290268 1101401
6704733 2973075
8879777 5928455
4204478 2609138
1303869 1802299
9966400 7413916
3164403 9910958
6975523 9691605
5225204 4601860
6991957 6160980
6579432 7815988
5968416 3014767
7670608 2463790
1895387 8655197
9512582 1441293
8819371 5387118
3260851 3306442
2047327 1886086
4200921 9766564
7947756 5851399
6858711 4192447
8697202 3615899
9253670 5941149
7925079 7281620
4908943 3981247
3978064 3078403
7344303 4947537
5117441 5592442
4868208 4126016
9864295 8268125
1830189 6521264
2503959 2839057
9679281 4920460
3966985 8418358
9241169 6071769
1989036 8341513
3958444 7197407
2564783 1827990
6136053 8869225
5689803 5760211
6925702 2723844
1469506 4872733
9429004 6372449
3593976 1218969
7973150 2430044
4557324 6499005
4433340 5053554
6867748 6898637
5841569 2770511
8654265 2616451
2294145 6542134
5242268 8389764
7109000 9583983
7489823 9210975
1146126 1481532
2895211 1612682
9727425 5241115
7679089 9785370
7737141 7215472
3610344 9730130
5415288 7220519
3808457 4222331
3567093 2074295
7626762 4154734
8972152 3593080
1163274 4169172
3837963 5659074
8032187 6606735
1283149 5346479
3420919 4530448
2257156 5696876
9138914 5025859
6024971 4125422
1850991 8298031
8260713 8219917
1896941 9456029
9959784 8892972
3831101 8983380
3447317 3640134
3163189 8064074
8303620 6637417
9080661 3197678
3444339 5515744
3080606 8195629
9063149 2742956
2162461 6248927
3164808 9719900
1751271 5265535
8391615 2331788
5685569 2439006
8822256 3308704
8736806 7842243
9122432 3101773
5999074 6916082
7643297 3602866
6233608 3536875
6076577 2456174
9706810 2976587
4694750 1301680
5437725 4216431
5189000 8416774
9211596 1034760
6299233 5230225
6464911 1148604
3581552 3471136
6540582 4995864
2115170 2010274
1198744 2452176
6469237 1262565
1009849 7913069
6016896 1410005
6588702 7986487
6055942 4068615
6332562 8749660
2844079 7669857
4868158 5630438
8373590 3901531
5846618 9007584
1468569 7326699
5890581 6891775
5176601 6460195
3037255 1767707
2992412 9032383
2904818 6709224
2233485 5166908
9491388 7359396
3422809 1380394
1681438 3336521
4217906 2991041
7820265 2689778
7504071 8896997
7004765 3463657
2137070 1418902
9928971 2255693
6907090 6362564
6593686 7199712
5191060 5885966
1505126 2786734
3357740 4019248
5424468 2525683
2082389 4487635
5095843 7135771
5059574 9502688
4294955 5444808
5259453 1367197
6046239 7385708
7860451 7777470
6387469 5424542
6250232 4674230
8344883 8237091
4658777 8282426
5681363 3824579
2743374 2815948
5965926 6417093
4215759 3052503
9004072 6360230
1425549 7864475
1216122 3036614
1593236 2587925
3934345 8029931
3295801 6072085
2673936 3226580
4983604 8958230
8087491 1039553
4022029 9811273
6194522 3915982
7266623 5446054
9162627 5275551
4837493 4875993
8168216 2629866
5328810 7982212
9083344 5902654
8829396 5813768
2020352 2751782
3718512 8601119
4282403 5856208
1186481 3216634
5283286 3897336
8461770 9282907
3892304 5601968
5885542 8906483
3367826 5110956
4105786 7747452
3160026 6415980
5489141 3047370
9408423 2011683
8460350 4446470
9087001 3865922
6442688 8663479
5990121 3110736
1303209 6457806
5984262 5642470
6248543 7143745
7921656 5554091
6626675 5049814
6287940 1688071
2333921 4431705
2116331 3831385
4826799 8334604
8220892 9080204
8417553 3360143
2701090 6028114
3831643 3638792
3325086 9068261
4100718 1878385
4854095 2337715
4193655 4434985
5603798 5305825
6322501 1186076
2715882 7167102
3459646 9256844
7984618 8035778
1506389 1613494
8231991 4194352
8609645 3080261
6369542 1072342
1875299 6752087
7352249 2258474
4066453 2404221
3264244 9712227
7393120 1483541
7162279 4400363
2626183 7919925
2213529 7144662
8165543 9512782
7542194 3538649
4196694 1593830
6844560 7788270
7119567 3964072
2058974 5904894
7100035 3636076
9177539 1029091
5514458 9564220
5417859 4230943
2114728 1844953
2106675 7793137
6219066 7840280
7498458 6932973
5943154 7872326
9414617 2053370
5025934 9162360
3970333 2065225
5503229 3708882
3725724 4813323
6808074 1462589
4259257 2788721
6939093 7429344
5240540 2669732
1409689 2132086
7833049 7994182
5231699 7366887
9085163 9336466
2270830 1246502
4854403 3643156
6832481 5138983
8506557 1168451
9655074 8433872
7311522 8758780
5732089 2077022
9050890 9536116
8675569 3085703
5105714 5828765
5227977 8559227
1982609 4268906
4168020 5511885
3951871 8305591
5959388 1547083
8212198 4456358
4270953 6960190
5576474 8074441
4635635 1394836
7447620 7512512
9757278 8441281
2048538 4408443
6178107 5824105
8296050 2120096
3346915 3318489
7127270 7951637
5118649 4135722
6896957 9462716
9803958 7253027
3377103 7146642
1024549 6759499
7604958 3899559
2113237 6645092
9687619 5793716
7111120 7305152
2059465 8744470
5652912 1341741
2407677 4254789
2451087 6563751
9562795 1859710
9137868 3931006
5908110 5182385
1563389 9418681
5225359 9981283
2498967 5631999
3833594 3504908
7775632 6768347
4759949 1140896
6754125 5059918
4778704 2780885
9837163 9359120
7936136 8921845
1896380 8692000
1696225 9497648
