2000
10017 19209
8142 15543
14199 4504
14078 1981
9432 13431
5681 10463
18929 6360
6966 2460
7910 12803
12019 4774
17253 11783
16212 5344
4923 9438
3928 2399
7158 17293
11423 10813
12513 12471
3687 9602
19973 9325
4283 11449
5329 2503
11470 7313
17284 4120
10205 13006
18629 15543
16182 12752
17998 2505
544 2681
5173 13803
93 8803
1015 17903
14211 18157
3431 2680
7150 16727
17228 18651
3770 8774
16218 2420
15179 15907
13762 11491
15581 6894
13034 7248
8034 19691
1645 2557
6376 2094
3681 1583
8378 9707
14133 12437
6055 5042
6236 3346
4190 6432
15202 15324
19452 11384
10751 2262
2104 8398
13052 9255
2268 10088
5509 11545
10506 17934
2728 19966
15791 9527
6823 16999
9945 17271
846 11551
3019 17691
6801 3311
36 2447
4940 18363
5207 7274
19089 9744
3313 5458
5618 19214
999 9667
15018 18490
6727 10316
10879 703
16391 8040
4134 16415
11372 12140
8443 10724
1728 9851
18356 6039
15106 2061
17906 9964
5690 4674
3250 12508
13253 5589
1238 6863
7485 17774
16352 7765
13795 12902
6043 2862
2643 7616
17915 7462
3494 8273
11652 17917
5427 17600
13761 10159
10468 3152
9095 30
9107 3098
7655 7137
1106 16075
898 11678
13678 4875
9155 19437
15498 2040
7235 19355
17386 15140
9761 3113
12298 4575
11824 13210
2620 6872
8181 8748
3561 13520
8490 6379
16390 3036
855 3174
2443 5780
4029 14808
5252 8574
8306 17530
5895 15811
14137 17435
9671 18046
5769 2333
11358 1192
17510 5311
11574 18008
3513 9991
7137 8182
12759 7724
11350 19039
1478 15705
16468 14950
15489 17031
15074 1433
1011 16884
5444 3255
16406 7959
1547 9476
6088 10039
17531 10787
14215 16402
3470 5613
3512 13295
7809 4909
7931 9013
5586 4875
11600 8084
13923 6377
15134 14652
9981 3749
6470 11361
556 6104
3348 11840
16076 7468
18240 12653
17230 2793
5820 5238
13273 5086
17148 6181
7689 11732
15924 15794
16146 3508
17999 5490
13151 1671
3191 4827
11459 9426
1918 10928
6649 14199
1685 15455
13622 12119
11875 9102
14053 9088
13771 30
8084 9680
14977 6364
14535 1027
1596 18224
1799 18994
266 15423
10344 6550
4642 10767
18150 6796
10765 13781
12975 13882
17138 3675
1033 312
16028 2814
6295 2957
9375 1445
13951 15361
3007 13729
14974 7689
2439 15990
6375 12474
11420 12622
17004 11393
18899 17465
17874 7321
2177 7468
1312 3873
8555 16094
5768 15246
3504 372
1472 6139
14770 6920
4656 8476
6564 4483
852 9613
6466 4661
4408 16630
12110 6165
16806 1072
4293 833
7013 6307
8181 9569
13797 2607
2300 15734
5769 2187
10027 1972
982 16470
16290 12009
19328 16271
11061 14864
14604 10135
17919 18373
6391 7785
12622 14752
15670 18883
10008 2044
9575 10965
17334 9420
5784 5937
9927 5050
1745 50
815 2927
2907 2984
5691 5948
7234 9807
3025 10235
10749 4295
13479 5176
10368 3196
5903 16284
15337 9351
8210 1543
19246 11405
13112 17383
19025 15361
14343 738
8789 9143
14683 4698
8312 14056
9529 1749
13045 7253
3459 594
6535 15532
3486 8950
17479 11681
14869 19771
9375 17300
7849 8218
14746 15754
15107 15666
17178 15666
4738 15103
8500 3854
5195 17115
3240 18744
17502 11600
5322 7354
14605 16372
11942 3894
19105 6678
3809 10650
19975 18047
3926 5932
14611 6941
10466 12458
15745 3466
8969 8668
5424 9830
13823 19475
9765 2121
4425 17485
17323 17285
8657 12924
1971 11609
4893 605
19878 10977
3891 12670
19262 8659
12967 16931
13106 19973
15671 3303
2222 129
15306 12616
10861 711
12305 10610
4541 15653
329 5198
4412 12279
13141 12035
18245 13545
6411 6587
15015 7286
135 12299
3439 9950
18439 10199
15194 6477
13216 15978
16843 3751
12253 7819
19775 19370
19945 9929
5527 2724
17952 13754
16298 2288
15240 17350
16147 5740
17908 8841
13650 15958
3537 10230
18809 7484
3744 1396
16112 11095
6409 19144
19232 18425
3284 432
4352 11682
17140 17647
5568 9527
605 11639
1380 16678
2391 8401
4311 4345
920 3028
16615 9500
19864 6420
4969 7641
17729 5346
13437 16038
17277 4732
13694 4991
7118 2897
14360 8544
17836 5947
16101 4999
10205 14638
8516 15680
10109 17021
17331 7017
14901 9267
5483 12667
6051 3613
4657 6618
11427 10244
15330 12200
15139 7086
14334 2910
17733 2746
18960 1196
14283 19674
7132 16828
2435 17857
14328 11661
14159 1159
7998 18904
15397 10540
15553 13967
11675 8333
14601 19897
5350 9491
10358 5479
17930 15816
4997 16829
10828 9431
19342 5466
18975 16211
17696 11026
3771 5278
12965 17920
18467 3789
5016 17223
1969 18180
7622 10750
5582 12945
19332 14614
18842 9365
18695 4820
16532 528
1209 17631
14482 6689
16827 13436
15557 4126
15517 15174
13582 3851
12503 13888
5601 3672
9585 12144
1757 7959
16545 4674
19467 12803
11358 14908
15672 8006
16288 11968
16199 11001
13624 5087
9049 17374
5499 4122
16503 5972
6085 10390
4133 9155
7945 7997
12315 2751
5284 4340
7975 8231
9024 7595
18027 7742
13457 11599
15863 17973
8361 10385
8872 16219
2941 4204
1288 16311
17938 14072
15089 1752
19684 9177
3565 2701
8600 13922
14619 2471
15887 4853
4666 12775
6530 6152
8590 7699
7737 11876
14297 13178
1544 7159
2266 15064
13400 7902
15386 714
5280 19338
13967 19523
11399 2595
12904 7938
5505 17505
2892 3138
10987 13194
16160 14557
12767 4187
17686 4835
428 17109
861 925
5503 5775
3868 18743
194 4065
18435 14184
12874 8136
11130 12062
3695 10926
17769 17222
2205 3310
14732 19076
14687 16293
9495 10914
15401 13619
6665 15997
4665 3694
1250 4021
19780 1385
18637 9321
7566 3303
11890 1608
11998 7169
14681 1561
1757 15793
19576 11016
7426 4170
10561 16580
6574 16325
19462 7646
15294 11372
13317 9697
9751 2591
17060 16639
10212 3474
7556 788
9828 3490
8465 1357
19853 14449
6480 4246
15119 18558
16847 4601
10914 15247
8357 344
14545 4879
17759 5859
8069 12791
16160 18578
19546 17583
11464 7480
15242 17931
19798 5278
13973 17588
1086 9784
19492 7999
14757 3582
1930 12209
17248 13676
15337 4636
14905 4640
18935 4614
12890 13463
2417 15999
7142 9670
11604 8691
15885 7761
13547 1621
10385 8133
3712 11995
13413 10747
15515 2663
14936 2851
7339 11956
14561 19820
11326 9431
2573 4218
6428 19261
6213 287
17869 9946
3352 16906
5238 14730
2457 15867
6556 10501
5939 2249
15406 11203
11309 5820
13594 4766
10917 9821
12782 19745
6645 13635
16541 5254
13748 7805
2665 15646
17752 12353
14662 14424
16604 9616
15338 15150
8656 7147
291 9534
16317 19101
4226 9224
9379 13335
18874 8701
19764 15092
18963 6749
2507 17513
15095 8785
7290 15736
3729 13126
2033 3916
18800 13072
12800 10492
7994 13003
14873 3664
6923 7900
15867 3359
15056 18228
12489 3910
15152 18698
1839 19451
17562 5184
15816 7431
17435 3400
1955 2650
14197 10761
2421 4231
2641 12507
10558 9874
6810 5193
8533 10119
6003 12827
19145 16382
7060 14644
1581 4612
11657 10773
17614 10701
3484 2144
12436 5010
17008 8135
19402 562
15504 11655
11090 13890
427 7610
14661 350
8350 3384
19540 15590
5984 1968
5132 17122
5671 15081
8449 610
15932 17780
6545 11787
16190 12025
15308 18908
18118 9870
7718 16391
19806 126
2350 12593
3577 18313
12936 3921
10586 7117
16954 8794
15927 14002
9593 11661
8140 18872
19835 11378
11310 15026
19931 9558
10096 1775
8545 16611
800 103
796 8753
14183 9367
19775 6039
5724 11138
1350 17100
10586 5746
15811 19156
1510 8246
2030 17597
13478 6175
8798 3223
15710 16550
4584 18211
4039 8354
17220 18878
10270 3144
17947 16374
11267 7849
15841 14416
18469 7072
4360 12458
693 16065
9669 14849
5535 18340
4809 3050
17347 6774
3942 15906
2970 15015
19975 6678
15769 16732
17992 3610
14999 2705
5576 1669
5984 14109
12792 17035
13343 10488
5227 8971
5342 16387
9157 11132
5447 10748
19633 17785
12505 16922
3606 9476
15804 17370
16737 1763
19688 16855
8498 3392
17026 16059
17869 12149
17954 14754
3761 14776
12450 4969
12238 12545
429 18624
3302 2812
15286 9458
7474 2171
18736 7001
17786 12122
9498 15482
6436 19352
10243 10732
3547 9776
19746 420
4726 14113
6049 18807
14603 950
298 13073
5621 13712
5298 9130
7855 11539
18105 13748
10374 5023
2303 13769
3945 15551
51 19695
566 18957
11344 5234
9865 19470
775 8366
3603 1572
1199 5486
7435 18537
3235 10911
17779 17268
10875 7683
3645 7904
12251 14325
12731 2186
9856 16444
6484 19930
16662 5241
13092 5713
5135 15204
9865 17267
15864 7474
2368 114
9676 10757
10340 6881
4580 7473
7131 16228
6546 16794
10157 302
9582 2362
13397 14889
3569 5404
18230 8984
13855 2134
6575 15327
12408 1258
5771 17150
17097 3676
11553 16751
5006 4316
17678 281
10057 11311
19275 14666
9516 15801
10393 11897
574 7007
12393 16862
10427 8242
11405 10685
11539 17682
3328 8760
16169 12411
11451 12453
8637 17034
15099 1044
19915 10245
4925 1395
2518 12294
4386 492
12575 12779
3347 7183
1607 15286
2677 986
14700 15097
12188 8444
172 4613
9559 2405
559 6701
16299 1452
6217 4368
10462 17720
18659 17075
4407 14280
14799 15050
18719 18261
64 18300
6619 13156
11789 16608
9975 10020
2891 8014
10325 615
3927 14433
11606 128
5131 16665
5258 4887
5654 6548
17476 11617
19103 12505
19913 8213
414 18463
1845 6282
1119 4753
17309 11187
9960 2255
3734 6075
16828 1703
1768 19773
15309 13771
3431 7528
16484 10793
15418 18177
6378 10464
5025 3770
1207 15477
18882 2818
19378 12172
10705 14542
16303 1126
8490 15333
5133 12558
3379 18628
4270 11938
7504 15684
18090 17893
16400 10567
13377 12245
18204 7377
821 970
16642 2945
12877 6879
4193 3262
18163 10804
19229 8695
1550 14190
13365 12802
5272 18852
8066 11510
10379 1332
18927 19681
17473 15802
11414 10797
19593 5688
6596 15337
913 4855
13160 1152
5871 13776
16499 16608
16874 1124
12234 1939
609 4765
7594 1393
7639 5069
7017 8464
6101 5454
5782 6943
5625 16693
17225 1095
11555 14333
1346 17714
17294 2338
1417 10499
17676 7180
11163 3708
5940 14504
7164 91
14991 12301
17436 13530
331 14913
12119 6587
12173 15681
4223 1077
22 16168
15117 12147
16583 4374
9004 14650
10495 18147
4044 9473
5842 9327
11018 752
10882 18273
236 6314
15436 18232
1269 10901
2304 1112
5160 11818
17851 8096
14491 17480
18183 10638
14852 10223
10773 7886
3352 1060
565 13755
18119 6743
8276 3161
345 16888
14230 8813
18552 3473
3970 14517
19440 15367
18534 12490
6099 7014
2701 17465
1460 14
5088 3553
782 15156
3365 10585
3682 17263
7448 727
16238 8430
19372 7685
17971 10050
11438 18956
7553 10818
881 6638
5779 13022
11589 13247
10150 8052
626 17257
6638 14454
1367 11410
9420 6431
13508 9855
57 6727
18077 5526
18576 17783
18595 9021
10814 13522
5411 2521
3755 13691
2815 6143
9220 6254
13877 1688
15782 15582
14178 11830
3758 13927
5578 4862
8225 10779
17308 1889
16465 12358
7221 12853
9592 11288
12433 9647
8413 9458
19567 9383
4289 14834
19791 16397
1236 13866
15241 5147
5378 16112
14685 19089
7539 13195
15049 7655
6194 12553
11226 12915
8822 7481
6537 15214
11940 1830
18582 19852
16543 14418
2898 19048
9480 15794
14557 11059
991 7349
2458 14120
4698 10627
4228 8800
12398 7571
14408 5540
209 16209
6171 83
984 17707
14691 16666
5711 8482
18257 10048
16559 9157
16139 19352
11296 18292
3917 18342
5257 2878
10059 5611
12550 4915
17716 17482
19145 5564
5143 2634
17305 13467
16251 14573
19637 1055
466 14780
14155 7403
9597 16197
13893 13619
2051 12331
13666 17598
12911 19753
13373 15237
18032 19599
3631 345
4564 5127
13788 2941
14611 8748
16555 10234
2839 1110
7658 12506
16027 5102
15548 10016
8655 18600
2760 12706
587 9635
19688 2848
11558 16636
18838 13269
13217 13152
3874 16415
14115 11399
8692 10324
3286 9989
1788 2849
19574 19685
15898 15444
3285 12864
17733 9321
14723 12600
4777 14547
7084 7596
9522 4486
19605 306
19126 16607
12759 7002
5302 15927
6571 3363
2541 14632
17316 11259
16515 4594
13031 3164
11889 14233
5730 8505
985 13565
12455 17062
1743 6472
5871 19584
10743 5585
19788 18724
19027 14653
12414 6559
14578 7708
10606 8380
14692 18293
7937 13891
6077 7846
6005 14770
8360 2549
7452 14801
10497 5967
594 4798
5342 14693
8940 18036
1356 325
15837 17604
18031 12030
10177 6879
9423 16646
3357 1876
12095 8747
18230 18160
16747 19650
16733 5680
10611 19843
10357 94
10064 5095
4977 17969
3857 5226
174 14459
17522 1414
16862 13187
9177 1019
4571 13967
3359 916
7900 5638
4962 15608
2093 16963
7195 9140
7021 8641
2118 2179
12325 13843
3815 6312
12056 11058
17741 962
12185 6251
2814 1602
16094 419
3414 6554
11091 10074
3411 8066
9968 2251
13869 4462
2406 11645
2817 18482
17211 15048
5002 18671
831 1893
11255 11200
13697 17067
10739 8333
13117 14202
14758 15364
12060 18586
17347 10793
1970 5703
14204 18968
10289 16526
18412 1935
3108 2816
14390 10344
9062 6097
14985 6576
17943 10599
795 18024
17647 18657
6214 5542
1454 2910
3867 17524
12769 5679
3605 13519
9900 17649
5930 18296
19096 19145
3998 7587
13211 16958
13975 4337
10280 12169
18028 1509
690 8109
9253 9512
14610 4121
8432 10886
13134 18127
13231 11584
3359 5751
19372 8770
8636 15779
5368 7106
19383 14288
7623 274
3039 10286
15107 5725
1439 4556
2359 12796
15448 8232
11728 7973
2845 15785
16299 13244
18812 18905
15936 10943
165 18320
3750 15373
4640 15114
12654 9894
17132 15756
11830 12527
14852 18556
7138 4593
2257 6720
8132 128
4549 11187
10445 19669
12436 7166
17776 1681
9682 2932
19989 13613
17893 1059
17979 6226
14807 7975
12278 18018
15493 5979
12080 11387
12633 10677
372 3196
18821 7447
6170 16858
18222 10468
19180 17503
13590 17152
2813 3924
19348 17217
6429 3654
14824 5837
10606 3485
8779 19865
9840 16586
19556 13280
8853 19258
19618 2452
5192 11891
6152 18309
3598 7924
3531 6164
6203 15065
10895 13401
15295 2708
19059 1997
19545 10483
15057 10885
406 3450
10643 7569
5959 1071
18689 5836
15691 17805
1331 17382
12004 19072
4535 5001
3047 11800
1173 8145
16306 3265
8069 18253
9028 2440
8671 9369
8063 6100
1916 18106
9464 686
2287 16157
19800 1004
16373 19998
5836 7839
18699 2419
3006 12032
14060 17701
18724 1001
7662 4042
16082 5771
3124 6472
13651 4992
2967 14224
1403 5013
11153 9300
17368 14923
17679 5648
4964 12362
3104 7053
9585 221
7565 11044
3339 688
4685 6091
18142 16204
16438 15569
15724 9633
13429 5391
8099 16793
6168 14144
3454 2733
2935 12164
3395 11768
10427 6669
4505 19689
17505 11597
9076 14770
14540 16285
1296 17444
11290 4212
3038 18181
1783 15578
16377 19134
16808 5891
10696 4495
12567 7651
2559 10007
1524 12176
16282 10759
1640 7615
15696 2957
3694 4766
12733 13368
10524 8369
19493 6113
2123 82
1228 2910
9598 13170
14125 12669
18604 2579
12071 2954
1988 6190
10265 14282
7896 6282
15495 13221
16807 4773
15661 3158
2312 7578
11126 9230
14924 9596
15708 13956
17318 4867
8523 824
5279 19436
15914 1120
18070 11406
8649 14884
281 4567
16618 5507
7382 3295
11947 2575
4486 12150
8257 8814
12628 5559
4474 19228
12203 12402
11492 2947
5064 19885
6124 11385
10328 7072
2994 1242
13471 10956
17704 18867
13634 1734
29 13388
7240 1236
11894 6650
19668 552
18929 731
7694 2858
384 19462
17264 15232
10159 4235
10151 11861
19597 4072
7042 5534
13632 665
3651 5569
898 11235
18433 4832
7618 6769
19151 18133
10114 18939
18769 9002
3645 15892
6025 15891
19930 11240
6822 9861
6262 701
13246 7025
3975 2221
3497 13440
14895 4044
16450 5632
8743 11184
14404 18440
3654 4201
4520 8749
14724 3592
18245 7549
4983 8988
8161 14664
14215 12963
3630 4770
14953 9851
14639 6048
18931 14081
6689 9265
10443 15843
2324 6310
16607 17549
19964 3246
17244 2753
1469 7770
19440 12338
10373 5299
10675 14754
1805 348
17383 6205
17395 6252
7141 7205
12120 12295
6635 9820
8212 5351
2386 8618
13798 14967
13463 7386
19641 3289
4507 4230
18620 15087
12075 8366
1844 19341
15 15071
81 10529
10262 16895
5681 2044
14427 12382
5299 13004
12954 6431
1487 13653
15276 13497
4236 4096
5974 15472
8119 8906
4591 10976
6829 17300
11681 8058
13233 3114
10964 3743
13257 18058
5805 18369
4225 9275
4843 8299
14848 17609
17760 15587
1797 9616
10885 3244
15122 17067
15492 12740
7011 16366
14816 5604
13220 12200
1398 1436
2671 7271
15009 12662
599 16183
936 11523
7109 16737
4793 4658
1399 18171
15713 7493
19578 9783
12423 5175
10570 7888
17314 9442
11619 10275
6208 19956
13822 13697
3532 17511
5274 1741
14290 15036
14846 198
4166 4828
19192 16565
10897 16456
12577 11705
13912 1253
7053 11206
14999 1796
5527 17615
1971 4433
7525 6629
4766 19031
8813 15092
17941 1433
12333 6844
5770 3735
7849 2833
824 8401
11837 7822
7999 8019
10227 8621
19251 13172
16777 17697
19191 7479
7712 6787
1497 9943
8831 14086
6255 9867
11315 5606
5039 8055
15435 19770
13524 8545
11935 8423
10872 19234
934 16783
3899 11137
19012 16439
6798 597
17 14398
10391 16755
19812 16282
18005 6645
1666 19073
4247 13765
19608 5753
4562 19484
19413 6557
11596 17776
18256 5246
4179 4699
4075 1980
12698 3375
11362 8507
6245 15253
788 11498
16075 9234
8520 15835
2723 7950
15799 15840
13579 18800
18313 15254
16268 2702
15270 10566
6566 6521
16143 4168
3446 9418
4669 10496
18079 10861
8144 13017
7029 3776
441 16248
18783 2201
11258 15375
12025 17750
11678 6659
2449 15853
18786 10651
17243 11649
8295 6012
8427 15385
16604 5156
12277 14102
4739 6890
8839 12942
18934 13998
2931 18445
18577 564
13353 15883
15412 11067
16608 15602
12078 17478
19733 6350
3552 19766
9838 18977
18009 17693
7971 124
15939 16647
15561 717
3456 14493
7857 529
4241 19837
15563 15334
3903 8901
4287 18595
16066 4940
14634 15457
4929 5235
16420 11018
18526 12684
8798 14254
16333 2454
4625 17716
4438 16546
14708 6943
17148 11815
2307 3406
16501 12598
2042 13481
18307 12162
15238 15723
19585 6652
3533 2968
5617 17211
18304 10687
1361 17512
2888 17752
6788 6091
12239 16606
13129 7755
3943 10074
6075 5097
539 6591
14406 13414
2278 12888
16953 3614
6281 10163
3279 10998
326 3415
1641 10335
19404 18282
4179 5739
887 12908
10987 2962
8881 16361
12794 13972
11098 8295
6094 9957
15748 13917
18734 20
17847 8494
10807 16295
7416 13339
14545 10738
2518 14629
8490 18201
18526 2254
12919 18245
2911 4559
11524 8552
8816 11047
11153 5546
11318 17699
2797 2065
7511 9646
12149 3535
1648 10871
17678 7639
5151 17882
16990 14797
1199 10988
11867 11830
12316 9966
11287 8531
11500 17619
5800 12146
7829 3349
11705 5147
15905 16099
11544 17742
17669 19111
2459 17262
8055 2028
9280 11165
6638 46
8233 17661
19750 54
2980 11821
3689 12923
18370 7483
12998 4113
17559 17570
14077 4138
3204 3975
17963 2575
5322 7537
17860 15964
1490 18771
9868 17591
12335 17460
463 17234
8889 8525
12705 19248
3938 7356
5264 11366
17715 9834
16488 17929
7177 13609
4895 8120
18760 18761
6383 12183
14501 8235
14014 12945
19522 10899
15541 12938
15292 4488
9457 9835
6338 5424
19344 10975
232 5860
1580 17642
3105 15201
538 17054
6865 11049
941 4216
6386 5752
19871 7534
7497 11178
8799 3095
6952 11750
1011 4773
13017 13214
10170 15921
9642 12847
13450 21
431 16862
18585 16826
2351 12200
4538 6874
19016 17526
8524 3112
11113 11637
2475 14908
1118 2567
3365 12635
3573 12156
7749 18574
12353 3907
2456 13454
14326 111
17234 12425
14363 11383
1834 4113
11849 15902
10713 7591
6834 6236
3182 15869
2023 13064
13405 282
1765 9522
1594 8385
5676 2297
19609 3009
10916 8759
2736 8628
17999 1359
10969 14955
14771 11171
6759 9059
18278 8886
19414 16770
16598 2592
16314 464
6141 3732
9912 18576
16736 11483
3266 9649
16878 4932
10829 16026
15671 8299
3334 12653
14851 5626
17335 1363
18210 14576
16617 2206
974 975
6549 1839
15521 15477
18091 8734
17962 11597
9353 17678
15451 1057
18428 13153
5826 18630
14834 767
14234 15799
15843 13878
18330 15629
16981 12639
15690 9402
18824 8378
3869 3972
15067 7341
1737 14318
4412 16075
6542 1651
18989 3079
14484 19498
14375 8192
12105 8209
15359 12298
10492 6759
6293 1165
10619 1308
3441 14046
11667 6724
18089 14408
5264 9044
7475 5269
17022 9066
12617 5405
4182 8495
15432 9605
15762 10727
1811 19246
10337 13562
11336 5433
17114 1702
5245 18441
15720 13797
8948 4528
14476 19200
392 18476
19222 4783
5800 12180
5282 4160
2063 5298
299 16215
9213 8114
7785 3496
13207 19815
4721 14247
15185 7970
3239 4294
13304 10368
14548 10589
12469 10976
2573 6773
4543 10949
6651 5164
12218 2045
10165 18162
1738 12741
3409 2567
14652 375
4195 10900
614 7319
2657 4761
11486 3019
6788 18628
16675 14415
15896 12093
6403 1919
10161 12837
10594 6031
12928 9043
19663 16305
14331 7215
4290 3523
430 5210
436 14075
11209 19963
15962 17346
1438 2382
16270 453
9609 11468
9972 11664
8697 19224
14755 9312
14923 1488
3997 8767
6238 1803
3669 8207
8964 18482
17013 18222
15278 5
3471 1794
17426 884
16990 3833
16177 15336
17873 12521
7632 13560
352 15709
3805 4061
14459 7348
15227 19320
1628 7754
19548 9261
4394 5452
14086 4933
3957 8186
10414 14157
6462 17335
785 6433
14453 10763
3296 17619
5023 1568
11007 6149
8950 17800
6874 16962
11984 10777
5751 18695
18758 18904
6740 6826
4608 11091
4849 13430
19354 6911
15321 6051
12586 15293
940 17139
6813 9733
3769 14787
16685 19367
4987 5243
11036 14298
6700 2017
12517 13689
5413 14590
1121 17191
9602 8907
18668 18632
4395 11853
3295 5279
15393 13527
6409 17827
15827 4382
10103 8074
7189 16396
2115 269
12010 7088
10104 8455
15390 6671
13874 13585
6745 3705
2719 11539
3876 4789
18626 7067
18085 16811
5436 9373
5158 14278
1401 9310
17252 355
5776 9003
8433 9171
16956 19918
17784 163
9284 831
18137 19993
14457 4845
17603 15933
1682 3591
18443 8443
253 11310
4815 18580
2039 16000
11913 5773
9547 8915
8203 6785
996 14550
75 10528
12394 7936
10259 19375
6055 10227
3465 19623
19856 15683
10200 5965
8339 780
12836 13032
13474 2753
12481 9639
2768 7133
10554 1451
17115 1903
4075 16809
4008 17313
18366 16078
3666 13236
1006 16415
18925 18114
6597 16482
6731 15827
4721 16110
2776 17507
13099 17216
12688 483
9878 185
4132 14557
4456 19860
9700 16233
1403 9916
5659 11103
19358 14476
14768 13930
11837 17371
16512 14416
6619 14070
16696 3771
6422 19173
7605 18225
8266 6444
16426 16343
132 1511
9815 9054
18010 10837
18352 14913
16013 3909
17007 15895
9939 17049
16870 16395
6320 10601
17524 15687
11043 8287
19337 3235
16961 2263
11227 8266
816 7517
2966 1250
6878 5057
18573 15190
10002 17170
12678 16345
18080 14280
16789 3129
10914 13889
18034 12088
155 8524
15988 10190
15221 19923
13893 14133
7068 3979
6 1989
5483 9333
5324 11424
8835 12449
3868 596
7196 7691
16088 14341
10587 19519
15180 11328
13277 2679
16101 889
5478 4488
2985 7043
18502 11667
17924 11114
1945 10368
11354 14822
10880 3545
1884 6506
12089 14442
11292 13835
12065 3659
2442 6906
12925 13700
1960 7130
775 9668
1313 6244
6532 8221
19160 13942
11589 10254
8335 17186
4917 5360
18854 12696
15381 16982
19529 12563
10887 14796
7793 2795
15869 4027
5841 4988
5909 18537
2298 3467
10479 5254
9375 17898
12580 3819
12342 15058
2000
13795 5661
15435 10456
16182 12942
15666 2177
2914 2185
10409 16771
5490 15683
8287 13210
18613 13158
10932 16207
1519 16805
18300 5860
14749 3834
13672 13327
14140 6719
10990 9521
9098 554
6655 5715
15016 4974
14460 6947
17341 804
16112 8587
1813 19273
10992 14981
3559 8859
15694 15452
3900 2120
16373 15357
17763 4933
7949 14811
19431 12819
8332 5312
12588 14679
9894 12442
8178 14991
5354 385
7627 5675
11329 16133
13491 5112
6872 9041
19212 9213
15337 14054
18834 18234
3521 5158
10362 15781
14997 2777
13546 15114
9104 10281
10117 913
19652 14969
6793 11370
16098 4734
10838 5525
13925 8867
997 2643
7210 13191
19607 7200
2668 468
8334 12498
12517 18499
6474 19838
5300 7205
2506 17773
7701 2248
18573 5172
1397 2140
1278 15978
6417 15862
16125 2365
13545 9221
14816 9282
6801 9539
12044 15781
6460 7712
16965 6084
9532 16332
14254 5535
13043 18441
10665 2018
15530 12912
19514 4142
4914 6339
15464 4752
12805 412
5215 670
5310 18844
4885 8109
14884 5876
18644 8766
6348 2672
1828 8741
6520 18458
12466 9047
2841 11548
410 18444
7427 10515
9362 12527
8136 6456
4051 15128
5599 8710
17332 1523
2617 13729
16318 2456
16490 13407
11815 16503
16385 1066
7429 13752
5236 7425
14705 7634
12049 9682
16930 5943
5566 4911
19031 2967
9693 10540
4274 16553
15109 4671
11568 17095
9254 16727
377 5311
13061 14255
18799 10599
13964 16552
16337 198
16748 8108
7426 19813
1086 12182
16546 7235
2462 8253
17222 10881
13829 19289
8041 2833
19227 8930
5866 8734
6073 17667
9495 11704
2207 5065
14190 2576
14762 6558
18261 15367
15911 9387
6116 11317
278 18997
14244 5465
2588 3199
9919 6136
7296 5704
17432 11045
4868 11706
9673 19844
14735 5181
11785 2273
1907 19785
13957 743
1086 13554
1322 3870
11132 19892
3723 15152
16921 5229
9370 15570
1159 99
15006 4661
19079 2681
9530 9192
3448 12449
10597 7165
16004 9694
18671 17290
2588 9056
3432 8307
15181 2681
6448 17652
11418 2579
12497 3754
6802 17334
14617 2952
17227 2700
14206 1761
13800 15803
17695 19116
8537 6763
7727 4371
17146 17141
1060 13620
3925 11087
7868 1132
11534 8157
14792 4918
9386 15164
19916 4926
18925 11688
16015 10452
440 14463
12812 18786
5870 5284
8536 11603
5204 8084
15966 6843
4784 11771
2519 9805
1416 5712
3530 12851
9445 16403
2576 9088
18075 16383
10221 14593
7388 4629
16082 5671
2340 18673
2970 16648
6500 2676
16031 347
11773 16812
2966 834
17398 10918
19310 16319
17781 15093
17854 7836
9967 6873
5636 11861
16229 12970
2259 6930
8382 1858
18591 6956
7283 12357
12392 10547
9766 11042
8167 18711
4088 8006
4556 2570
19259 7917
6492 6206
16081 7015
13693 16831
14851 18876
2163 11240
6907 4653
17969 18277
8491 11178
1119 2052
18057 2506
18373 8476
5219 5706
9400 16931
16104 18580
29 4904
8716 2872
19641 14508
1882 11396
2174 239
55 435
6764 1537
19730 325
18069 508
12194 17640
14169 9213
15952 1792
18556 14334
16922 564
8157 11004
16994 17983
2904 10497
3331 16612
6407 1277
19411 18902
12891 2770
8245 11428
16011 15709
4301 1303
1632 6068
5634 13440
15353 2337
720 12219
12105 10303
4414 5390
13273 10364
18487 7916
18953 8421
12917 8188
13535 17501
13481 12628
4004 16907
8973 18722
16717 9891
5256 13485
2756 16660
1683 13661
17658 8332
3793 4088
5934 3403
19687 15036
1445 11712
14164 11776
18340 19680
15030 11769
10360 15502
4199 9406
10703 1432
572 9388
1886 12037
3536 19473
819 4512
17570 11830
8130 7858
6458 12941
14220 2875
19396 19407
16954 16832
17951 8292
13070 14433
3516 11479
8524 12174
16579 8635
11440 19127
16716 19658
6938 13610
6547 6467
15389 17148
17849 18085
3159 7502
11451 16776
8034 15856
8386 10475
2521 11922
1054 8523
10733 1885
7429 4144
7826 8249
15072 18348
237 9538
6540 7014
17348 14323
15400 10872
13271 19956
4134 10039
7571 8552
13887 7268
7661 10504
11245 6270
5146 8173
10898 14005
18737 13866
7971 6100
10823 3211
4241 13898
4398 16513
14938 5011
11650 14086
7199 16558
3920 635
15256 1458
9772 19352
8530 6165
7101 4973
6480 18252
347 1242
8057 1813
7452 12825
8670 14704
7449 1807
5459 970
6891 15384
11025 6699
5114 1304
5930 15124
12870 9259
16879 6053
4467 19875
10989 358
2288 321
19071 8085
15911 18675
6235 13156
18770 14797
13699 2406
19010 13380
3572 18412
7024 17895
16328 508
17704 8795
19023 11158
16917 8887
16578 15379
69 19242
2233 8242
2786 19744
7252 17040
7331 17740
10628 1226
16790 357
15934 14686
2803 17167
12750 5927
19364 11957
19760 10892
7337 9348
6147 15973
16172 3779
3510 18933
14948 10565
19389 10121
13064 11100
9834 13250
17111 14103
3939 18575
3287 10692
5251 11910
10309 16654
16964 12973
3751 5740
8525 9565
17532 7594
17102 14010
18655 3479
18102 18671
18266 9446
4056 4062
3865 307
4775 16608
4824 5447
17833 3980
2405 15766
18676 13360
15938 12548
19659 13831
11660 6050
3219 12163
894 18673
2826 14149
16809 12206
4596 11300
1599 2030
1813 10244
14548 13287
11438 16435
2056 5895
11364 1061
12542 13020
8005 12014
11991 9493
6411 5916
5892 6160
19053 14238
963 16167
3374 11763
2357 1798
11301 13190
16700 8134
13865 13257
19222 8184
11604 4914
8332 2224
11965 19222
9722 10452
7334 8190
3431 2974
3417 14356
4836 4666
8464 15724
18641 259
19398 19529
202 9544
16450 14493
5425 12318
18240 4932
17575 16670
10873 9091
2373 7549
4399 13882
11262 7158
5211 18372
17016 10910
2151 4438
12554 13737
6862 14482
7097 8724
5671 10221
10760 9991
12481 4604
650 12172
8797 14637
15648 9120
18048 798
5252 7032
17683 9326
17718 14779
13476 12372
9930 16081
13693 18825
13323 11621
9575 9849
18797 14997
12354 10566
4783 12935
14388 16825
17931 706
17507 12097
18089 15769
7330 5046
16021 2500
17864 15687
19175 19904
17947 17911
11728 11436
3258 15639
11255 17894
5218 8423
12108 963
9793 8909
18465 2434
12914 18131
13329 2413
19973 44
9202 754
1402 6735
13554 8360
12046 14424
13707 12969
10948 1758
16924 16275
11481 5204
18828 7520
19632 18801
10977 5493
6255 599
5513 14072
3123 8384
1889 16283
12659 17599
18616 19784
7292 19509
1919 12877
18740 11685
7147 10507
6409 19567
18971 14143
15562 7349
3427 19057
13716 14362
4738 12756
18161 4449
6685 3229
18380 16350
5048 11221
16013 8409
11359 9379
2708 18708
18881 16483
4190 18473
3873 13348
5397 3963
1626 17656
3738 7610
12288 9671
4036 11688
520 18137
18105 2030
9333 4502
12914 12690
8064 16554
113 5288
17760 1638
645 13075
4464 13516
18694 2821
5495 2131
13959 18815
19087 15464
13365 14450
4942 527
6310 5157
9375 7062
10866 19240
14206 15308
11119 2037
3543 1100
8478 7846
6677 15868
11334 16982
1000 7287
7847 14428
12885 15092
13898 3082
583 12348
14696 13462
18737 14876
12903 15319
19059 1597
14350 13460
12903 4331
3559 8384
10613 8560
19687 17711
19596 5918
7293 4713
13299 10116
3280 11105
1434 6466
8115 6555
3837 10364
10800 15269
8484 5490
3685 5830
10057 353
15891 3901
5824 1842
881 11629
1463 13525
18293 13784
19223 3423
15023 14663
19094 316
12771 10987
4615 19862
7147 10899
8038 10964
16526 6198
19184 1367
3377 10078
7823 5225
19454 7398
9947 4786
17985 1169
4356 12920
611 11437
13872 8378
15651 3237
12966 15492
16696 14271
2413 18244
4780 14933
16030 11323
14406 14618
5794 5972
3408 8751
2568 7775
9619 3977
9311 170
1894 15504
18178 6971
17025 18574
1413 8856
19881 3573
2828 859
9496 15766
11404 10062
2197 5325
11840 18321
4722 1084
5316 5659
14823 938
7885 1129
2854 4614
8622 1169
9090 3642
6715 3767
8919 10227
15156 16006
9950 18747
3108 9262
876 14761
6810 15200
6997 9657
4112 15755
915 8814
150 7389
11255 6307
14958 757
9551 6074
9886 5099
220 13029
9985 8252
11231 16024
17532 10146
1192 2528
13559 8719
9600 6941
19571 7782
14309 18915
16590 18200
11585 4006
16116 7048
9080 14143
6931 16902
12951 1706
7595 571
15259 8527
8123 18234
12991 7356
19624 6291
8961 16132
12240 6410
17228 6960
10254 3060
11411 15299
4955 18817
5322 14457
18907 336
17851 3178
11346 14441
15106 517
6503 9238
3778 9922
2714 14517
17389 4627
1076 10420
7181 2495
170 13197
9691 16728
13566 2709
179 15949
3421 2978
7967 13122
14633 2110
5712 17921
11926 10847
18479 19567
8623 19032
10350 13413
3401 4996
3050 13063
8618 10559
804 14824
18513 4768
15220 13586
2729 11228
2471 19649
17920 2325
9635 10976
9243 4032
8714 12519
1809 10331
16157 8069
10506 19016
6970 19513
1145 8437
7133 10987
16252 17610
15711 10445
18677 2039
12818 7644
12614 7683
8665 13140
6687 10627
7627 11501
9641 1382
8263 1839
8300 15464
19711 2569
877 11536
16062 12654
18302 2409
4639 1920
16375 10776
13738 14327
1876 17382
1123 8083
14711 15202
10815 9614
14962 17790
14468 13695
19620 14809
14265 11054
8784 1737
16585 7391
10632 16289
6602 165
18414 14633
4855 6199
4067 18316
14072 3955
17828 2024
11275 7996
6516 6225
17442 7127
12966 14090
16003 9243
17944 899
14614 4441
10644 7286
4249 9600
10456 18953
10690 18487
15226 14904
1314 10574
18480 3024
3855 9378
7214 13267
8067 12102
14831 13787
2668 9606
3653 10841
3926 17582
16982 19096
12751 1507
14350 743
9062 9362
16660 4133
1904 13248
13070 17866
17412 14745
5397 9689
19760 12205
13883 1304
13159 628
10965 13329
18423 8775
7670 2269
14577 18890
17276 6759
16833 16400
3594 6704
18552 540
9717 11551
11349 16915
12174 13166
7659 17726
18055 9540
4357 8266
17046 9026
17908 12746
8817 2995
100 1010
3740 13379
10178 19822
17205 16011
1574 18483
6412 7448
12903 2510
5015 5997
4051 11331
3494 13590
1739 9532
1211 8254
17575 7317
18643 19176
903 19203
16029 19984
8600 2066
10937 6094
5334 13596
8772 11642
4808 18950
7216 10479
16691 567
5769 7515
5071 162
5209 109
13302 11225
6727 8649
9218 16512
8287 15172
15576 19848
8264 3812
9328 9681
16699 3868
17235 1762
14451 8582
16278 17448
3321 9356
5374 16945
4012 15981
1650 5830
8242 952
19913 11668
10188 10511
4542 12805
14578 12045
7229 14070
19876 10613
15222 18685
24 7153
10632 3140
19780 9561
11837 12825
10697 16893
13991 7441
15531 11575
6610 9026
11602 5800
8266 3912
5310 15929
15864 2217
16391 5327
3130 15603
14758 9659
1880 5730
17105 3989
13804 12144
5176 4199
15958 4577
17839 832
2003 5431
3366 11333
4720 19664
19808 6260
13875 1575
18570 9496
11992 6239
7745 3444
1678 8703
16714 5990
1120 4608
3382 7437
17142 12759
13986 2193
17617 8432
11834 6431
3918 15970
10559 8165
16342 3021
8798 869
16789 7398
11676 13441
7803 2970
4558 9434
17322 14513
7583 19018
15355 5017
5327 5754
14153 1790
13311 17463
3192 10513
10078 5231
5729 14788
10709 6890
18026 18332
11218 728
6229 18710
15850 3311
11837 466
3154 15481
15768 11474
1102 18530
3625 3174
4704 710
9244 17935
10939 14180
8209 10298
4906 2486
2658 10758
9673 16093
5826 1552
11937 13006
4986 11789
515 3980
14327 492
18261 11628
5480 6754
4837 1954
8375 10387
6902 17795
6230 8643
2542 19857
1613 19522
15883 13889
4444 604
18205 13347
7762 19237
9636 8191
4742 1302
15803 1864
7603 5826
10140 10522
14522 1343
8114 4747
7029 16456
8790 4193
2862 7721
7878 13001
10260 19466
14848 7220
15246 14625
10006 14809
4226 3266
4608 2289
1277 19155
9445 18886
603 15531
7188 17958
18729 5088
12111 6025
6046 7082
8038 7532
18388 9167
19018 19136
19761 12218
151 11872
2099 2676
14904 10616
7689 10115
16080 13281
15987 16470
10450 8598
4242 2267
11469 7989
15257 15456
11540 5698
2353 12765
2091 9338
16362 8812
10528 16061
8725 19574
8645 5016
635 17684
8211 16661
4622 5444
11749 18455
17040 349
18235 10264
14843 7148
7131 4047
8728 12619
6235 13777
518 6895
11750 10337
8894 3694
273 8680
2235 15383
7479 7250
11655 9243
2314 10278
9236 4206
16418 12001
7302 10079
15294 4548
18319 1427
18763 950
13361 15716
5677 11240
8528 7010
11503 4323
14402 14030
1537 16761
859 4692
6105 19940
2424 13615
3193 19585
16857 19159
1863 9085
6737 12999
13268 902
8513 6321
5307 8537
6024 4268
5271 2461
11784 4662
18768 18641
14753 4881
16385 11565
329 13221
2667 11288
614 19667
15357 11413
538 1817
4999 7076
7474 5378
8309 6155
14039 5672
114 1426
19243 6947
14922 17530
1845 4429
9002 6653
597 18868
8661 9873
1395 14823
2778 2024
19373 9118
12472 7119
15034 18870
3016 12670
16389 3172
8381 15090
1857 14964
11564 13803
161 1506
2679 13295
5976 16956
3065 16415
18371 6895
7705 13587
2422 9524
3834 8435
12745 8154
19246 12407
5922 17211
8745 15960
7263 2053
14866 11686
7012 9481
14068 1258
3242 1457
1394 8950
18151 14961
11899 2169
2176 10626
3070 698
9680 18996
12150 7294
268 8593
18810 5854
4425 12666
9140 2424
6829 15900
8274 19986
7538 8023
13469 13855
14963 7705
9356 17650
2440 3226
306 8324
19127 8993
3672 14192
6815 18612
5778 11390
12571 12085
959 17118
743 9067
18512 12402
696 360
10649 19812
7913 1710
14365 6088
2652 9977
1407 10013
6323 13296
13955 1917
6430 6482
18784 459
12802 4539
16869 6514
18644 386
6126 6789
8831 1885
4404 9456
14615 5688
12309 12647
7438 15725
1814 2143
4340 7428
15108 18356
11773 1832
3707 14204
2184 17129
11608 16178
13350 18081
1232 5578
14319 17515
17230 8261
3444 1411
10370 14651
11548 13762
18107 13114
2921 7793
6763 2149
16205 9130
11924 9725
2834 12080
18508 8510
2799 8196
11229 10935
9473 4832
1356 13665
2033 11179
19968 8975
13522 8521
8656 2800
11117 17603
8015 12093
9567 16608
4806 12530
14919 16126
3473 8057
13241 16864
1452 8497
2986 4127
16711 10978
8882 4580
13374 10064
4742 9836
16452 8562
2614 7895
11187 8357
13885 2802
14358 12791
3505 7948
13204 18894
10270 5282
8429 12108
12254 3611
18301 12847
3785 14301
18084 4527
2451 18975
19838 6180
18230 15471
17763 5263
5664 17733
2107 7859
5405 2975
95 3570
8868 16149
2080 16847
6190 7399
15216 12245
14081 12368
17580 18470
18825 19557
16647 6387
16699 16243
188 6173
13739 1814
15337 1099
3950 3378
10317 16152
17655 2057
16668 17957
17082 14158
2299 11551
14287 6927
7889 4465
9923 223
8607 18979
14829 6926
10913 6252
12946 5885
8981 4350
11304 9254
9455 17842
9380 11110
2144 10530
12630 690
10926 17392
3099 18676
9231 15182
13212 5582
9483 19102
5486 3019
5694 19615
19813 16549
14198 6060
15976 17387
459 10877
12350 12092
7412 7831
1644 12610
938 6798
15496 14249
8443 15761
10008 2567
13799 1829
19345 3669
6216 486
18530 8356
12892 18805
6748 2462
13808 18430
5392 1642
17775 10286
12882 3023
9639 5903
3521 48
8123 7950
15206 12088
1837 12158
11811 6142
13991 7937
17785 5372
13430 3835
1309 8000
14712 15254
11094 16006
14474 4845
6648 14153
15652 16997
9774 5612
6745 9520
6307 5811
4999 12703
10018 11739
19529 15425
17635 15808
11183 12260
1051 4137
5186 533
1193 11510
18985 9284
454 17254
8328 12155
9961 17560
13668 10585
5858 13522
18705 13769
14032 11743
2270 1445
10832 8093
10657 3604
13585 8522
5734 4717
18075 17574
2327 13040
12737 9892
18181 19616
15382 12207
15609 1407
7086 11035
14541 2287
9928 16229
16220 12122
4730 1501
3180 16829
10175 16913
18925 12575
11252 4287
17941 11043
14537 12600
8252 18252
15309 5595
14716 16640
15877 9655
5330 6190
15807 16850
13634 9096
9587 1953
2148 13645
9106 18276
14067 16534
690 9782
16838 8332
896 445
10409 5815
19158 1133
11118 6581
3217 13171
12104 4308
13595 12942
2504 5485
19895 12518
16048 8384
8662 4566
7080 5374
8010 19035
15659 16194
10381 1066
7283 16378
5295 6872
13343 1200
18129 12305
11588 15138
9088 13144
10525 2172
16872 9992
10449 12801
15021 501
12620 7728
4102 18118
19190 19149
15415 5211
256 679
12918 3212
7106 1577
3042 684
14987 17684
10628 1103
11621 2084
16858 315
11609 3336
565 3764
14951 9514
12553 12857
786 16690
1852 13059
6939 592
9108 5267
19704 17875
10688 17451
1187 17938
1609 9536
202 19170
8552 6988
16399 1319
12553 8440
10971 13558
10282 6965
16596 15952
6193 16212
12187 16279
13634 13908
14899 6386
18389 1034
18313 1233
13645 203
2449 18351
14207 18369
5705 11949
6641 4821
13570 10919
10469 10514
1373 5966
6683 17164
15523 4608
9997 8759
5484 13779
2884 18538
19552 16402
8420 15806
852 9751
1443 17558
17557 4472
3977 17798
5368 19778
12023 9923
3570 7855
17620 17869
19395 2080
11778 3674
18973 10349
3870 17627
1768 2884
112 12744
19891 6014
16595 19790
15930 18604
18160 1956
292 13102
18370 1289
16654 10849
12691 2444
14277 11923
6610 1755
9583 11704
7421 5257
9630 6509
19101 4247
279 2176
12947 17570
9312 3226
9064 18598
3345 7264
91 16859
13527 16791
15033 438
7433 19101
2665 15399
7502 3546
8165 13828
2484 253
991 3055
5789 17444
9687 6544
15462 6422
3660 1965
8481 13796
17302 8199
4438 7747
16020 12906
59 16005
19950 2499
11836 7482
14375 6027
16965 8031
2863 4643
19170 18147
17280 13505
16257 11427
17889 14330
12509 13569
8715 19068
10436 6052
6616 15600
14457 3304
7612 12504
17986 11417
19822 15180
12962 8955
1962 8140
15837 16552
8943 3066
19073 11984
19554 18449
7652 8156
19961 9440
12594 11336
17256 9744
2683 13565
16487 7298
17262 10243
15749 14837
18070 15439
11312 3361
6009 16834
15915 13048
2706 3638
748 9837
275 11551
5492 4514
7770 6180
15255 15714
1727 17431
2372 19479
4051 17248
10687 1491
2497 11657
2511 6593
18858 18539
3509 2577
2091 15277
11405 11346
9743 10337
1763 3942
410 1267
10115 16069
18406 9360
15261 10197
3120 13018
2136 6271
17791 14365
12852 9703
17018 1243
19291 2843
8772 797
7917 13565
14206 2707
18112 11274
1914 15641
17733 14301
4553 16872
18495 7904
1136 19721
5814 5495
5076 2634
4224 8296
3605 13498
14304 13683
7499 10742
5112 9633
2500 4698
2484 2957
11737 14964
16843 8794
11855 1013
8295 19499
2784 9285
16037 13051
2964 4969
7496 13757
2026 13472
16962 15020
1572 4878
17424 13241
4729 3089
9802 3566
2799 9645
17627 8479
14156 4484
15093 17447
17334 14333
15979 13273
6668 3411
9811 12165
4043 19237
595 17325
16883 11784
15150 18176
18978 7511
11398 8367
18694 9892
5522 13295
10733 17560
10129 16179
216 10256
10674 18965
17163 7900
11051 6978
5556 18923
19394 4361
649 15158
8143 15453
7182 6282
19074 7532
6730 2568
564 7404
16281 6616
10455 18168
14311 2450
9867 19819
12214 10677
8254 12079
7676 2125
15469 15664
19191 15428
5977 4355
9970 2253
4797 5057
10960 3529
9819 259
16773 929
284 2795
5144 19513
13388 12236
11782 687
1314 15321
4621 8998
15155 4936
7026 2585
10281 9424
5116 907
8110 15364
10444 13486
9933 19423
8862 10167
1504 11473
4791 19129
13921 9769
13115 10476
654 4416
9039 19017
19612 805
2820 5616
16299 11283
18644 14050
1170 514
13189 8010
1861 7281
8710 9673
19764 13222
1792 8917
725 4536
2260 13172
9529 140
19320 11785
14427 7075
13553 3188
1131 18444
11093 2231
15338 9036
8092 16592
19965 4858
1182 1784
12535 6867
6171 18105
13512 18101
9436 5751
6227 16178
2321 5160
5585 14518
16116 5150
4828 7111
4030 395
17420 15713
13288 5413
11528 8524
13943 3134
11619 9539
6886 3325
2089 7730
991 1156
14583 5619
13522 6757
6650 14810
2395 11206
8096 10167
11191 13815
1851 11829
11785 16382
1104 3124
13446 10875
19791 6121
11731 19011
15601 6496
8524 4169
5628 8099
4160 4537
12111 9767
9118 12915
9345 9893
18905 17876
19586 9943
17803 5706
1776 3608
3430 4353
2408 18153
19275 16606
8356 7005
19024 8770
18168 17798
19465 10212
18038 3985
17043 17038
1009 2675
18258 15909
19473 10002
14775 3351
2580 19731
4731 1685
1852 11156
3707 14169
2950 7049
13946 8020
13920 14184
11537 9667
10476 8715
18661 19056
15652 14519
6143 14832
14547 10839
4160 8594
12717 18675
4048 3947
958 7870
6413 6773
12289 4814
3964 1609
15615 19209
1198 19435
11557 18376
18113 19705
13185 17604
15001 17527
5664 1398
14094 1301
17552 2726
18499 15525
14266 872
16875 5596
11361 17617
1629 4043
4337 12477
6598 9556
18403 8350
2705 3699
1471 4431
4666 8846
7766 9749
18585 19540
19817 1477
4008 12595
9183 7030
13059 10403
10143 14467
6302 15063
3129 13607
14410 8560
13993 6270
16297 18145
8256 894
7458 14966
9045 17852
12861 6267
6080 15509
3692 18305
5963 16321
13491 598
6110 13915
6201 18458
11811 5787
7754 9488
10069 10289
18722 6984
12380 1937
8885 544
7876 3160
6675 19140
11175 2845
13935 4424
17582 6843
10445 13371
1606 13673
18341 17921
16589 10900
510 6678
9132 8024
9106 15179
12154 15815
19032 10804
4280 5578
7315 5074
8868 14866
8177 2147
10782 17392
18797 1416
6644 5703
16365 18867
14355 15362
11011 15011
3583 16878
2384 12932
17756 14597
10669 5685
9837 16108
12514 6630
12963 1908
2536 17791
15429 2558
2623 7990
10835 15213
12998 13423
2504 3686
8501 17378
4645 15361
10444 9255
3050 5727
12092 12017
13987 11919
1597 6832
5029 9218
18904 3432
19793 13620
13390 1576
1400 3601
6813 15550
18040 3053
18610 19403
11551 14957
14461 10186
14140 1218
3760 7615
4069 14896
5773 17431
16567 7340
13477 12031
8126 6226
14570 10058
5281 9859
5452 15061
1192 13453
4998 15263
18175 11434
14151 12867
14035 19357
12461 11067
4308 4483
4238 19406
4620 2637
10376 5982
5501 3814
14934 14771
7146 10936
15882 3606
13932 18633
1498 5876
11138 18459
3619 19678
8918 18813
9406 5424
7981 11101
1914 9574
4993 6596
862 19222
11206 6749
12778 19153
5351 2400
9917 4345
8473 16974
4383 346
9838 19281
10842 15621
7812 2041
2319 18848
1970 5845
18461 14647
14322 435
5097 3817
17709 723
9332 3567
3513 6484
5140 5695
9347 1991
14276 11997
3963 15439
9809 19148
18103 7452
8033 10758
10189 3329
4026 13565
16986 11961
19462 12802
845 2551
8305 12680
1916 17823
7607 13334
6303 15911
11148 137
10216 7444
4098 18669
312 17186
19525 7988
12548 1245
15420 12475
5484 7459
6136 19348
19917 19903
10539 11811
12858 12851
19159 3716
3347 1897
7796 6463
15011 11663
10460 6866
19919 8843
2720 6646
5671 11031
9723 13191
9561 6811
16910 9809
985 5830
16864 12955
2999 12637
19899 5144
12039 7553
7513 17233
13697 6170
19934 19161
16077 6199
14239 15518
5015 16995
10818 4164
3532 16728
16896 4432
10962 8315
11273 13097
17389 15622
5022 19272
4583 8037
10182 7526
8137 7067
2265 6417
6360 17018
4075 16419
3607 5830
7600 3428
1661 11785
5091 13169
8562 6083
11487 14429
9371 19450
2080 5865
18228 6500
14500 3524
17950 4402
13422 18722
15060 11776
13930 320
11238 17046
17693 10780
17275 12832
11078 13167
12274 1663
12764 7040
1638 6331
19682 3576
4816 7228
19762 19418
1764 5913
12374 7464
18812 17893
19993 18127
13107 18981
9143 4836
19843 8146
16958 19898
18081 1600
18349 14129
11855 2324
7473 9369
3787 1877
14160 19408
13952 15153
6639 3300
19504 10433
438 12693
4364 11830
12803 15587
12470 15397
15842 488
7328 14120
18680 14583
16795 4333
7902 17109
4108 18304
94 9116
2578 11029
19453 4167
13456 7727
19672 14913
1494 19559
11131 18580
17940 9138
17657 18543
10479 19447
14588 64
12896 14644
2481 4984
6772 9428
211 8146
1042 10748
17757 35
6781 1587
4938 17272
15743 6313
