100
723268 776960
112308 194207
696709 73753
559360 645468
949205 805415
627129 273410
131215 615050
999342 603371
335456 33159
713465 32797
124901 583229
556589 187057
90728 46237
138026 60784
782949 838612
142241 593034
954050 180272
697100 424632
993923 433457
68256 290202
281892 179103
948729 950258
534045 190974
144828 581834
548909 169525
116733 623563
92323 804967
561369 926972
748097 421661
295198 315503
271263 493496
858885 492057
49157 977282
735907 949585
815083 598485
681192 824724
379254 497020
723186 254715
364101 59172
980225 250631
501727 227381
612013 604721
884890 835978
26490 861797
716276 293999
602219 953476
443090 343455
608424 879255
687719 789933
421645 742164
835158 507687
613847 968002
379059 338585
293344 649871
473011 579491
949598 146900
155915 971481
712004 731219
980907 12420
645147 228110
465211 810143
919780 457156
496037 221193
848379 878764
476677 623249
776710 188288
228519 295499
382036 184538
734505 322123
105846 266746
546316 168993
635441 987362
288857 501217
253346 520887
131785 99574
520684 299305
629354 167745
725936 912299
394013 865103
909350 118191
692366 352959
331864 302072
363675 791680
472876 612616
611162 528308
612348 780633
102529 907864
780927 41406
900234 378281
700990 47554
61728 500081
801269 736937
296287 770369
921912 350435
847605 598560
837065 620246
622934 531457
445988 993301
543654 61126
790307 458799
100
608728 399339
877738 654003
214568 997897
732635 945980
201011 797936
997538 570080
84875 993807
324504 393887
313183 562794
761301 652
904959 537780
565417 229754
482313 43215
251554 341768
72871 450818
101519 115413
652213 432668
654703 198644
146151 268133
397880 458339
484003 71537
737691 910564
136765 725834
567229 180223
712638 52137
314513 316582
67844 691593
386673 62777
918877 78796
520075 80243
587847 453802
572593 171335
643472 995347
920527 483354
110443 528370
531504 610304
971427 618110
274020 145790
41615 845005
384032 765440
836909 401157
73559 982495
870638 667519
360188 549352
159894 537879
532724 298574
948249 320792
599002 329752
525288 233374
837459 967620
747582 889146
437505 49674
366287 856210
357280 761341
960020 433768
316677 780748
695424 617379
647894 447634
578187 632547
878890 680063
36408 38823
993074 885277
716427 976586
789396 960670
593546 535795
510287 171569
531465 777410
230333 535573
730339 602845
207481 939033
391178 547942
741404 588344
410759 464272
627217 698029
239021 406305
595113 100931
445387 409766
60747 818823
651991 903815
207413 159863
423483 830360
84678 534424
532510 950937
294116 817854
584681 821356
831916 527771
525134 153921
496527 289206
245113 797974
377672 557965
846652 140851
402927 124155
277453 707813
841916 25930
198359 757751
911491 925746
527289 29903
189861 244185
135951 345908
712276 393554
