2000
23274 19238
22046 15269
19883 12360
23827 20057
11687 27271
16536 24239
26083 28695
11721 22164
20257 24183
29351 10708
13240 17375
17804 12438
26670 20720
27717 16751
18054 14741
20529 22363
20694 19302
25849 23514
24743 15807
15606 27177
10599 11012
24973 14875
29663 21236
23511 28068
29120 14889
25088 20411
26272 16357
18938 13119
19456 14880
27166 15392
15502 16534
12442 20056
11125 16673
13196 13014
20375 20582
27939 19897
28570 13161
27135 10608
17799 11113
29490 27600
25795 23835
15252 15546
12240 12569
29800 26062
12269 28307
20113 23249
14124 10059
14165 29792
21412 29104
20573 10630
25493 28345
10311 15475
25053 16503
17307 25726
19777 25438
19047 18934
14392 17762
15329 24488
25563 12463
11561 25746
18680 29597
29323 29954
26353 27424
24752 25082
11847 23977
20035 10016
28149 12624
20477 18181
12642 15629
17027 23003
12702 20655
10086 20770
23572 17582
24779 10265
26527 26657
19339 11338
29127 10077
11698 21243
29137 17458
21195 27519
23562 21660
14789 11666
12491 28149
28412 26047
17032 10420
25650 12304
23742 18418
20671 13806
10450 24515
22453 11417
16251 19587
20121 19794
11908 12549
24656 27519
25829 10251
13787 11334
19610 20805
17481 24924
17818 29792
14981 23347
21042 16941
16196 20417
12531 21841
20384 29914
19257 12554
19567 22998
10305 24570
28094 19391
15765 14641
26293 15003
22875 19065
16791 15996
21136 20703
21574 26873
18227 22928
18492 12625
14295 13497
22930 29779
18586 25980
15967 23837
19205 21427
14945 21983
17253 28110
10607 14849
23458 12483
17283 10568
18560 29220
26332 12691
18890 11426
25073 26199
29094 24153
25329 24279
11082 27141
23189 15458
22409 19909
17331 23093
18852 12303
13424 12315
16114 19696
14007 18550
23299 24352
27595 15676
15555 14944
20119 22472
26019 19642
19812 22506
18631 24191
10262 15070
12761 26075
24865 20654
14300 17539
28421 11726
14112 12098
22464 21499
15102 14916
14271 25687
27179 15685
20468 27775
17091 24279
28963 16420
14098 27207
20675 27563
18639 24293
26850 29078
23841 11547
25788 18313
18086 27422
11917 20470
23305 11378
23566 25451
25465 20179
11668 11221
29839 23811
18759 28234
20113 12054
11475 13791
29164 12940
25127 21573
16296 12246
16671 25608
19207 25989
18120 24681
20597 19457
21632 22531
26935 23714
16054 11089
22484 24292
17740 25689
24038 29005
25260 17194
18221 14439
24285 12884
19505 24240
13782 18589
24623 22091
15402 18561
16955 29113
24831 18740
23656 28092
24375 21838
12894 13151
18647 14786
28903 14731
13238 11430
12983 17624
19199 28045
22824 24837
26909 17043
13476 19440
21595 19919
15780 18770
19862 20027
16492 19266
19852 16622
18617 10033
15339 14637
14596 26900
26504 22894
19771 13175
26050 16865
26338 22734
25488 25561
27010 14055
17950 24344
15799 29231
15583 15455
16999 27527
10360 29798
14477 28055
28805 13851
28820 26022
10841 11141
17740 13725
18877 29675
20401 13403
20532 12086
14943 10267
11655 20901
25200 20904
26849 13622
15042 29185
11274 12258
14934 20530
27778 20399
24976 27587
10051 23653
17676 27319
13170 17642
17051 18025
25303 29451
20464 14200
23538 29663
14324 16924
21869 12477
13605 26987
14026 13560
24268 17156
27799 21380
10620 16332
14065 24802
26638 12931
13359 22046
27441 25281
21722 25925
18188 12767
13008 11661
17575 29581
27481 18629
21363 13412
12710 16052
28881 21206
24478 17436
24567 29048
20987 19522
15986 18760
20959 27030
27304 19536
19001 11643
20753 18150
16351 20376
25475 21776
23173 19322
18403 18454
18092 17041
12366 12970
21830 22127
29227 20435
20080 19948
23184 11189
29622 19448
27077 14105
28850 27420
14340 13671
25639 17536
14119 13934
23166 25968
29698 20578
28773 21999
20654 27531
16786 23102
27014 12140
25613 21211
27571 25431
10744 19034
23745 14846
10912 29387
29555 29101
20795 21504
18397 15193
18906 20305
24103 13323
14941 22847
24356 19690
11286 12307
25262 11722
18936 16089
28042 25622
23163 20679
10281 12027
27646 19080
29108 25530
28420 25701
10936 20601
11132 16948
29722 23009
26033 23008
13039 12055
16167 24477
15906 29566
13372 16067
10107 21983
20495 20624
25783 17083
16300 25547
29272 21744
21797 22508
13640 26962
21562 25806
13728 28795
15569 23439
24520 16466
19562 27671
24082 23042
27515 15384
21284 18917
19855 18339
18312 19858
22415 14848
28674 25184
26404 27429
21022 20637
10880 23023
14197 21152
15371 21013
11177 12182
11865 21932
12675 22765
28656 13914
15402 18288
13126 29515
15631 14327
11123 28665
26832 17941
16506 24732
11179 28632
10112 21875
26981 15559
13608 29703
17534 28969
29329 24153
14011 24940
14278 25746
17996 10020
25353 14691
10638 29920
10276 14243
10464 25543
14435 28203
12803 16082
21644 27708
15962 26514
18414 24993
28821 16519
15926 29920
23304 20810
28637 11413
15458 10735
10021 14328
25794 10764
15663 22947
25240 15760
28999 18181
15760 26143
14298 17435
13359 20444
14852 21031
26114 26547
11809 22258
29593 29445
15866 26000
15044 26082
20098 10258
14407 24311
27758 26394
23856 15276
27925 20430
12902 24147
29134 27372
17963 23632
14964 22572
19091 10721
27336 26229
10016 16996
15714 25462
26635 10371
26072 20307
19967 28127
12480 19846
23420 23760
28521 10957
25789 18345
17418 10111
11983 14347
18770 13768
29281 22124
19048 11449
15479 21595
25889 12320
15992 25645
17665 18141
25855 18091
17018 18616
16929 26645
15983 26325
15422 27420
14377 27310
29713 12278
14399 12257
14365 23627
20622 17401
10338 18343
22082 29147
15140 27768
25434 18428
22201 15693
26838 21850
20622 21018
16995 25287
28055 14687
25131 15871
28455 29841
29468 13570
17041 18543
15198 27208
14622 24867
18164 25912
10151 26374
23587 11188
14871 25645
14007 25350
27705 12120
23205 14863
16957 29847
29703 16830
29015 24010
26591 27336
10815 29609
11719 15408
24748 19119
20567 12962
13094 21632
22931 28637
21448 29232
22454 26945
24772 10199
15663 13671
17747 11915
24933 25093
18714 11151
15764 21128
25748 10361
15089 21548
28023 29339
23724 23839
17221 21934
22497 10247
21200 12982
22919 10806
13568 21916
28661 19693
13462 26830
24184 23432
22356 19083
21824 10349
11751 17444
23195 23700
15858 22719
13239 28031
28022 27726
14668 11928
20125 12288
28745 25974
10197 14276
13358 10323
21374 17638
17982 25812
24899 13226
16291 18455
17971 28857
15042 15402
26867 16420
24338 25418
13290 14892
20752 13619
29324 23025
22460 27831
11877 16019
18662 17170
16010 29108
24718 22461
18058 13391
27974 24007
28846 10415
10057 29405
27440 20595
14136 24870
15587 13594
13686 17710
29958 23636
26059 20272
11866 17472
28065 15385
24225 19608
25779 21256
20637 23280
23289 20901
11647 21676
28260 20373
21929 28726
10568 29540
14957 12488
27633 24217
26127 19424
11542 22671
12804 22481
27324 12629
17320 17454
22669 27259
10199 12140
15793 26260
20012 22454
23426 10926
15592 28310
19100 10182
16084 15279
16032 21785
14235 19234
26809 16251
29050 20910
19301 25401
14550 16786
28919 12879
24848 18920
23415 29336
16323 18880
12611 18731
23782 23266
14750 16676
17941 21986
15587 18724
24746 12883
20577 11132
28223 23275
20466 21093
13663 22845
17630 19512
26463 27236
11359 12860
20902 29240
20382 20163
25268 22630
24568 23494
24943 18305
28975 28409
12854 12796
24356 17915
19783 26574
29279 19761
19890 26857
21454 24681
16007 29720
22988 14261
22130 19710
17838 23764
18660 24753
26027 23933
14306 14198
28412 29615
10381 21222
11687 13733
18659 17960
15600 20325
12212 24111
10749 11905
29020 11350
20862 14336
22822 27563
14393 10332
18550 27923
13160 15284
24554 14619
22283 18311
24383 25162
22881 24658
20052 19838
17393 10154
23948 23990
26737 16090
14579 27752
10887 10662
10723 23620
15991 20795
15831 12691
15150 12605
12442 16953
22647 16216
12173 17977
20328 12958
24950 15361
26109 17501
20985 17795
12286 17093
22458 19670
16932 27189
27599 20726
15424 28763
22624 20244
19854 13451
16663 18198
16448 21136
24413 16141
21497 15553
29211 28177
24611 18076
12844 28385
21519 24235
14366 20542
22805 22514
15123 11808
12263 12012
22396 16770
25732 11647
20315 21594
29605 27659
14401 23538
10700 20768
16019 25103
22986 26225
27728 22844
24462 10197
16322 17209
15760 16585
24083 25100
17879 17658
18436 23680
25565 29574
13259 28769
19216 13176
29738 15152
29542 18806
23341 21253
10536 13368
28833 11242
25129 16195
15651 26341
13716 15525
28503 14830
25693 23665
24676 28069
11630 23340
27786 14280
23954 16543
24473 14077
25131 16648
22353 20737
17435 12262
16469 22986
23159 12846
21966 13567
21917 29423
21914 21210
21077 16364
16858 10696
26630 10175
12036 10342
26255 28371
13612 21881
21566 27908
22754 20665
20033 11469
14824 27112
25509 25181
18231 11331
14503 10385
22937 25519
18794 17655
16258 22938
25990 10956
13203 29544
16483 26362
28880 13032
16107 26873
18389 23841
17781 20419
11427 20525
29024 23845
17698 11482
28364 14320
19662 10404
28398 17948
13793 16569
25989 22922
24478 26975
27373 26950
16881 25380
10722 13580
11460 13731
19115 12690
28232 17155
24336 27779
23042 11662
16768 21709
15166 25585
25549 25335
16993 16001
15970 28366
11745 19520
19445 19259
15880 17174
13897 19609
22228 26613
11381 21611
27387 26563
14187 19469
23786 26034
20798 12493
26236 13777
19963 25003
22175 22224
20017 10909
23438 12817
29729 27387
10866 24500
29789 28443
26086 23463
22473 12872
15808 21311
13582 24508
28217 26737
12857 11196
24457 10077
28553 21909
14547 19210
16507 17445
25821 11827
26819 10315
18571 16750
13753 13201
16067 18226
22539 11895
24124 27792
20295 22834
27547 23040
26807 21634
22880 19537
24566 12461
20371 26633
15643 23929
27529 23874
29529 28346
12713 21852
22933 14483
25935 11748
20072 16808
24357 29974
17461 11661
29672 22365
29876 11288
26040 13210
12551 14061
11174 15430
28314 18785
28287 15764
24070 17866
14065 12910
18213 12145
29904 11945
22653 13057
12020 29201
23345 18555
14848 14397
18831 28472
15520 27601
20077 28224
28877 11128
29924 15381
24924 23175
14110 15338
14730 27958
25360 20311
23576 14832
11390 15621
29883 22069
23353 29377
27970 29680
23294 10594
14889 17462
16949 28460
14377 20771
10542 24594
18129 11585
26871 21855
10566 29114
12564 13647
20308 20291
17334 20358
26126 11146
28843 25214
21983 23615
22776 23659
22967 23266
27111 27238
19249 19572
17462 14807
22480 16581
27743 28973
10221 21092
11161 12061
15648 15262
25335 15749
16108 20817
10972 26746
15064 17770
12605 27803
21598 17841
10229 28236
21247 15125
17714 14846
26561 14956
24174 24706
14583 24567
18213 15598
14497 10729
18967 13170
24077 14583
17357 27312
24555 16582
16569 12279
24173 15658
14487 14800
28854 27138
26149 10197
27334 10457
15419 24147
29271 13531
17207 27975
13270 23990
28346 18784
19672 24580
12566 26622
23621 22385
29567 17538
14487 10108
19233 12603
20505 29721
14883 17113
28255 29977
17063 27112
21749 17890
20477 26885
23836 24313
29585 12919
25169 19678
23219 13390
25989 25248
29140 22466
21679 20549
23760 11950
22584 23635
10171 22275
19687 14290
10013 18053
27263 22475
21622 21504
19100 18942
11386 26818
19109 16896
15418 16920
19020 26916
23712 28379
26405 26788
10103 26773
28459 15742
17623 14938
24234 11495
16528 18520
18626 10055
28670 27862
16916 24280
22227 17416
20373 24230
28381 16330
20935 19207
10913 11078
13033 29310
17112 14542
21092 23169
17516 14709
18216 29529
14501 27509
14456 15127
13322 13510
18987 22769
26300 12232
16544 25859
11236 21501
11830 12036
20273 18547
10985 11771
18614 11909
10011 19338
15032 21564
20559 20982
11322 22935
16859 14550
19160 17735
18967 27312
21578 25814
13214 21902
22189 10644
23196 11617
29004 16318
19666 24179
19835 21369
12690 18517
13380 21082
13574 12341
16516 27468
21006 14387
26609 26795
28266 15781
11686 29878
14511 16439
17572 24860
17856 21707
25592 26091
19550 10502
28612 19863
22630 10310
10810 14760
29071 13959
19257 12538
24448 11806
21103 28054
10742 27614
11674 19730
23004 11656
25646 29420
23613 21805
28143 20782
18648 27815
22247 11339
17040 25800
29147 26044
24994 10984
22847 20586
11562 10992
13907 22187
19658 21786
12166 10753
26710 17894
12075 28943
25657 12451
19689 18820
23880 10171
13505 26587
28347 24267
15573 26024
16412 20114
10794 19274
20323 23787
10598 21243
27694 10140
24830 21660
12753 16796
24424 21354
16337 26929
22261 13884
10932 18839
16664 23087
17168 22411
20906 28453
13068 10998
25676 27978
18211 11312
29600 29380
28619 29084
29209 25002
19906 17698
24449 28413
24206 26067
26287 10387
26963 25344
24816 25718
19450 14011
10083 27712
19599 17127
22109 18760
15387 13380
24958 20360
26037 22529
17209 25147
12898 25946
13816 21165
24951 23047
18772 13883
10373 29575
26939 20305
17013 11070
18261 18778
24893 11695
17951 21496
10047 18338
22122 17246
17751 26105
25077 14937
28091 28621
20700 13427
22481 21823
25222 14016
12259 24141
17674 10638
22716 26740
14021 17361
12031 24527
16425 25444
28305 26904
19446 13115
29760 18497
14385 29295
14452 14300
13511 20389
24173 22735
16188 17578
19315 21288
28059 18457
11145 21183
11194 23787
17421 24129
10487 10901
29387 22752
11391 22371
15035 22558
20450 16255
11407 11222
10357 17127
28665 17643
10874 25065
25378 17340
17608 25305
27546 21054
16630 28977
10032 12391
23490 29333
28597 16735
10128 15198
26765 15106
17400 11184
22721 28700
16180 29425
15198 26105
29793 20616
15721 24479
18983 25030
17730 18284
27671 18506
11734 11999
16347 22010
20404 13041
13572 24171
17695 18258
19523 12462
28113 16935
26839 21101
27072 24073
24785 23587
23903 12535
11061 17000
14020 11475
26738 11690
25909 23842
19330 21504
15644 22042
16774 12647
29254 13573
21073 25817
12397 10068
17615 21843
24401 13454
11257 27534
26851 16922
29637 10761
20495 23457
19706 18221
15925 29527
21893 18390
19608 11086
17514 14476
15080 20235
17223 25494
21397 24214
13314 11813
26935 24541
25489 21417
23196 27124
11078 28546
10527 29766
23454 26011
29388 12200
12699 16878
17171 15693
28577 24982
16754 13260
12350 20072
21451 12253
12808 15017
16543 12501
28609 16463
23915 25791
11097 12820
17620 24260
15800 22840
22214 16918
16315 27649
16695 15764
13806 19175
13524 12068
18592 20198
24583 15767
28926 29243
28795 18157
17540 10020
29295 12816
29872 26909
22083 10533
23441 20759
24926 22154
22192 29827
16383 11204
19161 19835
18379 26440
22028 26269
25838 19131
18332 11304
27840 15606
22209 16574
19601 28911
14114 17212
13701 27627
24232 19189
12776 19538
29990 24535
29804 26372
21872 26609
12709 26301
17052 14255
10300 21356
10290 15545
19615 17839
21549 19447
17308 25801
20019 14198
13226 13764
14344 12517
17082 13328
20587 11670
27528 27618
16668 11570
13945 24331
18825 20953
11523 12727
10549 18160
22037 24539
19792 23819
26404 26622
23863 25046
11523 24174
16925 23358
18651 16524
22932 21440
20615 23522
16943 29665
14194 12968
24143 16886
13826 20006
26549 24366
28180 22803
22622 10545
23037 25864
22418 28096
11378 12453
26985 11009
23162 28532
25123 13939
15970 26015
19712 18001
19849 14559
25367 15042
26892 21346
18046 23095
26551 20454
27058 16391
28464 14541
27253 27422
25496 22691
24531 15268
13706 24667
15821 28247
13310 22861
29947 16188
24485 25643
22881 11008
20595 20390
29162 22637
11875 23436
26950 13602
21644 28531
16823 11053
15757 13320
16945 21371
25263 29033
20808 29178
20936 16074
25141 17390
19888 18952
10352 21693
17189 21561
11440 18234
14566 19017
17558 13418
20279 28320
11365 19922
17533 20906
18586 21240
22813 29853
20390 19090
11283 13865
17047 10158
25015 16833
21190 11531
22727 16703
19506 27888
16601 28660
22606 27917
19844 17801
17299 29281
27742 11510
26749 23091
25536 25003
14179 29719
16575 20011
24459 27370
15838 18247
27274 29787
26424 19453
11494 22989
29564 17351
21310 27532
17902 29930
14408 18081
20031 11213
18455 10956
10875 10477
28459 13514
23158 10982
20773 10769
29600 15871
22454 16089
17605 21198
22647 22740
22140 25877
22596 27731
11403 13952
10127 23658
27184 22950
27727 22343
19286 21044
21842 12179
23722 10259
17959 27090
17993 24629
17565 17340
22221 10640
13071 14240
21857 17431
20145 28337
21174 23431
12244 20739
22872 22261
28288 28335
27526 24302
17637 23211
20056 13097
26298 12760
26706 25106
14936 27484
29021 16634
17194 12408
27360 16572
23775 11066
29879 14292
19949 12353
21846 12187
29791 28256
21556 10639
17312 17756
14839 17431
22119 27631
25858 11466
26284 10956
19959 16286
17908 20584
11368 21324
29322 24693
17057 16161
28525 22293
23178 17258
22860 26528
29883 11399
27483 26140
23327 16973
28910 27071
24412 26615
23846 14642
28068 25207
20797 16207
11048 27888
27304 14841
10031 25746
26486 11993
18293 22657
24952 28844
21185 24764
16793 14086
10935 18548
20740 19242
10986 18948
13854 13144
10762 29882
15291 24155
19619 15334
12097 21129
11816 26668
28219 14803
27545 25331
14243 22677
26822 22548
20408 27213
19411 14755
24839 14873
22117 12530
26229 13854
15801 16951
10706 28955
12346 17195
28495 16854
26200 13310
23791 19938
18995 13193
27181 25476
18319 21260
18872 24414
12617 17845
18943 16938
10770 16637
14369 17082
23215 28314
20599 26278
21083 22313
23793 22193
12889 15586
16578 17907
14939 28276
27952 16421
11866 22909
23893 10227
16967 27911
16019 28002
13918 29070
10121 22065
22863 11499
14024 13287
11735 11705
15820 29938
16239 25020
15774 24916
10080 11015
23512 28775
19538 26025
12664 25220
28429 29771
13658 19775
12172 29749
28321 13103
24829 20250
14158 18446
25080 22237
11298 18533
22322 20993
20746 11582
24933 20755
13052 14047
28239 24556
19748 20406
10145 22737
19253 29088
10122 10892
12105 13220
13440 17480
13406 10927
20824 25893
15617 13513
16568 21699
19656 13222
24261 16518
16716 11750
12226 12078
16228 20335
21402 25373
28060 23563
18186 28763
16716 14754
15630 10320
11875 19591
21139 29296
14671 23671
20839 27910
27487 24001
29453 11134
24424 14477
12028 26335
16128 18829
21489 10787
17393 16276
17824 12747
29942 24741
18634 25813
14522 26894
26243 19372
16194 15725
24356 12594
24321 15878
18483 11815
28156 28032
21965 28949
20242 17861
17041 21394
12192 15773
14564 16543
17363 11498
14434 28120
16910 16614
24845 17792
11196 15073
14825 21768
29798 28697
19252 17574
22195 18037
16676 22807
25620 25245
17583 29833
11028 11761
28805 23548
29111 27154
18293 13796
19051 24748
25620 11505
28880 27411
18072 12471
28212 20950
23944 10457
19537 19827
24232 28827
17953 17431
27470 12634
23496 26591
16076 20191
14857 26188
28553 10071
29358 18443
22294 22986
25426 24346
13561 16106
26085 20328
25302 14848
20700 19588
19859 16019
25152 26212
20158 26412
29702 11814
10186 21598
18389 20593
13282 19571
11268 23412
10370 26459
18236 11595
29799 17520
12940 20152
17483 21812
10008 18899
15961 20382
14184 16281
12865 13598
11332 23631
12464 14650
25973 23762
23337 22193
11234 24118
13362 19798
12499 13561
14795 29011
26745 11788
29609 25898
13371 27434
19428 28704
13104 20699
20528 22234
21055 29741
26602 12166
21606 13577
29627 11497
15886 28615
23242 25633
27925 25657
11483 29052
10897 25277
15637 15548
13573 23431
29006 19169
27223 17772
24754 17541
18830 25213
28591 29511
29160 29811
13068 28654
29434 24705
23022 23777
16189 15311
14473 24093
24343 16345
29976 21112
17777 28409
26496 15490
29332 29611
20683 14391
25653 20547
15227 29406
19984 29208
18625 22463
23798 19099
27082 24887
18826 25536
17169 14635
22637 14902
18903 16405
29898 16666
21550 22551
15007 23202
22555 25148
16517 15783
12056 21412
12644 14526
14688 13516
13445 17787
26965 15987
17685 21760
15300 27023
13950 28733
24420 19378
23331 16550
11110 10442
21859 13723
29746 29895
15935 15959
19904 24815
12904 23717
20883 25623
29091 23307
22829 13364
25996 10783
28758 13022
14712 14323
20478 22058
29427 16664
21019 25452
28284 19278
10695 15768
11326 11107
18929 12437
20931 26394
21182 24404
23688 18890
11015 14494
16685 25902
12161 14884
17566 11087
27031 19013
10486 26065
25958 21614
28252 10077
11399 29802
18006 18729
10968 10528
13895 21048
26765 27682
23876 10037
15104 16650
14034 21552
19328 19682
14973 18665
15548 29723
11832 21339
29299 20838
28478 26179
24151 29147
14832 27279
12062 12465
12742 27014
11532 10512
14885 14823
12153 21800
21348 21143
19741 15350
18091 23018
20741 18093
23043 11710
18084 26006
24741 19046
18021 23638
12090 18523
27949 21736
14914 19549
15101 14157
26383 12227
11091 21246
11718 16318
19827 19432
12867 26362
11419 19178
25068 13527
10081 12822
24893 12023
23836 25930
15082 24368
25046 20147
23701 24350
22846 16794
10489 17203
21551 23339
15872 29136
22258 16443
11424 13809
22540 19066
19814 25568
11073 11035
11527 24336
25801 29969
16061 23643
12546 15951
26549 16676
12894 15777
12928 22494
13597 11197
23507 20277
12874 25110
21946 25876
11772 24740
22223 24088
17057 27053
29284 29789
21372 26837
20434 16182
11722 15223
13756 11018
11519 21978
29379 16843
18681 23391
20615 24960
14464 19151
28863 11993
15617 26192
19330 10763
28018 12434
11637 15202
28949 10804
11794 10934
10737 16804
23871 27959
13035 20193
26350 23771
17757 23114
28487 28943
12887 29731
11736 10219
18828 10866
17807 15975
27858 10410
17418 28513
26618 23641
19446 27421
23711 13446
13701 23423
14819 15887
24436 29216
22739 11613
23018 20961
18850 29639
25000 25937
12501 19625
15255 18534
14090 11604
23583 25479
24285 25427
19455 24807
17053 26747
29368 15041
15304 26584
26003 12027
29442 19378
13621 19664
17616 29080
27354 17439
25726 22961
25438 12881
25563 16987
27893 28605
12381 10804
16182 14685
16935 23602
23604 26949
13740 23496
12949 18023
13015 20944
15904 28378
22526 20902
19530 22348
24436 23343
28976 11566
27493 16171
16696 19933
26445 27577
14977 18560
26034 14928
15270 20506
12263 28001
14062 14486
28335 23152
28381 19033
25332 20408
26960 22674
20977 28425
14511 12679
14238 11567
10844 18519
28370 24817
19742 11238
15905 22203
19470 25376
15477 14019
16532 16971
18060 27529
15293 12300
17286 14073
22004 21694
23772 18227
19849 13375
24516 10740
28360 13299
12319 22939
15223 21765
16845 20710
22591 17394
16495 18069
11920 20878
27248 16522
18663 20526
27048 10308
20867 29387
26681 15574
24709 27324
16668 10192
26382 14592
17030 27076
14593 15154
16057 25490
22611 12239
14289 19063
16343 14785
20929 21608
10059 12295
11978 11814
23554 20244
18197 29740
15743 21124
26110 10997
25696 23406
24470 20719
11423 15043
26894 21723
27931 20599
23110 20336
27806 15524
23423 23526
28885 18467
15774 14552
26789 27867
27301 21897
28748 28019
20277 16669
15952 14159
12554 11983
25859 21914
21151 27346
18359 29406
21309 26840
27154 10405
17862 13419
22435 23967
25186 18709
13571 25584
13299 14012
21567 13212
10725 25685
25567 22014
25617 26740
11526 20078
14197 21839
19611 20000
11245 13254
25340 15517
14747 22276
11596 13298
23064 21592
25051 11302
12116 18340
14835 10039
28646 27097
22961 21257
20137 12806
10726 28093
25003 24146
15001 20709
24194 27471
15552 17228
20471 20129
29667 13460
13508 25823
14396 20110
15470 28564
28232 14263
27504 28708
14831 28775
11817 24444
16173 20688
20059 27975
10979 17179
23683 25604
11323 27842
20650 15809
29988 17743
19377 13158
26776 15060
19986 13049
10877 25636
23990 13212
11121 13372
16826 16388
18100 11091
15718 13142
29252 15774
20318 12057
14851 14406
27280 10940
19375 20306
17960 18359
12207 28896
19200 17622
16822 14412
25443 15584
13699 25060
23884 10289
25047 21640
24651 15274
19144 27041
22634 19453
10164 10141
10482 29953
10311 15739
29205 13144
17427 23061
24488 28296
16617 15233
13113 20615
28848 21226
22777 21271
12800 26212
16520 29051
12179 25579
20797 27038
20690 13791
22568 18464
20874 16439
19981 17943
13273 25104
24100 20266
28563 16771
15683 21708
24286 19931
25025 27832
25577 26514
26825 29422
15001 26286
22352 21776
18031 18832
20805 23847
15865 21066
20434 15931
19544 27285
26478 12128
26619 20799
29950 18486
14210 25492
25760 25296
29878 12182
25997 13647
13189 26091
26630 27419
12356 12051
20334 18134
27188 23978
11821 26916
28746 15226
23973 13773
13883 14106
19229 25392
23064 15235
27512 19915
14323 18646
24270 15259
26023 26488
27794 20881
24269 10274
21618 16584
14777 19054
25328 21278
22930 14765
23373 17726
21537 13398
10797 26689
25588 13779
21469 22553
22135 12647
13945 26530
25201 13909
11694 10782
24225 18862
19737 24996
20488 28926
18731 22068
24733 17322
13568 12062
23445 22437
10188 20187
19597 18436
21253 28028
25217 18992
13674 26913
29703 22368
16884 18769
14776 21671
22908 26434
17135 28149
24574 25681
29164 12195
27554 10076
15821 24626
10613 28722
21145 19246
25497 15590
10995 13054
2000
22901 15839
24765 22860
24216 14512
28697 29865
10296 18550
15933 14655
22181 28445
14491 18753
21694 18653
18321 29042
27687 17272
14054 14320
27092 12435
25278 28656
10963 16517
26446 11738
23868 18719
23283 20607
13038 22002
25091 24685
23071 13372
22758 17096
15320 24671
26182 23880
16044 22022
20731 19798
18636 14750
21158 12574
13944 21683
11132 13119
20027 24721
23526 16391
18742 21736
14210 14446
29054 12210
12090 23088
26457 22547
10785 10669
28342 18148
22919 26199
25025 28422
20566 15046
21427 13311
24144 26863
29051 29976
20307 18061
15746 18424
24098 21410
26297 11692
28534 29881
19928 22573
15706 18685
19483 15700
19800 13077
26347 15595
21418 16407
20449 13882
17699 16159
19645 13825
25513 27141
27949 13438
27530 28420
26955 12114
10880 25726
21037 17139
20982 12913
19030 14491
16439 21916
18235 20653
25437 29929
16297 28618
28953 26238
17777 20397
13609 14913
17197 18551
16463 26595
16442 24687
27913 11181
15543 16418
21327 19816
12898 19166
21916 25204
10288 11124
13221 17107
29077 15578
14877 29595
22034 15821
21138 21408
16957 14682
14826 13642
18671 13107
25059 25615
17943 10013
13475 28220
15150 28060
23720 26833
27148 16260
22464 21167
25755 26236
28816 27007
10367 13747
11556 24785
12576 16433
14672 15839
20832 18137
20565 26651
21868 15484
28783 14769
22227 29478
24406 29202
17583 28184
29500 26051
23515 24801
19186 23164
20713 26728
20626 11273
16748 25208
28879 26288
26166 13159
24554 11515
12409 24975
23312 21037
15813 19988
12921 29398
20411 28731
10025 24189
29502 13126
10896 20467
26829 26985
11393 27407
12049 12616
10717 13950
14779 16263
27877 16172
16685 12351
21684 19893
24601 16666
11070 29282
20339 28959
19808 11814
29897 28649
22770 28538
28068 10788
10036 12929
27548 16856
19433 25351
17948 19497
15215 22953
18613 12590
23174 18233
15447 25072
12763 20235
25287 22533
11683 11878
13706 22373
12255 20395
22648 21377
11856 16286
14547 26350
22911 23180
21195 13737
23242 17990
21461 18570
18211 17996
17361 29280
23743 10174
10643 26001
14236 21999
20099 21214
25716 19923
18922 26828
21887 12183
29126 27897
27724 23619
14410 12411
12261 16529
16660 12216
11488 21265
19609 12316
12668 14965
23084 20917
23481 12493
12294 15543
26493 10740
10682 25320
20889 12695
12102 23752
23317 21606
14691 28439
23846 26654
10324 29273
10390 14954
23779 25684
22961 17815
27151 25821
23819 22105
18892 15135
11846 21106
21832 21978
28313 28305
22215 26362
21060 16818
26224 19113
18310 16721
13934 24757
19431 19967
26167 22926
20537 24154
24663 15114
15623 12291
27876 24610
24770 13736
28282 26914
20725 11751
18279 18451
21874 21714
19306 19616
10148 17759
21297 19819
21880 22850
15734 18234
10673 15582
21162 11439
13230 12670
28750 25166
13687 27416
17924 23536
18135 23240
19120 29492
28846 12659
22565 11207
26412 12586
21683 25485
27921 17857
13108 29679
19794 17230
20307 25330
28137 28174
21195 25741
23046 17919
27355 24470
20199 17580
25918 27172
20472 10129
23888 21751
14984 18343
14241 25756
29448 17354
18516 18307
29239 11131
16794 18252
20058 15626
12766 17264
21436 10271
15146 13127
19279 27661
12961 17298
24915 25169
15208 18408
29110 17548
11418 23829
22173 14221
25329 14854
20420 19402
28064 19959
12286 23803
28221 23730
24040 15520
27194 13531
15590 10234
24784 13581
13181 28574
22920 14233
26755 17594
19497 25662
26674 19447
16171 22176
11215 22166
16286 26479
13139 22035
26871 29683
26546 16418
29168 14921
22293 12761
20818 26708
29537 12727
17378 16837
23077 28246
17791 16031
29384 26518
24025 27027
11297 28401
12103 20336
11965 22826
25562 17835
12156 16659
20265 18833
20316 29309
21743 29939
28519 19681
12922 26280
12575 17729
12999 16689
17909 25951
24893 13419
16615 14173
29298 12800
11867 24872
28726 20494
11314 25623
26243 28137
27140 18534
22745 28672
18973 15560
22032 16891
20146 22322
19265 25807
10969 24619
23690 18015
16116 16408
17507 17812
29129 18856
21349 27094
21646 24398
25792 14761
10549 15871
21095 19052
25201 29215
24108 10118
26494 15612
29508 15058
12333 17744
10238 15694
23239 20828
20027 21072
12672 18937
20390 15000
22001 15565
28507 15788
19463 22247
11013 26438
14648 12099
26969 29413
29066 22788
19325 11817
11456 15150
15692 17554
12111 16099
13274 12732
11140 20853
28141 28174
26956 18921
21029 10958
14723 17596
12172 28079
28741 24921
13469 17732
26576 11737
22431 25798
15235 20122
29646 27638
28740 22000
28093 16940
15497 12451
23272 19425
26962 14777
26317 24935
14271 26950
17018 23782
24744 12176
10444 21156
20145 14242
11111 26906
16272 17977
27330 20547
18570 15673
24774 20849
10055 13922
19725 14875
22764 20463
17158 20788
24191 24294
21386 18123
26323 14053
26026 26219
23442 17651
22527 12980
12287 29567
22954 21506
18095 22143
13344 17673
17411 20605
28981 17275
21817 20842
17706 21563
29391 14945
22501 13653
16567 17583
21200 11908
28732 12373
14367 19271
18918 23942
20598 15987
10262 15525
21473 21951
20593 28825
21539 16079
22040 28806
21766 10357
10505 22384
21839 28785
29438 26655
15824 14435
21869 22885
25655 11284
24517 24648
17458 12922
19879 14757
22930 21349
21736 22464
23698 11559
11542 17954
20996 27114
22699 15001
17928 19920
23526 23187
27886 28983
15214 17566
29655 14602
17097 21966
17718 22781
20470 20382
18348 11285
12586 18339
11547 15433
21694 29030
26748 15731
26514 29368
12321 12348
23440 15600
11989 22309
16008 23551
23575 13278
22889 28309
28975 14612
12525 13033
17922 27998
13188 25740
14147 16609
14826 17600
14217 15319
22573 21488
20247 27326
18194 17272
23279 28724
14838 18095
10504 29107
23251 19042
17257 19389
12269 26339
28263 22055
23669 28502
12678 17566
25974 23682
24680 14715
27400 13118
14351 12601
18408 12982
22395 15269
26051 18847
20317 19961
20735 24936
20148 15375
17961 23553
29860 27724
19372 12216
22349 11128
26595 12208
22575 11733
13968 13701
10645 28883
29722 27351
24048 19217
25318 12344
28321 24066
17112 29698
25297 14515
29881 17854
16339 13648
15538 27077
12207 10365
15211 21393
19936 19357
13162 26617
10497 27381
16604 27127
20431 28165
15521 27214
18243 10631
11331 27313
23949 27806
19399 26669
19838 13041
22767 14102
14084 14201
14955 29808
24424 12557
20005 28354
24543 27197
29658 18632
26323 12644
16532 29274
19794 21569
13089 10151
16202 20888
13561 13824
11871 17874
21146 12462
18267 14136
10729 14881
27921 16674
14314 27173
15862 15942
28590 13591
27039 14496
24590 23764
25545 10168
24781 14553
16218 10864
12536 28099
17382 14833
16373 23888
27325 15411
27259 22068
14327 20853
16557 20238
19541 17706
24109 18572
14083 20693
24907 23152
13387 28787
22912 16254
27135 20298
18044 11334
16512 11765
20181 17774
16307 25109
25174 12304
25653 28469
27508 18110
24151 29108
14076 17378
12984 29024
28766 26275
14066 21134
24987 14764
21100 27079
26860 20839
21449 24681
11624 25100
27310 18280
14087 25589
28207 27720
26903 19259
19385 21900
15748 29945
16034 11720
21656 27883
11977 20730
16240 17655
15841 23841
27115 11457
29911 19844
27922 19386
29388 14627
25580 27127
10705 19084
12282 15435
14676 20042
22603 19459
24040 15170
12310 28511
12997 16626
27422 28948
14911 11126
12313 22327
17899 13596
20944 18980
15278 27447
26975 17515
25444 11648
13882 20055
12701 13123
18185 16591
25152 26533
19622 14467
23636 27462
23743 18729
20787 18864
20401 21005
21504 19732
14246 18142
28768 28892
18157 25802
13967 12975
26380 26339
21566 27545
29815 24743
19807 22289
24750 13202
27048 17606
19008 19091
21343 21761
22540 23279
28591 17781
11316 27585
29300 25808
12136 16349
26436 13802
10194 24522
21898 18735
12699 27217
27093 20228
10564 15150
20694 16696
13276 29074
18783 25967
13016 26167
10457 16797
11710 16748
13065 11084
28627 10843
18482 23277
18210 28250
26361 21044
16682 11735
25319 29283
19002 28627
15055 10776
11422 16785
15916 26584
21985 26931
18549 17191
15610 29051
17563 16644
29288 26538
21707 15949
15429 28834
19190 11167
24900 16328
26504 15970
22699 13404
14020 23939
12045 23249
27440 22214
27237 17683
13725 17328
25672 27663
17548 24681
18815 22254
15837 28597
29027 10157
18923 24970
20491 19434
16306 15453
29179 25129
29855 26663
20925 23820
16003 28136
24421 17604
12977 27032
13716 22255
11041 12938
13208 17228
21505 23025
29681 25270
16212 26468
28913 13948
21283 19691
15239 15316
25452 16891
14754 20283
11860 10614
23071 27973
26024 24795
22175 12151
25343 22209
19973 14716
26946 20388
29537 12591
22945 17184
27689 24383
20670 20066
26414 18431
19110 11770
14343 16032
24258 29281
28338 20161
12786 10512
29397 22657
27645 22526
22828 14982
26759 21491
11435 24695
20825 24502
17704 15416
28267 22475
14072 29712
27829 29768
16407 22633
12710 10049
20797 24228
12810 10673
28463 11863
10817 20007
15118 18888
27836 21533
27929 16088
17431 10785
27911 29658
12557 12732
26747 28997
13258 21209
14809 21951
25552 24442
24818 27902
13011 20425
12160 17520
24394 10624
18351 28040
21888 21401
22726 21840
11618 10201
24676 27424
23711 24109
17654 29581
24076 15167
15459 15023
26876 13030
13148 20020
15830 29322
29732 14965
27242 12237
13868 26348
18337 11373
20431 18562
17242 17096
25705 19018
22128 21964
17096 29702
18478 26158
24561 29806
21526 18518
23500 10477
28468 19586
23955 25498
17420 27990
20965 20075
16788 10077
14018 23040
18219 13714
13201 11797
26073 13028
17604 22054
11917 28989
26560 20523
29524 26534
16673 29701
26890 14820
15903 24186
11836 15260
19461 12722
23256 16145
20920 11417
20390 25445
13113 29777
16518 28185
26378 18782
16382 24428
23133 29641
17521 26172
17155 18744
24547 23788
20108 12749
25993 23407
14104 28876
15334 18157
27912 10576
21734 27777
26928 24144
10175 14181
19660 15437
26938 14504
18560 27012
26752 16882
11898 10042
21638 12765
10616 15216
12984 28992
25874 14985
25190 24963
29356 11776
12745 11046
23280 10286
10304 15029
18812 28665
15931 14561
12727 27942
13579 11432
17049 24350
20638 13372
27964 26121
13340 21551
23700 11440
15529 18688
11938 29280
25911 27875
14073 15812
23618 29693
21699 24360
27617 13836
26152 20210
12501 29254
22044 24658
12458 18704
16805 26778
25642 16605
14590 12555
20256 10888
26591 10860
10799 18038
21320 14386
20203 10231
24071 20459
19389 25585
20419 11701
25514 28205
25362 25180
24446 16480
29197 25607
13782 19758
12783 29609
18167 28188
16474 24149
16930 25938
22381 19611
28841 26724
29328 25774
24920 18107
19549 26659
15628 25959
26736 19086
28153 10378
13451 26633
22726 11925
27842 27632
20733 16286
10131 18691
28207 18390
19897 17656
28338 10909
14309 10211
18795 12898
15409 11766
24767 22336
12511 17976
17014 11730
28708 18077
26862 21573
29244 11687
27014 18689
22497 11427
20357 21153
18104 28039
19625 26056
25436 24220
21359 13416
10732 21232
19757 19729
21656 22613
14381 12016
16776 16754
23717 20395
28689 28994
13922 22932
11194 14533
21501 17177
24879 23982
27801 16051
23340 25911
10575 13441
29694 17119
24857 25144
10239 10983
26842 14484
18263 29464
27400 14925
20440 28917
11485 10626
21084 13124
12931 11858
22042 14224
19625 23675
20744 29136
21226 12181
20890 15387
28959 19504
20015 23792
16212 10661
22558 11756
28822 14180
26371 24537
19902 17367
10165 18763
22669 11899
28913 29155
13258 25572
14446 16948
16340 18523
22248 19275
18210 18672
28589 26539
16571 28155
14911 15359
27185 10054
15664 11008
19736 16818
26795 12597
17643 11995
17820 21509
11241 26726
23585 14219
27616 12082
20879 14416
23712 26179
17876 10641
20807 24842
19927 18532
29629 21337
24201 13008
12143 10694
15102 27862
26069 10169
28481 22187
24915 16669
12148 29591
18074 26448
13225 19991
24246 15581
11624 24718
25756 13874
12657 25711
21874 28531
18549 25606
23837 29111
20427 17515
24135 18882
12843 18133
19447 27328
10584 14265
19590 26499
10869 13472
21673 22316
14539 10095
19534 29897
26556 25984
25434 29486
13193 28295
18028 17351
25218 25087
24438 29322
11385 20539
19739 17554
24443 23584
21287 10354
12308 19390
26945 18815
12085 29424
14139 12052
10038 25641
24595 13017
13683 15746
16739 15330
28290 12129
24362 24587
26444 21577
19065 20002
29118 19371
28381 16946
13185 26675
10713 27455
18089 13251
26136 11754
13094 12646
25099 17478
13559 11139
17238 26372
26054 24449
17657 13923
18945 23785
16392 17659
15854 15415
14158 12820
25288 12457
22270 14339
14287 20650
16537 29039
10275 15376
16696 13431
12534 29858
10455 10186
22282 11335
29705 25674
14514 14245
13273 10169
27544 12817
24987 13610
17626 27448
24128 12515
17126 10745
18869 26768
11907 14880
21620 22031
21028 12704
15108 21581
24389 17608
14017 19288
12614 15319
22656 22716
13537 22404
12647 14736
24342 21463
23157 14254
13405 11741
14771 24952
25364 13514
29714 16783
10368 26909
19462 23710
25585 26052
17167 15364
13282 27113
11523 19443
26136 20507
23772 11456
25230 24002
18200 17914
16050 20072
22348 25054
21770 25996
14473 15727
18721 21333
10809 18439
13417 22423
19959 21291
20488 16045
24323 24192
23655 17757
21874 28707
23204 12489
10979 28598
25822 11230
29664 16875
21093 17020
26109 13677
25718 11518
25049 23323
27138 20952
19581 10153
13369 23959
22765 11638
23413 20767
12836 11832
17314 25367
16497 12432
25299 19318
18357 26609
26035 19129
26785 15059
21974 17870
25764 10234
18201 24271
22836 25210
16592 12788
25424 29495
26893 22803
22127 29530
21328 12564
25510 22747
27826 27251
17401 17259
25285 17173
24282 25431
26724 16212
29629 14781
14286 25685
23072 22956
24821 14583
27947 20641
22931 23940
19770 10079
23359 16145
20393 25500
23690 14104
28050 29675
23692 21308
22927 26781
14516 19171
27973 11366
11108 18710
28190 15011
13911 12469
16233 14405
27845 14109
10442 15216
17729 23344
16393 13256
23000 28358
16800 17131
17596 18486
12993 19341
26154 23938
26315 24496
18307 11283
16845 14474
16713 17681
15537 10295
24383 16875
15968 29749
15563 14607
21615 27343
28401 27708
21811 24632
28303 24183
19214 23057
16786 16962
11722 22578
19760 17291
15045 23808
10296 16685
21052 15538
13498 16831
10608 19924
26349 11368
23305 16576
25716 20783
15347 11791
25018 13013
24209 29090
20845 12107
17916 28786
16915 25653
16991 14780
24894 14942
12954 14960
13559 16802
13007 18713
17010 26016
16186 17684
28445 21485
14377 14158
14421 27325
17863 18370
10148 28608
11654 18354
22803 21172
26011 19197
10413 21388
25692 11597
27791 20043
11045 28618
29941 18897
16734 17173
21603 27554
27527 22178
11622 22798
29586 15967
20217 17903
23889 12174
15589 25286
15103 25125
25061 18824
15157 24381
15518 20362
15222 12173
10569 10182
28478 12137
11193 24904
11092 20813
10862 11747
18248 29262
27331 21167
18309 10703
20735 19607
10789 16849
19182 11054
10665 16444
10944 25474
20230 10066
26553 22468
22103 23761
24184 25548
19726 14241
10059 22918
15869 25456
25771 10003
23100 22310
21786 22041
23004 16103
20732 13531
18591 19222
18325 15210
16395 15408
11075 25630
19452 12223
10559 25018
25384 23600
20361 23010
10930 25096
10620 11238
20299 29638
20984 25321
23400 25260
14789 26832
18875 24235
26652 27261
11243 25788
11662 19111
23547 23645
23694 20962
23574 26020
24444 25948
26234 29097
25693 20087
28386 24423
16706 25873
27278 27079
10895 12769
16820 15520
16038 26006
10652 22686
23496 26560
18301 29225
28290 19104
19942 27852
19162 28316
11774 20458
24315 19421
12471 12336
16540 21947
20599 24233
14027 22433
13409 12925
20621 10607
20329 20353
11845 17375
24238 24619
24939 22985
22532 12476
27577 28811
18495 29088
17114 20334
20171 14948
25656 19327
12208 28372
25443 27479
17453 18683
28207 22119
10603 15516
26858 18420
27226 21581
29254 23534
15164 10192
17098 10748
29110 27388
19935 15008
14604 28464
23629 12823
26328 17655
22303 23870
19783 14233
12683 26539
19530 13707
17500 27334
19135 22916
21265 23659
16112 18595
18209 28366
21225 27817
14929 17217
11033 17941
16257 24192
12831 29818
17521 21836
26776 14922
25009 20153
21451 17793
12122 17858
24820 10945
26836 25038
19282 25822
27741 24843
27376 17762
10840 20395
25370 29967
29715 15286
14867 17613
11876 17624
29384 19152
11405 12696
15496 25944
25202 12000
22059 19743
18136 23752
10045 29674
27951 14874
14442 22361
13357 27118
26366 24375
12988 29746
16444 29281
13180 28103
20055 21608
17232 20396
14539 21814
27075 12252
19973 18257
13903 13310
27381 12617
23669 27157
23805 12107
20359 15443
12433 20189
21532 19758
19675 11546
13332 17087
16273 16803
11356 18420
19152 24405
23813 25214
12571 11127
27461 17966
11395 12037
10569 25466
12420 25684
19532 19047
15570 28650
14279 26038
13646 12510
28956 26954
17552 24804
13936 11465
16601 13226
13534 21271
22681 14388
14546 17828
21042 17206
13985 12958
26953 22959
18122 19332
18180 27563
20487 21001
12169 22416
24470 21995
23375 11132
10774 14173
23780 10790
27361 19034
29235 20571
18777 12596
23894 28517
28059 22800
11996 25847
15539 28914
17883 14654
22025 12724
14616 16285
11816 26576
29888 14862
24286 24651
12240 29342
12271 20703
19157 14844
26838 18750
10391 17077
26954 24208
20081 19416
15995 27305
13314 29928
27295 15588
24402 17873
12695 22761
26011 27361
29777 23157
17531 17359
16238 15318
20809 24077
12610 27837
17059 23283
27056 27953
25259 19215
27151 13557
11068 22407
19330 20990
10862 11133
27869 21718
27793 19793
21913 21730
29126 14058
21505 16658
10683 16474
23497 11689
16951 22540
22939 23685
27218 12403
27813 16029
28422 26330
13772 22582
11462 23660
17076 13104
15538 12195
27980 13037
14003 25050
15467 17139
11417 16042
13298 17119
13530 19038
25297 27483
11867 15457
27006 25673
23895 16480
29101 23478
19962 19680
11675 24615
10936 18262
26875 25331
28736 16022
15951 15798
13163 19993
14317 27573
24410 22821
20975 19822
28404 22601
16542 23196
17609 26884
14836 15095
25275 13781
18202 21242
26052 23525
12993 22050
12616 14481
25259 11633
18100 19847
21625 16697
13547 13433
25475 13983
22825 17636
29801 17415
23180 21018
13169 24939
24865 29326
21704 20082
17527 20389
19876 23678
17753 23460
12757 12734
14128 12073
21699 25983
15415 17628
24901 23701
23388 27723
13090 12390
22767 19896
17413 10494
12696 24847
17395 21134
16014 20407
26778 19106
16273 26436
13601 23572
19765 23789
28955 10769
25798 10250
22703 22246
14059 12702
27078 26024
10222 27082
18093 10989
24148 20971
26486 24274
21224 27929
20398 19728
29039 28232
13980 20812
23588 21670
27678 19883
19280 11854
19246 26546
10148 28583
27014 12345
24940 23570
29782 11514
11147 11397
29302 12564
10324 10618
11788 22268
25057 19115
27213 28623
16209 29002
12640 23672
10563 27207
21831 15287
13733 15364
10287 27442
15590 12586
20451 19836
13013 21417
24929 26572
25912 27641
16232 14561
21559 19280
28833 25171
26149 18687
25251 24846
21413 24523
20672 24123
13389 28077
29737 15476
10682 16413
14635 15685
16068 28475
27705 14486
25125 29494
17811 17668
23356 26722
21491 19325
24316 11576
23420 24144
17599 18240
23477 10377
20822 12353
29422 17789
26664 18265
22834 13022
23117 27117
26153 23831
28402 28898
28519 20852
10298 27763
11191 24253
27914 27842
13888 10748
18410 27708
29736 27758
12835 20223
28057 29775
18403 23240
19513 13663
25060 16807
20596 18567
29458 16255
28260 24599
29910 14073
27546 17088
18437 18939
15997 10375
13342 13818
10945 10136
18420 25739
13712 25816
29642 20041
12681 26541
27722 15198
12855 20891
12242 29136
19554 25312
27649 21483
27749 25162
22332 18867
18363 27524
11540 18992
12063 26363
21004 20375
21417 12184
16600 12870
25721 22152
21520 23079
17193 16158
20522 15862
21618 18828
10192 28272
23449 28058
25004 19994
10467 22287
18829 17575
14914 21505
17349 11433
28659 24325
23644 19385
22231 14936
26495 11927
10680 17921
22254 14980
16036 12518
20402 23383
14306 22336
23634 25053
17001 27086
24661 25116
24958 24365
27909 27662
18892 11997
14011 24666
17282 10266
25644 13062
19755 16582
12803 24071
20770 28876
19183 12134
13512 28996
21810 15296
12302 20290
26087 20833
21653 27899
15400 12423
11880 17367
12050 18705
24677 29239
25598 15917
18842 19394
11229 25274
21966 10233
25909 14321
25077 12489
11871 27764
28687 23122
16686 25504
10617 18881
15652 20185
14556 15916
20686 17733
11972 20065
25152 29454
19866 10483
25948 18834
17604 28322
11232 14789
19528 20813
23709 27178
24147 18894
14073 16420
16943 13056
28700 10871
22568 19576
24504 28120
19463 29936
27693 29399
27122 16035
14011 19096
20283 21132
20036 24826
24281 10992
28907 24559
15155 25181
23301 18165
12169 27592
21792 18243
10367 26302
19627 18904
13377 26239
10131 14636
16232 17541
15712 16960
11319 15078
29964 26300
24581 24671
26892 12018
15991 11784
10862 28802
15685 29432
16164 16619
17854 14357
12506 21556
19933 20337
26777 15994
26087 25628
26703 20827
10783 24359
22775 21979
29311 12195
28449 26796
20417 18447
19260 15315
23908 20591
12253 21857
12952 15892
21839 17367
10003 27963
19677 25972
11543 11507
14060 18243
14380 16224
14757 27710
27178 20834
28929 10343
21852 24955
14737 18284
29796 10598
17215 13381
22600 20513
25521 25290
22186 11217
24417 21720
22316 16312
25649 23883
22318 13501
22067 12141
28058 20238
12952 26330
20699 28589
15935 25938
11866 29933
18158 18518
11011 11188
10152 22398
29127 21863
24915 26370
20586 21609
25269 28904
14803 23413
11036 25773
20307 17542
25537 14034
20890 29764
27435 25188
19326 19234
20758 25872
26633 23283
18024 20329
29282 19357
23121 28000
21619 27254
14902 12300
13012 26266
28180 25112
25508 10039
26355 16834
23504 23714
17566 22075
22295 15208
20510 21224
26602 12434
23146 18182
29449 14547
21728 13518
16908 23480
28937 25201
29594 11132
25409 10778
10039 15071
14855 17886
21254 10287
14138 10100
26441 25671
14968 28291
18919 13147
20482 19299
22015 27999
11291 10938
15148 18536
18975 21376
13421 18774
15863 15566
16843 29259
17835 14962
15843 28768
23438 17410
23086 23357
27220 26969
24505 21041
16367 20162
26464 22439
13252 26272
27149 21214
10654 28997
27445 20477
19399 10580
24465 22331
17192 14321
22563 19026
11489 19268
13399 16714
22172 24200
27048 22641
27251 19243
10637 16089
19155 28835
22382 15109
26135 16626
25492 12051
25446 14658
29752 10510
30000 22431
24193 25892
26701 16555
17385 13565
17522 23291
29064 16999
25249 18076
27937 13364
21702 17153
20216 24773
11946 19736
27539 17608
28900 26509
28093 21104
10501 14433
10273 17379
15042 26268
16974 25710
28502 10126
20471 24869
15235 28237
26247 22907
25171 15455
29374 29719
21484 27536
12001 16150
25749 25049
10564 29389
21076 26583
23231 21985
27372 26427
16609 13399
25933 20962
17359 22484
25034 26745
16204 23834
26509 21006
11570 14048
19839 17180
26448 21468
10331 25407
24236 16452
19433 23242
23663 27402
17892 18225
11877 13361
14295 29277
26966 20832
24464 16691
10405 16653
12411 20229
29122 17506
22534 18423
24422 16897
17229 26991
25814 24740
18706 13496
23086 12775
10360 14190
18586 26966
29310 15466
10816 15632
19221 29295
14566 19657
15550 11033
27086 19229
12219 22857
28490 28322
23711 23088
18233 26403
15904 17708
25627 29511
26125 21109
20977 10683
26069 13475
11028 16972
16841 12826
22747 11728
23080 17787
29846 16634
21257 28878
11635 23399
11725 28671
14574 29265
11904 27639
13494 11321
25919 26342
11740 27251
13893 28490
15052 10061
29591 18707
17257 22636
17869 29065
19826 22082
10134 20920
14807 23649
16749 11558
26295 15307
15506 16190
10841 25011
21577 27140
16661 22309
16575 16881
26738 19500
11524 20829
20915 19077
23433 12784
17123 18546
22332 13070
29076 25121
14808 12917
12486 11185
28425 13475
26765 10606
20395 19972
18480 29165
25744 26633
29169 10527
28338 20526
20595 15318
25192 24426
22326 24358
10856 12299
26680 26956
22903 12298
26339 12036
27220 25986
10976 12603
24425 23859
22414 26905
15423 29677
20504 18148
27728 25552
15904 27132
15459 17647
21506 22302
12967 16204
27951 16294
25249 28891
28912 28096
21173 22941
19652 25585
14968 11253
26050 14910
17611 22140
15599 24105
26277 15505
29130 16202
28663 15025
24433 13463
23439 12133
24687 18579
29713 23702
22195 18059
10587 14466
27541 10767
25215 10341
27682 17301
18461 14068
21723 13644
12496 15962
22443 20812
18845 19326
15583 19420
19628 15033
29806 19707
22842 17325
19441 25707
10406 27606
27279 15614
14533 29310
25763 15569
29287 25900
17879 15715
16958 14457
12432 16141
10845 10511
12641 29598
26367 26524
10207 29429
29574 11442
29074 27054
24856 18223
22352 23745
18507 24781
21184 24786
24497 11376
23902 13615
14810 29706
21418 16163
25958 13437
27439 26972
28525 15923
20034 22311
29042 29579
25896 28719
25021 17881
13087 22614
