4031
1226 6675
5956 9858
4935 5083
20 2676
471 5337
6165 7017
1804 7917
3854 1952
4872 1642
829 2307
9569 525
5678 6272
4595 2896
9046 808
4990 6173
2642 6121
6060 2567
6808 4120
4044 2001
6553 2882
2355 5295
5492 4547
713 347
5790 566
3212 8480
8664 1361
2523 2275
412 1519
3497 7900
4046 7622
7404 7437
3170 2193
4154 3894
8140 5261
9037 1029
7236 7040
797 8144
2259 1131
6819 2705
3735 1711
1833 2284
2456 9074
9956 4159
9287 1211
9219 8579
3009 1879
2379 142
9804 8717
9441 5623
1144 1298
1955 4188
74 1948
1193 5402
7428 7089
1462 2890
3277 888
95 5647
5275 8409
9281 771
836 7579
8425 3223
6323 6032
7834 8276
5924 6358
467 258
8294 9145
1848 2871
2959 7245
4027 3061
8438 2750
417 2271
2281 9347
6639 3387
9003 1359
2640 5482
8668 4933
9099 9204
4593 4117
9751 3627
1587 2493
6280 341
8432 2641
4300 7838
7163 8130
5293 6385
8405 7947
7046 8017
5109 2657
4300 4251
3003 3354
298 8298
9897 5711
7978 5211
2308 262
6174 336
7484 7976
5346 546
8327 3269
3531 6206
5899 3282
4124 3338
584 3921
137 168
5056 6430
6018 3399
165 6336
6253 4906
3239 9186
3743 6846
2043 1093
4932 1580
1645 4516
6415 9983
9563 8139
3157 8740
3154 352
3909 6025
3706 2764
5703 2179
5470 8761
6340 310
7488 1911
2718 6349
9761 7739
3892 6080
3426 7781
5037 7518
2621 6854
1722 3840
2240 2872
7340 532
5876 9625
590 1960
2068 4114
760 7351
8867 2175
1433 4248
4937 9336
1229 5148
9412 9218
6122 8352
6616 9563
5899 7758
977 1552
5928 6349
7181 1213
3029 1370
5679 1185
8448 2868
5261 835
3505 2473
7620 2164
2622 169
7034 3208
4900 9887
5373 2514
9334 6544
368 7138
4994 5283
8924 7985
3020 3105
2082 5099
1658 4478
9354 8710
3515 629
2476 6413
3814 325
9483 7454
8203 5477
5806 1989
8835 2772
1967 7957
4874 2120
9601 4501
8255 5653
6780 1087
3186 4949
4508 381
6163 4642
6645 9712
3774 6597
7490 915
3057 4572
5047 2511
7507 9990
7069 3725
7180 8403
6441 7679
7815 4213
1008 5162
9337 1946
4468 9973
3781 7708
2049 9722
2707 4710
3910 4352
1620 6832
6781 3382
8234 5440
2488 2575
8303 5951
9795 8245
5746 6431
2212 6956
7264 5404
9706 3711
1110 2309
4730 6823
4486 8862
6630 6121
1668 3292
4276 3119
2780 3759
4329 8622
3232 8351
7672 1387
5387 787
609 7493
3833 4326
1037 9168
7335 782
3801 3141
2575 631
4263 8451
8426 4923
9363 8513
592 8582
9801 2509
3669 4808
8965 4168
7457 2732
5484 6818
670 6141
9835 4677
9953 5061
344 8263
28 8861
2675 9682
9311 47
8503 298
5400 2290
8049 9840
9117 9074
2532 577
3025 5975
579 7488
6094 7543
5893 7933
3336 9322
4943 7241
4623 8083
9234 1264
4329 4783
9529 5420
4444 1933
2796 9210
4627 2336
5522 3555
2520 4743
3422 64
5510 9881
1818 7300
5743 1424
5536 5162
8564 8937
4424 8608
7557 5392
7288 7172
9187 3756
4625 6139
3153 2496
3231 8780
6254 5984
8815 2168
6186 401
3858 3109
5463 836
5913 8280
3482 3033
1195 9464
5543 1625
169 5740
3320 9744
111 3190
7256 5141
2892 267
8386 6532
3243 2017
2274 4520
3157 7186
8854 7914
1042 4837
6885 9118
6994 8998
8577 6508
589 497
6169 7974
8865 8322
1858 8525
8176 3978
5774 7466
3833 5574
2930 3525
3651 4226
4066 4239
419 1606
7584 3242
7714 5129
3950 6138
8700 846
204 7403
4662 9012
667 3683
2484 915
6078 5872
9007 609
1873 6593
9628 1514
4964 360
7389 3785
872 3407
9439 9554
5711 4642
111 787
9627 8439
4503 5554
1416 1699
8958 3295
5158 2234
9975 9109
159 280
4981 5761
9922 4312
3621 2297
3609 3100
4608 958
8804 7394
3019 9626
5156 6629
3979 1475
5523 7257
5607 4185
4266 1563
3966 6320
8319 7457
9637 6524
1975 1806
8223 5765
2290 4450
514 6703
6282 3302
3485 9956
2771 2920
5536 5002
1748 8316
2575 5460
2524 5859
8398 8975
3108 7659
718 6351
1194 6634
7910 3476
7676 150
3810 8761
9299 6484
5027 1569
9951 7296
5656 8153
2048 9495
7829 4961
3074 6305
9759 7564
2061 3550
3072 969
8964 7930
1869 6990
8399 7171
9560 2246
112 4321
7227 1257
4262 3606
5660 1441
8595 2826
840 1145
6163 1740
9217 1860
6809 5646
3423 5732
9528 9039
3156 8645
5164 7956
7415 8706
7111 282
2328 3044
5017 937
7258 6518
8949 9925
3163 4905
4574 4471
7953 4049
9155 5928
5702 5356
5981 6529
8511 4642
3152 8980
2994 7030
2575 7925
4971 4185
880 9604
1406 4114
5350 5236
8108 8733
9181 3512
5561 3007
7734 4287
9448 3778
2325 1254
5351 5064
6719 188
6619 9515
2312 2520
8547 1422
2865 9164
842 7118
4245 817
3940 3085
693 4110
2676 51
9487 4352
7169 907
1259 7352
4581 4929
3597 3660
5617 1372
3154 778
7262 6061
4552 3206
3400 9081
928 7352
8328 8079
2944 2007
2639 5686
9538 9034
546 8042
5211 3514
4261 437
9374 8561
2997 8435
3055 492
8310 5690
4061 9421
7968 8235
2952 1993
142 4581
299 6570
3947 2036
4065 596
6384 8123
3343 1410
2813 6922
636 2745
8942 7161
1295 1429
4108 6386
155 7954
7619 9108
4662 9480
4582 185
1436 8148
2789 4231
1377 1430
8807 6923
2879 4093
1323 1864
606 8795
241 3040
8640 1275
3990 9401
1556 2581
7857 9311
9048 1691
8860 1109
7169 8026
821 4846
2121 3555
1560 1417
6088 8665
894 4366
8399 3755
1715 2172
7529 4760
519 4042
2381 7551
3452 7538
4441 2484
3661 6685
7452 4383
1344 2386
7806 7675
242 911
5375 3967
6336 8533
9190 6105
8122 3017
4933 6564
6999 7150
493 3309
7031 9935
2291 9403
3692 5963
9030 2459
5657 5974
5766 3347
8084 3721
9159 8915
4311 8915
2313 8564
7402 4
2250 4328
6003 5153
5165 9198
5585 1477
7727 1242
4292 6279
5793 8101
1552 4448
7684 3370
6073 1216
2657 2418
2997 6715
5329 9637
4154 9062
9986 6237
4200 961
5800 5119
2445 6325
3034 2938
6921 47
7669 1964
3365 5595
4297 6324
9632 5861
583 3750
1416 8836
3781 5639
9548 3190
1821 9902
9480 7677
5882 5697
9540 4312
6312 1360
4391 5571
9071 8803
895 1516
6522 6897
4591 4793
7712 4210
1389 9907
3145 3554
7744 6062
8159 1754
4502 9301
4111 4632
6798 633
7583 2384
9132 9180
8146 8488
2575 3541
20 3085
2468 887
8471 6124
6934 3194
9924 2046
4036 2874
2357 9362
4245 9309
5439 4862
3611 5049
929 5839
4268 3731
6331 474
2901 1167
5876 4901
2925 152
4300 9503
2604 9522
354 9904
6890 5733
4519 1000
5100 2202
6642 4739
7597 6808
4104 271
8834 5868
1200 2263
882 6402
1015 4498
746 8408
5429 3126
6991 788
1552 5558
6772 424
7477 484
9607 4417
6824 3933
3093 8650
7851 7252
412 5353
2415 9062
4131 7184
213 3667
4339 7314
6619 8842
790 9885
9206 2727
4194 4082
5405 3306
6316 6482
2663 3393
6850 5605
3665 2627
1105 9426
6664 6463
2355 4981
6776 4807
8553 4293
8972 4053
1474 888
2492 7674
172 110
3647 7367
3636 4853
6064 4899
2129 9123
4989 1622
8780 4349
4016 1486
7856 238
437 8514
4260 7114
2365 7233
9214 1115
4274 759
1432 7707
2661 4414
79 4277
9960 907
841 6032
2973 2939
671 1381
4457 9381
596 8011
1694 7042
8953 3480
852 3125
2067 5453
6545 117
1731 3675
2477 8337
3857 5818
8139 8764
1939 8790
4216 1301
9879 6096
1019 6410
8127 5756
2603 8869
9889 6480
3800 5909
8947 8245
800 7956
4579 3633
5092 5448
2663 2585
9815 4855
8145 6828
6881 939
2013 2828
5221 1902
6898 8663
9992 4348
7858 7195
747 2608
524 1127
8400 8747
5923 4760
6706 1603
3882 4085
9332 6655
6888 7648
2661 3900
2012 4504
6511 7507
2641 1085
1853 7192
3226 1847
4825 7244
8520 6571
1424 5097
1619 9622
7561 5903
4490 9287
3605 6059
916 3692
5757 1346
6650 2894
3454 2606
4745 3919
393 8073
1465 7663
3606 9456
7542 3637
3816 4912
4439 2646
1039 4871
2302 2189
5098 1972
9598 4583
4519 1681
6217 4003
5784 3788
2379 5195
6351 1043
3011 8610
358 1022
7652 3424
9714 9888
6115 223
9870 1939
5304 2325
1261 3261
2739 2005
3276 6231
6871 6051
7073 8554
1784 5842
7723 9434
7136 5668
2609 4780
5131 3935
6327 6374
7625 7973
4006 3890
3251 8556
274 5528
2830 2995
216 4903
594 6337
8164 5119
2811 5852
5315 4433
2778 9670
8060 7322
8215 3498
8945 7635
9594 4760
9121 1825
9963 543
2985 7517
2752 8562
7298 323
1341 9947
6688 4187
6005 5009
3859 9440
6901 1275
2047 3266
8286 2233
6698 2489
6683 4021
5419 9241
8684 9630
4880 9476
8453 7667
4118 6038
3717 6000
8519 23
1168 1781
6922 873
4522 5779
2392 881
7090 7818
2160 6756
4029 6901
2111 8879
6204 4392
9774 4056
7451 5763
7399 9938
5102 6339
5170 2782
813 3244
1778 414
7358 4970
2310 2086
6411 1264
7597 160
1493 2003
7064 8584
6852 8718
4818 8574
8507 3423
2739 7083
4385 954
3967 8178
5870 5881
4119 6242
2394 6492
9847 2449
7714 2147
5321 9109
2135 9075
7421 3482
5867 4023
8570 4022
9194 3284
3288 5610
1041 3368
3133 3626
1819 7654
4426 9481
4676 4814
6073 7197
3743 9911
8108 3879
6322 293
5760 4560
8017 3858
6771 9064
372 9209
9301 9423
4971 6624
4209 2815
6031 4668
6705 923
9747 2018
5977 9091
3537 7729
5238 8341
7486 224
8470 9478
9624 4686
380 8567
2572 3249
4843 6867
6919 2780
2845 64
9524 2235
8680 6221
1882 6401
1831 1190
6895 5351
3300 3403
5478 8236
54 1450
802 5943
5021 7969
3167 2473
5720 8983
6834 4917
4350 4915
2600 7146
4308 7143
2530 3610
3486 1101
7512 7176
7426 3697
4636 9778
9538 9536
3258 3154
213 7960
3085 1019
9736 2812
2734 5283
5239 1256
7629 587
5999 5282
3087 7659
8586 7884
2762 6042
5318 1088
2500 908
2406 5014
8905 1674
5537 4543
941 341
4041 8209
9563 6662
5267 3941
8666 7120
5110 5727
1985 4648
7757 3243
2756 7654
4127 6715
8872 5935
6320 9250
3194 849
1789 2842
5588 4088
5562 6616
4475 6105
1213 4296
1403 9093
7215 993
4802 8758
8750 6024
3997 6636
8366 7947
6025 374
8045 386
6400 8936
1106 5474
9518 1347
5662 4150
6839 9244
3475 6050
4377 1144
8380 3676
3527 3298
9683 4908
8422 3393
5022 4469
9638 7577
1558 4220
9831 5745
2318 8531
3453 4808
1414 3934
2265 6891
1672 8089
322 9971
8836 3259
9733 9520
1915 5023
2877 7167
1681 1805
9627 4688
6438 6596
8122 4342
6151 6040
5740 4150
6122 7975
6690 969
6816 2098
8527 983
6775 9381
9142 4535
4428 5341
7808 9853
7854 4367
3588 1970
7955 9608
6661 2750
6056 551
2542 1127
4622 8600
4718 3816
654 1338
7993 791
9555 2002
2675 114
4492 194
7485 694
2766 1966
4627 5345
7826 4050
9115 7483
5222 7026
5028 94
4453 7871
1601 975
1761 3239
6779 7957
9000 6711
946 1468
6082 4203
8578 6529
8893 2824
9334 2028
7635 58
8727 2251
4616 5593
7204 5303
8223 6317
2748 7021
125 67
716 5997
5888 5195
7677 6000
6528 4746
8181 2958
7973 3194
7852 7279
8194 1148
4523 7860
2323 4609
3129 3996
3140 5633
6997 7318
2824 4341
5324 5378
4459 2443
7929 1924
3596 387
7284 8056
1090 0
5099 7031
4389 4079
4882 5227
5190 9706
6089 4691
7928 5422
9986 4235
9444 9855
4618 5996
1063 5546
4026 3710
9718 3006
3587 9607
787 9977
1160 1723
7867 9469
3000 7521
8077 7566
5281 7903
2993 1790
2385 1243
7092 4699
3956 668
146 816
8000 2686
6424 7157
6749 7628
9754 6348
6388 7127
5326 5559
2830 9074
9462 8944
74 7682
6262 5930
2081 6097
3108 3641
5341 2808
1440 6209
510 4512
4983 4627
1401 8990
1413 7051
9203 787
2041 762
5805 5080
9790 2662
544 3921
8052 3841
7058 6647
4554 521
50 5088
8560 7006
2009 9794
1663 3074
8787 5350
5831 9012
1954 4103
5599 3497
6736 6055
9899 7444
9535 2473
4985 26
2800 2351
9421 4526
7932 1536
2787 2095
9743 8352
258 6190
9148 8646
5763 6851
1992 6612
7699 4523
4761 6091
8475 6674
5495 8580
6541 7855
8486 5853
9401 8366
8783 6022
1248 1058
5357 629
1157 7505
5025 1325
3789 3135
9052 5155
5513 3250
413 2893
8589 3562
4734 8323
2369 3836
4855 3217
5368 364
1184 6698
9978 9931
5091 2066
6188 8527
7542 7824
8958 2708
4444 5766
9339 5970
2906 3006
3764 4448
9354 931
3428 3100
8250 9225
119 2472
4533 1625
5988 2740
798 4449
9378 6610
5204 6758
8414 3640
7943 2034
73 9602
8949 3344
2280 5140
4564 4617
636 4289
1153 5355
3316 3692
4047 8003
3746 2140
8381 6
1421 5542
7231 7580
9599 3464
396 8670
3850 8360
2103 6500
4290 7949
1419 7403
2864 9905
2851 4
1474 7849
5062 5696
9203 6813
1835 5938
3849 5321
2194 2960
471 7344
6223 4027
417 6846
4960 4654
5267 7832
8223 6519
9051 8367
1414 5010
6646 7513
9790 3187
9911 2425
3258 153
3779 3352
2137 665
4696 2479
1895 3743
5119 4004
853 2408
5543 3803
4115 8700
63 4867
1093 7646
4418 8552
6556 4367
2730 1019
5317 350
7623 3469
5457 6038
5123 3534
7116 3575
340 7366
3496 4634
6851 7758
3160 5711
9715 3486
2211 8669
3902 1818
6618 3059
1477 339
8050 4760
5150 7148
9238 945
1188 2185
1214 2054
5402 9071
8335 983
7700 2024
2966 1280
837 8110
3749 5230
9074 6227
3316 5265
6557 217
7294 866
2334 1996
303 8153
8839 5313
8621 4714
8112 8419
5863 7141
7039 6380
9576 5390
9895 993
958 1990
5353 4654
9058 7319
1542 1415
4228 4117
7897 403
4185 241
5664 873
4964 4704
9635 2667
4990 8433
488 5977
3772 4692
7920 3130
7517 7922
7863 4941
759 2022
5763 8656
4052 6127
2013 7060
4765 4845
4710 5643
4371 1283
4207 7992
1514 962
9426 5422
7084 6952
7182 8236
393 4764
7841 2797
9117 1977
6098 3115
8098 5715
8441 9077
3488 2558
687 1576
8026 9750
1951 1235
6871 3772
6257 1712
418 1960
267 8213
5326 7655
9047 8584
652 5647
8262 4094
2828 6398
8211 4158
9962 1862
8063 5213
9430 2353
1454 6192
906 2221
2834 5507
6204 4657
8252 8564
9473 7160
2809 6020
8269 7380
6276 6013
1752 2916
9235 52
3274 6968
460 2245
3008 3276
4758 662
6610 354
1208 9167
6941 399
2195 2271
6462 243
5259 1793
4545 4788
3863 4486
239 7677
118 5978
8958 9270
2991 3810
3248 3365
2220 6576
8982 4545
8217 1841
4101 5345
1891 9372
2654 9584
4226 2682
5373 3380
612 7892
5381 259
1556 8296
7579 5211
3116 784
8284 7301
8471 9710
4118 7219
3134 6769
6768 5538
2054 2912
7710 8350
5329 9411
7735 9019
5322 7586
2309 8100
4338 9580
8807 8029
5656 7512
6078 3846
5931 1700
586 3822
3106 7510
4139 3342
2065 512
6172 6212
6893 8875
8552 6241
9668 633
6835 4216
2477 3407
1220 8165
3740 4983
7485 2513
2334 8788
5121 8668
8583 3377
8516 595
366 6853
4041 906
5892 1942
7251 7503
7577 5873
347 9160
4467 8228
8428 6911
7546 6117
8089 6129
464 2315
8468 9416
1611 3489
5258 3090
8943 2412
7686 4086
5153 7101
7920 4488
9647 6314
6001 3010
8725 2948
3069 7420
9812 703
4283 1997
5280 2644
9810 1191
4889 5486
2114 8401
8940 8390
4333 7
7797 280
5904 3953
9204 9027
2523 3969
1102 1344
3367 1219
4139 6990
771 792
9647 3608
3802 3007
6673 889
1658 9885
3308 8446
3360 1661
177 3641
2225 6544
393 8303
9335 4376
2870 9256
6991 5882
7131 7320
9794 1734
5239 2870
2826 9115
6380 3350
6770 4530
1531 552
7313 6926
1343 3286
7678 4576
6492 5635
1149 9834
6289 6975
9928 9449
5748 386
2139 915
7025 9282
3687 7208
1552 3929
716 5778
9988 757
2538 2447
1548 1254
4283 856
2589 4819
6189 2014
7907 32
3251 2736
2713 6275
3573 3588
1107 5303
4655 7009
3805 1789
1376 9608
4021 978
677 6566
7489 2353
4515 3451
4821 41
7381 5502
8594 1445
2502 8743
3885 1923
7953 2161
847 1249
7292 544
4205 7341
5335 2734
3448 6308
8814 9395
3356 1918
8021 7535
1027 6914
883 4002
3814 3553
3897 8128
4956 4060
8544 429
7528 9010
5130 1295
8855 2312
5535 7682
851 1345
6356 3670
7010 6074
2169 2490
1671 1552
3632 8959
2050 2611
3527 6058
7905 8683
5238 8806
4516 2316
4021 9386
553 8372
1371 1970
9735 4745
3567 607
1041 7760
4771 7802
7949 5492
9368 6475
9503 6508
4128 4550
92 7130
6623 3958
4658 7525
9929 7409
3396 4042
5121 7202
3420 7523
2356 4768
3510 4259
2913 2651
3808 5017
40 5453
7819 6763
3781 5672
4808 4324
3954 4704
4851 1008
3308 8660
624 9710
1238 7081
9235 8701
7423 5639
9921 9554
5477 7692
6738 8886
8160 4726
4728 4518
793 6606
956 63
15 2073
7826 4048
7381 2388
9729 7030
1435 6703
487 2407
5666 3820
1342 192
7344 6568
2844 165
1434 4673
692 4490
9033 2727
4959 9733
8074 512
154 5685
4442 7264
3185 8909
5984 6893
3065 7993
7263 3310
627 9872
6851 2006
5149 8302
8255 8448
9172 8244
2454 110
5746 2344
5601 1919
5751 813
1875 3764
6615 5156
8522 6085
8005 741
7935 5929
6735 9326
5549 2042
1316 4811
2771 6668
9056 7322
1260 5804
5978 5740
3676 2638
2140 5063
2305 9604
8175 870
3661 9481
8104 647
3621 7313
8120 9575
9972 2714
7841 377
4349 3173
1973 6856
7395 1194
4381 7645
6487 7992
3805 3854
9353 569
3639 1334
6505 1589
2530 1129
6085 9734
2603 101
8 353
2452 7612
4359 7034
5062 4104
2183 1634
7036 6807
3826 4014
1718 2457
2239 6690
7665 6362
405 913
3422 7263
7025 551
5239 8273
5603 7520
2039 5268
1782 660
8758 359
5347 6283
5746 799
9144 1248
3286 7881
4346 6083
2580 4931
4884 9534
8635 501
2025 5685
3949 7339
2207 9073
2384 1288
3500 1373
431 307
9957 4224
5373 3377
3643 8336
7235 3444
6715 2497
717 7740
9067 8200
8976 3170
6582 5895
9410 3983
3784 208
3648 2845
6044 2819
2002 7939
5095 1693
5823 2491
3058 2662
3540 8508
5302 9496
3987 957
8558 8281
2765 1477
8698 6516
9411 4229
2897 6815
1797 9303
6157 7387
9248 565
1890 6991
9217 600
5746 1027
5648 1290
5768 3563
9911 7186
4202 856
3593 6511
9585 766
8928 2662
8990 6707
5242 2489
6823 2507
6453 8458
7146 2165
8541 6301
9098 2972
6165 9411
9103 5740
9961 9282
9352 2601
7658 5084
3995 968
2054 4097
2873 4076
239 8445
9504 6109
1997 7633
2565 9755
5057 8383
9294 734
6096 8907
2898 3755
7412 5305
5060 8374
5741 585
8899 3116
8995 7661
308 5562
4558 5296
9994 2774
5777 8079
1317 9684
906 4552
3395 5662
9877 8046
348 4784
8592 1438
9925 5300
6340 3913
2071 9780
6263 4847
3802 1550
8554 8242
2639 3769
5960 3226
6045 4293
2704 1622
2609 1302
5565 1156
5630 7782
5973 9945
5152 8246
3473 1435
3269 6801
3348 2270
4969 3048
4951 4365
5442 1827
4157 5095
9721 7450
7072 3873
4294 2706
8612 5522
308 158
5878 9464
3700 1338
9368 4199
3299 6054
9752 882
6151 4386
7039 3931
4905 2917
8905 3189
9799 4351
6226 9661
5487 6477
5474 8857
8821 6236
8612 3748
8222 2604
5440 2622
2211 8194
7376 9461
678 2561
478 6272
3564 7453
13 3439
943 713
6545 9041
1529 5456
7721 7452
3495 8749
7613 1077
1145 9144
8425 4854
2023 3578
8381 1371
538 2446
2802 8310
9407 5552
524 5853
1978 9541
2816 9933
2547 367
3904 9539
3062 3805
4315 8226
3676 8053
5808 6075
963 6717
8804 6831
3914 9258
1625 5343
6997 5855
4289 8089
5847 1010
4011 4372
4840 4002
46 5069
9835 8601
6866 9912
7414 7171
2603 1711
3316 1580
1932 216
8018 2133
9315 7230
4351 1780
1896 7631
5405 555
1537 7190
7439 9280
5773 5432
6482 6465
4740 4914
8287 804
1537 7275
2094 8555
2837 946
486 1115
6082 3870
3347 6042
8488 1586
6774 8134
705 1295
5780 2136
6573 4305
2376 6002
709 4509
118 567
5765 8954
2197 4480
1345 5761
4324 2349
4278 2166
17 240
1174 5906
3828 7548
8149 308
158 5131
4482 9890
9663 5937
4122 3510
3902 396
4790 3092
4824 6272
7839 9244
6768 7209
9986 3995
7808 9474
4895 6865
7861 5501
6786 8293
8785 1788
8418 9713
9691 5224
2180 8870
3044 4975
1792 8730
7749 3381
8031 1051
8030 5970
8570 558
9546 5376
8681 1869
2670 2364
8434 4928
9020 6472
2144 1340
3651 6422
3113 5568
3969 4247
7800 7372
613 9816
9300 8903
7332 7650
8875 5827
9074 5616
4090 849
6380 7880
4531 4925
8560 4765
4299 1482
6315 4323
2981 4720
3414 1337
9872 4202
1332 2420
642 3648
4102 792
5462 94
9127 5419
9587 4330
7972 1550
3617 2456
1629 7753
3510 1371
6362 3174
9924 1562
297 6249
1695 7764
204 5044
6819 5708
7215 3342
654 8976
4080 8564
416 6556
8981 1517
531 9842
3539 238
2986 8266
9746 5568
1722 2323
1050 5867
9304 6884
4540 6565
229 9177
2348 2785
7460 7431
766 4444
6559 1959
8626 4379
7480 8788
1358 3073
7429 4302
9865 8834
9854 7882
3262 5429
5790 8571
2752 7130
4259 7039
3756 6602
8171 6638
3922 3278
9658 2407
9276 5132
1330 7281
5654 9034
2206 3751
8400 355
9887 7359
3070 7660
5571 9377
3636 1437
9494 7886
890 8835
411 5665
5878 634
5889 3694
3068 5826
6579 9555
2971 4012
9846 7459
7381 7464
6113 4848
7976 9288
3865 4488
7493 5496
2597 3557
2616 94
9288 4236
5281 166
9296 9714
6084 183
3045 3155
4291 4060
370 1812
5712 8679
2231 5081
1149 8132
3168 3050
9573 6185
3735 9934
8898 7005
5650 8270
3 3625
5394 142
4177 8851
6156 7609
47 750
1886 4464
3903 9988
9590 7374
3524 8313
7804 5692
9702 8326
3683 8887
8922 3058
5776 6707
1929 5528
5297 301
2420 9307
7033 6699
9441 3580
7341 4647
3465 4332
7883 3892
5853 3566
1402 7892
1838 5022
3424 8126
804 5807
8981 4684
274 249
2511 6378
3905 2339
3689 7999
1094 9455
7467 7087
609 8501
8567 3545
5359 2976
5442 818
8437 7513
3151 5826
9431 2759
5895 3420
4551 3986
686 9608
8693 6968
2614 9959
4615 1410
2591 247
9345 9113
6808 3755
4840 2552
6901 6544
4421 8677
9018 35
4270 348
2285 2604
8286 4396
5831 7448
6044 4980
2904 3639
2825 8165
5415 4596
2438 4027
9344 6024
3972 9544
7430 6434
3818 3772
7128 1967
1756 6708
8040 237
7974 8354
8447 8723
1017 3157
5182 1449
4612 5744
8240 8442
6677 368
6505 1770
2897 6797
924 5824
6985 1894
1934 2587
6898 7441
4541 4513
9341 2806
7865 8748
6160 9134
8208 669
360 4528
8981 5
5489 7137
9345 5507
9502 2947
8501 6662
6222 174
4400 4932
9329 2191
4947 2212
9560 1236
5928 9635
8872 8428
2333 9273
7890 1411
5198 1313
6629 7582
9742 5677
5413 2317
7039 2625
6275 26
3483 8640
8837 8762
2865 2569
8539 505
7338 3231
433 6904
9711 5934
1572 3725
6976 4739
9165 4772
5083 6152
8601 3627
9668 7999
345 1626
1352 5458
9316 7778
3008 5616
7877 7606
8059 4386
2340 9101
8607 1711
3989 5346
4371 9321
937 687
9151 4555
2648 7834
8165 2869
7902 2857
3698 4921
5496 2170
8178 7488
5429 1359
5254 9936
6461 6025
7458 1452
5412 2393
6191 991
3167 9099
6316 6588
3829 8054
8438 3652
2610 8034
2760 5997
2379 584
9597 1184
5969 7106
1192 6649
2960 9325
7228 9450
4996 7071
5423 2150
84 7912
5517 7792
2854 8857
9923 8889
2319 8299
4043 564
5516 6528
8378 7435
1692 2257
3912 4421
2042 3476
4649 7244
6365 4978
6497 4534
6089 4292
4575 7500
3585 9750
1653 908
5553 1534
6836 2739
326 2892
6193 8653
9222 9440
4029 3396
3438 2254
6267 5878
9740 8468
2634 1448
4758 7772
9227 2249
7855 9165
1581 2876
987 3440
3323 9707
9151 935
9491 6558
4349 848
3924 7600
3017 6035
1001 4374
2603 8933
916 7111
4944 8653
1254 2965
112 6632
9821 9744
9384 7664
82 9649
7616 1916
555 2195
3166 3933
6748 5704
84 2314
3723 1911
3585 6273
6005 1335
9773 2325
4441 2866
4940 8139
7150 2532
9268 7859
5506 4247
5366 8024
6312 8005
3267 24
3520 74
4872 8736
2489 2395
3329 4029
2871 974
6319 4411
6058 8123
8795 1677
2218 7884
7433 2142
1938 7858
7215 4711
102 4621
7156 2674
2356 6900
4723 1844
8177 506
6084 6692
6738 1361
202 8219
200 6149
8993 7695
8511 3968
2282 814
1724 6673
258 9394
6983 481
1343 6538
9771 2204
1945 5689
2313 376
7489 3189
3627 4472
6994 708
70 7410
1828 6577
8516 5340
9521 4610
4688 2890
2579 8766
9091 2066
5854 6503
1875 1640
7329 3437
5844 6509
7036 5691
3131 5523
5745 9879
5371 8569
1045 1868
6386 6105
4111 8877
49 3403
8578 2211
2378 273
6996 6260
3280 4476
5405 3324
7327 1185
8865 2733
114 8954
5680 797
2218 3107
8470 4631
4599 6971
5119 4798
1630 1371
543 4246
1237 2793
8238 370
1194 55
9134 265
5503 1251
593 66
3201 6595
4796 789
1855 5454
3745 9238
1504 29
7209 178
305 5581
5778 5756
3958 1640
8611 2607
5252 8899
6843 1025
7679 3294
5677 2807
5093 4172
5773 5785
8675 2110
7485 1630
8026 3375
1902 7618
5028 7410
8198 6845
4419 4960
178 4766
7936 5154
3004 9695
3694 8524
4150 1650
7896 168
2789 9390
1619 2554
8550 5959
4387 967
5336 5333
4502 6495
2297 1185
5703 4240
438 7468
6744 9592
8136 5252
6475 6723
1884 5622
654 7920
1244 8433
896 8686
1321 3486
9425 6208
8609 3777
4583 5527
9959 4795
7355 7954
7623 6014
5213 7908
8974 8541
4351 8277
3858 5733
6636 3405
7305 2011
896 583
5975 4134
1917 3640
8086 7980
1031 3941
9904 7760
8942 6546
9349 1072
5963 2285
5148 3232
3528 9860
1153 5876
347 2967
1107 2509
4746 9148
6752 7374
8557 3320
419 747
3606 5056
3487 2203
3143 4204
6168 2747
3675 3279
3247 3962
9079 784
4593 6157
4089 9866
4314 1430
8136 979
7752 34
7807 5113
6825 8999
7595 2630
2659 8714
1969 6841
6113 5226
5080 5394
463 4074
9823 7779
6655 6418
1503 9355
96 5764
3381 9307
5961 9932
5954 6430
8112 4821
9075 3845
4977 8565
619 678
3954 6695
5156 6310
5739 513
5792 8379
481 1312
281 3664
5101 8334
4796 9001
4076 8438
6152 7160
278 1979
4177 5368
3683 9149
1002 1787
9419 9894
102 9100
6616 3799
6356 8381
5113 9142
558 9835
4885 1721
4767 9281
7477 3381
4963 8038
5408 7716
5155 9237
6313 7459
9055 3366
536 3881
1604 9328
659 3230
3708 7246
1086 9968
899 424
9066 3370
1797 9352
5014 7507
9511 2761
1526 4971
958 1224
568 9849
9187 429
9127 2522
8703 1129
999 7410
6496 8622
7440 2449
6468 891
3746 1965
6729 8100
1092 69
2797 2838
5916 4174
8624 9471
116 4823
9355 6789
5754 3252
163 4441
9276 2658
8932 9340
3013 6819
7299 7603
3828 1672
1838 2306
883 7974
1952 9583
9372 3926
6193 2308
3232 5467
6763 1185
615 1623
3960 9686
8098 2183
3102 5688
7241 6906
1969 9604
138 8439
6156 8645
4384 3236
9928 532
4397 6678
1083 1774
6868 7642
2731 4725
1886 8312
3236 4194
361 2303
8381 5276
6778 3867
3471 2093
4648 8246
6818 9363
5838 1959
795 1220
8360 6083
9394 1218
6890 319
1030 144
3635 7141
4890 2
6921 2687
1759 3422
3503 8767
6656 5083
2898 3392
5037 8151
423 7440
24 3018
1094 8076
3498 5914
3454 9660
420 6081
9362 9917
6188 6611
2128 9713
8459 3343
3626 9135
4412 550
557 1738
2044 3636
6245 4838
1865 3937
9243 1660
4925 9
1117 1291
2605 3689
5460 8152
5537 6697
4323 807
3439 1785
7292 8728
4421 2839
8601 8508
5019 1494
3177 9655
9971 6524
2920 7855
9132 2234
9045 9655
7064 4822
5982 7121
936 7001
4266 7492
200 4877
6398 1108
2685 1483
1326 5602
8849 7430
1906 7273
6641 390
2631 7627
1281 8440
6544 8877
3815 9230
6223 1769
9374 8864
6382 4635
8095 360
9283 2280
1140 5155
8106 6870
2606 7532
29 318
1727 7948
8122 8497
6294 8046
8893 4299
4300 1596
2215 735
6020 4244
5213 7852
774 6008
3489 5531
2565 5705
8910 148
4213 6056
1558 6165
867 3748
5776 143
1521 695
5855 4946
5161 8893
2629 4810
2277 5571
9991 3084
5157 9732
1476 6018
8971 3300
8941 3089
8708 1533
4617 682
1613 9141
5751 5814
9738 3164
7896 204
9792 9399
8527 6978
1073 7942
6512 2265
3413 252
3082 1950
6676 1403
770 2504
7013 8150
5337 2480
2072 7922
9948 1878
294 7793
3767 5391
4091 3773
3644 9241
4290 2427
9685 9135
6800 9417
6214 5929
3117 6506
7648 1103
512 9683
5813 4125
6181 9246
1090 2886
3887 1873
304 4332
5199 3891
2084 2295
2816 4318
7624 398
9505 2592
9359 7658
9940 6392
1736 8190
7085 1930
6292 3143
9059 1989
6710 6890
8969 6313
90 4255
7755 533
7035 8915
1848 4631
2741 7456
2203 8295
1638 7536
7201 4263
2172 2856
1208 8201
3405 2033
7 1445
991 3966
4422 5026
7767 4719
3529 9029
9838 7614
872 8918
7287 3125
1524 3786
4923 8046
7302 2298
8121 5800
5522 9104
8586 5026
5738 468
9056 875
9164 883
5929 9567
6883 1591
6473 2589
6978 5054
1879 2414
2498 4206
6074 1108
8489 87
9987 1625
9179 372
2373 2892
5304 7868
7549 2828
1305 2332
3313 5737
7683 4113
5534 9800
3753 2107
1507 7284
9291 4564
1863 3118
2397 9804
8576 7546
128 2976
2348 7435
2411 6838
2473 7142
811 6801
6705 3282
8773 9604
1881 4247
42 7992
6990 6197
3773 4189
4717 2484
8893 8814
5046 9774
437 8472
4300 1611
1017 9445
7049 988
4336 9269
4091 2075
519 7444
6379 2025
662 4329
3305 11
6336 5607
5131 7726
8517 4713
2574 5961
8799 4443
7918 108
7523 1010
1725 4448
5820 9510
7591 513
2516 3880
9173 7863
1037 6399
1238 9367
7764 6611
7262 2561
8662 2380
2998 9020
8723 6404
2454 2084
5890 6631
25 5519
1150 3783
2024 3802
1353 235
7004 3483
1784 5906
4341 8974
808 7303
712 8455
5844 4531
9659 9361
9095 1981
4621 6168
4455 2720
7403 51
84 4699
5138 3034
7329 9249
882 468
6510 756
3552 2695
2518 7969
7851 6228
4456 3568
295 3032
3140 3525
8425 4963
2135 5138
646 484
5282 7381
613 4066
9200 7543
2187 209
7249 4164
6817 4172
1541 1783
2154 3494
3743 1572
2517 7384
5371 8477
7864 3722
9306 6506
7344 6713
6807 5499
4493 5699
9591 757
4974 8737
4484 9472
5938 3395
179 6518
5335 3384
9647 6661
9683 8088
4343 3309
2898 7972
7126 1779
1828 2402
7574 129
4043 3703
595 7784
19 5210
4196 6280
7227 5509
6065 3509
8358 3516
4369 9617
2079 5655
6146 7001
1993 8618
3567 9764
4856 7847
9379 4140
7741 4157
3864 3481
6897 7202
3514 8274
5656 6700
3191 9812
4051 8420
3897 3398
871 3991
1321 2453
8593 8849
1072 8985
9483 3149
2372 8717
2770 3014
7153 8882
7790 3598
8352 8924
1653 415
9077 1885
4712 822
7624 5553
3985 4954
3401 7048
6022 6494
1191 8320
7365 5190
1516 7546
7284 5131
1140 2141
7445 4808
7887 875
5223 6698
416 8008
9458 8412
5929 3421
7661 2698
3766 830
2128 7711
4376 3103
6218 6304
1271 3244
5109 1783
6778 5652
4524 3484
4993 6253
7335 5586
2231 1179
2519 9275
8403 418
2240 1901
7260 9003
5855 8341
6685 4334
4050 7118
9133 7543
8806 5893
6061 1140
6315 335
4343 512
7947 5300
754 9138
2056 1783
9897 7620
3754 9402
8729 2472
2316 898
4310 6326
6992 3990
4933 978
2368 3458
7146 763
7481 3924
5803 7637
365 7577
1055 6233
2593 41
4302 8571
6123 4765
7005 2582
5950 5697
1543 6181
6479 2149
8636 7168
1734 573
4216 971
6202 8949
8116 4007
439 6982
2262 8151
3219 1897
3009 5973
9518 4693
8380 4983
909 83
411 1044
919 6609
1645 64
1858 3162
3741 5179
927 3809
7482 3191
8406 9326
6817 9827
8023 4423
3818 8531
4157 747
7746 5669
9102 2095
3514 2435
6979 1201
3637 2680
2220 1887
1643 5865
6088 9089
9362 5881
3782 4708
5150 8978
7207 664
5457 435
4717 7379
9428 7220
285 1985
9362 1976
399 2405
7665 4193
275 5383
4262 8046
102 2661
4703 2753
5253 7606
2789 7960
8238 1815
1777 9054
6240 6602
2841 901
7289 1653
6691 2597
5686 1719
2941 4139
2066 5407
515 3077
2476 275
3629 9663
1528 2185
7095 4894
1946 1970
163 9686
6900 686
4413 957
3258 6585
8698 32
8979 8876
6805 4421
3989 2011
9979 8085
4557 540
7489 6951
994 2392
1879 6101
5635 5890
8539 489
3811 1317
2052 4570
3068 9936
6688 5438
4615 2570
4750 648
8990 8932
4457 1893
9173 5127
7697 5201
61 3873
752 5856
4658 3536
45 4182
2427 7388
191 8524
4343 8525
4671 5199
3528 2965
1357 8823
1364 3364
3510 6838
5490 1634
1475 1495
9622 4358
8529 2420
7121 8581
7491 4799
8002 3498
2392 3400
5554 9952
1786 2254
3548 3514
8691 7877
319 8123
3523 2190
2416 8003
484 8405
2084 3381
9455 487
6779 6917
8295 7273
9917 390
2520 8751
8204 1486
4197 4731
9198 742
5602 1038
6879 4274
9929 1584
3112 8679
6234 7866
1723 4035
7651 2150
8082 838
1979 457
2636 3890
4139 8117
9104 5552
4386 4799
5442 4077
7299 7499
2483 3359
4400 5762
5333 6532
6981 8856
9799 4392
8690 6518
3820 7338
9818 4121
4097 6995
936 8454
508 5455
1362 2639
8673 7435
9392 5603
2550 817
1919 9320
1009 7193
7851 5674
6828 2125
9071 8908
7509 1991
8530 5820
5903 6476
4945 3497
218 6724
3540 9315
370 5818
2372 859
4683 6098
7352 6074
427 1555
5949 2784
9705 6984
7544 992
5415 6720
6819 2946
5191 8849
1406 1742
3290 2336
1307 669
562 5941
9733 5290
3446 8286
5432 3125
428 2967
9803 1410
9920 3575
1644 8945
2331 7455
1502 4340
9926 6612
8013 8447
1688 2812
155 3559
5371 475
5300 7506
173 1193
5678 8422
8179 1343
350 7045
4802 2507
1427 5923
1466 4666
3715 9004
2762 2182
6457 1270
3623 9809
2161 3320
7561 5211
4385 3929
5433 8867
9471 7727
4368 725
3592 4215
1293 6352
8927 8622
8798 9092
1633 673
3640 9765
9615 4368
2162 3581
2043 1217
6474 1547
7809 7540
8772 9659
6207 5993
7735 9715
8344 9139
5262 2239
1489 3724
3676 1234
9962 1493
6759 3111
1933 668
2514 8905
172 5163
1011 5394
9277 1599
4172 3351
7046 7179
6850 6909
7312 7085
865 7390
8790 9707
2528 1893
8873 4906
1535 2850
2466 9314
174 3860
2814 1777
6981 3086
8741 5907
202 3847
1206 4320
5786 582
1801 1673
110 9520
2230 272
1190 6860
9274 3294
4522 9916
1668 3019
8691 8800
3533 2553
6846 8715
8998 9281
1115 5
3877 9654
5941 6116
7495 2350
8835 3392
5957 2362
6125 1042
2894 4517
1688 3505
4682 5575
1006 7088
1380 9299
8269 3053
9895 1907
1720 3764
7353 4498
3321 8702
9835 8430
2443 6652
2763 8341
4167 7051
2114 949
863 9816
469 1851
6963 5001
4664 6614
1890 1144
650 7755
8201 5415
8709 4101
6897 9978
3417 101
2718 5628
9594 8439
7837 7736
4293 2205
6817 9349
7449 3601
3557 8680
4009 9767
4997 3836
3314 4061
892 7768
2116 2675
6111 2096
5605 904
1226 2228
1963 2794
5096 7187
378 1633
3565 1466
1731 8921
8061 930
2405 6733
3373 5644
8278 7498
1875 5109
951 1024
2790 3380
6133 8333
4489 7305
7504 8074
893 3402
6318 4604
3691 2569
8101 6075
2971 3238
2180 2010
9592 1060
5276 1956
9292 2794
7775 7639
3259 1366
9606 4831
3913 2282
6995 9074
5078 1199
4442 3997
8047 3143
146 9167
4179 8072
3315 1646
1571 2921
5143 1471
4971 7879
2837 5955
7697 781
5795 5431
1764 9434
8830 6006
2183 9941
2981 7509
4278 191
8421 4361
1579 8159
7985 3947
935 1118
4794 8250
4271 7275
6354 9645
1427 3963
1698 5025
7489 2732
4681 7176
8130 5724
8050 9308
9429 791
7764 4039
1922 2546
2507 7563
3299 7645
4815 8186
7184 1968
3823 8577
351 8809
1644 1009
8571 4835
801 2048
9255 6625
4046 34
7729 9993
829 6531
7598 2677
1324 4502
915 3216
9034 2474
7483 6706
2956 7252
4509 3299
7483 4977
3910 93
1875 1222
4843 8064
3615 1900
4343 3694
1488 6985
1323 9323
8731 3545
3920 1169
7117 6333
648 2928
5231 2703
7232 2035
1069 5731
2521 6700
2706 7414
934 7799
3691 8360
839 1262
4323 8562
8414 9537
2710 2748
9169 4293
4363 7545
6710 827
984 2101
2837 3031
147 4463
2512 9288
5959 7728
5217 2218
5634 5390
106 9854
581 7678
5804 1108
4288 5256
2921 1974
8095 685
5849 4396
9706 8147
4618 8288
6879 380
1013 2515
8648 7263
5476 9609
3443 3015
195 9492
1361 8033
7290 3709
4094 7965
1933 3438
8227 298
6736 9093
5768 5558
5716 4033
6125 4721
8354 4212
5374 7187
4898 1593
9077 9054
9867 5739
1040 1582
4420 7137
8197 8415
7643 5522
8742 7765
9529 9061
9209 773
5611 8188
3669 6116
6605 9829
6495 3510
7809 6310
8914 6990
4551 8585
336 5285
6858 4383
341 584
9727 4058
7985 9888
5151 5697
4274 391
7060 8217
5240 954
7570 289
4790 4497
4524 8911
151 4367
6474 3355
7075 6689
7582 9457
4402 2796
9292 8
6354 7504
7007 7924
9060 2329
2729 923
5188 9498
2271 8992
2487 5251
753 2560
9415 1314
51 9407
2329 3274
8253 475
9992 6103
2172 9251
6805 4739
1271 9256
7729 6728
9630 9072
4076 2760
4661 6743
3738 6973
4980 2935
5921 8173
412 3546
2962 2706
3351 6894
7273 5786
337 278
9445 2112
3698 4408
1142 4054
5395 5922
4663 8715
4610 2015
4700 5276
7626 121
3023 1741
5885 4275
533 334
3166 332
69 8847
7514 1510
7857 5137
4357 6018
2882 2856
473 5541
7580 7931
2244 8096
3525 7563
1729 4920
5676 582
8973 1854
6429 4932
4895 9775
300 7102
6598 77
6349 5665
5244 5802
3692 9616
1835 8399
772 1122
5331 370
3696 9771
1735 1152
1082 3629
6038 9850
8915 7109
9652 8576
147 5713
2504 3880
5706 3998
1202 1744
2271 6552
5455 7766
6524 1573
4495 2164
7190 1152
6708 3466
6048 8974
1039 1882
7203 2942
1741 9613
9780 941
6500 64
9744 3403
4525 6722
9102 9279
7640 5877
2286 8629
9161 5537
7704 8323
538 1819
8354 2951
8413 8527
7569 7816
9010 4276
6511 3529
8700 5098
861 5309
1007 1508
579 1833
5507 5128
3609 8931
7397 4342
3535 5057
5059 5826
6204 6109
6266 1805
6445 3152
8888 8156
2716 4633
2453 750
9117 2426
2698 7077
430 7468
9111 951
2969 9736
9205 6827
5414 2940
6867 8223
4492 1728
8932 4793
5017 9805
2227 8536
9724 8190
55 550
8206 3070
271 3672
6651 3471
6684 1540
1576 1683
4905 7609
2597 4547
3185 3862
7520 4766
5944 7864
1656 2623
3777 4251
3155 4070
6344 4978
2275 6031
3734 719
800 5839
7855 6770
1752 6460
8154 9091
7572 8416
9441 7233
1942 7242
3687 1635
9778 4441
5101 2766
5249 9049
1438 1201
6158 6045
5440 976
2459 4471
4064 6087
7419 9536
8871 6153
4064 6881
9891 7528
4819 7462
1088 3425
9400 6425
9213 5276
1224 3805
8169 3972
289 6316
9334 5497
2180 3832
2308 3196
7836 6588
7991 1731
9109 8269
6451 8270
4089 3337
4765 1312
7391 4742
5419 6592
2699 6367
9530 5446
1927 4658
6561 6319
6610 8008
8481 8251
9297 4626
8643 8752
5899 1418
8083 9516
62 5931
8806 3651
7831 6365
3799 5664
7033 3064
5642 6049
5628 413
3845 2594
2176 574
9374 15
8122 2285
2431 1626
5503 2349
5137 819
8668 2323
8820 8918
6601 2833
6744 7486
5735 1923
3665 8772
5602 8762
531 2632
4550 4096
2712 1898
990 9780
6821 2625
5378 4665
649 8027
5733 3568
1155 71
4543 3767
2383 6245
5509 8109
8471 8379
1997 628
8101 3559
7319 7244
6887 8451
4833 6066
4229 642
4955 8633
5046 5491
7205 5042
6241 689
3378 6953
7972 3529
7207 8343
4505 6885
2154 4798
2492 7596
7409 3635
847 7618
5009 2999
6488 1842
5097 4528
2955 441
2648 5909
6000 3215
4864 4076
5439 1343
9839 6694
3214 5879
8676 5995
4554 2903
2726 3476
1904 1270
3148 1850
5066 2067
9601 8520
761 5709
8558 6138
479 6610
5928 9278
5662 7933
6933 9743
6464 1104
5274 680
5941 7077
6980 3246
9948 2748
9842 6625
1309 6994
7102 19
6716 9354
4136 7972
7689 5676
6497 9884
5940 7044
1435 6268
3731 9200
1547 317
7275 3603
2142 9810
239 5306
9559 7157
4307 1677
6291 5887
5528 2454
7181 7122
1365 4010
5836 924
8880 1814
8387 3238
7500 1507
688 2940
6304 5312
3180 2044
1686 9091
198 5319
9072 8097
9068 6923
8794 9392
427 8669
5434 8896
5608 7286
9445 1991
231 3596
630 6380
6202 3776
7977 182
7918 7698
5795 6965
1213 8629
915 8969
9702 5305
7197 8215
4594 8756
6764 8613
197 191
8842 4013
5274 1700
1886 1296
5153 5492
8664 8305
98 4226
3780 5642
7614 4928
2807 4279
3192 3033
7145 6914
4966 3516
986 5957
7398 9515
9097 9706
4988 5910
3175 4984
5606 7294
3029 6030
3911 2848
8148 3562
7827 6275
9538 1894
1668 8002
4807 9655
8540 8300
9521 9769
5565 8546
9083 2165
4098 2885
8381 3212
9509 6838
1755 7166
2991 1196
4524 3657
9570 964
5210 4819
4646 9943
6974 201
2399 3933
7844 877
8874 8088
1164 5395
4311 3973
491 7351
6752 9326
8828 3036
7043 2543
9479 7788
4571 4088
9598 5660
6029 3010
1494 8862
3778 7451
5528 1816
7487 554
4147 9715
9043 1547
9228 7105
8239 795
8717 7778
3935 9471
4666 3933
7012 1652
864 6122
3236 3074
9335 8718
9768 1477
4131 466
1237 4455
9623 2467
8381 9444
5526 2646
6163 4643
8343 4045
2737 2251
7736 3608
681 4104
9527 1745
8556 4732
6945 2768
2336 2980
2530 4057
3646 912
8345 8540
8088 8673
3403 344
9153 2954
3398 8855
8944 3885
5543 8525
32 2218
43 248
2747 2687
7981 4702
3425 7004
6875 2160
3035 607
8766 7243
5932 8769
939 4582
4034 759
8193 7127
4072 1343
8244 736
4111 2243
6853 9066
3064 7880
3607 1708
8826 1268
1498 4556
3307 2537
3755 2740
5471 710
8168 3432
5360 1425
6804 257
3358 8194
2659 8553
3829 9057
7985 4981
2725 706
7288 6924
3071 347
1339 1460
1210 7673
3832 6094
2616 9571
1585 108
8795 278
2193 2614
9389 5458
1469 1664
7177 9858
9408 1870
4894 518
2576 6291
2090 6242
8699 2789
6108 2983
6405 4033
8850 5320
7668 6930
6604 7172
3315 3358
7292 4043
5718 5089
323 8270
3998 2700
9348 4741
5533 6349
8119 191
2730 7144
8455 1311
653 1127
158 1876
2885 8317
5959 572
7893 622
9211 5371
1969 688
4428 7597
7124 9265
4120 4293
9187 7776
333 3093
2358 5653
2619 4401
8448 785
149 4675
611 821
7576 7448
408 9414
6137 3468
4169 7729
7662 2449
6851 3744
6466 9862
975 8010
9576 6034
8013 2849
1223 4499
4733 1368
4221 75
5855 2680
5027 879
443 5963
8566 979
9639 8039
9263 9213
7322 5126
2230 517
4376 2514
5754 6450
6660 4263
8459 4413
8293 3140
553 5080
1009 6788
8031 5703
3809 4546
942 1970
8887 4333
1332 97
9863 3786
3146 4029
1916 7839
3636 8139
6765 1042
372 8960
1125 7128
2812 7820
2559 7934
6729 871
9426 1982
1312 6496
2883 1737
3604 9730
8382 5537
3540 6468
6492 7972
8161 3865
1761 4537
2819 4316
1431 220
4244 8262
6317 1888
3596 288
3469 9910
8065 9899
2843 3705
6837 1403
9917 8463
7607 8047
9301 8902
6612 7477
839 3121
2386 5887
1447 6030
6245 8947
6982 2937
5755 1008
9737 1786
4918 9927
2657 6536
855 7404
8599 4089
8555 4554
3648 5464
8775 9408
6182 9551
1909 9217
2525 5487
7763 5263
1637 8590
6158 6972
4337 4010
9792 7469
4439 9104
3128 2018
298 358
3914 1420
3229 5649
6141 3146
8449 4818
6642 1229
471 853
8254 6105
1383 3811
8047 8898
1800 9197
4880 1349
3604 3405
5312 1141
7939 7951
1195 786
6625 7042
8282 5468
102 6992
1591 4646
7774 1049
2630 9776
8580 6937
8044 6370
9565 1613
4878 3206
1492 1820
553 2593
5771 122
8977 3630
2586 2739
7764 6569
5265 4394
9986 9075
9364 6590
7560 4494
9793 3570
6695 7011
7688 8115
6345 2212
2365 3043
3 8781
2313 4014
4860 8573
9053 327
7337 3125
1484 7219
9276 9571
9083 1979
7449 5639
9185 68
9685 5102
3224 2176
8238 1750
7213 5812
8473 5094
8927 5801
2276 2510
3377 231
8204 5551
9565 1947
1737 9466
6246 8116
5737 6882
894 9043
5027 4700
9639 6098
2205 4816
151 6894
3588 6263
5549 999
7511 2443
1182 5428
8622 978
9303 8965
1921 4794
1574 3046
8942 6450
3545 8620
108 7582
1649 3804
3652 8058
3568 5211
969 8237
5395 6505
1425 4157
6999 5072
4451 3295
5206 9727
7973 5044
666 3924
3466 2785
1954 2801
8558 8500
9297 7990
9739 7828
732 870
6191 6087
3911 5598
6663 232
9469 3374
5551 8975
5500 8038
2831 8571
411 7958
6398 7464
4081 5305
7018 1383
159 1275
4010 8090
7248 397
6427 3054
6574 3416
975 558
9201 990
2553 2996
9868 7082
5324 9919
566 8985
8911 14
9020 9827
6968 3698
791 796
6004 5216
4422 3934
1347 4342
1895 8621
3606 5515
7919 8872
2368 3477
4728 373
5523 5514
1456 8626
5781 8477
8459 6867
9874 2492
5563 5886
1518 1725
6361 4141
7704 4986
4994 233
6518 1526
2302
7630 3938
4043 5636
1889 5292
2460 6236
6442 6236
560 7153
5052 7631
4460 3674
4880 9311
9319 74
4290 5703
6877 1297
4003 6120
146 8752
9473 4345
6389 9126
7910 2591
2163 8297
1484 5070
4485 8171
469 6414
8222 278
1743 2487
7493 4859
2353 9609
2822 3930
8266 8492
3079 4023
9461 5144
4242 2773
5070 5524
7977 182
4081 1810
9457 3173
8283 9468
7315 953
351 5270
2574 2348
1888 8149
210 264
7330 4833
1496 1268
8855 2252
9871 5151
1377 343
7044 5670
2341 9886
5959 2550
8566 4480
4916 2156
8085 3065
914 3999
2039 1902
8952 6489
8432 2399
1487 7809
7931 2021
5352 5353
9741 6337
1671 3542
7957 4899
8183 2376
8462 1755
3574 8501
1757 9517
6950 2542
2866 7925
6148 7763
5096 5575
1094 3579
7174 7607
6003 826
6625 5092
7041 4484
5845 5688
7986 8013
5168 2798
987 5665
2042 1049
3630 7913
1404 7847
566 6132
7250 2864
6143 5308
3038 7411
1545 7317
2587 6229
5542 2575
1625 2549
6348 2243
6607 414
6482 7858
1671 346
8487 540
5171 4114
2644 2840
9339 9868
451 5933
116 6987
9104 8133
8584 4025
5051 1821
5384 3580
2923 8809
5207 7435
5325 4284
6367 9981
7057 3273
4956 9074
1833 7323
2822 1051
9583 8642
5235 9076
8652 9573
7067 4544
4205 7642
2708 2340
3115 4531
7135 7821
9498 7000
1593 1618
9128 467
8036 3218
6486 2421
2313 7609
835 2059
7644 2497
3126 7775
1047 9832
4580 3627
9874 2230
1172 9091
2197 5187
7841 7289
537 7346
2882 2683
3806 123
5782 2070
134 3706
7028 2899
1942 704
3067 7620
9073 8849
2221 9174
6121 1645
4456 1897
9449 89
4557 9707
9381 3054
814 8933
6799 7146
3852 7889
1030 7507
665 850
3956 7330
6269 1047
7106 1004
5010 2915
5480 5437
8770 5543
7948 9737
8825 4272
8126 8199
2659 9688
1939 2664
8105 4434
4383 8376
295 268
8627 589
5199 174
1921 2552
6376 5763
33 9860
6601 8504
4169 482
155 5377
3065 1759
4006 7911
6345 3198
1192 9508
8525 7918
5898 2614
4794 8228
2326 5172
6193 3935
277 9294
5075 3265
1163 1766
721 5496
5619 8597
7073 513
6277 9710
9600 2136
434 279
2743 839
5442 8616
49 4673
6321 2358
585 1605
340 9126
8268 2314
7975 3967
9778 3238
7331 3796
5216 5174
6200 4071
8126 7556
2190 937
2368 6434
5448 9277
9992 3478
8743 4390
8425 2978
6107 7603
2158 3370
7977 2744
6965 4598
8554 1456
5967 1294
451 8042
1982 4375
7677 8491
3713 6815
4841 6687
9732 9839
1069 1108
930 9146
6613 4234
9481 9129
8994 2373
6727 1847
9958 9017
2658 1850
4554 4772
3632 4635
5384 9373
6313 2631
4399 9074
5956 7650
7794 2147
4373 1527
9094 4227
4615 1040
3831 5544
7680 8168
3939 4868
6052 1722
9347 2145
7206 3986
2852 4628
5260 5334
8195 3089
8748 4597
1452 2319
676 3760
460 5282
7781 9508
8734 1377
9218 39
6112 8589
884 4402
3094 940
1967 9562
7075 3899
4417 3964
7730 1287
6692 4048
8746 9933
5134 4209
5381 5293
778 7052
9149 1317
932 2477
6973 1526
6483 8015
7606 112
760 1347
9005 9577
9722 9054
1341 4912
2921 4123
6548 9682
3807 5748
1194 5964
3029 1797
5819 1302
3806 3728
6454 130
5359 3677
4581 5921
1400 8543
8809 6261
7262 5812
8455 1321
1918 439
9946 8627
3988 1381
9588 2390
3217 7113
9431 8803
7637 7816
7457 522
9739 1005
8889 217
7899 8465
7192 5206
5067 1581
3632 6346
1405 7419
8091 606
9586 952
8663 4650
2883 1375
9862 3142
6392 1681
1053 6512
6917 1190
3732 4132
1885 6098
4540 1103
4166 6318
4074 4690
4861 3081
835 7646
7588 7799
908 1590
7828 650
9577 7784
4000 1963
6323 7958
1049 7623
4376 5447
2941 8466
7541 3587
584 7300
7342 747
5676 6655
7253 2427
8454 2751
9924 4897
3523 2232
4189 8934
3611 9652
2468 7329
9687 5122
8947 6518
5217 7004
7300 5280
8408 269
7524 1778
9091 4722
9384 9884
2683 2195
5360 4153
9390 5291
7310 7526
7598 618
3878 53
7504 5028
1237 9389
8609 89
8601 2440
9994 922
9279 3819
4598 4322
871 87
9509 1301
1519 4460
3681 7138
2851 7611
8383 6936
8642 665
8924 7506
9328 8455
6762 8651
1751 7525
2255 8079
8307 4018
8520 4951
2602 9948
5593 7617
9597 57
9634 7250
5131 3981
3560 2435
5772 7762
4795 4452
6813 8114
1089 2428
4919 5135
4536 992
4349 1207
3590 6772
6223 6363
1978 6058
1770 2600
1195 4028
6073 9507
5576 70
6574 2885
5371 7205
2034 639
7094 8825
407 1944
7853 3685
1123 877
6721 5657
7073 6285
9579 6706
7394 1838
5234 868
8423 4764
6456 7754
4447 2093
4853 6829
413 4329
8507 4910
6386 6759
6317 8490
9715 7513
3282 7889
8193 1317
7044 1041
4309 5839
6423 8086
8699 6550
1421 5628
37 8651
4276 2408
407 1329
5752 6452
2247 468
6368 9018
8016 6555
8727 9913
1353 7656
2806 4452
1717 8810
47 4222
8640 2072
9010 3529
6951 6654
4497 3197
2773 83
6262 1423
8139 8478
4381 8056
4090 8755
5490 8958
8490 745
1839 4360
1771 4964
5745 4303
4218 5899
345 1013
6453 8602
8740 6708
3220 6920
292 4056
3702 1062
8528 2104
386 7497
5396 9092
4134 5173
8475 4836
9732 8539
7983 2591
9138 9299
6731 6124
9625 4234
8049 5560
9103 1677
1153 7913
7303 1744
6513 5433
6231 3461
5975 2437
5318 3891
9392 702
8306 3633
7630 1282
1947 2613
3443 8752
3791 295
5127 8099
7752 2557
963 2536
5057 7839
4809 4691
3102 6861
8825 7737
3171 66
6802 437
4476 4955
4356 6976
1169 3929
734 8005
2542 9414
3541 7036
5836 8757
4283 9445
6751 8586
3029 288
6319 673
65 3188
8981 6743
4661 8736
2091 1769
1548 2655
5453 7916
749 7743
382 4956
3901 1778
2547 9369
3085 7841
6992 8779
704 4809
388 2168
2522 2932
783 9648
6898 4064
3956 237
3337 8067
7858 7880
3872 8685
1738 9208
6376 3787
406 1672
1117 9035
3433 600
1685 2046
4238 3440
2740 9028
2891 7172
5625 3278
863 4813
425 3940
4162 3615
457 1984
3235 7697
7938 4176
5376 7904
771 2658
8631 1515
8093 44
4039 8495
4835 4060
7073 9706
5972 6299
2073 5218
7319 5925
4745 3921
8655 6594
5440 2017
7868 9552
1163 6324
866 8447
6071 2914
4984 4526
6235 3983
3892 8643
595 3782
7422 1305
6854 2867
6686 6113
9955 8986
2601 8334
1486 8393
5228 6001
1584 6052
4318 5214
8153 7678
5086 3626
9434 4982
3417 3249
8526 6425
524 2989
4591 7173
7685 2248
5138 5847
2938 8723
7248 6629
1153 1275
2930 6076
8301 1317
2065 3798
9597 4680
9989 2479
4212 3394
624 3105
9898 8395
8034 7624
3006 6234
5536 7002
9819 8315
9745 2999
6660 1624
8044 6790
1808 4738
9398 5719
6820 4150
3221 8528
964 8353
7276 9167
8604 4159
1400 2752
1096 1202
2977 435
1735 7156
1913 7579
9687 2485
9463 1484
8096 9208
3082 6332
1437 1285
9655 428
2556 2003
8234 5069
6935 2692
9371 4615
1703 4652
9766 3549
8814 9520
2097 6958
2311 8757
9411 5232
5685 410
4700 4168
8393 8025
462 4096
6144 9993
9457 5300
5462 7685
6688 4995
3283 8202
6630 1630
2281 5893
5433 9723
1595 9519
6016 6507
575 6718
3102 865
1303 3374
2531 9618
2829 3575
3155 9452
1367 2794
4435 8099
8337 2049
6362 7967
9969 1996
9153 4605
2497 1570
6576 4107
42 6575
9126 3391
3262 6986
9875 4084
1563 321
4919 5281
6214 9914
5479 1633
3300 6015
3935 1641
6600 7929
3346 8997
6238 7548
6740 7599
5265 2117
8285 1357
347 1211
3026 4289
384 9869
639 3205
2471 864
2141 4218
6814 4581
3910 4584
8676 9008
3704 6675
4873 2570
6949 3940
6062 640
146 6208
9614 4317
9636 6433
9167 9994
1750 8754
3784 9400
7248 6627
2150 7736
2765 3397
5311 1298
939 8398
1903 5749
9928 1773
3740 1319
5999 7460
7935 7086
2841 4968
5367 7729
3521 5266
2537 8061
9050 3012
7234 4528
6590 8432
5666 201
5160 3106
3129 2846
3131 4397
6492 1260
5659 9580
4138 9040
9645 9499
6505 1157
6405 3587
6480 992
5638 2438
4125 6994
9156 6016
67 4454
250 3800
5085 4778
540 83
9951 8735
2000 7207
9518 8157
9887 3484
4086 7003
6183 6249
9996 3413
5350 2541
3710 290
3150 5129
8570 5555
9626 4179
8132 6393
6723 1063
5491 6016
8060 5421
9492 9476
7917 7761
2728 5504
5593 4855
8528 3977
5840 7622
2832 1852
8535 2500
2364 9286
1520 2897
723 311
7874 2883
2570 8295
827 5378
5892 8732
1083 7172
6334 2169
7944 3298
4017 2268
8683 5763
2948 6339
510 3986
6092 5740
5088 4970
8195 109
2806 4880
4798 9951
1184 4406
9194 5944
4975 7976
6633 1516
6170 5007
2169 1493
7470 1608
9724 6990
2993 8683
9264 3784
2995 9491
3285 8271
9329 8671
1134 9339
7938 6630
9032 3598
4683 327
7922 9520
3099 3294
2168 3697
9241 4872
7758 3255
3988 6335
7847 4724
3614 8938
5072 524
36 4202
3363 5856
7664 7277
6851 8067
7366 9118
6864 7995
9771 3852
6248 7178
4094 4505
6409 6325
6843 5184
1550 3585
5903 5177
1009 9681
8067 6028
5342 9039
7477 6107
3864 4702
7217 7587
2332 5072
5079 4202
5022 1865
7777 5321
1699 6312
6196 8275
9693 6569
7779 8389
4482 2476
2755 104
9539 8410
7021 8558
3290 8411
9705 9675
4602 3992
3598 6404
9857 2108
9362 4208
4332 4023
433 5520
9763 3923
2925 9681
9919 9732
6558 485
5500 1425
4384 74
9826 7072
8420 9369
3494 8371
7127 8720
2595 3927
5299 6626
7983 9715
3390 9216
1723 2664
8753 7391
3679 7707
6217 3110
3760 1552
5160 1135
5357 8355
5329 6297
6370 9515
1304 1678
6284 284
3228 6807
7434 5995
9809 2000
8362 8230
7691 4031
6353 3332
3113 6709
2816 9659
4608 5013
4133 5872
8647 9683
487 9237
6473 5463
6622 7432
6863 1180
1691 437
3315 5080
4747 8564
4726 3287
3184 6781
6646 2159
4443 2287
8981 8591
6893 7465
4137 4040
3692 2567
1322 5021
4871 8563
2112 3614
4052 3410
8926 9754
9217 8732
8026 4201
4778 8841
2849 3987
6714 3358
2327 7313
7609 9950
3646 4420
7628 4757
6392 2811
1416 6712
9766 7460
9217 5068
8009 3653
1995 8638
3868 3524
8010 5218
8965 7557
1487 61
968 3401
5276 9366
2948 8795
5893 5544
5022 8367
3246 1935
9763 2625
4637 1609
8108 5053
3 9496
1444 1286
5199 8601
1142 6428
79 8293
3589 6160
4295 3580
2383 5468
573 783
5545 1115
2209 7543
6948 5135
7942 9309
9006 1032
9117 4042
5171 8610
6988 5123
5573 1151
6591 3622
9829 8215
9231 7235
9825 763
7746 3318
8755 5819
4445 8737
118 8048
8435 2906
797 9823
3454 9612
5841 4808
5559 8457
9863 8934
7787 7404
3841 1037
218 2898
3537 6980
3497 9308
275 1985
3798 8071
6746 3744
8366 2158
557 4581
5250 3458
4865 937
6381 4077
9339 977
7400 884
7797 2744
3326 3315
1416 892
5567 4909
33 7603
721 2198
4379 8209
2028 2168
9555 5119
5739 7060
2846 175
1217 7750
6380 8273
947 8292
4865 5971
4345 1521
7725 332
3169 8237
1189 7330
4190 9070
4783 639
9681 9320
7644 7640
902 7372
2427 4455
1006 1604
3296 678
6112 5973
6797 1924
3451 2746
479 9580
8621 8244
9522 884
5991 2738
3756 712
494 1430
5388 727
8870 3063
8639 8520
9923 3908
4029 3018
722 9678
5859 9482
3979 2461
7569 1300
2868 4578
9007 4806
2635 285
9255 6509
4286 343
2452 2986
9103 7872
9909 1189
9469 5290
5320 8535
2186 4015
5056 2510
7656 4809
829 4230
6025 4325
3502 8089
8222 1527
114 9319
9719 2327
5575 4112
2317 1803
586 1077
2198 6092
8352 8320
1694 7729
5106 8311
4928 2989
4473 6336
356 7112
5813 3860
5469 511
4466 1232
204 7285
980 2763
6099 6524
7130 1206
3141 5982
2730 4840
9571 7559
4685 5319
9974 2358
8966 4341
3892 9188
7749 23
226 4226
7854 5002
3465 2740
6189 7515
6600 9645
138 5829
6435 7806
4417 9463
4425 5801
224 3105
755 3796
8536 4943
7482 9407
607 7834
7409 5329
9462 430
9624 5808
1993 2336
1788 3071
8575 1959
5589 3961
7832 6134
4279 384
1405 228
7009 620
2837 8695
9154 1811
3437 5414
8759 2867
1453 1120
7910 746
365 5235
9303 3534
8941 9173
9335 361
8504 3556
9705 2568
9360 1546
5956 4675
7215 5719
7457 3365
9008 2258
5715 8535
7471 8755
628 3767
7291 8195
7236 4043
8158 6706
7945 3343
4846 7651
9978 976
2874 7845
875 6146
1452 825
6769 6119
1073 5801
9468 3573
6704 8823
4424 2611
7794 6334
5357 6640
8237 3759
6458 2741
5280 6168
9225 2698
1498 7632
3434 7848
9709 5867
7238 4358
6715 5797
5194 2874
7373 952
1117 4495
8245 3342
5549 9268
6396 5064
1371 4325
1489 2528
7015 315
1921 7671
4372 4349
5771 5010
3895 3127
1566 6352
9802 1542
1467 185
4873 5386
3739 3807
5427 1030
5507 6332
9131 523
8853 3743
8702 5279
6442 8282
6307 5391
9486 5843
9002 6326
3969 4925
4272 5660
9029 1360
9688 9356
6765 730
553 3491
9701 4926
3755 5348
8762 4781
9857 3352
1077 7157
735 5209
1642 4030
5667 4814
4778 3933
2269 1863
8307 2599
7467 1837
1466 5950
161 1417
6194 3735
4840 9147
2071 4606
1162 1387
3932 2036
1217 5090
606 9563
1291 2217
9369 4196
9391 2134
1787 6446
2543 4781
4931 5066
5112 8683
75 2176
4672 5700
7871 8770
3538 4042
2247 1166
7509 6404
1904 2063
863 3194
1867 2766
4737 1090
5536 6215
2284 1841
4319 4093
5044 5036
4091 4449
3517 946
9372 9110
6480 6197
2267 3386
3445 7926
1837 9122
5719 566
4579 1526
1627 9404
3308 1925
9469 2811
7439 8489
9571 2910
5435 3602
8037 1322
9848 9301
4717 177
1711 7938
8573 1623
1156 4513
3124 4151
445 8093
4415 8169
359 9770
3555 7761
7339 1852
5559 5903
737 4498
9924 2836
7723 1715
3858 8618
1137 1480
7034 9501
8595 9213
6653 8664
6955 9310
1254 8818
5663 9308
978 9852
9980 7261
6973 1868
6291 6912
9047 9844
8500 6085
561 9091
3671 5184
4654 5082
7815 5670
8945 5152
3046 8666
7909 8251
8902 3143
2527 3380
4730 327
9280 2167
7785 585
8663 4982
3096 5776
1960 1872
2071 6920
9686 1006
4025 678
771 5360
8410 3496
2119 8648
3646 5207
1509 8353
9855 1814
6147 7928
1450 6309
3787 9855
167 1505
5899 5525
4388 8914
3443 7810
9387 4653
1385 2888
5382 1571
2387 4134
7999 1526
3607 7965
8517 5945
3539 6071
3862 392
1458 3227
7355 5561
8223 8105
3879 8016
5881 5507
2945 4537
601 2401
324 5009
6954 9126
9165 6314
2503 1644
5981 625
4653 6379
1893 4278
8940 5156
9321 3071
141 4049
4671 2073
384 302
6288 7483
3183 7314
738 2118
1511 5191
4938 7441
5472 9172
2355 5840
1997 4549
9596 3048
4029 7871
493 7563
5774 3669
3433 8989
7845 8092
4546 512
4114 4232
7019 6847
2120 2533
2575 7184
1504 7995
341 1569
2220 829
4664 1415
9697 8907
9267 7522
615 6211
9745 5251
0 7391
1504 6972
6412 2572
8480 7761
2375 3068
7505 1212
5421 7947
8626 681
3314 1255
5473 7699
7103 1510
4923 5879
1414 183
6945 6331
866 7283
7380 6973
8377 7384
9507 198
2499 2201
8457 4118
9447 3536
8868 5629
8339 3619
8962 6414
746 9267
9251 4581
5926 713
6219 9924
9612 3200
7085 4193
3329 6854
632 7863
859 5032
2111 7708
8725 3801
2381 3072
8615 6034
8665 9234
9397 9473
2408 7861
3955 3673
4399 6875
2382 3752
5991 8208
1161 4126
1944 7615
4000 4212
9505 9191
8927 1196
987 1011
8848 6645
6461 3058
9981 7070
5422 4064
5484 2596
8568 3464
4121 3537
7203 6561
1361 1925
8461 2039
5224 3453
6883 9663
4325 7045
9999 5370
4037 4997
3715 7385
2509 9003
6084 6391
6641 3077
3523 2582
9649 4588
2280 906
5284 9995
6009 3677
3262 2856
683 9377
6751 3349
3931 2943
4728 1958
8994 5919
8423 6119
4461 6243
8310 2469
9834 6819
8974 3812
1224 437
3751 2857
4377 3938
2133 303
2528 2896
829 9106
52 6350
7324 5019
8290 4510
6937 5140
5472 1140
977 6653
3322 7985
7219 6301
3820 4017
5317 2563
4581 7533
9630 6929
5657 3590
6155 5555
26 3738
1245 3318
6895 977
941 732
7603 4905
574 5238
7782 4326
2030 6646
140 7133
4351 2907
8454 3297
6319 216
1188 7344
7682 6619
6593 1361
7650 757
140 653
4496 9707
8794 3631
5580 1484
8477 78
9339 3509
6991 1708
8244 7495
135 7964
2209 9570
9031 8133
1183 5009
6547 6538
2182 6520
1723 1796
4659 9353
7679 1726
8354 8483
2105 6582
3240 1416
2249 8973
8358 2463
419 1001
503 6921
2194 209
8999 7333
6385 5124
1718 4375
4699 5471
9684 5712
4160 348
7970 2052
5301 4873
7 8522
5139 493
102 890
2208 5706
6052 4773
9257 2297
2693 7493
7113 8167
6222 8757
2233 1521
6581 4865
2618 6586
5328 1977
797 8428
7886 2869
9504 72
3228 7548
8721 4624
1225 5763
3560 393
9989 2485
5657 295
7146 4929
5326 2601
1557 138
7822 8212
4633 4644
2190 3706
121 1774
6786 5397
7601 8016
1730 2704
4223 4097
4286 8176
4993 7068
5584 1959
9964 8087
1153 537
8124 2574
7390 8830
773 5947
1205 9413
1603 8417
6124 7075
2875 2863
4039 448
7951 5179
9709 9641
3111 6801
470 2203
6386 3479
6109 8878
2154 2780
8947 7769
2576 7619
9676 9640
1688 8688
8394 4258
3845 4071
8801 1854
203 240
5013 8006
7804 7552
4068 9730
2568 3670
7286 8332
4535 5334
1938 2070
4199 1111
8396 607
6183 7682
2448 7032
4260 3646
4050 1789
1145 8552
2975 2751
3735 4712
6198 3573
8928 3616
8658 1145
9505 2943
7760 2848
6547 6970
9048 9080
6030 8863
1840 6939
7420 1445
8647 340
9691 1759
932 4140
3686 3327
1670 2337
2137 8249
3469 7405
4805 126
6804 6652
2176 5230
7268 3706
4707 9696
845 7355
2712 3916
4458 8169
212 6654
2042 8620
4976 2448
5082 5757
3317 7612
2268 9032
2963 4630
511 1998
9214 7333
8123 6958
1060 9224
528 9194
1891 2710
178 7194
5120 8011
8946 1269
3369 7924
4206 4711
9996 2039
4080 7986
7820 1659
3599 6557
6606 1081
8628 2362
7185 8137
4446 8911
8768 5131
5439 4385
2430 1371
6342 6395
1825 6716
5633 4488
9372 5020
4340 3414
9884 833
1862 8597
130 2423
7446 4508
5286 9886
9148 1249
7321 7372
2406 8046
2709 1087
9938 7862
9733 2718
7856 1462
63 2014
2688 3065
7050 5660
2595 8759
110 6966
1160 8415
8640 4889
7360 5017
408 3716
9019 643
5050 2336
3522 6055
8457 2205
8135 2044
6681 1602
8796 5479
3444 7034
6717 8732
2968 1851
2819 7822
9217 2908
9211 2179
5575 3468
191 4401
597 9887
1482 2231
2514 4269
325 9754
812 7152
28 9214
4258 2302
6068 3870
4385 5104
855 5048
2384 400
7776 8431
392 8896
9595 8830
8311 3200
5479 1893
5106 7722
999 5792
8819 6751
6395 6684
4387 1793
6334 468
5369 9904
6711 6734
98 5995
7378 3283
8238 2421
66 766
2955 2916
2509 8927
3141 5509
3918 2472
3133 963
3125 616
28 7454
568 4729
2597 3501
6963 7288
5920 3371
403 5133
6830 311
9607 5259
5401 3179
2286 3348
5942 5866
5661 8274
7467 5606
7666 2867
6967 2484
4823 7924
2830 8611
5829 6861
9986 9969
9595 2340
8358 3893
6642 7168
6761 824
2751 7237
4005 7080
3864 8041
3198 1582
8183 1703
1190 1426
1234 6443
2217 475
8348 4311
9144 7745
6681 721
4537 42
4040 797
6940 6758
7100 839
6088 2556
2611 5191
6683 1460
1167 2617
9379 654
8915 1531
3562 5053
8546 9150
5877 9175
7651 9965
8086 236
1598 1787
4685 887
7544 8614
3267 5839
2928 7245
9646 7824
5292 4972
8713 7689
6506 7970
2789 6256
7653 5928
7487 9400
5805 6801
6064 632
1230 3403
5474 9882
8656 9853
8026 1122
4958 1649
3225 2984
7876 8617
1482 8476
9206 4539
7085 6010
318 40
1624 7284
18 4995
1837 6929
9289 3178
747 2315
6197 8208
424 1507
4983 357
4124 5612
5917 1364
6394 295
9286 4891
2781 4449
795 4815
5258 8732
3132 1109
6802 9675
1510 5244
9284 1978
6021 8157
4470 3026
5162 7392
2819 3303
948 1010
111 9794
630 7810
9759 8696
3928 1645
3380 8851
3065 244
3062 9648
5290 4411
1290 3486
2130 4246
2113 8440
1913 6490
1501 3695
9634 8192
4966 1132
8204 1753
6301 7264
5962 4537
6481 872
9997 2034
1359 8574
4540 8336
2090 4606
9131 1185
2651 5585
9270 8638
335 7304
3830 8432
2906 5999
2844 2281
3810 8994
2958 5793
7744 8485
8212 1459
5197 8689
2923 7456
2997 8653
3977 6107
1830 4402
3346 9680
6530 4515
1783 2187
8210 8625
9463 5665
2354 4530
5208 840
1552 7677
9141 898
2684 4996
1635 5579
6509 2537
1526 9494
3395 6263
2293 9406
6488 528
932 7228
5729 5242
2850 9678
8340 284
5581 5066
5296 5269
7797 4044
2281 6131
4058 5514
8780 546
4184 5366
77 7291
405 60
7277 6114
3680 9324
8510 9008
5779 5504
887 4289
8505 5341
2135 6075
1016 6758
4621 267
8504 6309
7293 7831
7255 2810
3608 4737
8776 1268
1925 9424
4264 2693
1743 130
5065 1613
2734 1543
2046 7646
5360 829
1365 7416
6077 4881
994 481
8389 8274
9712 9778
4446 563
2445 7588
3667 676
4327 9170
5482 1424
3124 7187
1163 8312
431 276
2883 9440
7687 4519
1697 7784
3203 5573
8945 8683
2913 7516
2994 5150
6669 1945
9059 319
3679 8057
1754 1690
5359 1146
5459 6336
7026 8288
4742 2895
4573 1157
831 1581
25 6595
1282 8307
7031 6250
4093 3518
4452 1125
3360 4297
5934 9774
9889 2700
5566 8121
6157 5844
3295 164
5160 3257
2345 1921
4710 1369
3027 8939
4532 2890
1828 6130
7236 5441
375 3989
8600 5298
3379 5693
2412 7339
724 3956
6799 8643
9651 2626
9435 343
385 4275
2160 7862
1971 9727
8296 6194
1969 3096
4253 6732
1281 9215
6490 4892
4251 6359
2449 2272
9935 5104
3540 9851
5660 1953
292 5520
3210 4081
9818 6281
5407 6175
6728 9737
5 3051
9329 1672
1182 5513
2530 1624
2557 1316
2494 5720
6774 8362
6134 9243
8925 1881
7668 7422
2368 8004
5762 2229
6096 9103
4734 3431
2641 2300
9661 6678
7884 6768
5532 1797
6604 8270
9705 9461
9406 78
9476 6277
6903 6429
9445 1839
3588 3114
3018 5741
5416 7427
3180 5071
846 5281
1380 5550
7543 4941
5429 6318
9052 1899
4286 2967
1038 5187
6170 6618
9532 7245
8557 6467
8602 2104
9506 9338
1017 2001
1110 2961
3649 1434
1622 8671
6070 9829
7102 662
8775 6682
2849 4865
3689 3723
7946 3456
7685 3552
9708 4333
9333 2920
3497 3091
2243 2833
6860 2091
9464 9937
4250 5946
1394 6503
8495 8931
5841 7127
4640 4955
9111 2737
5203 1325
9360 8415
9882 3792
5798 7343
4192 1863
221 9674
484 5431
8137 1646
7808 82
1196 3936
825 9875
9699 6400
9413 799
9152 7752
2950 4458
1165 1184
1583 7004
2197 4425
1143 9262
2995 5965
7851 5804
519 1330
277 6626
3963 7168
7328 9337
538 4067
4597 5718
4252 7619
864 2003
7084 5609
9851 8844
8830 137
7757 8885
6007 2567
240 6637
333 3269
5798 9813
7340 1903
6508 5637
3650 4439
7632 2035
6001 69
6835 8077
9635 2458
2852 4266
7680 6297
659 2535
9661 5397
3157 2250
3375 5683
8405 9184
5541 3429
4585 184
2622 9133
254 821
7757 4725
1523 3213
3757 4704
8366 2197
7679 8388
2737 3850
3993 7067
5162 7934
843 6963
3320 2042
1676 1986
4281 6205
7 5584
3552 528
2949 3050
3470 8127
5986 9483
6669 4445
8214 821
8299 2520
4191 6977
8233 5062
9061 4653
554 3874
9401 4617
3159 5829
426 2268
2392 2502
197 7668
2962 9400
8542 6934
2442 3941
7115 5638
8776 4813
1221 5802
4396 5998
345 9251
4299 7431
2010 9926
1971 5221
6655 1567
1365 3996
8732 5059
8302 7077
9510 2355
5454 4972
8138 261
5027 5222
4951 6906
9909 3360
6374 8608
9151 7171
17 2084
6492 2341
6418 9543
2914 2927
5710 3866
6234 2289
6035 1343
8096 985
6936 2780
8641 2866
1315 5027
9875 6537
5146 5127
2555 9725
3345 7538
2605 7212
7159 8292
4867 5866
4809 842
964 2564
3738 6285
5718 3050
9459 4642
108 3993
8362 2422
9887 1382
2322 8139
3575 5496
6795 2651
9418 242
4610 4837
3346 9340
9590 8287
6767 9645
2985 2607
1458 8207
9736 8954
7397 4192
6183 7610
5998 6089
2008 1211
6486 6206
6650 4437
2504 1926
5966 6026
3649 3914
3716 7895
2102 6243
6722 9372
8786 61
9085 8525
3867 89
2005 3161
6277 2230
488 8183
5198 322
1951 1806
1047 9066
2540 7220
6138 1891
8622 6614
496 2920
4570 4890
6901 3434
4756 1897
5959 9882
7468 3066
8241 449
7164 1033
8717 1777
9739 2866
9393 7795
3404 3525
6375 533
2556 3337
5326 2665
2654 2976
3580 881
2403 3150
4580 3915
4581 4275
3788 8125
2307 42
962 3
9044 5108
383 6061
4145 8108
7487 1539
8638 9902
4400 1597
3855 4495
914 5007
6543 3921
1593 7048
1562 8934
3579 8173
3496 8278
2129 9160
7345 1354
9326 6664
9185 3246
2658 8639
6021 694
5784 847
3515 2634
2098 952
5461 5466
4066 7604
1032 8187
1561 9011
6922 8053
5562 4699
2056 1842
9454 4727
440 9447
1432 381
8603 7986
4801 261
7714 8112
4810 7599
933 5530
6230 7759
8485 2716
6427 5478
2276 9620
9059 9540
6302 8319
1221 8018
2082 5286
8007 4800
8835 7497
4992 3854
949 8172
8776 2344
6849 1896
6198 9515
8063 6673
8709 9576
7184 1934
7003 7310
7503 5847
3465 4003
8385 9472
3162 7840
2058 7327
1628 3662
2956 7789
8576 1188
6894 2695
6991 6077
1878 5040
8199 6635
2621 5387
1362 7395
8856 8127
6410 2162
1242 3985
1516 8622
6669 4673
178 1426
6754 8014
9193 3389
3796 8997
2597 9246
7772 6229
9987 2073
1143 8649
5245 5090
2929 4221
5637 3887
5012 1394
2720 4681
2733 4644
6447 2188
5703 7746
1145 9759
7024 4618
1598 3012
5316 404
8763 8723
9052 2107
2584 3783
981 9934
