1000
59 98
276 611
440 482
486 563
376 44
399 397
566 397
60 220
522 231
167 493
85 318
404 203
308 30
314 264
122 504
13 272
350 308
249 212
18 662
117 42
488 599
662 607
501 484
251 128
86 299
582 141
159 457
392 261
391 505
324 471
353 334
627 613
652 430
622 31
598 311
121 48
617 505
157 134
308 135
122 49
51 633
81 188
65 34
234 368
334 441
220 27
162 329
126 309
408 113
358 66
413 210
343 114
250 238
327 78
164 189
266 4
623 450
194 622
574 145
566 511
230 245
495 93
84 152
511 21
584 528
354 609
437 396
636 61
421 467
256 150
641 109
305 598
480 227
85 161
36 515
22 48
531 288
281 379
88 340
472 326
150 306
477 522
482 151
460 348
342 520
60 254
134 233
97 446
201 424
496 329
206 559
472 569
566 560
261 383
440 191
135 454
245 474
404 102
526 390
555 88
213 97
309 112
446 219
55 610
500 55
207 179
598 276
146 236
521 121
590 647
533 131
251 534
354 474
188 177
52 447
291 126
629 223
648 83
247 368
69 123
284 530
357 40
502 176
378 296
209 624
657 477
368 140
290 28
19 1
423 635
451 628
430 5
383 584
488 299
650 53
586 321
226 488
632 2
443 107
101 411
489 395
56 499
631 126
465 299
646 31
475 107
303 413
226 159
92 344
5 226
271 281
238 206
426 217
241 486
32 259
145 65
406 301
406 291
527 370
321 146
563 372
652 256
165 149
566 308
22 194
357 71
209 193
278 309
570 85
418 130
106 397
218 45
655 30
28 30
466 590
637 49
144 196
557 321
394 339
507 42
390 417
606 355
257 98
277 468
18 579
194 351
261 106
520 149
0 560
426 341
225 358
278 209
272 331
371 12
388 359
404 490
576 324
485 197
413 206
647 344
98 499
525 483
220 459
328 184
185 500
651 243
211 207
518 453
244 79
281 13
523 86
277 338
595 113
378 488
292 179
137 653
517 307
167 486
301 521
607 351
250 154
42 492
626 133
463 559
537 113
382 248
481 486
438 510
167 421
507 196
266 16
144 567
359 282
134 320
39 137
460 410
422 463
348 501
458 195
449 632
81 509
337 377
320 209
467 13
177 516
306 135
266 565
438 344
255 369
576 539
137 514
311 64
386 506
305 524
534 83
51 545
283 334
612 224
365 26
67 458
73 100
533 120
119 84
417 191
403 526
170 589
597 169
284 519
536 39
336 466
275 76
396 356
196 88
431 209
150 118
258 54
131 188
590 524
196 484
585 65
324 216
471 489
135 412
390 341
298 410
540 290
321 651
339 465
447 64
121 460
537 237
76 262
71 623
614 544
495 594
379 549
598 485
608 202
480 557
659 365
542 292
387 473
517 654
241 471
108 522
493 312
451 621
294 26
214 213
133 410
326 561
558 533
303 368
592 240
441 183
75 653
505 221
272 39
292 589
496 180
494 381
6 636
614 433
508 666
191 328
123 354
132 365
117 70
627 336
175 206
381 93
658 473
248 599
561 450
272 471
58 374
536 81
4 196
35 17
307 356
572 630
245 164
257 348
538 410
362 107
495 275
10 236
267 544
251 433
593 607
49 86
125 58
188 525
237 435
584 447
364 493
264 149
239 509
436 28
306 60
574 69
394 456
597 231
558 1
280 383
214 215
0 293
635 665
595 267
358 650
569 453
382 427
345 574
99 310
93 72
640 162
128 521
186 106
287 458
60 49
595 40
321 536
435 182
225 255
212 331
403 446
311 296
173 278
52 478
426 375
348 666
620 592
253 178
400 173
471 167
597 102
492 66
186 646
517 36
78 653
132 594
108 279
89 301
1 432
28 367
386 61
285 583
580 169
412 520
57 553
68 153
134 505
103 245
296 466
195 83
332 595
243 401
627 626
242 42
378 299
480 635
433 624
397 182
593 236
480 658
598 515
277 403
383 274
356 118
634 62
341 517
623 556
557 309
322 247
569 99
205 616
529 615
58 311
517 585
174 179
63 319
502 74
42 140
349 599
514 274
562 450
81 27
371 653
120 299
635 318
99 232
402 0
224 356
571 26
343 612
649 14
105 256
626 618
298 218
163 279
592 427
11 591
558 5
7 129
238 585
320 47
580 282
510 485
30 433
628 471
139 278
407 562
446 599
330 190
305 276
263 7
422 528
331 395
468 185
68 46
243 146
120 51
447 477
283 214
416 141
390 508
664 82
261 459
101 493
495 570
492 301
52 169
73 60
298 182
319 105
368 240
4 402
176 308
301 7
399 357
405 415
520 265
359 338
184 82
537 451
434 205
175 254
211 488
214 243
391 201
461 490
21 115
591 301
166 600
574 54
271 4
304 407
501 94
377 412
567 228
448 113
374 545
600 165
111 596
12 238
425 612
170 662
119 420
572 83
364 91
337 493
274 208
369 396
98 611
261 86
351 48
114 507
348 246
261 209
334 389
638 460
385 411
248 371
173 192
43 642
635 256
181 115
104 333
401 614
393 404
591 256
635 551
655 492
147 489
259 637
512 326
161 52
485 461
43 178
433 544
166 373
424 185
654 484
498 361
389 518
406 349
622 560
371 140
299 413
550 296
241 68
485 487
647 603
259 538
457 463
75 6
213 325
142 344
625 660
447 650
598 411
343 409
185 436
142 573
47 187
436 289
399 507
178 313
107 638
196 636
235 312
528 101
215 268
0 553
574 331
136 453
82 537
658 33
581 317
236 293
55 549
14 211
96 150
370 283
180 323
370 184
248 631
204 463
486 491
109 539
524 617
413 169
82 5
328 121
227 162
115 431
539 519
632 23
56 591
71 251
143 595
98 604
184 177
194 56
614 625
202 309
361 613
31 608
173 163
590 623
172 19
86 283
609 11
90 473
310 108
184 176
627 388
445 648
32 159
35 433
630 394
596 459
623 582
320 582
295 149
184 561
139 476
502 292
171 352
4 159
506 160
109 345
202 168
637 38
529 425
563 531
373 299
292 386
107 300
298 608
573 637
364 231
217 488
416 383
34 536
518 251
155 625
51 634
169 460
666 544
514 249
530 74
467 70
539 409
401 443
64 40
532 637
349 518
112 348
581 323
92 471
247 205
429 19
5 124
392 249
512 506
638 464
300 396
643 150
493 623
74 596
457 247
501 654
154 512
572 463
619 631
471 404
368 552
439 120
659 491
305 98
369 54
317 234
524 492
262 233
506 193
373 471
587 474
172 362
173 168
553 659
45 588
297 95
485 495
338 523
196 86
407 556
346 586
615 354
304 263
298 187
212 102
181 267
325 160
506 225
379 623
132 102
408 435
523 343
423 466
411 62
301 182
520 577
638 609
228 153
144 121
80 380
106 242
90 173
119 500
469 428
361 598
625 477
528 555
170 117
65 478
623 208
618 46
334 635
78 352
243 199
454 206
341 37
461 239
120 426
503 604
44 388
124 548
250 431
295 6
496 511
55 48
437 129
502 371
541 406
480 265
567 206
480 492
543 402
116 163
507 213
508 530
90 348
30 440
136 563
629 261
208 219
568 623
517 211
638 605
583 367
647 518
374 511
3 337
526 333
657 338
384 378
613 348
586 195
520 657
222 136
27 262
261 464
553 549
346 294
105 532
200 443
128 203
59 379
637 63
343 49
583 557
466 446
18 666
43 648
284 420
665 275
326 563
125 526
235 542
392 88
175 486
277 553
472 652
535 344
122 573
473 73
98 25
344 398
31 337
634 28
316 509
420 537
136 325
496 452
337 657
614 463
603 377
406 566
191 632
125 487
319 336
241 129
623 620
398 325
64 482
549 5
605 458
310 229
108 540
550 26
605 414
473 269
311 389
394 411
275 39
271 271
451 499
634 602
18 617
489 48
575 306
639 158
150 440
297 80
656 611
610 71
445 553
149 491
252 66
507 8
618 174
581 386
63 507
384 473
289 126
292 298
588 543
584 654
248 54
150 639
348 466
317 290
635 474
663 465
136 395
458 574
396 170
445 567
301 393
126 305
133 172
111 471
192 350
181 217
117 108
373 26
258 98
621 281
306 65
188 476
389 485
235 555
375 168
84 501
447 448
483 597
299 105
551 354
637 532
376 308
412 601
131 174
544 241
55 206
257 484
344 450
536 448
651 305
91 552
268 43
475 130
587 295
200 548
223 253
47 484
499 293
143 632
355 461
367 352
226 250
74 440
57 403
457 108
462 528
34 613
92 507
387 222
333 582
414 25
443 469
664 333
590 132
318 481
114 252
94 631
246 474
286 490
487 354
28 138
649 592
293 550
210 182
268 375
410 180
219 418
418 231
36 358
468 514
190 470
120 154
71 336
84 12
388 236
408 129
122 591
163 180
335 523
40 583
521 262
214 430
441 60
49 418
141 437
323 162
295 340
628 469
330 365
102 18
441 559
662 292
284 602
491 289
96 127
309 427
171 342
381 316
492 434
64 467
94 567
464 529
478 194
33 180
554 407
177 568
417 447
631 27
657 254
229 310
367 473
263 586
366 526
106 303
578 32
344 502
382 157
419 194
648 535
251 363
148 535
1000
310 466
386 81
48 292
11 618
300 118
652 101
39 169
77 581
56 323
135 202
431 184
403 473
571 326
431 95
166 388
528 105
587 113
493 56
608 197
539 626
550 598
388 422
592 73
634 168
220 137
424 587
133 2
333 414
587 475
587 602
287 425
119 237
427 612
261 248
420 292
520 51
247 435
216 661
328 606
414 439
508 281
430 389
275 1
34 624
613 561
473 115
458 343
561 592
346 369
287 81
482 659
65 406
459 81
245 349
619 540
562 92
267 523
569 28
445 648
574 226
603 119
108 339
364 167
236 352
485 534
620 545
655 90
453 406
54 22
442 213
346 321
370 432
324 89
5 366
294 271
511 478
105 241
638 162
50 35
279 477
183 429
553 414
215 485
470 522
419 504
448 475
186 136
466 477
447 548
407 218
9 238
412 618
260 156
517 276
132 522
563 394
104 462
412 308
319 245
147 520
287 53
530 134
239 522
659 96
558 618
412 260
99 165
288 310
524 562
612 439
373 459
532 20
584 360
104 660
239 624
624 257
407 559
539 161
77 133
410 372
305 201
599 326
638 330
598 274
117 232
139 391
644 647
465 326
515 153
314 328
52 106
313 403
317 61
556 333
623 30
425 272
657 501
608 164
216 26
419 332
92 58
186 171
129 189
418 74
452 160
631 299
359 136
501 638
80 237
459 246
338 408
635 252
369 571
481 264
309 44
321 278
314 127
487 581
568 356
488 418
392 217
327 644
590 330
151 348
464 359
271 283
385 641
178 651
164 206
135 521
598 35
303 633
267 23
11 346
391 583
64 413
406 421
557 19
418 206
307 608
576 501
47 246
657 619
435 455
363 552
173 378
141 513
240 611
262 663
261 113
53 259
635 380
663 660
396 656
240 496
398 546
279 650
627 220
338 421
549 84
611 423
581 4
527 654
484 483
286 338
52 474
160 484
652 417
276 153
227 233
130 395
303 293
404 31
436 474
489 319
423 91
583 73
147 571
475 155
21 227
515 362
196 595
28 284
179 390
326 313
573 597
489 138
83 602
123 600
98 562
607 513
163 601
523 558
612 213
171 283
171 77
220 141
241 599
288 557
36 526
199 313
137 85
6 451
166 285
191 257
370 210
360 332
223 615
480 454
434 451
270 129
533 244
229 2
451 614
76 577
207 75
452 452
544 331
225 487
509 97
388 415
351 20
580 18
13 65
55 618
195 552
513 19
536 518
437 114
253 110
19 34
157 448
642 12
281 152
219 414
374 216
177 454
195 411
110 578
86 434
382 183
69 181
424 72
382 104
547 364
148 6
300 357
528 516
194 1
138 236
630 550
291 615
124 418
425 458
458 240
34 280
484 589
167 248
534 460
536 618
557 461
405 592
87 218
486 403
310 304
156 478
309 98
527 247
625 520
474 598
332 47
350 162
353 276
474 549
558 144
81 621
387 494
72 409
440 582
168 172
445 91
152 41
269 19
518 148
351 57
555 461
643 608
214 331
567 361
497 96
643 88
599 249
261 545
586 151
208 303
642 415
118 128
44 521
497 397
321 574
96 131
592 448
628 354
453 287
303 213
437 42
374 123
532 489
104 171
531 604
222 656
383 453
399 555
207 216
395 29
660 662
413 536
121 268
401 370
523 331
277 484
190 323
82 432
637 387
659 517
293 26
413 478
469 53
207 167
526 54
504 633
545 547
175 59
76 629
98 409
642 110
567 215
481 177
563 88
280 352
85 443
511 212
145 162
454 176
240 53
384 23
249 351
21 312
250 333
308 112
166 106
643 557
182 499
615 335
105 429
177 536
171 603
345 57
159 160
378 351
128 508
140 89
386 164
498 641
135 109
252 603
46 162
642 181
631 628
202 253
598 569
223 581
497 24
178 339
547 69
47 141
364 429
41 637
394 551
506 212
341 85
656 252
154 543
463 245
620 216
384 653
113 320
277 533
557 315
342 349
25 578
392 96
565 158
499 332
270 99
111 93
204 654
501 296
0 360
221 209
157 292
213 657
63 116
327 466
329 215
595 394
8 401
35 421
493 277
197 78
156 607
635 56
420 404
508 331
266 243
353 486
205 2
418 123
128 27
526 45
2 240
10 570
267 436
64 270
267 191
396 309
358 423
356 407
57 72
402 323
658 585
484 354
210 597
337 458
349 332
647 178
451 370
562 485
54 309
358 300
246 81
22 14
374 649
243 61
236 107
93 581
539 456
497 61
563 12
594 358
333 468
531 383
530 7
621 104
206 292
613 93
103 329
660 320
295 328
71 520
35 339
393 588
44 478
187 121
242 639
429 27
120 70
254 286
430 129
602 117
241 517
214 24
486 515
91 297
11 547
607 450
30 95
310 559
327 113
180 334
402 664
488 201
472 568
559 21
379 212
578 657
345 294
439 494
255 331
606 499
467 42
322 609
78 41
431 143
321 625
655 68
655 502
584 209
129 380
302 452
188 638
314 115
66 432
321 39
418 17
376 160
248 481
431 144
328 607
571 299
530 184
611 395
481 626
121 180
58 241
107 307
631 507
625 566
384 234
285 0
147 433
502 67
435 620
314 25
387 3
528 524
326 92
160 581
432 25
45 282
576 418
225 81
11 17
597 553
278 364
239 664
178 503
93 406
163 614
73 66
296 516
325 576
597 60
501 479
372 319
45 445
202 480
414 314
369 645
47 353
231 250
372 404
508 341
653 577
32 649
225 340
295 366
513 276
570 505
86 156
472 581
571 252
88 525
302 229
146 36
627 350
53 666
93 606
60 628
635 278
102 79
506 552
167 142
279 112
542 611
542 448
0 281
124 77
333 508
584 11
378 132
139 144
546 406
64 395
20 33
598 498
530 246
317 243
449 145
355 43
396 235
47 307
623 654
321 204
52 574
648 202
401 296
638 65
315 626
465 491
465 288
483 403
491 544
330 17
406 419
379 451
77 335
129 515
58 539
66 507
493 70
472 331
528 653
614 330
557 386
314 61
611 442
16 629
594 258
358 78
396 312
124 146
280 535
236 514
43 257
180 224
46 244
578 129
233 554
89 552
434 200
65 354
438 115
498 241
298 72
61 561
144 554
473 519
624 328
213 188
663 610
360 615
337 369
627 500
635 42
33 514
238 567
435 330
584 107
142 457
224 222
305 231
541 298
281 604
227 465
530 34
665 188
65 651
552 217
634 365
449 232
49 371
19 620
518 606
590 8
337 595
195 219
602 206
281 469
227 237
252 368
168 25
555 334
54 460
113 593
331 99
663 641
643 83
176 182
115 434
520 368
75 379
473 201
292 362
642 457
566 590
115 521
74 536
199 568
198 161
142 566
463 13
76 244
341 357
635 452
235 37
180 75
153 557
386 64
206 196
47 567
331 299
39 600
362 659
372 373
363 342
186 137
115 613
66 228
171 258
605 406
581 154
431 506
307 604
315 183
38 282
153 94
385 270
235 136
227 534
368 199
322 77
144 334
3 422
164 665
2 271
473 521
378 185
445 590
151 528
468 148
260 348
411 387
29 517
235 26
376 509
65 606
160 586
495 469
575 59
491 53
130 541
417 635
318 246
620 193
56 142
264 200
468 288
243 348
282 266
647 62
481 509
605 319
280 267
516 543
253 212
192 65
463 297
530 388
399 324
661 112
644 536
368 628
421 30
338 255
23 485
539 470
250 68
352 632
261 172
597 184
124 485
426 388
313 78
525 102
666 600
1 351
552 423
625 452
467 202
516 166
198 508
317 208
34 291
20 609
398 272
634 171
194 309
95 378
66 17
381 145
68 333
69 645
503 333
472 342
584 257
358 498
321 252
222 191
656 30
321 421
426 585
182 253
246 461
84 341
627 297
623 473
455 215
652 623
355 119
147 23
350 301
362 518
191 625
304 592
225 365
8 462
589 20
142 489
6 632
570 69
646 657
511 356
352 210
367 218
642 635
319 48
619 229
639 268
569 574
61 141
545 632
652 494
430 123
657 498
109 138
50 507
546 539
162 247
386 599
548 182
230 295
533 587
293 171
647 301
656 386
611 245
83 252
145 366
340 248
641 423
299 414
584 359
300 73
556 422
110 426
197 118
227 128
251 109
241 287
205 202
49 195
534 72
453 20
223 68
133 353
453 79
443 440
444 461
360 59
401 284
465 524
571 284
65 70
539 364
221 69
231 481
100 183
67 35
458 134
514 602
175 610
549 73
150 396
360 248
23 477
348 305
21 381
450 180
571 55
271 579
554 370
509 435
386 568
241 563
104 618
583 461
466 453
405 634
267 258
477 640
56 392
641 30
265 455
549 453
345 364
446 564
166 18
107 65
214 35
93 403
601 135
82 379
8 312
197 571
199 434
113 134
660 255
526 571
382 273
600 333
372 81
327 75
107 172
266 2
317 550
403 248
653 97
68 553
162 630
337 207
191 341
485 231
440 638
357 171
352 47
123 299
256 249
586 622
143 129
158 226
413 394
522 447
349 394
304 167
268 323
287 579
491 65
441 231
246 472
574 547
369 376
183 272
277 335
364 181
593 557
169 118
285 251
303 314
123 449
