1000
6656 7936
4992 1024
4160 7680
6656 4608
7072 3584
3744 4608
3744 2560
832 7168
8320 4096
5824 7936
832 2560
1664 8704
9152 0
0 1536
7072 8448
4992 1536
6656 6400
9568 6656
832 9472
1248 768
9984 768
9568 3584
8320 4864
3744 768
9568 1536
9152 7168
2080 4864
2496 512
0 4608
4160 6144
5408 8448
3328 1024
832 9984
1248 2304
9152 2304
2496 0
1664 2560
8736 9216
4992 4352
0 5888
832 8704
8736 8704
4576 2304
4992 5632
6656 2304
9152 3840
1248 7424
6656 2816
2912 7680
1248 6144
4576 9984
4576 6912
5824 6144
5408 7424
9984 6144
9984 5120
2912 5376
8320 5888
7488 2304
7904 3328
2496 5632
832 5888
5824 6656
3328 8192
832 8448
2080 6656
7072 3328
2496 2560
4992 3072
0 9472
9152 1536
4576 9472
5824 2560
832 5632
7488 256
8320 3840
6240 4608
0 0
6240 4864
4576 6144
1248 1280
5408 8960
3744 3328
7904 1792
2496 7424
0 8960
3744 6400
416 1536
5408 6912
0 7936
6240 1792
4160 1280
0 3072
2080 1024
1664 4864
9984 5632
3744 2048
7072 8192
9984 2560
7072 2560
6656 5632
5824 4864
3328 3328
4160 5376
3328 6400
8320 7424
9984 8192
3744 2304
832 1024
5408 3072
832 9216
7904 2048
9568 4096
3328 2560
4576 8960
2080 2560
0 2048
6240 7168
3328 9472
7488 5888
7904 0
2912 2816
0 512
6656 1536
6656 256
2080 1536
4160 4864
3328 3072
8736 7168
8736 8192
8320 1280
1664 7936
6240 4352
2912 768
5824 2304
1664 4096
4992 256
4576 6656
2912 7168
7904 8192
832 512
7072 7936
4992 2304
7904 1536
2912 1536
1248 2560
1664 3840
3328 2816
9984 3584
416 6912
9984 1536
7904 5120
8320 9216
2496 4096
7488 768
7072 1280
5408 256
7072 3840
2496 3840
5824 4608
832 4096
0 7680
2080 7680
8320 1024
4576 1280
9152 6656
7488 9472
9568 9728
1664 6144
3328 2048
5824 7424
1664 6400
0 9728
5408 3840
8736 8448
1248 5632
416 3840
1664 768
1664 9984
832 6400
7488 2560
4992 2048
8736 4352
1664 2304
4576 1792
3744 9984
8320 9472
4576 9216
9152 4608
832 3840
2080 7936
0 1024
832 7680
416 4864
5824 512
1248 4864
416 2304
0 6400
4576 4096
4992 9472
6656 5888
6240 0
7904 1280
9152 5376
2080 8960
9152 1024
4992 7424
5824 3072
8320 2816
7488 1792
9152 8704
1664 3328
9152 3584
7904 4608
9984 7680
7904 7168
4160 3072
4576 5120
5824 1024
9984 2304
7488 0
3328 6912
3328 6656
832 3328
9152 256
6656 2048
2912 2048
7072 256
8320 3072
7072 9472
9152 7680
7904 6400
1664 7680
7072 7168
6656 4352
2912 8704
8736 0
4160 2048
9152 6912
4160 8960
6656 9984
416 5376
5408 7680
7072 768
832 4608
9152 7936
2912 5632
7072 4608
7072 5632
2496 4864
9568 8960
4576 2816
6656 4096
7488 7680
6656 8192
9568 8704
2912 9728
2080 7168
8736 768
3744 1536
832 1536
832 256
2496 3584
4992 9984
3744 8704
9568 6400
6656 1792
9984 1280
1664 3584
8736 256
9568 6144
5408 9984
416 256
6240 3840
9152 5120
5408 9728
7904 5888
3744 5120
9152 512
2080 5120
832 6656
2912 4608
7904 256
7488 4608
2080 3584
3744 9216
1664 5888
9984 6656
416 5888
3328 8704
416 5632
9568 5632
832 768
7488 8960
4992 3584
7488 6656
7904 4096
2496 256
3744 8448
9984 6400
9568 2304
9152 7424
416 1024
8736 5376
2080 7424
1248 5888
5824 4352
5408 7936
7904 6656
3744 9472
4160 3328
8320 5632
7072 3072
5824 8192
4992 9216
416 5120
4992 8192
2496 1024
8320 512
2496 5120
8736 4608
5408 6400
4576 5632
416 1792
5408 4096
6656 8704
8736 6912
7904 6912
4992 3328
9984 9216
4992 4608
416 4096
5824 8704
4160 768
0 6912
2912 4096
5408 1280
6240 7680
8736 3584
3744 256
8320 1792
6240 512
3744 3072
9152 8448
8320 6656
5408 2560
2080 6144
1664 8960
8736 1024
9984 512
3744 1792
2080 6912
2080 8704
832 9728
7488 7936
4160 9216
4576 768
7904 7680
1664 9216
3744 7680
1664 6912
6656 2560
5824 1536
7488 3840
7488 1024
2080 6400
5408 5632
8736 1280
8320 2560
3328 512
2912 1024
9984 8960
416 6400
6240 9472
8320 1536
4160 8192
5408 5120
5408 5376
416 9472
2496 7168
2496 6912
2080 4352
2496 2816
7072 4864
9984 5376
7488 2816
416 2048
8320 6912
6656 3328
7904 5376
5408 7168
7072 4352
1248 9984
2080 5632
0 2560
9568 9216
6240 3328
2912 4352
5824 3840
2496 8960
7904 3840
9984 3072
2080 5888
3328 5376
9568 5120
9568 6912
9568 2816
4992 6400
2496 9728
1248 7680
4160 4352
9568 7936
5824 5632
6656 7424
7904 9728
4160 5120
8736 9472
9984 2048
6240 1024
3744 8960
1664 1792
4576 5888
4576 4864
1248 7936
2080 3328
8736 5120
4160 1536
1248 6656
9984 0
9984 1024
9568 1792
8320 9728
9568 3840
2080 9216
416 8448
2080 8448
1248 0
6656 8448
4160 9472
7904 9472
2496 8448
6240 6144
3328 9984
4992 768
7072 2304
2496 8704
832 1280
9984 8448
8736 6400
3328 4352
2496 9984
2080 512
9568 5376
7488 512
2912 9984
6240 2048
6656 9216
2912 0
416 4352
7072 5376
4576 6400
4576 3072
6240 6912
5408 2048
1248 1792
7488 3328
8736 7680
9984 5888
1664 512
0 4096
3328 256
3744 0
6240 5888
4160 1024
4160 9728
6656 3840
9568 9984
6656 768
3744 4096
8320 6144
1664 8192
5824 9984
5824 3328
9152 1280
4160 4096
4992 7680
416 7680
0 8192
1248 4352
4576 512
9568 0
9984 1792
1248 9728
9152 9984
2912 256
416 7168
9568 4864
416 7424
832 4352
8736 4096
4992 6144
3744 4864
9152 9216
416 8704
416 2560
3744 2816
5824 6400
2912 6144
1664 256
832 6912
7488 4864
416 4608
6240 1536
9568 8192
5824 5376
7072 9216
9984 4864
0 6656
3328 768
7488 9216
1248 9216
7488 5120
832 7424
3328 2304
8320 5120
8736 2560
0 2304
9984 4096
2080 1280
2912 5120
5824 2816
2912 7424
5408 4864
4576 256
0 3328
1664 2048
7072 5888
2496 1792
1664 1280
3328 7424
1248 2048
6240 3072
8736 3072
2496 5888
8320 3584
2080 9472
832 0
4576 0
8320 2304
3744 5632
2080 0
2912 6656
3328 1280
4160 2560
2080 9984
7904 8448
8320 3328
9152 768
9568 256
7488 6912
9568 2048
7904 7424
7072 8704
9984 3328
2496 6400
2080 4608
7072 5120
7904 9216
1664 0
416 512
2080 4096
4992 8960
0 1280
5824 5888
9152 3072
1664 5120
6240 8704
3744 1280
3744 1024
9984 3840
7488 4096
9984 4352
4992 6912
6240 3584
4160 2816
3328 9216
4160 4608
4576 7424
5408 4352
9152 6144
4992 8704
2912 3072
416 3584
4992 2560
2912 3328
2496 6144
7904 512
9568 7680
5408 3584
0 5376
8320 7936
7488 4352
4576 1024
9568 9472
2912 9472
7904 9984
4160 7424
4160 512
6656 8960
7072 8960
8320 5376
8320 8704
0 8704
6240 5376
1664 2816
9568 8448
4160 6656
2496 2048
5824 8448
2496 4608
6240 4096
9984 9984
416 3072
4992 9728
4160 3584
1248 5120
7488 6400
4160 0
1664 3072
6240 7424
3328 0
6240 8960
2912 7936
4992 5120
2496 9472
5408 2816
416 0
8320 256
7072 6144
1664 4608
2912 2304
5408 5888
8320 768
416 768
0 768
4992 1280
4992 4096
9152 8960
1248 3072
1664 4352
8736 8960
9984 7168
6656 1024
832 2816
5408 8192
3744 8192
3744 512
2496 3072
5824 9472
832 5376
8736 2816
7488 6144
8736 7936
4576 8448
4160 7168
6240 2560
2912 9216
5824 1792
3744 3584
8320 7680
4160 8704
2080 3840
7072 0
1248 1024
7488 9984
8320 8192
8320 6400
2496 8192
4576 8704
6656 9472
416 3328
8736 512
7072 4096
4992 3840
0 2816
6240 5120
5408 9216
0 5632
7488 1536
832 4864
2496 5376
5824 8960
5408 6144
7904 2304
2080 1792
6240 6400
5408 3328
1248 5376
4992 7936
7904 3072
4992 7168
832 6144
6656 6656
6656 0
4160 2304
4160 3840
3328 1792
3328 6144
7488 7424
2912 1792
1248 512
6656 3584
0 6144
6656 512
9152 5888
4160 5888
4160 1792
9152 5632
7072 1792
7904 4352
9984 9728
3744 5376
8736 3328
0 1792
2496 9216
5408 2304
2080 9728
1248 1536
9152 4096
5824 5120
3328 3840
6656 6912
8736 2048
6240 7936
6656 4864
8736 4864
9984 6912
1664 6656
9568 7424
8736 6144
7488 5632
5408 1792
4992 6656
9568 3072
4576 7680
4576 3328
8320 2048
7072 9728
8736 9728
0 3840
5408 6656
0 256
1664 9472
5824 9216
4160 9984
5408 8704
9152 4864
5824 0
7488 8704
2912 3840
8320 0
6656 3072
2080 2048
3328 7168
1248 256
9984 8704
4576 1536
416 9984
7488 7168
416 8192
7488 9728
9984 9472
2912 8960
4160 256
3744 7424
6656 5120
9152 3328
5824 9728
9984 7936
2080 2304
2912 8448
5824 7168
7488 3584
3744 5888
3744 9728
2080 768
6656 7168
5408 1024
6656 6144
2496 7936
9152 1792
1664 8448
0 4352
4576 7168
1248 4096
4992 4864
832 3584
9568 3328
4992 1792
0 7168
5408 768
3328 4864
3328 7680
1248 7168
7488 1280
6656 9728
6240 6656
416 2816
4576 8192
9152 2048
832 5120
2912 5888
3328 1536
1664 7424
5824 256
7488 8448
2496 4352
7904 7936
7072 2816
3744 3840
1248 3840
7072 512
2080 8192
3744 7168
9568 512
9568 4352
7904 4864
5408 0
3328 5120
9152 9728
832 7936
1664 1024
6656 1280
5408 4608
7488 3072
2496 7680
9984 4608
8320 4608
9152 2560
2496 6656
0 5120
9568 4608
2496 2304
1248 3328
1248 8960
1664 9728
832 8960
6240 768
4160 5632
4576 2560
5824 1280
6656 7680
7904 8704
4992 8448
3744 7936
2912 4864
4160 8448
2496 768
1664 7168
5824 768
1664 1536
4992 0
6240 1280
6240 8448
5408 9472
4576 3584
0 8448
1248 3584
2912 3584
9152 2816
6240 5632
9984 2816
5824 2048
2496 3328
2912 2560
9152 6400
1248 2816
7072 1536
7072 6400
3328 5632
7072 6656
7904 6144
8320 8448
5824 7680
4576 4608
416 6144
1248 8704
2496 1280
7072 7680
2496 1536
2080 2816
7072 2048
9568 768
4576 2048
1248 8192
4160 6912
6240 8192
7904 3584
8736 6656
9152 8192
8736 1536
416 7936
2912 6912
4992 5376
3328 7936
8320 7168
8736 2304
1248 6912
9152 4352
5408 512
0 9216
2912 1280
8320 4352
9568 2560
9152 9472
2080 5376
3328 9728
8736 9984
2912 8192
3328 5888
3328 8448
6240 256
3328 3584
3744 6912
4576 3840
8320 9984
1664 5632
832 3072
2080 3072
4992 512
7904 8960
7488 5376
7072 1024
4576 5376
7072 7424
7904 768
8736 1792
1248 8448
4992 5888
7904 2560
6240 9984
3744 6144
2912 512
9568 1280
6656 5376
416 9216
9984 7424
8736 7424
1664 5376
9568 1024
4160 6400
832 8192
6240 9728
3328 4096
8320 8960
5824 6912
3744 4352
5824 4096
7072 6912
4992 2816
1248 6400
9568 5888
4576 4352
4576 7936
832 2304
3328 8960
1248 9472
3744 6656
4160 7936
7904 2816
7488 2048
9568 7168
1248 4608
416 9728
832 2048
0 4864
6240 9216
6240 2816
5824 3584
416 1280
5408 1536
7904 1024
4576 9728
0 3584
9984 256
832 1792
7072 9984
416 8960
3328 4608
416 6656
7904 5632
8736 5888
6240 2304
8736 3840
0 7424
7488 8192
2912 6400
8736 5632
2080 256
0 9984
1000
8320 4608
9152 6656
3328 5120
9152 0
1664 9728
2496 9984
2912 5376
4576 256
9152 9728
5408 3328
3328 4096
2496 3328
0 3072
1248 2048
4576 1280
5408 7168
6240 4096
5408 7680
2496 512
1664 5376
832 2560
9984 0
2496 1280
5408 1792
1664 7168
4160 6912
8320 9216
7072 8192
832 9984
2496 2304
4576 6912
5824 3584
4576 6656
9984 5888
6656 1280
5824 9728
6240 3328
416 8448
1248 0
416 9728
9152 4096
5408 8960
2496 4608
1248 3584
6240 5888
2912 6656
7488 2560
416 9216
9568 4608
7072 5120
1248 1024
2496 8960
7488 3840
1664 0
9568 4864
9984 1536
9984 1280
2496 9728
4160 5120
832 6656
8736 2304
2080 2816
2496 5888
8736 6912
4992 1536
7904 6144
0 4864
2496 1536
1248 9216
5408 2560
0 1280
9152 7424
4992 6144
4576 2304
7904 8704
7488 256
7072 6400
5824 8448
9984 4096
3744 256
7488 1280
3328 7424
6656 9984
9568 2560
0 8960
4160 3072
9984 512
7072 8704
4160 2304
3328 6400
2080 4608
2080 2048
6656 7936
416 6400
2080 2304
6240 1280
9568 7936
4576 5632
5824 3072
8320 5120
2080 512
5408 5376
6240 5120
7488 5888
6656 3328
8320 0
8736 1792
1664 8960
832 2304
1664 9216
8736 9728
9568 6912
2080 8192
4992 9728
9568 0
8736 4096
5824 6400
3744 3840
5824 4864
6656 256
2912 512
6656 6400
832 3072
4576 7680
6656 1024
4160 9472
832 256
9152 9472
7072 1280
832 1536
8736 1280
1248 7680
3328 9728
8320 2304
832 2048
6240 8704
4992 6912
6656 2560
9568 512
7072 8960
8736 5376
8736 6400
1248 2304
8320 7680
8736 9216
4992 4864
9568 1792
7072 2816
1664 3584
6656 6912
9984 8192
3744 8192
3328 8704
832 5888
8736 9984
1248 4864
6656 3072
3744 6400
832 6912
8320 9728
0 1536
416 512
4992 4352
8736 4608
1664 1024
8736 2560
832 0
1664 7680
2912 7936
5408 4864
6240 5632
4576 3584
4160 1792
2496 6400
8736 8704
9568 9728
2496 6656
7904 9472
416 256
7904 5376
5408 2048
0 5632
2080 9984
2912 8192
0 4352
3744 8448
3328 1024
416 3840
3744 2304
3328 3328
5824 5632
3744 7936
9152 5632
6240 8448
6240 6656
0 5120
0 7680
6656 7680
7488 7168
9152 8192
8320 9984
8736 4352
8320 8192
4576 7424
2080 0
4160 1280
7904 8448
7488 2816
7904 6400
4576 4352
7904 8960
3328 9472
2080 1024
0 4096
6656 6656
7488 8704
2912 7424
9568 3072
7488 5632
1664 256
8320 4096
3328 8192
7904 7168
5824 768
4160 5888
5824 7424
6240 4864
7904 1792
9984 2304
416 7936
7904 2816
8320 7424
832 3840
832 4864
2496 6144
832 8960
3328 1536
7072 1536
2912 9472
4160 256
2080 3072
2496 8192
7904 9216
416 6144
2496 5120
832 9216
5408 2304
7904 8192
8736 3584
8736 7936
9984 7424
2496 3584
2496 3072
5824 9216
7072 5376
8320 7168
3744 3072
1248 1792
2080 4352
9568 1280
4576 3072
9152 8448
3744 4096
3744 3328
4160 8704
4992 768
832 5120
7904 7936
4160 1536
0 512
1248 1536
4576 8192
9152 6912
5408 1024
2912 8704
1664 2048
5408 8704
7488 2304
9984 3072
5408 4352
7072 2304
7488 9728
9152 1792
0 1024
5824 8192
8320 8960
6240 3584
832 8704
6656 9216
3744 4864
4992 9472
0 9984
5408 4608
1664 8448
1248 4608
9152 8960
3744 2816
5824 1280
9568 9216
8736 8960
7072 7424
8736 256
8736 8192
5408 9216
7904 5120
4992 2304
7488 5376
9568 8960
9984 9216
6240 7936
0 9472
6656 1792
2080 5376
2496 8448
832 7680
2080 4864
8736 5120
4160 2560
9984 4864
4992 7680
7072 9728
2912 4352
9152 1024
7488 2048
7904 7680
0 2048
4576 7936
7072 3584
8320 512
4992 5376
1664 3072
1248 3328
7072 3328
8320 3328
416 5120
7488 1024
416 2560
2080 7680
0 6656
832 3584
5824 9472
7072 4608
1664 2560
6656 6144
8320 6656
6240 2560
1248 5632
5408 6144
2080 8960
3328 7168
6656 4608
9152 512
2496 4864
2912 0
1664 8704
5824 5376
7904 4352
8320 2048
2496 7936
7904 3328
2912 4096
6240 2816
4160 8960
2496 9472
832 9728
9152 5888
2912 5632
9568 1536
9152 3328
1664 6656
1248 2560
8320 1280
2912 7168
9984 1792
3328 3840
5408 3584
1248 5376
4160 5376
6656 4096
7904 4864
7488 9984
2080 4096
416 768
6656 768
2496 4352
2912 256
7072 4352
4992 2816
3328 768
1248 7424
416 2304
3744 9984
5824 512
3744 2048
3328 2560
9984 1024
9568 9472
1248 768
1248 1280
0 2816
3328 5376
416 6912
6240 6144
8320 8448
9568 5632
1664 7424
7488 4096
2496 6912
3744 512
5408 7424
5824 1024
8320 5376
3744 6144
5408 1536
7072 7936
9568 2048
1664 512
9152 2048
8736 9472
5408 3072
7072 3072
7904 5888
4576 9472
3744 5120
7904 1280
3744 9472
416 5888
1248 2816
5408 7936
3328 4352
2912 4864
4992 4096
9568 6400
5408 512
2912 6912
8320 1792
9984 9984
1248 6400
5408 8448
2080 7424
7904 7424
5408 256
9568 6656
1664 6400
0 6400
3744 6912
1248 5888
4160 7680
416 4352
2080 5888
9568 3328
7488 4352
8736 6144
4576 768
4992 8704
8736 3072
4992 1792
3744 4608
2496 2560
1664 2304
6240 256
2080 7168
9984 4352
6656 3584
8320 3840
4160 3584
9984 3328
4992 512
5824 4096
9984 7680
8736 7424
4160 7936
832 7424
8320 768
9568 3584
832 7936
2912 768
6240 4352
7072 2048
3328 5632
9568 5888
2496 2048
416 7424
7488 1536
2496 5376
7488 3072
5408 5888
0 3840
9568 7680
6656 8448
3328 3584
8320 2816
7488 4864
0 5888
1248 8192
8736 5888
4160 9984
2912 5888
8736 1024
9568 2816
2912 6144
5408 0
832 8448
1664 4608
2080 1280
9568 8704
416 9472
1664 9472
3328 0
2080 5120
6656 512
6240 2048
1664 4864
7072 4864
2912 2048
3328 512
5408 768
4160 1024
6656 5632
1664 1792
5824 6912
2080 1536
3328 2304
2496 1024
1664 6912
8320 1024
1664 4096
416 1280
8320 4352
9152 256
1248 8448
5824 7168
416 5376
6240 1792
3744 768
8320 6400
3744 5888
9152 6400
1248 9984
6656 3840
9152 7680
7488 1792
1664 7936
7072 4096
5824 4352
7072 7680
3744 1536
2080 9472
6656 9728
9152 7168
2080 8448
2912 3840
7072 6912
4576 7168
0 2560
4576 1536
5824 2048
2496 768
8320 7936
1248 3840
5408 3840
1248 3072
4160 9728
4992 256
832 7168
832 3328
416 3072
9984 3840
2912 7680
9568 8448
9984 7936
8736 512
4992 5120
9568 7424
4160 6656
5408 9984
6656 8960
1248 6656
0 6144
3744 6656
6656 2048
9152 2816
9568 8192
7072 9984
9984 9728
2912 9984
4160 8192
9984 768
4576 512
1248 5120
8736 8448
4160 4608
6656 2816
2496 3840
6240 7168
9984 6912
416 1024
7904 9984
832 5376
3744 8704
6240 512
0 8448
7488 9472
4576 2560
2080 6400
9152 6144
1248 7168
832 4096
9984 6400
7904 3584
9152 3840
832 6400
5824 1536
4992 3328
1664 1536
416 1792
7488 7680
1248 4096
9984 4608
3328 1792
5824 2560
0 5376
2912 8448
3328 256
8320 6144
9152 5120
9568 1024
7488 6144
9152 2560
9568 7168
5408 1280
8736 2048
416 4608
4576 6400
6240 0
2912 9216
4992 3840
9568 6144
5824 4608
7904 768
2912 6400
2912 5120
2496 5632
3328 6656
1664 9984
1664 8192
7488 7424
6656 7168
4992 2048
9568 768
9984 2816
7072 6656
7904 256
3744 9216
8320 5632
4160 7424
2080 256
4576 9984
4992 1024
6656 4864
832 6144
6656 5120
0 7936
9984 6144
5408 9472
7904 2560
6240 2304
8736 3328
2496 2816
4576 0
832 8192
4992 3584
4160 6400
2912 1280
3744 1792
6656 8704
4992 7424
1248 9728
8736 7680
7072 9472
9152 2304
9568 256
9152 8704
6656 0
2496 4096
416 8704
0 3328
4160 4864
3744 5632
2496 9216
1664 3840
2912 2816
832 4352
4992 3072
7488 512
5824 2816
5408 6656
8736 1536
0 4608
9152 3072
7488 3584
4160 9216
5824 5120
2496 1792
4576 8704
5824 2304
5824 256
6656 8192
9152 9216
1664 5120
4992 8960
2912 1536
8320 256
7488 6656
8736 2816
5408 2816
7488 6400
5408 5120
9152 7936
4160 2816
8320 4864
8736 4864
4160 6144
8320 1536
5824 7680
5824 8704
9984 8704
416 2816
7072 1024
2912 2304
5408 6400
416 5632
5824 8960
3328 3072
0 3584
7072 0
4160 7168
832 1024
6656 5888
4992 6656
5824 7936
6240 9216
4576 1024
0 256
9568 5376
1248 6144
7904 3072
6240 3840
832 768
2912 1024
4160 5632
9984 2560
7488 768
6656 2304
416 3584
0 7424
3744 4352
9984 256
9984 8448
3744 7680
8736 5632
0 9216
8736 6656
416 7168
9568 9984
7488 0
4992 5888
3744 0
6240 8960
7904 0
9152 768
6240 768
2080 768
5824 6656
3328 5888
1664 6144
1248 256
3744 5376
4992 9216
5408 9728
3328 7680
3328 2048
3744 9728
3744 1024
416 3328
3328 7936
2080 6144
4160 3840
3744 7424
2496 256
6240 3072
8736 768
7904 2048
832 2816
4576 9728
3744 7168
832 9472
7072 512
9984 8960
0 6912
416 7680
6240 7680
6240 1024
1664 5632
4160 2048
2080 5632
7488 3328
4992 7168
7904 5632
2080 3328
6240 7424
2496 8704
7904 1024
7072 5632
8736 7168
1664 5888
7904 3840
7904 6912
6240 9984
7904 4608
832 1792
4160 3328
0 768
4160 8448
1664 768
2496 7168
6656 5376
416 4864
4576 8448
9568 4096
7488 8960
7904 2304
2080 9216
4160 0
8320 3072
416 1536
4992 6400
7488 9216
4992 8192
0 2304
3744 2560
2080 1792
832 512
2080 6912
9568 3840
4576 3840
4992 0
4576 9216
9152 5376
7488 5120
6240 6912
5408 4096
3328 1280
4160 512
3328 9984
2080 3584
2496 0
2080 2560
6240 6400
6240 9472
4992 1280
2912 3328
5824 0
4576 8960
7072 6144
2080 3840
4576 4096
4160 4352
9568 5120
1248 7936
9152 4352
2912 1792
7904 512
9152 1280
4992 7936
4576 5120
9984 5120
1248 8960
416 4096
9984 5376
8320 2560
6656 9472
2912 8960
3328 9216
9152 4864
5408 6912
7904 1536
7072 7168
1248 512
2080 6656
7488 8448
4576 5888
6240 5376
9984 7168
4576 4608
832 1280
1664 2816
7072 768
8320 8704
4576 6144
7488 4608
5824 6144
416 9984
8736 3840
5824 3328
5824 1792
1248 8704
6240 1536
8320 9472
5824 5888
7072 2560
1664 3328
3744 1280
6656 7424
4160 4096
7488 8192
8320 3584
3328 6144
9152 4608
0 0
1664 1280
4576 5376
4576 4864
7904 4096
7072 8448
4576 2816
4992 9984
832 4608
3328 2816
4576 2048
5824 3840
7072 256
4576 1792
0 8192
7488 7936
2912 2560
416 8192
416 6656
4992 4608
3328 6912
3744 8960
2912 3584
7488 6912
3328 8448
416 2048
5408 8192
2496 7424
9568 2304
9152 9984
2912 4608
7072 9216
9152 1536
4992 5632
7904 9728
3328 4608
5408 5632
7904 6656
9568 4352
3328 8960
2496 7680
4992 8448
3328 4864
7072 1792
9984 3584
2080 8704
9984 9472
3744 3584
832 5632
2912 3072
1248 4352
1248 9472
7072 5888
6656 4352
9984 2048
0 8704
4576 3328
1664 4352
416 8960
0 7168
9984 6656
5824 9984
8320 5888
4160 768
9152 3584
8736 0
2912 9728
1248 6912
7072 3840
6240 9728
9984 5632
4992 2560
0 9728
416 0
6240 8192
2080 7936
2080 9728
6240 4608
0 1792
6656 1536
8320 6912
