100
356663 705076
353569 681086
51104 266958
107580 703597
990881 111571
481836 268722
861672 550248
525263 49581
787249 149724
234241 147644
13323 698583
594855 773989
406422 866639
809062 496050
339418 40427
6957 666229
833150 565886
249081 380602
467551 532042
795998 929691
745466 206018
803877 919184
289665 366049
913414 380254
382396 768730
967121 956243
966361 146350
347716 868762
49379 692664
713558 205331
954098 401041
938671 155188
99968 199922
185700 389119
336116 257959
228630 174607
166647 750369
874098 110613
486822 73560
23432 209163
8202 601356
841450 236375
477841 54737
178868 447463
54968 40766
32174 631895
240081 813856
770765 554272
749884 545081
818110 3068
620124 661355
36766 854590
85544 117132
345438 781954
522832 697127
92666 126370
39990 720625
509634 552345
760918 129546
908134 426066
663704 123854
224803 279777
942530 205952
617235 153701
332502 796513
150361 939646
759572 120908
139642 211061
648070 832416
17316 633245
689301 850033
827815 194301
81113 706366
132721 457269
707218 52563
493586 768667
696888 579539
815711 215945
525226 601756
474684 259372
795669 752420
116672 371478
194528 479612
886181 18517
251029 360038
599678 141713
606714 353825
354280 279008
934887 129657
102324 149577
932 5188
90971 591043
562273 536071
305197 144285
784792 929164
396260 793642
813071 265623
659205 426858
944377 138155
79323 64721
100
553655 627885
888479 983462
722643 666999
112725 506371
175788 713290
734326 73577
812858 479323
968531 629410
553528 532150
477485 460088
981984 354148
602321 164203
680177 65553
549172 56942
381598 930389
123684 536092
833755 328741
964406 248690
709998 382890
398252 367311
735273 339261
382208 629
482771 392685
597969 100200
185150 118194
695220 816147
674707 386195
653721 277992
163103 785269
56810 346440
579830 523871
412275 256388
280528 500731
64487 786224
435564 940903
419034 962303
659493 425739
119358 807692
775281 741104
808892 442617
944520 341782
352619 655432
88638 808424
99044 758189
487316 782368
109142 781294
620191 367656
759723 879414
768597 210941
284690 9445
129186 447872
330529 539654
601074 209899
953528 650260
520049 741523
615698 631015
908186 549812
164175 711766
628736 125616
244971 606252
53571 898180
480218 934125
558868 661492
215238 93308
507716 647514
670321 80414
388214 757837
334857 172235
676341 670136
228858 904039
469041 664544
887854 586392
281399 369862
146640 600684
777657 516586
8830 87596
331696 223140
849705 815186
810933 438847
565657 500110
103850 15850
320721 953849
725699 964294
172539 743295
30187 349644
447745 186760
312061 885121
806171 119887
518818 932013
310446 981526
168748 227099
705993 69636
112564 490071
438963 803975
766279 546299
566561 876244
760251 889569
836719 960321
383781 529819
939690 873120
