1000
11000 2700
11696 7586
4389 8702
8705 10029
3732 7886
8835 2671
3699 12341
15272 7739
14319 2129
6064 17482
2646 18243
14337 1126
8758 12173
17520 14781
7709 15545
13257 11901
19542 14878
1855 2881
5316 5537
12834 10885
10407 3100
10513 2927
17372 15271
17445 16542
1730 4463
10116 6996
16665 9787
6703 3571
6885 5419
14443 14372
9164 12081
14929 17628
18985 17094
4450 12266
6594 4230
7424 7195
12930 18637
17937 16279
10721 11416
16996 2264
18509 14133
13637 15294
3866 7717
6367 13008
7190 1577
8766 1257
7019 6532
4021 6540
2766 17797
6465 18112
3021 18633
19394 5909
17238 8230
1545 12712
12382 10765
19132 17526
2265 2248
13850 7639
17360 10622
7882 19750
10419 14850
3350 1816
3343 19160
6311 19729
3240 19327
12462 8265
2657 4981
13760 2229
14315 16291
2588 2768
4464 16632
10597 10671
4831 1723
14497 2310
18085 11162
10609 10374
2562 14233
18479 7223
8303 18131
4283 2382
7425 2959
19353 3462
12036 12371
3933 9597
1111 7185
15421 6883
5501 2102
7806 17746
2639 8412
16807 14563
1310 2940
18332 13446
4090 19171
14508 18628
5925 15075
16756 11173
2727 12626
18641 13789
15119 2215
5765 19916
11318 3912
8741 18553
7026 17881
1880 19870
14576 14502
9579 17125
19160 17951
16550 10895
3436 12756
13208 11993
17149 2842
10761 10656
6524 3834
9589 10921
18876 18004
19620 4543
16183 15933
9815 6704
19380 7470
11775 5308
18188 13384
7177 15308
2514 16126
5996 18072
18415 18513
1227 16099
1728 19565
2193 18429
16200 15131
8379 11398
2680 17151
15677 16429
1614 18569
19568 12614
11539 7263
13462 3571
16464 14551
11571 17589
8181 4736
2246 7469
2858 18682
2775 2486
10169 9598
5728 16795
14559 8404
8863 12577
14572 10695
12297 9501
2315 2712
5907 5012
3521 17705
12327 11757
16931 15790
11052 9060
14568 8250
3906 7083
2710 13499
19739 2189
9868 16802
13576 9494
5423 4459
19013 3613
1101 11296
16258 6113
2004 9253
18704 12486
1231 6539
8094 7049
16531 16403
5526 15259
13695 8562
11791 3379
13131 10914
17611 14006
17411 8998
13983 12335
7061 19990
10828 7173
16065 18844
3944 19597
3242 14780
10819 4865
14038 17494
10624 17721
9992 8362
12550 4920
11148 17235
8899 14495
12266 16931
4973 11992
7571 1885
10610 4804
4331 13619
2997 13901
8870 2221
4794 9887
9855 3689
11786 9123
9409 1117
18637 5261
9844 18263
14271 15852
4386 4546
4227 3768
7290 10684
12052 3689
12094 10395
11736 2831
1017 3189
2579 7608
1514 4823
18443 15061
11206 4146
12528 13217
1494 6959
11303 13785
11024 8587
3545 2329
6402 7821
5351 1719
6326 16242
17850 18046
7026 16547
2869 3806
14159 3724
14713 18143
14668 1545
7374 4443
2845 9094
18051 18464
15588 4494
12015 5925
13479 12932
19088 17988
13245 1173
19916 4533
10826 9701
17704 1288
12167 7742
5609 4078
1935 5655
17670 13186
11246 1496
14837 13004
11213 6708
18073 6565
5270 3580
3984 7614
19788 4828
16173 6141
13241 19776
7744 10081
1851 5196
17539 16018
11246 6271
8865 7546
9087 6124
9733 11413
7931 19510
14490 14314
15251 12871
12965 2568
7429 10632
13156 15507
2182 15630
5367 18404
8498 2170
13790 13531
9836 3613
5468 15750
16504 16157
16180 2968
17306 19830
17110 7773
17363 7916
11732 12300
6504 13654
18859 1219
10382 2336
1084 15663
5014 19572
10831 7014
1428 9645
13696 6852
13187 17003
7609 2760
15130 8125
14105 13074
17412 4949
18912 13328
13106 19215
6683 17523
13403 16393
3542 16237
1698 14052
19209 16130
17693 10709
6424 15971
7778 16729
13280 1831
6378 12976
13833 14554
14002 15457
17440 4073
6672 11844
3726 15935
19300 10680
3082 6756
5515 7917
7412 12615
16260 8120
5837 11042
10028 7169
1307 14986
13709 11660
11726 10861
13587 18356
18378 17959
15901 8893
18171 1588
11228 19182
9365 3331
11231 4946
8393 16640
14377 7074
5438 12130
6995 15828
19873 12059
9535 6008
16705 14479
17445 13149
9403 1898
19104 12263
8015 6642
19388 19654
6916 1386
4904 5285
14396 8529
18097 10961
2236 4686
7515 10813
17352 4441
13354 19943
6863 2444
7922 13413
9649 13131
13145 9880
5855 7833
12417 4196
11069 4722
15928 16710
7094 5434
12328 17733
6296 8015
9814 7255
11689 4771
19872 10759
7826 12002
5674 16129
10342 9898
19288 18317
13582 12562
5775 19798
2136 8030
6045 15519
17307 10414
1436 17322
6339 2367
10390 18122
9966 2118
2483 10739
8285 14722
11122 3936
4401 18327
9691 11737
7499 2745
6572 17344
14234 4615
12784 13095
6191 11528
2366 9039
8398 19080
19872 15589
5750 12502
3001 3503
9009 19331
16941 18705
9207 1490
1922 19946
11968 9925
10598 13757
6646 15814
5293 6820
9607 18401
6976 10544
5268 1621
14524 9789
4879 11107
8312 10142
16073 9019
10801 8900
9901 13949
15847 1518
2532 1641
3953 18296
15938 3201
7804 5662
6309 17379
15427 9773
9267 19950
6875 3936
19640 8767
10252 14833
19735 16901
2394 5375
18951 2433
18445 6076
16247 7320
4071 14180
5842 1907
7071 9328
2269 5072
10646 14532
7152 4013
2738 17795
7847 5769
1528 14164
2260 11377
12586 14657
18847 14543
8963 13320
19505 3494
17009 2047
15807 8517
11026 9374
3962 17520
17754 18604
5957 15370
8298 3358
8304 4462
1722 16147
9591 4511
16162 16826
9433 3099
10468 3107
12932 5101
13306 4456
13034 10076
4854 15362
4196 19644
16677 2748
19794 10835
7379 3736
12690 18718
19509 17120
10428 7238
5549 4610
14244 1505
3623 5673
12048 15506
11567 7575
8330 6804
14213 12633
5316 17376
15990 18636
3926 8034
5609 2927
5538 4416
1306 11804
14118 9506
6431 8035
18840 9743
9823 15241
6029 4721
18233 19634
16365 18381
15104 1165
17816 9470
15778 9792
12126 12203
9020 5009
6353 9862
8144 14351
16445 4263
6659 4694
14369 6605
17280 4676
6852 15762
2774 1799
5268 4695
10278 16356
9640 13414
19236 3081
17269 4968
5030 2385
11510 5460
8594 3177
7511 4508
13248 7945
8547 11175
4072 2205
11300 7422
4709 8819
3850 11955
16364 13659
10610 17356
7942 7395
12346 18655
9600 8777
17568 16144
10520 13358
1948 19351
4621 16625
2364 16413
9147 2184
5699 13183
6419 13923
7490 14715
10077 12175
7144 8276
5837 16428
9173 7716
16799 19304
4608 8727
6388 11081
2539 6615
10206 11181
13361 8105
3067 5592
8969 14153
2333 15950
13907 7757
3090 7439
15437 6299
13172 6965
3381 19562
10229 14836
7870 17194
13681 13997
12015 1445
10751 9578
19306 11767
7772 18060
4728 12568
18494 5724
5140 3354
1218 11498
8061 19910
4350 18579
16523 13139
6910 7860
2749 4174
1210 4994
13451 13240
6049 17033
4050 16544
7056 15289
3926 12137
8560 18173
6176 4487
10837 19587
8244 2060
3564 2366
8865 14309
8476 17533
10563 2789
12161 13781
3978 16963
9098 16490
7801 3544
5151 4256
4171 7417
6439 6909
12164 11458
11060 3208
17642 13011
12888 15960
15596 10003
15820 10650
7522 5441
17974 14177
5057 18704
18189 12967
15035 19728
18357 1730
6234 1467
17129 8306
3998 5688
11056 5242
13099 8980
7368 8925
12186 10352
15124 9806
2902 2712
16034 13526
17166 16693
16106 2091
16154 12061
9401 16695
18117 11827
7272 3964
6154 15830
4712 10991
2109 2479
14356 12670
9474 10038
16230 6416
14253 2788
4696 12110
11727 5959
17324 15064
3146 19691
17001 9914
3518 5225
15104 2336
12077 8050
19030 10204
3675 6199
14617 16326
7796 7236
9763 14525
3578 15535
5814 10744
18361 17752
19631 6016
4326 17534
12303 4601
7966 9239
4493 13377
3636 4526
12043 17368
19363 5253
19748 3419
5318 6490
7804 11391
7769 8930
15050 9002
3332 10932
12804 6061
11548 11486
6762 5044
2006 18586
10851 13597
2001 11211
4877 17742
2134 17358
15002 17273
18440 8988
2947 2248
14591 16375
18312 9178
12290 14258
19219 12230
1627 15693
3868 14437
15640 3378
14746 19259
3442 5705
2253 8426
16882 4979
7878 18603
11767 6390
14574 2834
17556 8604
9491 18751
9089 3622
11331 19662
16715 6017
19779 11143
19303 5548
19097 14681
12365 17657
10234 13415
9369 8927
17892 11182
10137 19199
1655 1363
16182 13702
5559 4574
15468 17600
19815 9330
5557 18544
11349 1211
18863 18804
7216 15626
13300 9427
14139 13106
6888 1984
18385 5750
3456 3019
2230 9329
19318 3601
18046 11883
13244 10503
13185 15299
16780 5556
7756 9606
2129 2212
11846 17789
6241 18562
14553 1352
15681 15025
1223 18336
4968 18711
11098 4448
15606 7420
14770 17736
12409 14575
2959 19356
18010 12197
14614 16026
16707 8395
1514 1573
10665 4373
18834 1226
18255 1429
16684 6936
15078 14766
12178 9180
4304 14596
10122 1177
16137 8670
9861 17131
1836 8287
1121 7104
8236 6653
6999 9520
13124 6959
1816 16757
3832 1385
13335 11956
18632 16712
7632 17494
12171 19573
8356 14539
5195 11788
15622 11928
18672 12984
12698 9450
18908 19915
17639 4720
3787 2845
2991 15376
2393 14056
5611 7259
2960 2545
19162 19561
12144 8722
10707 8206
15261 15927
13201 1995
13957 1451
3188 19808
5800 16196
11336 15346
8598 10891
10314 1068
3206 13207
11629 14293
8844 4401
3267 14666
17471 3087
2682 10432
3188 4340
15292 10150
17491 19811
8220 16954
10228 17811
12687 10541
18439 12882
6360 9963
1796 5391
13378 15815
17227 15995
10723 13521
8001 16228
9890 18404
13331 12968
11012 12076
14837 2593
17644 4326
11519 6432
16828 17818
5756 1411
12612 17500
3165 1472
2854 6673
2189 3000
16854 15066
16915 14296
3367 5072
5609 18241
4622 12144
12155 15602
4043 15683
3911 7424
5226 8570
14717 12067
14024 3226
2894 14145
12141 3496
18884 1815
15898 9445
15646 7881
12748 15056
10599 9847
14928 17414
2768 1691
14039 5209
14489 7395
3612 18020
2760 7948
9216 10155
5651 13551
14649 18300
6919 13096
7917 19119
6132 14826
6489 14833
3033 3139
17629 18546
19058 13319
11198 9225
16926 8422
12548 11069
11534 19438
7503 16574
19946 2729
11306 18795
14389 17315
14640 12251
8769 9415
9283 2192
2899 7690
17630 1188
1929 6568
19608 18042
9773 7047
1503 9105
10144 8988
16134 10332
3093 3875
1196 18130
5933 10152
18993 7857
12037 13861
17532 18629
13501 2029
9831 15750
5789 2698
2497 17812
6315 9279
4274 14171
16744 2973
16512 2048
9005 16731
1840 16846
2278 15170
11253 18760
5156 2415
15216 4584
9658 9333
1230 2697
19526 8466
18456 7916
11137 11338
19154 14141
15561 19294
12620 12704
16424 13518
18349 12846
14029 16823
10613 3099
7762 12717
17182 8543
6779 19537
7566 2005
14743 3770
16538 1144
2960 12234
18441 19892
8823 9565
10580 10898
9155 12644
12632 18160
16855 6634
3425 3388
6968 17153
11871 15753
13184 4854
6988 10110
6374 11158
7512 16521
16919 15289
4720 12342
5894 14374
19928 10539
15252 9599
3689 4400
1985 8880
3870 19581
8159 6606
10762 17889
2923 3096
1085 18049
14442 17998
2801 10027
9576 13601
5262 15920
10953 15765
4544 11576
14439 19028
12248 7725
8832 13906
9646 7228
1618 7532
12877 8479
2256 19513
14685 6350
5928 12527
13243 14459
1605 19785
16879 5794
17895 8680
16442 2419
15430 18931
9624 14681
11856 17484
10125 7355
2597 19124
11476 12888
12231 18726
9621 9815
15964 15278
14482 14898
8186 1204
8996 1939
6569 18719
17585 18356
10189 15038
9038 5612
11908 14165
14639 7481
1575 17361
4991 8893
2600 9813
9330 9687
9359 18896
16214 19546
13068 1161
18697 14436
3236 10201
3583 2204
16189 13966
16884 7430
17717 2032
6232 13955
12508 18716
15506 5943
7661 2623
3845 18958
17616 1197
9009 15687
3233 17691
14978 8087
2873 9114
9608 17239
17165 15210
19156 9306
2587 10622
19609 2561
11028 15954
19447 19209
1790 2756
2089 14292
5117 7660
15415 15692
14675 7070
9776 16379
16223 9436
3690 3570
9231 8286
18583 18505
2605 14095
6913 17635
19472 16297
2800 14618
18808 9790
15572 13734
1307 13763
19013 1652
13345 7417
10923 4411
11626 1856
12021 4498
12503 7764
7740 9130
15852 2879
3033 16339
6631 11508
1002
19289 7982
14608 3521
4426 1063
9528 1059
12468 11899
18689 6981
10631 7514
18800 19669
15759 3563
8211 19752
8796 16599
18889 8502
11442 8239
12818 10325
14219 3484
15227 16084
9033 12993
9092 1071
18246 1426
2389 9490
7028 6335
4240 17883
8895 10577
10214 3915
3008 12401
12004 2652
17019 4450
19561 16993
13466 13927
4749 11961
5043 10473
5363 16199
1822 5838
14101 19677
5406 8724
14431 12198
5236 17417
10599 7846
6547 11019
3722 15991
14686 13486
12244 3142
9106 7275
4732 7703
14635 3424
6988 13430
14956 4734
10286 19118
6730 8614
17856 13775
10590 7442
7386 2789
9095 6555
16295 10690
2756 3517
1620 6243
17196 11641
12878 19300
14619 11027
12245 9883
16863 5930
19919 17695
8439 19225
5110 3139
1256 19517
19302 1731
7870 13485
1073 6027
18784 9094
8733 12402
3360 14898
1298 6728
4687 1846
16066 14803
1224 7870
10400 10483
14640 5199
17148 19353
16341 16044
7319 19472
17663 17350
5519 5709
13454 10575
1019 6895
6647 8699
12108 1334
4933 11850
12065 1415
6447 1151
3191 8241
7905 15693
4853 10647
2827 19252
2003 18790
18975 7941
6514 8784
18472 19268
7351 1795
18377 1959
11839 14378
3058 9744
3781 4217
14047 5290
10668 18314
6302 1701
12656 15099
9892 3706
18672 2388
17465 13474
2896 11723
4733 12559
4718 12247
7221 12186
2847 19768
1235 13448
17051 18066
7612 1018
13612 1435
16693 1380
4493 5799
14924 15573
3245 13471
16058 14158
17669 12984
10187 4885
7463 7638
15445 7293
7919 8763
10207 1318
17282 19810
15065 9627
16206 15159
15896 9619
15500 10295
5622 3084
4815 6668
8988 4971
12534 2478
10150 4489
14697 3163
13760 16969
15824 10439
7142 2508
15156 14429
10861 3373
7709 13896
19351 1267
18896 18505
11528 12043
18490 9790
19837 16367
10321 7320
6234 7622
17722 11478
3076 6791
18413 1279
15806 19291
14158 5916
9042 10514
17852 7457
10227 8752
12050 18935
12576 7688
3782 14303
9100 11785
1306 6186
6596 17384
16051 9924
10573 8542
16010 15103
9744 9905
5522 19816
9077 8344
16069 1676
15373 16902
11864 15301
16708 16934
3428 6444
7745 6685
10712 10149
14038 15715
18554 9647
19415 3765
17667 6665
7816 5838
12589 8371
17864 15424
6222 10099
10462 4576
18220 18059
10628 13351
10965 6567
11096 6642
5076 14763
12091 2587
7007 13499
5412 2711
11352 9385
13963 1949
14718 5775
19287 17225
4597 9955
7841 9787
10877 7704
13848 9729
13090 18536
1670 13587
14360 4792
19620 1921
5164 4990
6372 12971
7665 13186
8577 11366
3981 2296
9066 12250
4758 18331
11275 17461
2769 2057
2654 18409
2414 8680
15832 16613
18210 8012
14117 5733
4863 3057
14139 16556
3036 14217
2716 6089
16945 15425
3427 18955
11950 13826
3490 15467
1057 6778
16288 2432
12224 19137
2734 7410
3716 10529
13702 6960
1822 12645
13382 19830
1138 14316
19744 11393
9409 7878
2991 15826
2566 16310
19998 17219
15734 6669
13011 12123
12290 12057
17357 16139
11230 5191
16825 10760
11030 14794
13283 4908
10053 18489
6835 13052
6184 11606
19205 4131
4139 11540
7177 6170
8041 16025
10428 14218
2973 19681
7803 1377
1416 3885
9816 11562
11660 6000
14948 9471
3035 13794
15223 9217
18311 15673
4470 14562
8983 1917
2981 8340
3957 11828
17580 5496
13673 3457
2006 2163
13408 1916
17293 8979
6542 6522
1566 16575
13331 8197
13830 7064
10979 12459
8277 4963
17319 6410
17588 9707
3839 18823
1356 2496
18880 1421
9781 10458
3316 14897
15923 9210
17294 14261
5889 11456
13979 15884
16521 19665
11596 17072
8349 16165
6972 2723
19161 8518
8867 11499
7118 12896
2075 18705
17805 3321
14439 17895
19511 13447
17023 3159
16492 13414
10150 9951
17446 11806
11871 15509
3916 6000
14115 8727
10974 3241
16588 6360
8313 10870
2473 17021
2331 7807
19495 17066
10905 19971
14976 14465
4979 16785
10289 6278
11324 13508
7630 8943
17741 12242
4881 10936
4006 7889
6442 14084
4695 18522
19682 3056
9863 18603
12800 13916
13742 3183
2844 4734
4767 15762
17621 15874
15780 18536
4006 12899
2729 5040
3857 7994
7151 7226
3191 17666
9031 9258
12015 18720
10902 18069
8762 8292
17066 5483
10768 5908
8466 11464
15608 9405
11480 12599
18821 9442
12575 17005
5614 7123
4926 9967
7982 4570
9602 2435
12670 17236
3317 7159
17504 9396
8581 4849
5903 6524
10904 14071
3885 6733
13514 12197
14399 7185
7603 15759
7293 10416
16780 6390
14090 16140
7289 18232
11937 5452
15555 9347
16439 9375
1522 5127
2724 9610
15346 4104
6237 1464
18791 11303
8701 18739
3052 16548
15063 2993
6347 12265
9853 3667
16513 12841
7895 15655
14185 2930
6528 6070
10186 14381
18399 6186
13560 4100
13489 19867
15331 11780
1519 5799
3495 10595
11129 16477
1271 11967
10683 11106
11226 1741
14314 2561
17526 3408
11548 10352
7517 19347
4998 8887
17604 14121
3702 5896
14413 3982
7763 6927
1613 19061
3384 8229
3365 16171
4166 19549
4779 19408
12483 12658
14414 15706
15197 17985
14345 4692
16076 15719
18014 10429
4399 2973
12207 7587
11154 4129
17491 10221
17462 14397
8355 10101
10732 14355
13571 4261
10310 10210
9325 17983
19412 7253
2841 1825
13009 17446
18603 5585
5396 4038
16624 6800
16695 14777
14095 5181
11226 11349
11049 8317
1279 1138
2491 13136
18904 14554
15768 18708
8527 14819
2191 11799
4129 9772
17297 4942
6980 6508
10572 16366
15485 18759
13373 11332
6144 18388
8689 19731
1006 1748
2629 5406
1506 7205
12698 4414
6623 16134
16382 4888
11704 16540
16907 2845
18693 19750
13917 13789
7307 14402
15448 3787
12276 13370
9395 5690
4400 10273
10834 9348
9021 9261
11812 14698
18616 17809
1935 13384
4664 19010
12096 2731
4573 1089
18303 9022
17902 10590
8466 18570
10450 9338
16225 11174
17356 6034
15032 7053
19879 14576
13839 8595
3977 4160
15872 4875
12277 17262
19756 9780
4395 13172
9489 7951
13433 12009
11903 15669
4237 2505
12571 8765
13934 16676
1692 19571
15683 7356
16281 19987
4384 11671
5700 15218
2468 4715
13087 10908
16289 12673
12414 1151
1616 7161
15791 12578
9305 16789
11725 14090
11267 4253
4527 3880
3179 14719
11532 12453
1304 16707
6353 14218
16450 10887
11410 12259
7324 11929
2274 5636
15384 3909
16718 16500
17872 10352
19093 18566
14066 15096
13592 19790
15407 18610
19580 18175
10036 8935
11704 1699
16751 18051
11963 4074
12232 18629
7105 8778
3604 19811
19349 12490
14014 12980
11375 3893
12924 19749
15416 1162
14457 1200
18255 12680
11272 6675
15696 8424
12181 5163
17687 1300
17239 16723
13053 15921
12407 17080
14799 1402
3960 6595
7910 8792
6186 12548
2787 5077
6266 5022
12251 12998
2025 3747
3191 12540
19007 2643
9999 4289
14064 5363
16174 17342
9897 1777
7874 10037
15600 7542
12328 14025
12534 9291
5824 17242
4538 11606
2907 13570
11949 4606
3472 1564
13441 12766
4019 13903
13998 2100
2228 2594
7840 5023
1295 3817
11229 8241
2053 3051
1487 13182
17402 1015
11754 17481
3929 18755
1099 9930
9745 19463
6640 12784
1532 18319
3338 8414
5733 3567
11823 18840
13018 19995
18631 4656
13472 4937
13307 2402
18621 5459
15101 3387
16951 2349
8455 9480
6715 6102
12082 15551
2514 12448
7451 10933
16271 15374
4211 2764
4053 9186
4526 17770
1510 10261
7039 15054
4914 8890
19968 11280
8588 4061
5664 3934
3626 14169
11809 13879
18839 11688
19155 11350
19278 3503
10805 4320
16051 16546
3989 6332
11936 12810
13174 15354
19300 13664
8049 8993
8909 14385
19190 18977
8148 9025
6147 16039
19529 8426
16888 11161
15687 9684
12499 1440
15640 9472
8730 2334
7023 9830
3493 7540
12342 9767
12332 3665
18465 11180
10967 11570
19590 2468
3280 17845
16379 3504
1837 8878
14121 17328
11976 10400
14503 18025
9327 17179
1301 19337
12479 9969
9039 2050
18089 15412
7967 17904
2382 19542
1285 19463
14724 5112
3090 13906
4037 3431
6186 14482
15903 15708
1542 14860
11997 16743
17480 15923
9762 17436
13510 16506
11404 7139
12534 18711
4892 9353
5057 9145
2342 18224
19193 13442
1504 7981
15442 10469
16870 1783
8721 17527
3452 14827
9471 7365
8609 5788
5002 14367
5477 17057
9606 17302
19622 6883
19978 7621
13069 5556
5092 11136
19283 13312
6200 3315
2087 15470
8888 5119
13076 19620
6276 5177
7972 16635
15943 4526
19744 11597
6862 8775
18551 7187
14125 10948
6164 4536
17224 17791
2424 11809
18459 16444
2571 14045
13245 14080
19062 9008
13736 4134
8091 15162
2887 17050
6393 7196
6918 9647
7221 3964
19569 2564
10503 13425
16094 12108
7834 15202
14415 14183
16397 14261
16507 5032
16730 2032
4856 8459
9977 17734
3207 16482
2187 11773
11911 1491
2082 5042
17676 12842
4051 15413
5679 14880
8666 19857
2217 17321
3732 9376
2974 12392
19609 12505
15765 5236
7368 7053
16212 11069
3780 1605
16827 6393
19702 9525
3113 11117
19509 6916
15602 9391
11774 3060
8476 14643
5099 8053
10264 6227
10829 19920
5538 2284
2472 1395
19491 16183
10895 5419
14774 4232
14548 15063
10651 18455
15589 8507
9886 9947
7364 10225
17626 5344
16737 10293
12520 7883
5613 8647
10056 12691
16042 5320
7224 6876
16454 8867
9553 14982
13039 13826
19537 5640
7656 14575
9952 7186
18541 19328
16753 16924
5243 17610
10302 3019
8511 3404
17592 6530
11962 12882
18225 11613
1995 8469
14198 7092
3227 17254
15346 17866
7165 13739
14815 11676
6299 5104
16243 8213
17899 15141
17281 6320
2696 4729
6523 18151
10179 7037
1903 4050
13891 14663
2107 14707
7862 1209
5479 19041
6425 19122
5311 13891
17265 15416
5478 17978
15205 18138
1618 5854
6584 3859
6784 9334
3122 16605
12152 7672
10860 11752
10366 5164
15008 7514
11960 10514
10623 3663
7904 10620
17190 10246
9910 1527
18507 4968
10560 8405
11174 1819
3451 4508
3504 18060
5192 15896
18619 18095
17625 9432
5496 15697
18120 1742
6899 1531
10473 16695
2638 10540
8213 8466
16555 19665
17357 2324
9335 15355
18159 8163
16480 14154
16108 12610
9944 14339
6141 19008
16143 13868
7294 9005
10733 10213
15793 11389
18710 1137
1268 9944
7843 4090
1277 11931
6731 5650
1492 12481
17524 17696
11652 14977
1784 12001
16204 15282
12191 15034
10087 5013
15994 6173
11128 18905
16396 8692
9266 6838
8142 8558
11375 11355
8689 4747
8742 3313
13631 1866
19001 5477
10004 7941
13619 1849
2543 10914
5212 12138
16359 14687
5455 8418
1212 6226
6108 8200
11868 5777
3821 16620
1916 11053
13607 16991
2380 6564
9562 10179
1042 1000
18201 17517
2321 9957
7725 8880
8970 2640
3768 1297
2246 10963
18707 3233
2033 11483
2209 11604
6857 16087
13162 10142
3007 16082
14270 1646
19019 1337
9591 3864
15153 9558
11304 4965
10834 5126
8795 13821
3757 4175
10453 15663
14098 10484
5112 8122
17207 8371
3522 11370
11914 10331
14412 4070
6311 11629
6267 13765
18911 12624
16473 11794
3935 11142
9068 7794
17989 7065
13400 13341
15863 6734
3808 17778
2533 2740
8623 19204
4670 9855
17054 4829
9632 13713
17549 15857
14100 7929
19877 13013
3819 15435
5263 17571
17449 8322
9098 14171
9054 19911
14225 11923
5106 17721
10827 9462
3449 7920
18524 10295
4141 14866
14292 16276
10264 13692
12960 13265
9077 4585
13692 19072
3536 3597
19812 3484
13560 17986
1543 14314
4343 15465
5594 5393
3349 15466
8697 17283
17826 15634
14916 3353
5941 5298
10713 5024
8124 2034
8131 13853
11653 2253
14203 4605
2867 9639
6889 4316
3453 7956
5203 8085
17284 14533
2116 4292
9712 15988
16728 16418
2107 3045
6225 12040
7762 17606
10652 6885
11361 2916
4147 14363
19523 11955
3864 4697
9866 4127
13441 16120
17212 4913
18275 16258
10531 8974
15676 16474
16312 5899
10314 13355
16577 8171
12740 15479
6814 17771
15305 17168
19335 4183
15743 8116
15543 5269
3693 1202
10924 11067
14381 14027
5618 13803
7671 1164
10918 8225
4682 18763
4347 12006
6461 13042
18815 3697
7483 10505
5618 4153
17467 1479
2026 11602
6919 5706
8789 9737
