100
551941 770879
183614 699961
537344 322822
789888 48215
285814 395257
539522 378569
593289 773159
183265 724181
584850 60543
459153 84244
425908 803349
418298 837266
406701 774555
817864 363077
96450 92428
444512 119940
36451 970714
347581 12628
931627 220430
413436 135130
829770 340281
367771 31723
481122 794535
991359 848907
763821 949327
885831 741762
439855 815423
837290 637010
143901 830721
43888 44677
752042 157779
174812 808639
937633 527402
130342 801919
743034 781039
445472 664919
151459 775566
157852 73365
325195 947503
594982 462770
258335 165675
458840 467415
768849 852952
31573 390406
268412 188814
89316 620007
424202 338972
563732 925494
253376 562297
189899 303886
871626 567502
774502 639383
444421 911981
529048 315909
270433 985105
995362 963045
162142 581100
995827 631571
939061 652112
101123 920349
661193 340777
775797 258216
160301 465049
141921 153799
72434 403789
356525 128201
833778 12210
444656 279356
520851 86866
80566 323971
256503 270309
814214 45451
864915 468253
109342 499033
33129 929177
20033 903949
177629 984491
244316 390187
917946 678688
307127 901779
671078 853327
118018 829301
435041 670335
226389 1707
344503 154158
411680 589680
545858 285499
455843 356261
971180 319260
172743 742519
36518 241576
689321 586999
778769 893055
791397 425456
226533 387698
482440 632127
578690 753276
562610 825469
127297 981463
498850 685929
100
300780 339219
107214 273716
485339 773759
719022 458476
48392 563193
60236 657329
395363 259803
653011 332453
466982 46932
303722 497570
751357 616358
937268 723753
423385 653602
12966 450371
59242 156406
267435 652270
110505 400213
142588 730035
569107 91677
983746 466177
980818 750272
690387 385232
856059 135694
660357 463330
605841 100064
919863 246808
795010 25194
409719 147431
128416 775925
529605 815616
44819 816939
650699 212506
234729 350953
131543 860130
870827 366182
287856 869378
365068 502818
823982 335418
816677 401211
443755 851806
299454 567682
51732 366241
412091 2803
435705 873783
177901 620579
418292 26410
160855 91524
840409 423481
776927 149858
387999 400502
641223 21469
481930 136685
581603 781458
44807 727065
738000 356894
41256 170993
778215 330693
92950 552282
653606 261935
60639 820612
872804 813791
757688 738693
754499 971494
679420 318577
972305 779129
547728 225290
267292 983000
1764 794159
230659 5634
117408 972216
668667 868002
948228 731264
817438 239317
945945 586303
920774 973937
91429 642307
628088 245720
910712 24333
597956 822055
619409 350215
612293 719983
904607 682477
214003 150202
651639 150580
383259 178940
192233 542868
865777 971864
846943 516808
900099 169112
421766 380348
651309 726624
438078 67035
330707 5991
739136 587498
954055 692371
687317 976099
695063 635483
131843 264095
384263 922521
520894 206800
