100
285150 394776
701778 689203
827868 418597
693447 413457
203147 783629
347923 387260
651562 904133
651293 313259
681265 827414
936786 336050
648379 90456
341081 664088
256813 615252
476478 11731
945826 688797
232210 9866
796752 198801
243618 581503
983685 504075
438768 856154
384122 804952
174605 92501
969882 925885
972004 770567
96161 232417
667241 76402
654095 131285
746780 716429
22150 252399
688669 746521
386373 861190
533056 963876
872327 82120
748571 403664
738653 424404
351280 964467
576673 750368
336843 360884
79753 438597
991436 62836
728254 417041
518467 204791
64445 933933
726818 701943
592397 693910
710905 263168
866536 917357
238365 56273
648232 533500
915471 262891
302378 260166
410847 348391
31450 872702
942676 533928
689292 785464
190723 4789
913178 601997
401936 990004
378353 417175
93650 7306
745707 231169
202065 94473
228945 495531
604209 642295
322413 57261
609907 625487
289488 361392
447944 226310
693036 548466
776127 71788
970534 908231
392465 631572
798218 94271
832092 626269
400765 23883
592045 484411
42561 641718
64081 264393
173335 724567
175773 138602
982973 55090
31271 209674
254149 775970
880595 670719
65453 972883
955521 866834
536804 393576
789951 400243
901189 298007
851574 19287
158110 195730
629101 878102
209111 843835
24825 318570
833659 244991
882550 249019
198416 285628
655362 919983
325167 346590
402316 473399
100
373240 882128
85047 96983
467820 917054
958156 337693
98838 213984
68159 168149
420213 806586
884144 380593
986293 107535
871354 59513
116492 501437
863460 854855
546158 609611
418416 20022
923289 680135
741606 293782
227551 90936
4682 111442
441414 898480
501502 647548
477593 214824
883537 685230
644862 321177
116007 624061
143000 485081
676265 247679
580600 636675
357123 718372
159148 363665
456819 764037
541668 676801
971335 523215
924301 340184
842937 291391
220585 540432
512111 646880
469750 368374
651806 493115
349346 609013
76220 497451
602733 204247
975113 538867
975405 239494
440862 974610
485372 130916
264770 61656
298470 998482
466 805658
808810 194724
12721 833981
878014 422517
177381 156726
113399 591894
890684 986913
135756 222199
441845 470459
353376 985013
579573 505518
33322 275796
846977 449048
838478 614264
784084 160182
68931 82495
345550 534799
144649 73506
746846 408285
553794 504330
792032 2333
340025 871053
554784 41518
513626 153298
654643 253668
557657 465823
425598 261807
325002 234874
263994 631291
336284 100471
332112 550108
280757 232804
902237 670407
251558 831186
432521 325812
308440 124173
894793 817514
492246 603178
922204 744075
292607 509465
710525 855446
870505 900350
556903 533912
6430 554128
831262 175388
142669 922975
27225 32094
298345 633775
414177 112103
711324 396967
319628 831825
850233 555384
66066 248354
