1010
1355 5865
2810 5302
9511 7600
3522 3103
4817 4886
3787 2173
7171 6795
3365 5762
7586 8796
44 5609
8618 8588
731 1974
355 4969
30 9922
3428 2680
4587 4212
965 2546
8266 7679
8199 5475
9895 6100
8977 7372
3955 7912
2096 4034
1762 1494
7701 8139
2874 8494
9648 2597
6453 9313
6595 4274
5034 4849
7029 1974
8048 5110
2978 6920
5028 3323
2395 4230
8864 5907
6193 7759
5569 3377
5111 9242
7235 4594
4277 6268
525 2029
8520 4969
4434 5480
9471 4524
9837 5156
6968 3388
5899 4554
1208 9556
5634 8629
6708 677
4 7833
5525 1259
529 8573
4078 8038
3750 3226
1551 8765
4026 3325
2382 1413
6222 4556
6386 2966
3643 3224
3794 7587
8036 1734
172 4288
2593 8781
4235 5744
9486 5344
2406 8721
2170 8379
4927 3582
7670 1159
7987 1011
2053 8931
1204 7497
896 6225
2958 987
879 5255
2864 2295
1407 1579
6050 2315
5666 9868
9224 2114
3050 9821
9985 3301
1430 8248
8843 3056
7671 3884
8471 1417
3440 6565
4256 5202
3056 1091
5111 6905
5555 5604
1775 6440
9982 6406
1374 2461
402 7219
711 1467
3967 2318
3631 4542
7546 8363
4241 5069
3231 5540
8796 8995
9563 2506
3410 4920
2563 7245
301 3838
7594 203
7654 7826
2944 1634
68 6785
4120 8070
2353 9518
7306 2378
1605 962
6990 4507
3992 949
6295 3572
398 8365
204 7025
2655 5892
1343 5463
6260 9021
9924 2728
4470 8681
9159 6148
8751 3515
2565 1635
3589 6433
5048 1482
7645 5680
8376 5306
115 1399
640 3127
5610 9933
2743 3783
3967 8276
7187 7359
1151 4246
3301 2500
8954 1456
2131 2476
185 5762
3733 1379
8775 6199
7260 2748
5506 6165
8610 2731
7883 1821
8655 3700
2633 2887
7455 9549
4279 8890
7206 5777
1737 8098
9356 4467
4995 1593
8 9635
7894 1166
5887 8110
6938 5964
1421 1038
1509 5335
4065 9418
327 5156
7964 7859
7924 448
2208 8923
9007 9843
5762 5388
842 178
4927 7148
3974 299
5384 6136
3989 2271
1190 1499
414 3089
1777 117
6656 1175
2280 2525
327 2084
9999 705
6404 8442
1775 3233
8565 6302
6428 8717
7807 1062
4404 7973
6824 6441
8486 8079
3228 5198
9110 7358
5646 574
7737 3208
9688 183
3414 5948
8639 7541
1415 643
7489 9990
309 6960
7677 5853
7670 2129
6027 6250
7726 3293
1988 9606
1916 411
7134 7230
4322 641
3332 6709
5326 6495
5213 5429
2889 7544
3623 9443
121 336
3673 3230
1879 5165
9950 3103
8751 6121
6691 216
9126 1692
2586 8189
5516 5540
2394 5983
6633 5089
1565 7697
8504 4143
4687 6632
4448 1987
8701 7666
1939 4725
8965 7865
6182 4796
9346 9933
5628 1338
1951 5252
2548 646
2404 4879
4190 5064
786 258
438 6831
2787 8545
2067 1163
8205 6376
7782 9394
6643 5887
8871 8329
8549 5896
9467 8776
1478 4493
2971 7381
1789 6686
576 6268
237 9738
9697 1636
5986 1139
7646 6387
2837 7749
6593 4050
8906 7240
5994 7688
3334 8637
1136 9236
4993 4261
5207 6835
5747 8839
9395 556
2925 9423
8494 3987
2528 9527
4083 1096
718 5102
8533 1294
4367 3980
7997 1821
6191 8574
2865 6136
1936 363
7446 7679
3124 4830
5429 7310
9856 8271
9051 202
6137 8778
9934 5298
9321 2975
8221 861
7155 2446
1319 3025
1230 5396
2458 2096
7697 6383
4382 7678
9843 619
3724 6777
4302 5309
9551 9331
9345 3832
3603 1410
2087 4875
2024 3023
9929 913
3511 3582
5202 6124
1765 6972
2899 436
1287 1627
8633 7590
1161 5498
7252 3503
5825 9297
3671 5291
9595 916
3434 8354
3046 2093
5794 5768
1553 6778
3436 9695
6594 3559
7360 6164
5840 4103
1258 4032
4177 4377
6275 3711
7837 4333
3383 5389
1492 6833
6408 8148
4441 8221
2273 7028
7083 4389
1448 482
501 7945
2442 6378
2191 4784
7471 2940
6897 4233
3555 6945
6555 2220
4146 5566
7547 2642
605 9224
1430 3687
1254 8032
2711 482
4485 5299
8957 2935
6938 3830
8915 1409
6013 9932
4581 9628
3409 3550
8680 3751
3186 8163
7501 8551
5599 2107
2782 7160
3720 6851
2511 3582
3942 1777
1228 8156
7860 2716
6276 2195
2093 6821
2220 5956
9453 5982
8474 2803
9562 5055
2359 8389
8196 4898
6170 8608
9286 6526
4248 4032
6611 24
7054 229
202 5953
4578 346
8775 7684
1788 3459
9064 6350
2292 277
5994 9284
1597 9284
2267 6684
7618 6744
3303 9883
5560 1915
8255 7443
2926 996
4739 4730
7956 5880
410 1281
969 2850
9909 4011
5726 927
7281 719
3329 4295
4834 3104
4266 3514
4674 5643
5928 1853
707 8975
4698 9821
3835 8318
4698 4077
9039 5818
2292 3131
6018 5443
1552 9077
2774 4731
9029 2086
1876 5537
5360 5253
7904 5562
2600 588
2606 2414
9524 6434
7764 3366
9900 7393
1020 3855
4571 221
3657 68
3287 9627
1665 6493
291 7928
5265 9748
4580 38
5361 9589
1847 1662
1580 2940
8109 5259
6134 1137
155 9810
1022 6887
4992 9886
9243 9760
2067 6696
4662 677
5960 9353
8527 8735
1682 9708
7674 3223
9131 2609
7269 604
670 3168
5677 7618
4621 7653
6517 8237
4673 6489
7018 9763
7729 2277
7110 2249
8141 5846
4352 853
2498 2761
703 2936
691 2915
1817 6532
1583 3319
7249 9415
4329 9583
4143 7347
852 1288
8539 2538
1384 6614
9393 3679
7223 4717
3688 1171
9028 2869
8900 8035
3987 1258
8934 7157
5070 2238
9090 5411
3108 650
5712 3903
2685 44
8359 7488
1366 1751
5124 3451
6113 9541
6841 2183
2261 5075
1700 1527
5954 8561
9647 2182
3179 2861
3818 604
1767 2867
2087 7586
5819 8624
3512 5978
5985 5171
5138 9596
8938 375
7720 8607
3929 3788
8449 4224
587 3554
5970 4891
1745 6179
387 4438
2733 4944
2645 4579
2800 3585
8737 8586
4813 7757
9969 2567
8479 5167
14 8877
9278 4263
9916 7069
7601 9517
5854 9225
9289 5823
4889 170
8309 8152
8436 8790
1869 8070
5728 9876
5884 4
1133 2568
753 1756
1985 9936
9601 7792
8261 6877
5566 4746
931 4354
1125 4180
200 851
4465 7140
7772 9467
738 4150
7041 2276
6824 6464
5421 2072
7866 1738
4085 4378
7794 5545
9114 9598
1913 9129
4893 3378
2574 9899
9059 8709
3408 5134
1192 2987
6177 387
2872 6163
960 755
3947 8414
3226 6277
498 7126
2023 5042
9002 3449
6153 9797
3535 8999
1632 9764
6546 2266
5460 7422
6694 6520
9957 9931
2493 9582
3278 5828
6051 2398
64 6736
7966 1095
562 5286
2739 3283
7348 3197
1920 4760
8846 6217
482 3028
81 7269
9702 1934
8829 3914
353 6397
1922 1933
701 8612
2457 7773
437 24
5278 158
2257 2756
5248 2465
7018 4673
6531 5447
7311 8976
7688 9947
6852 3278
875 7923
4295 7054
515 6542
7480 5786
360 6264
6022 7831
6417 5929
6122 6883
4024 2966
4269 7269
8655 1222
7129 9999
8599 9788
6034 2591
5041 2037
6907 6482
9913 9600
9267 1188
1623 1033
3968 1478
251 4494
6628 3616
6451 5666
3469 3777
8225 6981
9699 9711
8049 1807
807 4339
1814 4758
4583 2344
7997 51
3304 3478
6842 1675
2774 8689
8294 9713
7798 2731
9047 8654
8807 309
6472 6116
8852 5262
2555 5410
4067 8632
4969 9757
7822 1154
8853 3837
1752 561
8760 1819
3819 2761
1890 252
8682 1695
8007 6635
451 9562
711 2920
846 1703
3238 6470
3606 8438
7895 4073
6068 7689
3307 1715
7089 6921
2233 9257
3138 9322
8675 47
4126 1553
4521 2435
1788 6997
6026 5848
2112 7922
7067 2887
6427 8764
8018 860
5435 2933
543 2657
2736 1176
6549 4283
8905 5263
9009 7671
5362 619
6211 2256
302 7857
1061 8244
7476 6795
7984 4902
6211 6519
5445 4228
4922 1984
41 3980
2380 5062
4811 3381
7334 1765
7528 2595
7181 4558
7287 1857
3689 6009
4717 2872
2723 3660
1449 6462
5765 814
4480 5051
3308 9881
7198 2013
1330 2679
9890 8581
8786 1479
8446 1865
1687 634
1243 6965
8169 7491
2101 8997
8745 7525
4427 5066
4154 2270
6294 7493
7316 3879
9891 4811
9304 47
5672 8778
6241 9210
6584 6269
24 8065
4720 8617
9033 8256
6895 4441
4057 8930
1045 250
8141 3618
9821 6770
6547 8874
7611 22
5838 6306
6912 3163
8163 5901
8194 1471
3784 5187
2985 769
6304 4349
8653 6713
6345 4513
7492 5868
7388 2051
4386 9063
3878 954
5630 9630
8364 9218
6873 509
5766 6728
4096 975
4865 1873
5820 4805
1360 4840
3531 9308
553 2242
8850 1004
6543 3556
5970 5193
9580 6138
5260 1156
4084 6296
250 3536
9878 1867
9028 4755
363 4418
6711 1974
6312 1143
2366 7675
7443 2070
7672 6556
2163 753
2585 5761
2254 217
8739 2505
3260 4458
1587 2040
887 2156
9809 357
7842 8942
8920 2913
581 7440
479 9343
8905 8908
1698 7322
5396 4458
4939 9184
6667 3027
672 4223
7355 3115
175 8083
2823 7946
3912 652
5210 2423
9145 966
9669 6882
6086 3706
3834 2109
2173 167
8128 6259
955 2146
1949 1004
8210 7052
3383 1803
9459 1050
6032 1353
9568 3096
1002 3342
2182 9210
4908 802
3884 1525
5885 6442
3095 3191
5754 731
8199 1677
3254 5189
4194 3415
7166 8670
634 1411
2665 5384
3702 1934
1148 7911
2393 2574
6055 6819
2994 2125
5508 4976
3848 3665
5768 9397
7181 3175
1724 9307
7947 1967
7814 6882
3165 4443
6262 4503
5680 1341
1716 8036
4888 3496
9877 4702
124 9765
3805 1523
7691 7043
5083 9812
9115 4036
9809 4265
7811 5955
2975 5079
568 9829
9643 8997
4328 121
881 4109
1053 1332
284 6471
6230 5658
2165 2626
8296 7958
9760 7718
4037 9325
8638 9131
8465 8359
5966 9215
7448 3670
9708 9029
7171 4256
2281 2659
6760 7081
728 6687
9095 7629
9565 4339
4008 6776
5276 4162
8092 977
235 6209
8746 3203
4140 9788
4627 8967
8231 6805
3883 1463
845 8808
2725 3000
3813 6959
145 1332
6819 8056
4222 1143
8899 5332
9487 4589
4893 9235
6499 7563
105 5772
7845 8630
6351 6722
308 4494
7674 8882
2741 9089
6791 376
8113 2537
4438 3856
6341 8688
1544 3691
376 65
9594 8456
8837 2222
4825 4348
4386 5229
4081 619
4925 4341
6668 2876
9140 7876
7972 893
2674 6373
404 3233
1228 6209
4012 2158
3874 2462
1791 2715
8107 3642
8229 2167
8932 6029
2114 4555
3633 2315
2744 6393
4038 2940
3918 1835
5620 8002
5404 3047
736 2553
121 5667
3202 5333
2397 9966
1082 3172
3831 4593
7590 8787
8785 6273
7594 4112
2441 7049
1637 89
852 2337
2198 4572
1087 6102
2189 6054
9814 6917
1964 4542
8425 9007
8360 2232
2237 5338
2640 1149
2604 1189
6976 5285
3866 5926
4556 5510
6270 9425
6143 1639
2216 3223
2784 856
5154 2937
3069 6521
672 7183
7767 6043
7881 6002
3668 7489
1354 6277
2148 4189
5425 189
1242 1314
6828 9197
94 8533
5497 32
9904 9527
3449 5982
5840 9262
9723 7410
9434 3556
4852 3909
2240 1411
418 6300
2901 7525
1037 5297
1144 2264
2561 7449
9659 7498
5661 5965
1604 6221
4200 3725
5117 153
9858 2846
8872 1378
7814 6995
4666 8135
6271 6906
4182 875
1939 2342
9261 8558
8321 3051
2538 3232
847 106
9240 5723
2810 5395
2409 6258
2975 3286
6216 1100
5601 4177
7007 3024
7385 964
4553 9714
4549 9720
8697 7533
8833 4638
5556 8999
7177 7542
7652 7723
7811 6131
2812 6730
9149 2631
1154 8911
6689 5372
5155 6649
8935 534
7551 3534
8575 7244
2798 9235
3069 4585
4144 4309
1290 304
188 9726
3789 8245
5567 285
1002
8688 5282
8554 208
4055 2060
4942 778
3836 9260
8040 5702
4593 5074
117 4426
6343 5402
2343 735
669 7280
7938 9283
7247 1574
7415 3273
2631 2883
6640 7433
733 248
9855 6132
7683 2198
9465 2281
545 6236
9603 2859
9343 3572
2285 1528
8607 2947
8987 2869
4976 2784
2944 5227
580 6435
213 6273
7725 9007
8161 7796
8327 2443
3775 2798
4861 7610
4674 4285
3054 1402
2086 2593
8959 4482
5744 9116
8855 8103
9886 106
8636 2112
8199 480
386 8995
3005 8736
3308 9148
3910 9508
2199 6298
1316 1785
8297 2443
3140 2365
5644 3108
9485 9286
3790 7608
8769 4389
1140 4705
5286 9151
5748 4071
5307 7294
5316 884
6649 3853
144 3716
5540 7519
7268 6702
6163 495
8375 5435
6902 6687
9976 2300
4687 7044
1828 9772
7173 2138
585 6003
3589 8636
6420 9276
5732 1994
1619 5262
7574 7535
1844 9324
5814 9929
6924 9767
9747 6048
4974 949
4250 793
8941 2371
2823 6775
1185 7812
3859 5646
5837 1139
1037 7528
1824 5852
4487 2173
5095 254
9892 9922
7453 8613
8366 5952
5111 2425
1633 5218
2128 3759
7908 44
3505 7447
9768 3060
7607 5392
8599 606
2077 1779
5479 8126
9564 7872
7417 6174
5169 2445
4364 7777
5397 4616
8677 3329
8954 3986
8872 1553
6477 1952
2212 2262
4114 6597
7486 98
1783 3019
605 9639
4708 936
4641 5796
5563 830
1209 3173
9038 4483
946 7726
8920 8448
4217 6831
9419 2961
4696 3292
6540 3424
7430 350
3041 6299
3225 4069
9195 2799
8556 4132
4832 5303
8089 185
9027 801
761 4839
8093 1035
1118 4255
6502 7810
5587 1200
3132 8468
1068 7653
4386 7602
3428 3254
5482 7806
9975 4295
9240 1235
9643 9783
7043 7040
7670 6047
9177 5901
3970 3410
8016 8116
4183 8460
691 63
8514 8574
9558 5866
203 2453
9277 1125
5102 2167
1953 5168
1601 6628
9415 2756
4907 7112
5943 9971
1744 239
3376 4516
7884 4843
5220 5252
4542 2652
4489 5889
1868 537
1850 2305
1370 6513
5033 8393
5082 1135
5982 997
9304 1051
6972 5599
570 6141
911 9599
384 8454
1173 8481
4796 4791
7600 6701
2128 6075
9239 6556
2389 8798
7113 7150
3554 2896
2512 8302
8984 82
6122 6249
3114 2891
8005 5184
348 8309
6536 5282
56 8534
5275 1037
7397 4189
1037 6005
9387 2605
4925 6929
6557 3688
4895 3110
8778 2415
5930 7468
4283 4785
5687 5517
9227 5929
7037 890
5395 4014
7999 2231
5066 7895
5452 753
9090 2388
9623 2293
8367 1888
4826 2765
5048 8123
8099 1901
695 54
6398 4539
3136 1190
5485 401
6363 866
3209 9504
115 9653
3144 6072
5249 6489
4141 8745
2741 9044
7775 8382
9969 2307
8702 9140
8979 4023
8388 9081
5044 92
1522 315
1066 7324
5857 1710
1670 5561
8895 776
4023 7421
3343 2422
5128 3363
1616 9592
5745 2185
7777 1641
7454 5657
882 4266
4790 7165
110 2544
6272 3527
8021 5294
7971 2730
6912 8571
9241 2182
6464 9141
3780 4081
9077 8508
2313 1528
6241 7734
9139 5277
5394 751
1684 5335
5173 8270
6860 4172
9060 6352
238 7565
1745 3299
9955 3395
2285 9305
6239 5701
8311 6139
4202 9285
2545 3344
2028 1209
7998 3673
7649 9306
1753 9387
8331 761
9599 9666
3476 4080
37 3167
8183 3691
8717 1296
9531 6390
3058 52
8057 2330
5972 1514
548 7511
6442 5264
7916 9787
9552 8693
1582 5839
9184 8779
5944 9317
6169 4563
5752 6276
3261 4516
1215 5573
4685 7262
2771 4638
1321 5410
7729 3575
545 3513
9546 2222
6171 9484
2976 9728
1153 1963
4989 9471
8610 1786
2641 1024
2340 4247
1300 6109
4759 1331
8910 8788
1678 2894
9648 9343
7787 8679
2027 782
6503 4899
9167 5967
5797 5830
8849 2421
4755 5774
9638 8868
17 5678
6466 6133
7488 5092
4330 1366
4781 7149
2490 8112
8039 14
5870 8169
7733 7336
8149 5598
6942 4435
1691 253
2838 8827
5051 6051
1807 176
7200 4174
7428 6417
7315 4478
6184 2770
7400 9862
5004 8664
7018 1806
8043 9921
1588 1741
6526 6260
9710 9879
6799 5712
4727 3248
2112 4720
5752 431
2807 3572
7743 7921
7068 2022
9897 3527
7838 2578
4787 1909
13 3992
3040 4356
6266 8616
9114 7697
7941 6913
5157 3442
2265 7914
7050 8822
8115 1825
9221 8219
6399 8500
8425 3006
2987 1011
7623 8452
2862 2376
3307 9001
3327 3346
182 2143
1174 5211
7116 7105
3426 1726
6139 3945
3247 5105
483 5280
8186 1787
7143 1102
3345 3559
8135 192
574 9701
888 5100
5916 3962
3505 622
3106 7912
1680 6237
7432 9378
1199 5703
641 7052
5643 8203
8676 2969
1375 3204
76 1883
1439 5472
4964 5965
2213 8608
6816 1479
5975 1301
2846 9396
5603 3154
846 8949
9326 3376
7503 3726
8654 9481
2458 4755
6589 7868
50 9089
4843 471
6246 7167
3235 8995
3504 4859
3604 899
3375 7644
1430 9656
8879 6470
2852 9117
4457 2465
1450 2023
7024 183
2807 7476
517 7966
1207 1411
7153 2569
6205 688
4461 2661
2038 9506
6477 5793
920 124
3368 8406
6872 4767
8312 2022
7109 6614
6858 3723
1129 4170
8327 7513
6049 62
9184 1767
4119 2360
4139 9785
7189 2097
7943 241
4579 5642
2300 2283
5837 1228
9275 7779
4679 9288
5913 1114
5099 4005
1420 8480
564 8655
1280 9585
3526 7866
8376 1376
9304 9001
2513 4204
6703 832
7884 3885
6201 9614
3971 334
99 9130
1809 6899
1862 8719
7983 2260
8662 1170
5020 7826
8285 5209
5842 7642
336 3358
2231 6028
7708 8621
3807 7222
9330 9545
3108 9345
4579 7305
708 4260
9017 1227
330 267
3060 5978
9812 4432
9529 1514
666 6147
5567 2050
5171 7955
2828 2405
6133 358
8460 9542
9876 1972
41 613
8658 1917
9408 6977
9694 5689
958 9866
8541 4197
662 2496
3270 2746
9186 3945
7805 9797
2391 4431
4550 9375
7379 6290
9473 9736
1214 8446
7612 3087
9014 3459
2248 5953
517 5225
6066 201
3889 824
3585 5695
3701 7576
5983 1896
9192 8492
5242 8511
1066 6900
8115 2681
9960 9198
6789 1843
4265 3249
5291 986
8807 414
4289 8452
2993 4928
3438 3325
9481 1783
1801 4943
3793 9137
3013 3260
4385 3634
4466 3538
4803 672
8579 420
2464 1365
1403 4605
8498 6022
8319 9112
6458 8954
6143 4683
1732 9284
2889 1110
3334 9699
7140 851
8074 2480
4217 7076
7548 8361
7241 6803
5380 6375
6421 8266
6520 9649
2425 3577
7188 6540
7883 5977
7390 2900
1874 38
909 8648
2573 9058
51 2630
7202 2869
3042 9299
5277 8442
2105 938
7012 1637
7655 5659
5608 6593
7071 7175
8515 8803
5234 3117
1349 3124
2254 9728
7913 7258
5571 815
9428 9921
5568 2939
1568 9819
7756 8102
4162 6658
882 6419
9890 3324
3001 7190
5951 4481
9295 4293
8844 7018
453 5269
267 4371
9426 6410
633 1743
7327 9755
1586 1841
5057 4741
366 1773
7503 538
2835 5738
1200 3723
4899 7019
5704 8013
5326 6452
8782 7917
5888 9270
639 9283
1097 4213
7442 6295
9282 5687
7842 2603
9086 1269
5038 3428
1786 680
1760 9216
6772 8902
2314 1397
1911 1392
960 8646
5537 9326
1349 156
6865 6973
5647 3269
3538 5051
9463 195
271 3199
7714 9678
2159 3308
4874 7936
2760 643
8616 7712
1406 6080
8077 8245
3568 5649
1764 4920
9393 4670
4211 720
1921 9898
7796 1368
2316 2702
9718 9106
2605 775
7961 3896
7029 6475
5860 7682
908 4113
3467 6042
2865 8825
766 1632
8795 8018
8052 9901
5009 3877
6838 8726
8804 5875
4547 8541
4608 1088
3745 6059
4004 5351
4559 8517
4259 4137
8125 2138
8550 2331
5351 8408
4660 4567
8045 793
7760 5719
7405 8764
4060 8434
8843 5479
9452 2722
799 4291
5187 9295
1294 617
333 6112
5053 5980
8110 2913
273 3437
3801 3906
7627 8793
5435 1566
2870 8001
9845 1802
3416 6432
5564 872
6651 5786
3606 6024
1416 8338
9088 1126
5760 2665
6502 21
1683 5415
2713 7019
7782 3855
7076 1463
7164 3116
8368 3383
698 2740
7425 1216
6910 9179
3340 8083
1667 6492
4570 8876
7256 5285
1003 112
7438 5756
7057 668
5720 5497
6061 1294
2012 9956
870 3340
2819 1300
3503 6004
5191 2984
3 9053
6901 7206
1126 514
6521 3425
7794 4332
1085 3899
5792 4848
5231 8392
8156 2026
4645 2518
2853 5358
3842 7471
4574 5219
22 7469
9443 3752
5480 4016
2521 6656
9500 7974
8759 2540
5009 408
2005 736
5292 3620
6874 9180
8137 2354
4355 5644
5633 193
6042 6306
8340 9311
331 6478
2494 2569
7964 3440
3640 3758
1824 6887
4623 4703
383 8794
6290 981
8548 694
5616 8379
8420 9941
1744 6922
1446 9263
778 9939
2526 8246
1550 3879
3872 7800
6809 3684
722 9545
5839 7989
3140 3948
6830 846
5786 825
2518 6984
7139 3498
8848 640
2053 2904
1602 8857
2896 8135
9496 9868
8725 5886
7005 9267
7752 63
4848 5313
1517 6859
4632 695
5242 1831
6147 1529
9615 6984
1554 6936
1888 5193
8863 1111
3982 2311
2438 3866
6765 1668
5233 9267
7480 6096
920 7866
7641 9887
2242 2038
7121 5354
2635 5011
7137 4942
7136 4280
7186 332
3321 4710
3190 2216
3946 247
2899 6997
5824 716
7002 6235
5051 2763
5906 6436
1126 3690
17 1684
21 4936
7371 9363
2157 7671
7407 5015
1372 287
4212 2931
2438 569
8637 9572
724 9728
633 1066
1610 9376
4888 4716
4845 9210
5519 6838
9359 5192
2421 1066
5211 4100
7708 2067
9469 7823
3079 6699
7920 6137
2400 6154
5297 6713
7156 1112
3337 4309
508 8899
4672 2633
7604 5421
3324 20
9454 6874
8835 6575
6044 8445
1102 7198
119 1446
7742 1732
9115 5753
3482 2282
3485 3805
1629 3701
8423 4162
5146 4396
9776 7581
4296 8409
741 9039
188 4487
8410 1003
6252 7332
2515 5553
311 3835
4656 495
2219 3639
939 9516
5625 1950
630 4836
5133 7481
9995 6225
9615 2924
7125 4266
2706 9860
5487 7420
2407 5248
6772 3013
6931 8261
67 7355
1388 1747
2216 6553
2354 2134
8050 6819
261 4947
9108 7340
4489 3099
7287 3706
7470 8801
3183 3738
3647 3287
7824 3638
474 2794
9607 7012
1579 765
6994 8853
8249 821
753 3040
5484 7000
2140 7898
3977 8818
6851 7074
2220 5704
4207 3828
6690 1405
509 5728
9179 4183
9616 2357
735 5759
9571 3493
341 6605
8646 4218
8161 8948
8794 8008
165 883
8782 6528
8485 3660
9155 7269
735 7287
8052 3311
3210 4821
550 8711
369 6709
5519 9907
1613 4732
6751 7975
3005 4438
1322 8183
2430 3670
6655 5635
1971 9405
602 1268
5829 5138
3277 6775
250 4762
1939 8847
6405 6724
6256 2078
5343 8290
5575 6932
6898 1136
4729 3142
1997 5642
7967 2956
4373 2662
5591 8739
9935 2616
4549 7324
6341 9210
3949 1292
8851 6986
8799 6328
1155 1871
6878 1750
958 6110
7027 2447
2878 6993
2603 1209
8409 7082
9889 4857
527 1264
4879 2223
5628 33
4334 2095
268 1999
5159 9486
6113 5983
3419 6398
9591 5423
4506 4220
1157 5675
5202 363
3742 517
737 7854
351 8842
2011 5797
2504 9187
7777 1050
1754 5660
8140 3225
9648 1278
5409 4668
8767 2003
9898 348
8135 7444
1746 5651
671 4891
639 1374
37 3407
3130 1675
2975 2649
9937 6851
1141 5930
6116 1927
6159 6304
29 7311
1538 8870
8740 7262
9437 6070
4377 3689
3055 7155
6014 9323
6016 3416
8504 2498
6772 2265
