1000
23779 27463
16033 1811
1971 884
13693 13364
101 20066
21288 21059
4556 23916
8698 6490
22710 22643
368 809
4829 13768
24564 19904
27799 22786
5715 1313
10766 17204
19921 8750
9205 28308
13056 2279
24022 5010
6702 17315
745 23852
22595 27372
20487 7370
172 6066
1014 26153
11830 28022
6345 9268
24614 4448
839 20208
19289 11302
8197 4949
13698 13332
6647 23426
23156 21063
27742 16015
21042 25612
20303 9698
5673 7816
29852 20148
23529 9975
8682 265
11702 7952
985 7214
10461 10084
2101 6351
29576 778
24174 24480
26872 2960
27820 12065
24891 17095
1441 21738
269 28969
25407 16184
12542 23218
13879 21666
25823 1232
14386 19582
23250 8116
22864 14922
24895 4700
13853 28863
22940 15144
2017 1818
8205 10251
2453 24774
23640 27821
18882 2914
25733 20981
24069 29940
18473 14148
28218 3238
12419 2317
13744 2752
25368 8401
17412 6695
15596 5640
13548 15648
25997 9592
14462 266
13352 6897
26253 11142
12771 25214
23262 22291
24444 20541
19599 8335
15468 19784
25090 29275
8179 24634
29501 14592
22969 6481
6702 23565
27418 12862
2199 3002
27747 22491
21841 7376
21444 9933
11356 26352
16901 24935
515 29410
29273 5620
9241 24609
16441 16617
9255 15620
28695 11005
2075 7264
17407 23955
25588 19599
29056 26768
20813 17226
29583 247
13183 15297
10413 11159
14138 16488
19843 15895
296 27883
13029 26170
6124 13637
1033 12950
29600 3675
2761 21374
97 29105
6012 17588
20937 1476
2459 4277
29434 19113
16955 5902
24589 21334
3073 16215
25708 2994
10971 28189
20099 8445
6613 6031
20543 23817
29421 12855
27293 9090
13746 17953
29894 29966
26609 5887
15226 20064
19671 5924
7320 22552
16979 6714
23097 9525
19550 5018
28425 27590
12516 16574
24871 12126
10167 21994
6904 18129
21109 16550
16504 7048
22051 22094
17254 8628
12685 29172
11154 16513
9968 23955
29972 12817
3116 9283
7487 22950
6526 1168
351 20873
18219 25593
3253 12256
10752 29814
3244 6114
25961 16902
11847 26697
13485 17
29040 18859
17062 16267
20299 366
3341 26123
16923 29084
19302 18918
29402 20574
24167 18069
4650 227
2439 12010
3682 19966
26406 14953
20467 25909
2693 16770
23488 1431
5068 21240
20849 14962
23359 22862
12368 20858
29099 25889
15688 11606
12388 10837
6919 18914
5161 11971
477 2013
17943 28964
19249 8038
7482 16965
9653 16997
16526 3202
28704 24061
589 5221
3144 6937
8784 13025
11197 7502
14811 4940
29776 3632
5299 27601
24758 23129
11352 23440
24338 21245
14832 14758
3469 19676
21121 5550
12775 14835
2625 8204
5653 11165
5525 14634
621 5212
854 22726
22140 26589
3557 25074
25728 23719
65 29214
17973 1834
26167 12144
28543 7999
17851 26858
18388 19098
13860 18165
11703 497
22019 13524
500 4315
11918 325
3023 22874
13207 12212
19280 24977
4378 5215
25816 11255
2555 23882
20514 2371
28839 26385
11079 15995
8765 14932
23120 8450
6311 5312
21657 12329
17663 19761
9032 17454
15527 22274
3269 24515
26249 11677
23281 5818
29862 6222
207 1924
27477 11154
16344 21293
17855 9386
13978 11470
23187 551
1242 4635
27754 12321
10696 22171
25932 8001
14384 29531
16134 20603
3981 24327
28538 5399
2922 29683
20628 26947
18709 6549
11709 6212
11050 10563
22823 14371
24224 836
27037 17468
13712 18352
26659 3968
13037 29728
926 11567
17503 21287
27323 13651
22312 26409
22274 5624
25012 16050
24079 22105
28325 3298
11160 6602
17612 27120
15855 7707
1658 20684
22997 15445
21515 9154
21555 9465
29827 16417
25219 23062
14168 17995
25946 6250
4858 8898
27055 10743
15626 3117
21532 21974
19774 24081
13773 18251
29373 27854
1796 10451
3164 6997
9526 29384
25822 10781
24215 24699
14539 28491
27343 16607
6484 18520
27683 6938
12846 25331
26268 4843
25982 7524
19149 4193
26695 12164
3480 8922
1102 29167
28344 8802
3482 29855
10590 1906
9887 1420
7811 17240
16562 14252
28204 8309
7483 21541
16031 15077
3708 20633
17356 15494
20488 13180
28907 19570
21408 20361
6057 21222
23351 7363
6161 7359
25499 2410
21763 16980
1661 291
3745 4098
8728 7950
27313 19883
3267 11064
1465 15
11289 3717
11313 28795
29687 11171
2406 15107
21641 13897
22618 25952
12749 22151
24037 25732
26117 16616
19398 15727
18711 29649
23834 1305
19082 15570
6769 20564
9146 7970
471 23721
28306 420
23191 24422
933 18582
23830 20734
12760 27798
14533 9773
9042 17093
29083 20932
5217 7533
3290 15014
25582 8565
8953 23765
27832 29285
8100 7745
8034 7170
28770 4475
28086 26197
13501 24459
7265 22047
16617 5376
29721 9280
20380 22137
13704 23394
16698 2325
25786 6426
8525 2268
16259 28958
16202 310
14592 10338
11774 20843
3664 26253
28207 6937
21009 9770
27592 15584
16047 4435
5141 20876
4532 7563
1298 20578
9760 1124
5542 18385
10557 24241
1632 24200
14216 18931
8573 29607
55 25924
3722 10694
2876 25274
20633 24302
15215 780
24063 16575
907 21575
26556 3510
7473 29271
1124 14520
22214 18604
29723 12539
12574 27824
26027 21054
27779 10184
2857 12729
9131 16353
13770 1724
28829 16221
22079 12204
24713 20912
18628 7561
24256 8972
7865 5857
14396 4756
25460 16837
21445 6979
26214 14608
2545 5785
22578 21651
29597 2008
15589 2281
51 16319
25471 10659
4369 15006
21339 22323
20204 10757
22248 8826
5082 14652
28348 24030
19723 9209
28182 21796
22415 10250
3616 27104
19464 1767
23730 1919
13341 26550
18076 24722
24604 10454
24204 27276
28411 17429
8399 23946
11909 13135
15232 28216
11968 16932
13438 22354
4716 24986
4400 26460
1184 3971
24719 1081
7591 7623
18300 25047
18443 17230
29197 14066
17157 9207
20412 4950
12557 15498
22805 29736
3560 14388
21118 28179
11958 17250
28264 13438
4971 4495
22381 1628
2970 23143
23998 8476
4485 28657
17963 8141
19299 13347
22455 17816
23034 22285
11404 14739
19401 25472
13278 25948
1525 23837
29633 7078
20188 23258
21634 27338
10295 21771
15272 9975
4222 6593
18259 8659
4633 6091
20 25010
4146 21130
1789 7463
3647 18922
29861 29117
29328 26603
21546 4529
19604 27784
4526 15333
5165 25262
16699 20931
24940 29380
21337 18033
23850 7980
10387 19018
15341 15188
11279 21902
6229 14285
26906 27147
10073 1826
1142 26545
18924 26010
20580 2144
752 17134
28878 17299
25787 1315
1999 20263
1652 23819
2821 23794
19397 14248
28985 6670
23173 27569
25944 14170
8014 27357
28384 17603
15390 2390
6003 9291
18013 5422
8215 20358
25751 3921
1404 4188
2007 9789
7646 28474
18718 3820
7306 17243
9990 20294
7647 27383
13205 26599
9897 23869
24818 11403
8092 8646
23710 13299
13258 16904
29858 25037
17295 391
10055 21165
9272 28648
24214 11785
3343 20394
934 14665
13633 13407
1377 8629
1737 25246
20628 14659
15494 19206
14205 28047
11899 7634
14375 25698
9888 10428
25204 20142
10143 29032
16049 17437
14387 9209
15681 7840
26841 1108
834 1608
23255 8822
22342 11989
21794 26069
20651 12421
28443 12943
20033 13628
17301 24713
17473 25382
5123 18236
5214 25480
1254 15865
720 13112
20971 20898
4059 4518
4246 1886
9083 29296
18983 27017
853 7068
12271 22946
24911 15668
22034 2646
14879 27719
14833 4568
19922 25877
22311 21394
14665 2367
2618 10348
22663 442
811 5061
14520 10100
274 17390
13405 28502
1183 15521
5030 18690
9831 13248
11864 4530
15781 3267
28113 16405
799 132
10836 12951
12496 2392
4436 14011
27318 10478
28410 13898
19529 18161
27710 4479
25481 4688
20618 2003
2053 20400
26677 18383
9217 18768
11441 11014
21093 4181
21501 19490
3853 17733
2043 1414
19972 23677
15757 20757
24335 8478
2327 5427
23208 10568
27 19346
16209 9985
18782 2610
12521 29156
25 11953
8258 29326
5377 3706
19336 3938
12349 28611
23084 9538
606 2276
6702 15019
13942 7767
17963 3518
23090 29798
19774 24048
27051 21487
13862 15691
12231 7816
14899 13593
20667 14645
29994 23902
25498 9147
6744 4992
28405 16661
22391 16603
10854 29124
26893 27471
21049 7347
5990 12835
24442 312
25731 515
20434 7912
4794 15035
5746 24049
10373 5573
15952 24712
25372 24834
22613 5489
1404 8177
4067 8250
29105 21715
18871 20704
13846 895
1276 8447
27929 23828
18301 14674
591 16954
3184 374
23086 25822
19531 14899
11959 2060
12714 13714
16006 16558
17118 16348
28058 13340
7098 5247
6994 8896
3557 19914
19823 14890
27024 1396
12493 9462
5361 26409
27980 9464
28874 13007
16643 26234
16961 26108
13964 3241
804 18638
2923 2496
25536 28450
11891 25641
13083 9615
5773 7400
17984 12751
23126 19044
25777 9439
29400 11889
11603 15479
25687 14466
25351 1288
19624 4572
28845 11524
6611 22680
9536 10401
10024 2674
8951 22360
16377 16854
27144 21643
26210 17004
4885 5977
11845 15779
28572 13998
15056 18081
28611 2809
16410 24799
26799 12236
1635 6929
22655 10134
5857 3995
16614 5493
1780 16989
25550 4992
27445 4788
5556 10113
949 18648
6386 23551
4131 11772
23720 11473
22739 11622
19065 25623
2029 9408
3949 6283
21552 723
18958 29617
11366 11351
21874 28350
28055 21280
25022 24961
3263 10211
10509 29689
2428 19650
3748 28274
24501 15206
17902 21811
2720 8454
29767 17829
25260 16720
6850 4151
16270 4786
1130 7945
3556 2978
24314 14890
26408 5587
7298 6050
10113 22155
20570 24749
1743 21795
23339 22749
1317 19133
1506 11326
23019 22867
23971 810
2369 6665
15822 6156
20314 25792
20279 22891
8050 15986
28028 926
2146 21758
15440 26503
1529 10204
12542 10689
8953 2781
14150 3481
17242 3656
27593 23322
25467 16795
10399 755
6155 8018
503 20057
13956 24563
281 21202
28616 20398
17970 1688
23661 11391
14267 23850
8596 27745
7558 1099
16224 4267
18339 5715
25306 11523
1276 987
14921 20837
29287 7431
20394 7581
19108 20227
27369 25974
880 2746
3081 10168
8905 13637
13048 6760
12225 28689
19943 10458
16666 16752
4322 24288
4373 17690
14281 24805
122 1076
12473 24949
8334 21079
14690 4668
19509 7363
24748 19535
29604 21440
28258 26801
12706 20135
26131 12818
11446 13770
10032 11364
18110 2016
4504 2552
1123 11061
22634 24177
18620 25684
4659 18774
6892 13485
7173 19283
13338 28063
21141 6059
29969 3953
2194 16865
18425 23633
11871 28265
22110 7479
17722 12884
28760 9535
21591 27825
4949 10441
12009 9902
629 17048
12402 29004
18220 10301
2969 22682
25234 15274
5025 16517
22242 15237
3271 12235
15221 12266
29434 8667
12080 18386
28795 6132
3575 16608
9668 666
17743 16470
20906 16573
23682 14902
9748 4702
28735 27187
8884 19418
15380 25976
12112 857
130 28525
7603 678
15932 7412
13885 26966
2159 11078
17817 2120
5295 21790
11614 4487
20701 2535
21516 17876
3895 7765
10743 15686
29660 20505
11058 28714
6346 17946
18522 26931
13470 10210
7190 3161
8742 5155
10796 16523
8008 6615
28962 13302
18327 29958
26729 24817
16286 5856
9269 25469
13809 12066
10477 3574
11901 14778
25600 29963
15523 17287
9749 19011
19992 2000
23551 26350
28825 13318
3773 12562
24635 26808
23718 28773
21635 21469
13867 12075
9321 28337
6851 26553
3676 5338
28755 19348
27427 24324
5136 19099
17394 267
27322 23513
6555 5253
10626 4825
2792 1078
22032 3727
12354 17927
22208 18646
28236 17957
9003 4515
16758 29399
12427 14455
16013 9225
19714 26218
18099 26181
20385 24285
24976 9308
5057 23346
13530 20133
7808 25089
10095 1732
22118 7655
23082 6308
23914 22507
26242 27768
16089 3833
11929 13920
7030 22990
28946 14222
26694 3400
920 3438
1538 2975
12007 11527
7448 8056
14907 8276
25805 13884
11259 2656
24731 5914
24120 9599
10946 28828
11492 28257
20162 6092
14525 13425
14897 25515
7200 28937
11787 5257
25055 29176
24430 16168
18039 14713
23584 28404
16536 13544
10505 8125
9244 14677
17688 10361
17777 16519
20895 15315
7227 16198
25029 23232
5380 3981
954 28935
27010 2319
5572 9516
20803 880
12637 26303
23205 4070
29629 428
6443 22125
2905 9087
27862 2750
16754 1239
4564 20959
28110 12932
6346 21714
2037 21490
1734 4455
23823 946
24562 10567
16330 2138
1001
14491 23004
5387 23761
20332 27372
842 8437
24701 27527
15955 6340
22559 20207
1709 5167
29038 4733
22 28040
24426 20422
365 26748
23293 5539
19883 3194
484 18580
27951 12106
13187 17948
25479 2924
9926 8560
3200 6424
14213 320
28681 23839
8934 2407
18390 15854
23272 12113
28828 7213
7313 29401
1628 1476
29584 10797
8737 18564
8815 834
19019 8882
9742 28777
10119 444
747 15821
24645 19433
17434 359
1790 7341
22574 10072
10672 26345
24324 5773
11435 4388
16377 13866
13637 7998
11847 24903
14949 27636
16894 22693
17871 27625
25533 14737
24580 23348
15295 16926
17071 25337
16046 14520
13538 10701
15493 29733
13921 5185
8835 6015
17002 14351
7633 27713
26309 25997
19456 23536
11617 27196
4206 16659
1691 18584
28924 5102
18519 12236
23957 21107
1791 5092
28252 14577
23979 27898
14840 24668
8856 22664
24441 19753
12996 11744
11724 26049
18691 3940
23554 27296
28207 24210
2527 26607
28614 23494
11326 9287
6382 2983
21284 1855
20841 17943
26695 29702
28526 3241
16091 21497
11510 12635
2603 16827
4307 17005
18698 17142
26010 18440
1805 20406
2823 4781
6900 21106
19864 22495
26772 14035
7382 27671
29285 17655
28992 11222
19450 22468
9376 9009
24405 13489
20631 2998
4693 13111
14436 1407
1382 5084
22861 26839
18262 1651
2193 983
18130 23179
9221 3793
2834 13348
8904 20262
17666 29703
19353 6045
14807 10038
21096 22298
7842 12431
22558 21257
20989 11639
9939 12699
5968 24629
1223 29944
9797 339
29438 2903
2396 17772
26559 10237
29593 3791
27035 14696
22063 3398
26664 7848
10592 10729
21141 19824
13012 27344
10200 17297
28906 11124
13550 27595
12560 10582
19516 18893
9290 11280
10465 25064
22005 16589
1638 14448
1463 1956
105 26762
7739 12350
12486 9495
12443 8260
5776 25493
21272 8325
13438 25162
8769 982
15409 9004
10680 3987
26983 27555
7489 760
1279 15012
21854 19697
20571 809
3036 12066
10021 20677
20870 9220
20329 10249
1850 29871
7021 26712
635 18403
2108 12182
24920 20717
9743 15493
19222 22528
26271 23288
23995 27781
2329 12572
6969 29451
25466 24593
9005 19899
26177 1009
27729 29389
29029 7608
7952 8636
8407 10208
19266 29575
17647 23683
16920 13253
14391 1727
17665 4297
28191 22801
24337 16920
2005 866
21098 13835
18960 26642
11228 861
3841 8844
199 3345
5356 2585
28646 578
139 14994
24730 10162
1490 1799
26283 11180
13460 8269
5616 5118
10532 28101
18245 18476
29517 25205
11575 28122
92 29412
4782 27491
4377 18349
26970 28072
6655 25037
24116 10649
10155 7322
6118 28058
6913 13169
5195 9500
29548 19527
8824 7557
28130 24488
28216 1153
18378 21870
6548 6593
9425 18138
6092 28153
11291 15074
24905 22693
7958 28299
17291 27102
17426 5207
5206 14673
24345 16339
3847 11093
29981 29922
16705 19963
13050 527
27576 13791
18663 17787
240 1797
5718 25011
27331 8011
9969 4355
582 4723
25100 16838
29089 6395
9491 7778
2542 7796
19148 21133
1823 27308
2619 22222
22538 8553
22993 24018
10090 11284
24607 13145
16382 329
1574 29241
9213 25601
20615 25809
26096 17854
8081 3593
21650 822
25645 1862
1294 683
25922 6100
4622 8939
16922 27136
21422 24281
451 5742
14089 3730
777 4421
10267 28095
23776 24846
23640 5108
19012 12885
19587 14759
27151 7726
6407 26263
9771 11064
13122 16121
23850 1795
2642 18582
6567 18936
19486 11719
29856 15350
5049 11346
24906 16365
13273 9920
27578 16534
14731 2280
3439 24933
27286 3636
7005 20897
756 10369
11420 20619
20148 22465
2874 7989
28150 29211
27262 8258
14975 2504
2220 24907
11538 13393
23343 4447
9609 20547
15892 23728
19959 21458
18306 3411
28060 822
26950 25274
13299 4876
19671 18925
8640 175
7059 8657
3724 19592
26550 9433
22265 23793
20418 21765
15629 14300
16157 7136
3860 902
16689 11433
23735 23337
20079 13409
20349 19162
15452 15934
25377 12187
10284 17884
15330 28314
5106 645
13038 21622
14477 11619
4410 10635
7260 14074
11207 1549
21254 19565
6206 29956
7964 17742
19910 12294
15469 13149
13820 26965
7464 22869
7736 6869
20698 9643
1217 16175
3709 12088
7792 22380
12108 6629
22853 16722
12080 7516
24636 1644
1407 13362
17458 28432
11191 20761
14493 9434
26722 20496
17817 13090
6632 10746
27291 3001
28973 20268
4172 220
1628 12275
26871 14002
2832 16115
19640 23400
21584 11057
13714 15087
3533 16589
21282 12940
14950 14961
27364 9190
4757 22716
1125 24743
7587 737
7844 27530
11904 8907
24497 8549
9593 29715
2043 22852
9039 23168
110 6009
3228 24112
4050 13142
6108 1302
27567 4934
26255 17371
28978 20710
13549 10284
16704 26863
14132 8985
10970 5408
16535 12604
5295 21903
5068 3026
5739 13895
7112 8670
28032 28199
11258 8592
20257 14229
1110 20362
13729 9062
18915 2949
4142 25850
22875 20975
9091 17835
4779 21204
3429 28462
3206 607
23918 3715
7242 8314
26068 20711
13645 25635
14741 27086
20948 11190
9332 5677
17097 7346
9618 2205
20775 5682
1782 642
7814 27912
7111 3328
17588 18496
29200 3221
1882 7899
29454 26220
4552 15985
26821 23639
10649 24242
19515 25996
13238 20560
7973 28450
14662 7154
22326 3908
13887 12000
755 25505
19062 8855
24474 20195
6395 17234
27904 7140
8514 24617
5626 5024
16365 2742
13543 28116
9372 3163
28542 25621
4469 4363
24024 17487
27121 9419
22026 13298
11406 28306
7126 22114
15835 12392
883 16033
10564 20954
9635 6112
3067 21161
26833 16964
9114 17695
10631 27204
13403 9959
18948 12055
29392 5487
9653 9957
7649 11929
11841 16210
11779 7685
12166 29111
3192 12765
16409 6701
16240 8104
23489 29582
18238 13674
25050 17883
24213 21621
11742 24284
28136 28370
20612 24822
23934 18074
24229 7888
284 3599
10253 4013
9301 19115
3459 9561
9295 6635
2633 21073
6625 14743
20429 28203
1503 24409
18148 12305
26117 19293
15971 17667
1063 14636
26804 15230
667 8749
17843 15603
19783 14765
6594 14547
21872 24307
1664 1911
7477 19286
28608 28471
3907 16019
11321 566
10843 1033
16714 12026
6707 29482
8392 2940
7511 29593
2685 7699
9521 9950
21819 8334
22644 13651
7611 22880
21549 9385
20477 8850
13008 21615
775 28287
26435 15046
13079 24834
15932 20979
4109 27009
5119 25768
4236 22431
24122 14606
9864 26335
15731 15726
20482 20415
19272 6901
14025 2273
25019 26943
22341 12284
14059 27148
22483 22974
24797 28500
28037 13157
9885 650
22528 13978
6510 4424
6093 438
16146 16507
7055 15025
19483 28562
15625 26691
815 5669
15317 7185
25311 17496
6112 26262
23748 22014
26251 1051
22072 15166
12930 8939
1328 165
11376 29689
11543 26400
12487 18214
20154 4072
13565 28860
22757 19841
1071 68
10816 4735
29092 1301
25194 18276
9844 12547
13634 8348
17253 19162
29214 14400
20934 14390
6371 20307
10210 6612
3006 28983
17165 24147
12851 2638
9904 18577
20855 9125
14410 18277
28690 3601
14451 5860
22504 9723
5226 25320
4521 27126
25817 7634
29755 6623
6864 21865
10244 16939
27782 23643
3970 27560
28358 11497
10913 20737
20029 10139
11911 29448
27531 29193
19853 17037
21977 19893
13300 16873
3562 505
8181 10914
21804 24142
895 12941
21187 1884
5342 28821
13138 11704
27261 28016
26947 8279
2784 26900
17855 1536
3662 27769
20655 23388
652 7515
29920 14609
1831 6168
13493 27198
14013 255
21950 20419
1949 14245
5510 19099
27538 12123
17467 29681
25770 7722
25822 29609
23939 2197
7954 9440
3504 15428
24116 29510
7584 25527
23936 7254
19932 27423
22445 4539
10129 1622
27173 28854
11408 22074
8328 11203
8055 22874
23042 11243
24016 17906
22605 7795
16953 1501
8893 13800
19327 26878
27851 9383
23596 5470
29209 24348
21333 4110
11521 3452
6236 16056
8402 10510
22527 15476
10334 7484
5768 24037
21868 13895
18448 20372
11936 23532
2701 28007
18687 16395
22072 2487
29320 19489
12206 3928
2871 19404
11041 15506
23378 26390
14684 26228
15389 3708
12309 17276
732 9225
1622 25363
10658 24927
8819 13983
11665 20974
3013 10515
6661 26929
27181 28050
12197 993
10864 20619
7009 2995
2604 22409
1504 3692
11743 7747
3038 22790
23799 29122
27964 17716
8513 12121
29160 6935
15288 18205
7208 9266
9311 644
29462 19506
11590 21862
7765 23729
17601 26659
12399 14685
15155 20737
3733 20404
28032 391
29732 3468
9473 4954
12266 16366
14178 29748
28543 22007
3254 18101
6050 7619
19949 19468
6934 18142
9684 23344
17509 14150
1757 27573
17183 9559
20787 24668
27908 16263
22519 6399
10268 9552
28350 9827
18015 13884
21318 23010
3052 714
6818 7960
7658 29359
12044 23285
8456 6939
6088 5514
20095 7849
13821 21854
1638 14544
2021 7643
5035 15935
17253 447
12297 16823
28449 26616
742 3306
15702 13562
22914 23325
25790 15754
2386 10701
24161 16613
28679 25390
24617 27383
15659 14987
25974 3168
6921 22
17460 23177
1549 22587
8304 4815
9351 27804
9335 5744
12520 19737
15971 21086
11203 2550
2681 28812
10023 17132
11154 4368
8166 759
14392 22464
23684 5903
12016 5433
5740 20752
21045 3936
22901 9065
28695 21122
19947 10772
29285 26449
15576 19099
15922 11661
879 10524
18131 2507
27655 19312
1398 19841
21301 7071
3149 19940
4244 12520
3660 13746
579 25317
4237 19873
3385 28222
9264 25635
27327 24767
19307 29788
29863 21960
3984 735
12741 23934
27778 8237
8000 7720
8505 7097
5442 8473
6270 7657
20029 10176
16062 14180
13624 21412
28088 27030
21558 28309
2921 20690
23784 18744
2216 25866
5363 5680
16883 16073
7167 9525
20609 12121
18780 6931
15546 11647
2416 6079
18226 22306
3850 15817
18267 6049
12156 29007
6747 7308
29940 1229
13301 12598
23767 5013
21051 7961
26201 27866
1840 21287
7571 5399
21833 24836
11210 27412
14347 10567
12621 1998
20788 23223
12630 19767
18155 690
7243 28566
25490 8183
24236 2448
24160 12527
1823 4261
3446 14858
3729 29825
13126 451
13909 23673
29944 14485
29764 12360
16946 19211
12826 14641
15073 28715
3407 15501
19578 8737
16338 17111
20482 26415
6420 5143
15874 27621
4861 13850
28486 27364
29160 28562
6705 23257
9614 25402
28201 21778
29217 28442
6475 4605
27201 11910
25725 1702
25520 25011
11463 19263
4938 4622
14607 12244
9004 18436
26660 6823
3757 29636
2423 11104
22276 29566
22986 21569
18686 18371
27067 4245
13543 9453
16577 11337
20214 17977
1261 12860
491 15679
8945 27143
9263 22511
29119 7708
3943 21411
28665 12529
20663 24213
19918 21750
29151 9072
13844 22272
16347 10095
1895 24569
14259 18761
14364 18547
22910 28663
12095 27717
25182 27947
6337 7109
26664 13698
3193 19955
3064 10549
13251 25887
20392 20277
3989 19482
23188 20654
24217 24945
9503 19802
13572 5312
15504 16310
1841 4127
8647 2215
27835 22272
10486 22693
22422 23926
3241 17140
4990 12729
18582 16104
4366 25487
24209 13262
15967 21561
28077 16347
20078 13146
22642 16737
28653 15257
21229 3861
15420 20723
28042 15541
26533 16833
27274 14168
15793 4659
26718 15489
8290 2719
8236 29786
27140 28334
23156 8084
16998 21119
13002 18662
3051 4622
12311 16878
6254 15979
18999 17745
25617 13575
4173 556
28425 8622
8228 10307
16820 5126
3114 15303
16002 27786
6084 14232
11680 7789
11464 19550
16459 12522
13648 17429
25988 19414
13042 21953
17457 19638
485 66
28563 22031
21257 21255
13843 16749
19529 7999
23095 3310
22583 21560
2278 4411
26583 20775
13461 25831
22593 5595
29367 27615
7302 14360
25958 7540
463 16641
25660 20394
21448 28071
11792 17690
782 16396
668 10967
16227 28517
5292 17597
21365 21383
10941 7543
17904 28887
26444 17246
2873 6603
18789 12722
27266 20011
23435 19075
16905 21996
12906 6430
27197 10201
17648 22120
7571 3002
3987 27262
20060 26877
8735 19673
29792 11773
20285 9679
15448 3229
25525 21071
5250 28600
26763 563
20325 13310
17943 15144
1960 3949
5855 14879
26747 190
17293 7325
11762 4237
3349 28689
26719 12464
25711 21165
20094 15374
6275 13591
4675 4087
1370 6156
19295 2396
5640 103
12606 11595
11223 2195
17163 23793
17308 4621
13124 1965
