100
404395 649337
629798 679749
567595 361763
270722 222692
700519 971215
533832 817299
304664 44972
883554 333605
623331 298139
627177 306715
311499 924682
324253 186024
639695 569014
78238 44433
331074 628402
505336 225811
234950 346720
385896 131255
150781 283706
697699 491643
982636 54614
850731 170277
518824 102154
87448 311183
64431 17427
460964 107614
773414 234739
289839 683729
827343 686697
265855 459404
136571 122227
417170 476268
817609 679123
73461 273321
801940 527896
398616 204866
99393 902241
260843 117271
590090 12585
651085 15199
910798 944478
235392 299034
772365 522734
593038 314907
687545 254469
465614 402830
250905 40922
151509 271594
353785 704227
80543 582178
163731 104180
40013 95026
583961 183062
497226 265556
211771 981254
536368 272820
408336 514986
448148 323647
780284 307610
139858 487614
719438 444318
680770 2928
740340 312639
272927 305879
746484 100796
54670 160959
75780 304673
910401 543901
214743 224737
156211 28698
687722 82072
888011 189536
125082 859402
940095 383409
715507 420011
716848 40007
261151 659298
665361 17101
159497 484924
998158 791662
628735 920565
71623 444563
821000 625715
436177 138150
256882 503666
726739 648410
73997 230039
783935 654852
246447 351523
738851 877176
427189 398859
583608 610930
106500 622024
622883 994147
670351 653309
518893 990794
481428 610014
170112 796028
137263 156509
500705 303394
100
863109 66435
774236 123119
126380 983283
486352 582261
833849 270180
20621 102541
196426 597838
17217 56122
870430 744603
464880 687168
481865 192332
825493 104559
849262 392742
467903 567853
183510 21318
969215 2264
4720 985653
277301 823682
244572 650854
432649 520952
975700 946010
280139 329057
466859 763782
416365 661731
362487 690057
101535 800010
905430 6848
710385 294099
492572 839963
338718 481008
559892 34758
532445 621962
231371 443854
55391 258638
641219 532619
685768 461996
803973 694908
238992 582565
156069 433464
281428 181820
265245 347854
880016 501742
78393 857721
893475 370333
601492 68891
109844 886497
398779 558794
559990 994783
619567 887158
229441 268740
457269 573103
523859 72796
442491 767648
374353 503198
191660 29683
36943 677090
420908 579652
625577 788157
235837 192630
201585 603058
970432 403242
590077 149745
661095 345222
308342 164151
110580 381927
589140 756870
871785 859217
84004 197783
612568 198414
483292 145571
926056 922333
379150 637057
632787 143789
66177 206726
934577 669933
151863 104884
569291 973335
323579 396146
182579 692250
612083 675940
378965 163968
706793 465115
778820 835849
988632 817284
393141 575568
22511 612206
287125 766041
568088 305119
120015 992371
783083 56342
393516 105548
545477 968400
232525 939577
743186 361775
231231 543592
572886 333075
576072 312301
232660 946004
534545 243128
829978 999716
