1100
73158280 93484287
24250954 12204686
97042759 46943785
62365337 48853666
25407011 97568042
29389639 46743538
77589461 42181906
97764804 64851747
61375939 64705708
69207929 72261770
20239694 42324121
39392300 4182750
97364168 44742579
73141333 90525857
21816122 11242194
24793769 71721476
23694725 55379538
62407488 82627880
68558156 88627543
6071826 91786795
10258243 29472107
56082406 15572980
34613239 97107187
88888883 71244500
78122577 61354239
56540262 48765540
18710356 96851394
45876499 88465819
86007578 50301881
33290081 62756660
80734002 8500012
16248074 88241902
39099956 55976673
16315478 96762560
93135344 14014801
72042788 379417
44806158 26249697
46586399 75487920
7932303 15657956
98469807 10653776
8834091 74192034
29621216 5113291
9102288 39596899
30106093 70097894
12184944 75462931
54055864 66647057
80177211 34917232
43330230 45622083
29795824 70166218
3454860 46556606
20535641 16235065
29967505 4570404
52935829 79528861
58475225 5203164
57026689 6001768
44655527 15320237
78251599 41483610
96955660 34349091
9969259 74887743
60742717 88400371
8172140 3917573
94959997 14883048
19201624 67884150
40048102 66008486
30815640 87916340
45893488 90611309
87086358 82830620
88923720 43432116
49595293 58925116
56963080 702268
29810793 77180386
61090577 88836923
29714157 54366764
79442796 32287062
12610093 40944830
92837890 31169541
50136528 71632133
20116801 34914095
23718430 66645250
35511457 42850459
32845788 74893617
99652261 30288157
28295764 62068661
36121042 61020817
77411397 80792038
90057065 85955443
37148984 82070912
88039094 83872398
78038169 4083369
70561124 11912555
69904065 86878043
56136817 79248355
57293550 98628854
91068497 96155000
99382176 85818719
21685444 79786384
21756174 38167036
19367740 76530086
54084750 66197486
46610421 10840571
11857825 16650256
45223808 43676383
30062746 91307064
13822576 69356107
71917573 82357542
60485816 81803286
36773491 52566300
94838895 84711641
43703788 59528824
61067698 53302766
70094940 66299017
91492583 85901733
83403072 96246209
16744817 2168652
72993472 43547331
67564473 60507265
97331499 67755697
71270428 34972184
13311578 85769575
83792036 63484594
55565891 81824210
98280079 95156905
67645480 13131567
60217098 88618139
87364978 4292165
55765046 53087582
21395382 43389763
94166323 52875522
56907297 81085010
75289757 33711875
32811319 1861505
797399 33030286
8373725 8376815
49366324 21924361
21131980 23639306
55901766 33787169
47074208 39943617
12768844 85413926
27805571 86092656
19968195 92057434
60704527 60004603
90787697 84693629
48829579 77762122
77059220 50599778
32290671 63064636
88597523 58921038
10193831 63814911
83715346 74727392
37902841 88557397
67158779 82054540
3047516 7336010
1782877 4604993
47207333 75539160
42944207 23945767
25159094 998447
24581393 65815867
59837916 6885998
89586637 77996254
60671077 44235020
51804725 85513590
43505524 1782068
26012190 66192326
29863226 6211122
70571982 52026778
27572034 71893091
77443933 87661358
97654521 13418375
22114658 64065401
66958495 95659157
36643675 41179178
56779223 2928501
45885218 1207816
76593416 66522653
1392378 99878232
87921606 51555106
97384351 18785233
15540179 59231889
5225706 64695217
24262794 58785095
58977379 86396913
33034784 39194057
20059073 22177412
98022518 17409265
9385228 54683672
10899879 39871461
30887422 64602744
33118239 34894383
75646739 53093101
90006915 28440249
8017912 37226881
61153554 59747708
9853915 98603822
55335581 66714281
90886961 76493844
84507552 48130216
56266305 91869794
66389457 18012711
91494596 96549028
78226616 66411571
45837296 1937779
36042569 63063803
82436665 30494017
64072601 37344226
51853110 49152836
58120214 44920659
79939270 3119715
42434492 52584545
89172134 40474578
28983117 40620923
54763550 61841748
86072369 50909653
91607842 9598237
69855306 29405601
46811664 57128908
3990282 81025382
24418866 99698399
99352672 11986863
85004995 95521690
69215852 98914280
21090048 89765142
40978903 25805270
90901570 1229991
81117453 67373622
83112443 94701239
33922791 55341323
8008938 17543772
15009949 50120610
21130237 30808387
30889029 40282578
78728652 92482143
4031501 46112012
21361784 6964270
78736077 44514977
80959552 88753205
65470967 93471227
66904440 59564167
79039575 30916810
63032076 15431507
4426305 77974848
92415888 66235852
40505122 14154304
21028309 94257407
46659110 36346990
65021456 34050041
49346879 59564722
43029296 85857325
66325438 18149412
93824693 2325105
21438885 67325482
5601054 6350308
1830100 75176307
90513793 23116930
45597437 11910082
63529188 96223518
42133407 33439203
11458416 28201930
39859407 39291265
2491083 88643675
88978204 91139785
65744219 78025286
25082971 69414192
15020864 20395349
78908337 33131617
86355524 3455984
12595833 72937914
98487136 98388638
53340067 90419944
85133709 71101235
6218830 21795060
45668048 67342236
83450247 82621385
13439389 58326974
57272789 44443037
15165327 94101301
18011136 59713095
3234659 57445088
26884509 54602180
19084494 81126847
2931909 17477577
14716819 96627409
54544051 59932278
66852385 68040423
51068604 92529106
54249126 58707049
45478016 82705027
48615154 74832170
15753578 82494492
43363389 627933
38433692 39783882
20296542 13463573
34723211 98438858
35808759 62222938
1548264 33998460
34167159 49358010
9149528 57031006
13496212 21654866
32528210 77794211
49016593 90065612
60844155 46904118
33493264 90522569
87336446 61539578
84757454 99586197
39468521 23599718
16138793 30372268
53454963 86284528
97078565 37990777
15074164 8188614
75172623 19308924
11991058 54271586
23873417 58568129
63755015 43798973
98774383 77541078
84458203 52097965
33519358 21824661
4750502 45746250
41725731 4527877
13891650 70830365
95504341 31834542
83086444 57097407
79770884 25726621
11311691 28428849
61284284 85478804
32861578 29757776
16331418 68059869
27736260 63997654
13663889 67987847
42499338 76784304
61410272 35438417
59979579 33203625
93448796 13299705
69909899 19740293
10664961 59523354
46027002 84758474
91012909 85456290
92160922 4606385
38674486 77645687
72510784 77125081
88388268 46478870
31679529 23098712
22662480 94917691
33851467 4041382
95655068 51655643
98395499 65452596
69771328 22838734
12716630 3036360
71256645 66862742
7895964 99685395
43523717 54173272
68523681 70202556
60606699 38530175
41217627 28256093
61270610 13945328
98293695 92774583
69132888 78101034
81705164 31320038
75052980 40561089
10704270 97775526
5900325 56731866
80486036 11655538
69713235 28455289
16295286 93648225
21943917 89214690
49693463 84438209
60714099 71613231
32760123 98849333
41272876 18728989
16718075 95139819
47589183 10562863
28955424 43872577
20785986 47463932
10233981 95005175
79277722 31823845
2260018 71283078
44585538 61190436
68914453 86978475
83840082 25089248
24974606 98364286
27669394 52641976
76234199 96465106
91291015 80013812
32093473 34006879
99999022 59702650
55491672 80367869
17150405 78151597
54085232 63643897
70101647 81269168
83566491 13872322
22964400 25956308
46780535 16999144
58372756 1882697
8163550 39168717
21865325 61334705
44231106 83710722
46181199 92145835
23286675 87236948
67726485 90856404
17193688 86242570
62401824 8783624
90300234 66208105
89617005 42026354
10043549 75366874
80527728 72842688
90362419 53680353
8263222 60954865
25826027 61799585
501685 65696677
63301873 1324583
69583310 7044821
97342957 47097909
22910694 53804987
41714150 10570589
9163506 42948028
81918445 80382880
77406358 68108512
47959348 70920066
80841400 87192756
85784369 68254704
52907110 77677044
23266195 37427014
74612996 53375964
87239334 12733264
16537757 25339887
13208026 68744146
69996525 97505828
65958619 85130223
48894642 76061955
1442225 64717827
28689398 39367591
18045218 47947046
28382268 23548065
49475097 30809008
44625460 5526228
67762837 51665530
17959704 9860563
644367 47921779
30824607 77064365
14382714 19534791
3689460 96877334
6933169 24467472
72173407 90237942
93258503 23476319
45532867 29623388
34502507 38910837
54645033 94634422
60187144 87980302
22820356 38752076
46103961 24507660
37637276 86267467
90413783 40811055
64576225 88479196
69758964 46915396
25212122 79451264
50804398 80574701
54714106 46724193
47910828 26534334
75521431 29693742
17424539 18973414
43213211 83452873
37533735 82804282
5657952 33353804
98736984 49548009
89606847 1312342
10729223 17530650
31734356 33743285
56807812 41671313
11855769 99412430
87238119 88433530
20330229 81647361
9481417 15610875
13013437 77653072
47816994 70154788
94939000 72469946
76069812 22003634
91700042 83268541
7018933 58189030
59710825 32977416
90283532 55035004
4635109 32650145
50720482 29257581
9211693 37676302
60981335 97164663
96949169 22749262
82540082 91507017
69895159 83837442
21901122 40587610
74677971 11156408
59175616 72745386
29319746 92097406
18864448 87564169
65760431 48369709
21960447 70404127
95473165 31273709
32585186 34902786
47884841 10704065
99397958 49894502
74594345 14192891
23028269 72118651
28417716 32652625
3397951 80448964
79902570 50684274
6154720 8261476
48553373 55403319
66146620 92684202
92079668 94811041
7144736 6459724
27027105 19712592
35739506 30513480
55417244 99486575
84908240 60090956
66874753 71584589
78083329 37175107
38170455 18204296
61575989 95841336
28181998 39454745
3984205 74019249
78382826 73345045
33215703 41778816
63750615 64274050
47401953 18035678
98975180 51643552
13049456 54115507
36523475 16374771
19295562 37470806
32732718 5140976
88087787 98063448
47349013 75146846
60462760 89317530
52087952 90870686
92548640 94446382
77652542 8136844
67040780 73361146
78058406 51314115
6873441 93326169
43776409 29808876
22283635 22052110
12820213 66908886
77081880 1482453
44176127 27784589
60367149 70563616
16463838 50937515
19569536 93823237
73463839 48640443
275284 47951426
83464489 44712408
15267855 10245591
3649875 78974601
26299618 67911886
63193896 33286215
48133821 45010688
56172390 46151340
31363096 83305628
48003036 52292638
81628260 34709113
39757212 18594847
68630783 57490646
9265596 92135554
68842951 89026379
99305012 76984368
17520188 28451106
21943354 29481359
10431110 85944851
73516086 62874437
85233607 71430863
23613137 14065166
33394453 71265533
4381035 35276835
16169508 96008587
95920252 20246838
38378326 28535118
26432445 49582200
41160100 87164959
76453635 87275024
10733717 20052347
89954271 24026535
98866980 43631517
27001090 49553984
65991661 18552358
34645322 25210034
62905326 94610489
11194717 57340734
1309583 85621795
53049373 95631056
94007842 89004247
68767829 19967456
50172298 36533213
22867522 61624638
52490752 86559422
44078140 15639637
93595952 52880888
87380300 35450076
46696796 90156542
29000808 25071956
66719087 88911968
15762819 7513443
75723991 52170882
58927401 37470866
69533172 56890735
54536405 28356085
86029581 13846853
13237470 35173732
32804185 818009
1015907 94737761
15751603 90092653
62272859 23759114
80928820 79379872
54454909 47856069
32532269 27194900
1390098 50222928
3925356 91667457
97518858 5178509
56899905 69692026
76466761 3776219
70039494 3292584
60359323 70576898
17618145 24007784
36488216 74680432
65032750 29137053
18118686 63802966
604184 60169296
81295091 19077368
61463755 18380336
81997666 96261395
23295181 68618227
29564654 92397911
30450787 99775446
21447401 72385152
64414465 16832913
52768811 47218921
15749961 82298146
65971662 42212206
2227118 96654402
27158130 57518464
80571021 76829733
99442938 2636050
13195128 37587336
35934820 32703070
40433494 55744154
529453 67535819
73841089 3223427
7624380 7855128
24246975 28819261
6075517 81540202
16795131 28143272
66330459 23397311
61900434 50312100
68192701 84771764
22832434 22811553
8472208 34419858
62618738 76290914
56987629 69719855
2488980 78634112
14164860 77408584
91145722 16610412
73918373 57145864
74903894 361228
18367392 45480009
62599161 74015833
70575756 10060163
24703585 13905835
36278177 80095198
34186588 6137344
30880658 32325368
51618900 70385774
73572236 64866392
69410237 32882009
8768530 25381859
25375430 79473544
89541256 78108669
89317799 48245630
58858778 88338384
43376683 24257869
10952685 59296182
86933473 76161092
40706998 7678538
8735448 31183905
54680306 16243137
41052053 57060317
68423507 82246964
49233402 47988355
3046985 54886194
33947507 7511019
31442559 15160288
86814605 94034642
59472418 21173743
94795568 45245659
99207603 77508740
2738465 80567046
2013370 74547507
48046098 20562235
50119880 36099101
57730076 7487530
55185770 97224683
55572815 69356085
87765244 91470451
74257838 27946998
76152165 44860953
42618908 82523511
8104412 45779376
1363205 11048623
22659184 36209848
11921742 1063460
85755611 75471458
34602124 3040486
76161187 33625677
96161088 80989536
45515803 66197743
73588427 80586806
44602799 78256330
77526224 58268113
42854099 3875021
76771940 67295712
67793361 15491528
77484564 23307016
48588431 11145435
72271364 66170829
83463098 81965728
71803841 78541426
7610392 23724102
94087591 33126141
89384649 44429906
2789788 39240440
46844405 23675420
25282880 10976199
86942796 31148452
15376250 46905747
50477666 91417400
97112300 1577664
12786162 81711391
74383112 68383795
18013465 99868885
22904425 66283379
73751455 27963886
2044492 1006620
57113062 85867514
58444894 77742446
52007661 67989220
27084179 92513715
40537944 78562333
12508057 56296192
36273275 19854328
68505551 49603355
91419451 50999747
13418129 62619575
89327625 7791520
21529588 55037794
81955830 41880686
72436855 70885618
39606212 34363075
4424510 93052530
92876053 72187956
46532837 57463360
59678907 56031676
45860722 28239781
1872523 17511387
23893869 72473321
33188945 37194159
33282814 25035391
21225020 1354992
92199234 2976585
69468453 52749336
39652405 56234464
42447020 35042963
23464076 24602143
45400456 48169150
69386236 69719867
15479293 98973228
91451741 93583260
67168201 10641542
51953188 65590375
31164111 12475443
82833568 8415840
45403302 72952706
18371937 20752339
1980309 69298715
92468074 39528115
30574844 40310975
35077283 86628028
67664830 26958639
87995299 12569904
24558124 53695296
77312789 69245595
69959555 16181093
72290969 35308000
26023448 19182620
2239402 81905936
23883358 52156538
48754340 75912522
81213789 25085886
30805743 81864034
18140074 56474889
79877181 43538177
30340884 40603460
99129387 44711166
65592630 47465952
87798804 1675084
50219933 29659637
75663560 59133517
42837554 48298544
82859594 90443483
26923154 38310215
83874489 91008225
4995121 29351735
48912007 80168334
42707762 57234577
68199868 13815578
895560 22353393
85735939 5040018
73525501 64235432
12967352 13421358
46199774 46100387
22379237 86269957
31897284 78771986
71679618 75387294
12613792 79660459
28245103 35140810
19111357 57114615
91196130 20310331
98453070 94185615
22368106 27796119
2188738 71867300
30919551 86234754
17809613 97941585
43473218 51819260
35572624 91642177
57548345 27171033
94218230 79279729
43340883 22308612
89990225 58770283
35938610 23291232
31766466 32619693
83438373 66525793
26134030 27902915
35979974 94341089
71123515 82876482
8254626 99316168
6626680 34293329
62620026 36878676
47506708 13066983
38360534 93083920
54325924 68460842
40108195 60267173
28403004 87594603
57304414 76268528
96704406 46055999
82105821 28363558
96197709 99255965
71959230 58134062
24542757 74642209
32485356 51946169
39088764 76339756
4681771 81042272
87808808 53144605
61059875 52163879
61046941 73360860
66493238 22051011
24414779 76892785
35722536 300427
82183326 57759311
14376595 90378269
51936879 31284088
82029179 99953801
32422304 91270672
11208435 12476686
16063572 90811218
65838656 46987829
5354540 56850026
53211070 52166644
59407080 60112137
45796514 72847026
24073831 43907755
47937673 32596307
60943248 6530674
39067516 77777645
42566607 32157670
27332158 53088041
13059031 78829390
762514 19388513
5630561 94172782
98607030 68157840
83477743 70270454
73234 98566038
31807023 46729335
45966354 7405215
68372783 43489058
9667007 61795641
20823892 43390635
10102818 40386431
88171607 59333135
69686886 14215638
24332720 19276063
73381989 32034864
59320242 55204677
32164231 76632997
75856323 89865011
45620187 43963804
22747520 31089981
98053129 22873789
20403617 49756754
22675070 39062909
74883026 48270088
69068651 53292340
63531152 16889267
55511454 97673390
6031399 68645993
13684833 23632775
78676495 14694926
80764365 34355214
76987249 91177070
85124782 57063968
8502277 96074686
87321741 53193051
83130008 20387427
27182216 8919963
29978670 99147901
56732844 73611051
44312851 52656101
32586532 63826391
86170904 80117012
88020785 66919212
95632228 46666919
59187367 34503919
73040180 2880259
89566820 10124197
15712577 43132838
94220555 21995902
20259589 76761217
47436197 27611908
5058274 91850563
93586538 92957414
71133640 55976171
70577672 98160788
1461660 45467255
65945322 67394101
13687391 26377272
8685883 92273110
40169234 41386770
9120806 98340810
61193514 58943776
72182518 91656111
83500021 18185476
68352482 53206728
11473597 88785290
55833749 26089633
4503093 10909153
77825289 80743783
22391142 27604368
73605666 79983065
21905834 69825428
2972618 82420469
83141539 2838518
63834247 12182132
5782102 91253362
30355886 80436936
97758193 45354123
89156891 72259143
13519144 18443559
41590157 12980863
94364451 35297347
47798569 51738235
62824084 3249167
74961076 41095361
88730359 79359911
95735491 16925342
42821905 2815092
20071526 15418324
69887382 27858728
85698188 67471865
11811930 84306958
18822844 72234338
40586554 95988848
77229860 68792853
24304650 44726811
32607269 22423108
42800970 76923097
18225289 62788086
96736826 89276965
96991492 99118407
55025884 46151379
96675107 24444874
40129770 28094912
54937963 92589083
59578197 69447701
73714522 5516678
21307469 62396356
83524541 3501263
66827292 72289192
56252496 67343887
58420353 68527622
74850748 38194898
49802227 36440591
97334512 62925236
40077709 22114827
70516429 82331772
39264775 72511188
82696926 76090071
55185700 99217391
88523429 14377759
16413732 61987621
92764228 65448172
88086207 71032326
23241472 20551941
94466935 2789035
64299832 83825458
71678960 4572327
61902924 64849395
25498346 75282957
23685841 91325573
80032110 36916984
58000124 59667918
92888602 6952451
41536468 64057403
95678702 86469549
12104545 74277776
79998292 86234175
24791003 67787491
23177622 27217186
18045993 60335940
9584281 22377713
22497444 13691073
11687273 80023143
92204150 79669135
58139481 70843962
66355275 70931129
50532564 54225859
13618520 48486897
46067979 87038320
38364091 77747734
96002928 30775194
46869560 45461511
41853311 36363345
3958086 54973325
80800187 95253055
74150293 23878856
15113340 84115330
28703540 78340440
15976599 39193519
8667132 72925405
60986683 32717173
92671551 33967190
96382592 32935691
53478392 14484821
34922336 42792356
94274799 40721415
1181827 89825744
58214524 20174592
75586499 80942641
27006129 26634648
49015147 47692445
66358410 83117301
31542502 88821215
14773584 35244604
49766735 24628704
67024196 1388852
65812015 95625488
9353920 1077361
73308024 35484727
30514935 63533441
86861267 20301920
17965872 94048757
1737457 86236037
38867424 30043317
79587642 73438861
23391690 41428098
90667836 42145163
43588454 98217560
48305795 23678026
66825445 32677327
69399516 49115804
47740622 73194280
17898716 35037170
41134902 55634292
99135445 81217431
80499902 96308167
93019487 18824415
51088929 87183785
76888583 88437236
98988914 38554699
42192517 33224358
79964675 96067467
9140069 89528425
76000181 86381834
87227719 63595733
72267104 22034666
72745831 88005439
15621443 92677360
76556116 94072051
46950850 4366097
78235543 43152766
40784679 63065002
12151495 52031377
65950683 18490772
82853874 4241126
82154607 74098716
6791739 96021447
83395484 62512022
88658776 77080981
96475395 97014893
10518808 91480562
72290577 53827650
24806930 93440389
1300
80342588 24796222
55318595 96750631
77528834 52190381
30991621 58871108
76527052 94622589
59129746 85375673
58054969 62915051
29397984 54656940
44279824 11265021
63706444 45739193
30263594 7982404
91974855 51328325
96006104 64981621
47303580 74518658
98512430 82438289
9409301 86868026
56444312 35874921
31312454 78294897
13092817 29579366
18485129 95535068
74625936 23439618
93883117 65759992
95357108 97197655
43415866 54568361
34862223 74047384
63559371 13060848
66250119 54920412
53148542 48355754
6329106 15065889
52203183 15073157
67744244 76076655
69373438 22614434
33313036 90870018
87501307 66265752
94170572 89806780
82119058 64786520
5015795 67988135
73321647 27022669
33820408 99888784
62707289 94112369
28897197 23862120
87643669 18311183
38456508 42978830
16245276 39103609
47108415 59886885
36668628 34037347
98142698 94673594
41879736 35178529
39102662 61030998
54008421 72487971
49999957 85004932
63027621 21954945
29656319 59806125
88804775 24240681
65124694 34650074
22419491 22067205
80186655 55007245
39063469 96826297
31234605 36549488
31363485 44435823
24335390 14943129
18114014 87443080
37394529 49979625
53532976 11477289
3294908 4640769
47207954 64619051
31331216 78786663
29922707 25347077
21867978 2894077
24867404 87333299
88956984 62856819
17263685 9737965
52245537 63725520
15017869 73104102
22128823 62088703
49151977 87020283
55407894 68328824
96714615 4580556
69679747 41923876
58546552 96477051
66426773 95264037
1438969 46121789
66999921 63500548
3806657 39061145
23174930 2779303
28375437 93102201
89870518 61733184
60499420 46912641
77688143 38881922
19898037 49667826
63618278 61402286
77071421 65253402
29964385 55122885
42509765 96897341
24231875 28935392
46622146 97991419
25400595 69556513
78194727 85856241
53192407 61917605
97308130 90585016
91592610 53251836
87557857 60624625
78368901 56763743
71899746 81380146
55284383 46840243
27680622 3717093
82212269 62707936
72134886 59379208
99611286 27458536
5692714 15776708
53590987 6098357
50876985 71017970
25620001 5857363
82912762 82188477
72381032 18352375
23284090 16191682
60788485 99252741
80502873 39227065
25352953 85663869
99771722 64732659
72187993 11615040
46896656 44862783
85977384 48309347
14679648 15903072
54871622 80653100
65460256 51757931
89336400 56817656
6275998 60304474
51776443 37665574
9518020 49510788
61646857 21646462
12676347 81036256
20936558 43953874
94246586 31799327
98203235 90988587
24510503 2456673
51659358 80612226
46156962 81363752
33546586 78573829
57032145 88872355
80722038 99401690
66595132 68626906
17288555 67131224
98887506 43343269
41801754 10676026
63614618 96002336
39624063 91421348
49601434 46952706
57984200 85273445
14987438 58360446
88180315 16472974
10884627 70963121
85396765 68730211
39067288 82217440
89006233 1474007
73428677 16853242
91019944 99999971
92974559 58848067
29866435 87416937
87809632 74591629
63072317 23775566
76476633 44103761
38201679 13907588
14817614 82551923
96100302 36759009
47733652 88354477
81480204 97158121
28364017 32998786
42975050 94656059
72395825 78944195
8266340 83198106
98894492 44056712
42356543 31454086
24800038 48219418
78870562 66562840
54086581 57275503
9560765 21447499
33320908 36641631
71775758 67131012
73178149 55631628
10574038 10906383
85206673 11563091
88048725 71037043
11191607 56824602
46213623 23398444
84899442 85397627
96668522 71762831
36246451 99770599
20323864 43039337
85911037 29814910
10059704 5440742
28390805 81799176
80402797 31100517
14194926 71229631
69570044 4331700
14649691 29864955
2580574 80536842
95341515 23572937
98420694 77306909
91145655 41405253
55402100 34163185
42145621 83521420
58589936 86506922
67702079 63301693
94624645 41417698
84829108 6176767
42661415 55681529
21655518 69965111
16618164 84115654
84863914 20493621
35744814 87098951
59965525 49630113
2546941 31542951
26628706 21975917
86460226 67333004
6530309 74411783
27426402 31111639
45886750 70911492
28868669 90303318
99986173 77220172
22203552 71145245
24936060 44628549
78911764 67142661
47240641 80912537
8608354 436943
90799907 98346948
2051337 64479521
80633402 56697793
31645365 32756187
78349580 75815306
35592596 71013879
57940397 69233632
53199261 17405941
3699727 102800
8909212 91626054
61704197 88601190
29342434 41694532
88621451 42869875
98815018 74791115
55691943 29747230
48757176 57941102
41681100 52842772
71737299 96265869
16486499 14589857
96176355 7632044
19103073 43389821
21117435 14094908
98029599 92850166
18282018 74634648
77239492 24446834
42038903 73475727
99378937 85678434
65533667 27265780
33095498 14634748
60084886 45083150
96947497 32663369
75641060 87217790
20967509 1049038
59918191 8313869
53084954 77171110
50660996 25973187
45785068 32584235
40256306 49845458
88226152 83817772
77086533 5102055
95070365 35479192
23038168 23672238
31348638 78103684
38855228 28050954
65551674 80186325
11365002 25773216
29741868 91903362
11115591 73966637
24043857 56874604
21042779 95613495
13273159 95670463
19986944 47557775
69518584 29626358
10519498 72002755
13081013 62102669
86320965 44616963
18372536 86718885
36617965 66427204
68328803 81598828
36104146 79318253
25380525 94376696
402564 42411325
42494955 15609352
52525276 13936757
78425288 82762862
78362011 49068651
72724623 94682774
29968099 76980539
79080735 485475
86904592 44885812
67237094 98226150
94055583 10767076
61688133 65964664
47585035 99303629
39351216 58024040
26692816 88805458
10870875 13788021
22289443 16141912
86049190 89859878
78174692 51651862
10712392 2069267
66913769 38415840
54005137 42566215
88128252 91080717
46252836 6602137
62924352 63484150
73499798 78633812
68140088 8908143
41125894 44466012
85133028 36437640
55876370 54066074
73257578 22090226
55437686 64979320
53240086 49670172
95255349 48779885
62970085 91166307
49030420 80113826
49240817 66049464
27751447 20691272
48446932 46744401
8966982 17990517
82406179 17777793
10338641 53307160
13116018 39284390
354140 86302300
37534324 62282727
9466536 53646179
44987955 22950630
10581317 6706142
24633125 80769756
96382689 33279998
66016945 67822437
1504037 85644784
19584321 37460055
93494739 3778297
97331 7262905
26475926 33645920
41848289 1741986
2786965 30687841
82298197 63378835
26319190 15330931
30907326 17818185
40795477 46522604
99230583 21409060
76710914 12927238
36861563 9895291
10426309 79783045
99383078 37342557
99606528 42220004
90080272 10847310
98247988 5558084
97201857 17675638
67282476 45833276
36146103 36877267
53457092 51017345
52144975 57481385
8067149 4346465
10619836 65974486
43102834 44078383
7974741 38817130
45951305 52567005
50527710 53447071
64333419 9892001
30445351 80992029
52726715 63048287
7070775 35890290
17138182 3847323
32363379 39486133
31033977 60922639
18837637 77367129
52350042 1822125
10487122 27419074
73765641 64218967
79673015 38604595
10540750 35400804
77562790 15723999
63178255 65172026
96245665 34523879
2153762 37338607
87983238 83348624
22975924 87540929
74870107 79766863
46279915 14627909
75963592 30857947
84035520 81715569
66472899 41122419
36474650 5952325
5896930 24424381
58230783 68255944
93569279 57150523
85734937 83693962
71519682 49556659
45884682 81290698
26354404 66829539
38196242 58505812
62562215 74861084
43310862 26658700
10364044 26295532
66814221 49749422
12402162 31734348
65157273 3597219
49661545 72620110
6085596 98378536
40126943 22882279
22420295 12761068
91381715 47502564
93618159 36098273
10436395 23145320
22466525 600023
77723747 99230267
26772924 57037636
20693782 30352207
97131008 8968642
76087029 61904104
86094485 22802950
33028815 89905116
11271258 69408925
24996620 9536013
35964335 44753709
35526640 11667293
31257581 6647323
60330441 53506423
43345854 84987185
20897933 89411571
87451083 2308249
73537668 88836454
13409238 57189985
9792388 93961350
17090834 12794470
87899505 44718393
87520477 97502219
6720826 32304586
83855647 33256179
53362813 60608646
77411522 13154341
32140249 47250122
79503867 46645236
28168262 43424760
81001093 56523524
29743530 48017529
39701916 27508858
90845375 92389433
50987254 68184649
63499585 11235307
34323053 99808518
81673630 64767579
24381491 57106875
74027214 83558382
69529667 20556930
61473971 88363393
29593712 75852682
2054968 74690494
15046342 14134047
96079719 68839352
81326812 40170709
86693181 57976250
96785485 86440941
10184281 80977100
86681450 19880837
8493537 13460110
94556469 95537748
41793175 91235994
58232430 55426782
75069060 32240616
26356221 54356049
76798923 29786758
31969309 74873747
78578415 96547770
34880114 97538946
32353541 9067360
78942744 47447847
61380487 78625196
93025824 10454780
63402680 21450630
94012740 67650525
53690548 85546616
83228119 24265181
688251 77696398
29789040 64287920
21624575 73924494
41472281 23780434
64961903 29316519
78780809 51086993
77737972 5675246
83344787 32448470
38115722 16115776
85737804 78974817
61357620 22564046
39751343 10537786
11915807 4559314
76088661 83238776
8741191 51836705
16170727 95360079
96383429 80922277
15330912 94810127
86335445 24457483
11849579 37382365
8383607 97116804
18292436 36355335
81718108 5913348
12353092 36771473
32228663 46770948
6269420 64140842
41440876 78274910
72520813 91942534
49180840 15477183
98197445 91011430
30148247 28001200
60663227 62731304
82403660 92331852
25444535 45908604
5511719 82537095
32686213 16250834
83348752 64664717
89543201 27833125
44609259 26541685
67970860 76447158
54859068 87127208
84051175 17104602
71566998 34133845
24786647 59925381
35972890 51845990
90727645 34688023
2443086 14674368
35721710 23058787
92195905 11632560
26254283 22561983
8708820 74720327
59258996 52253734
89683216 55903457
76728915 90274943
68183456 59966999
29572966 85838087
46306298 37890966
67561760 8938785
4461180 12479201
72448674 84236534
53766810 70716963
11221133 26795331
51329934 19427635
40867082 36157158
9237221 80217269
27603483 1029357
80818444 43991799
31927959 54340082
35430119 42597497
2154266 10386473
8049235 8223025
84504756 18094204
23054119 5328496
1557049 60027380
92027550 37275922
91491215 57499715
98643414 68015676
77304808 35420623
25886002 20819527
51594273 49868591
72505418 69662289
76875205 98120860
92762189 45088456
37324089 55466328
45745223 67430686
52772593 22207307
3921971 36179459
10573491 72654913
5085044 92666880
60968999 49353960
97709551 1673290
40876991 76516778
25364957 35653578
10871777 46312791
35599422 45978986
34084622 9068617
91981344 98427804
57219403 9483910
41792591 17300504
40465366 89359175
78336856 69322475
28680825 65214653
48739405 78027541
59836675 71518790
94083753 9867072
76986922 75966166
54382238 73159860
12540005 75139733
5626445 10706214
94778155 37760777
61769512 93895352
62462550 81263823
99194889 44054432
26141029 8431062
71634260 40127919
15671706 18926874
29845642 75152707
14921735 74497526
54815423 81434700
70793312 62658281
4569418 97535260
28181142 37804460
47786682 5871521
69766471 8175109
66385316 41067326
89375917 40772022
6263692 92333180
13396591 96517124
6631373 227099
5708692 30861376
16949582 55608061
70070142 11914965
16965261 76370375
61426449 29049680
73509348 89331458
35800968 77045034
89688158 51378242
65184263 6839168
41202691 98524861
35807202 96616732
31992464 61651424
45468260 9959465
76651826 24607041
97072263 21689268
41533860 3727387
11045602 46811307
78625687 48317378
80548236 26002936
58261156 48044819
61994166 76147844
20822043 21634404
93328762 77203010
39882065 10530631
12620958 51316119
13962693 38263576
61149556 86863346
2090441 97003444
28560425 13384527
36624088 93831190
99819375 34327712
82934586 77969802
11121624 21113204
98173252 83638740
69337767 57585402
42264671 50267273
34559978 99359988
90407061 98157908
70646432 48153994
41348492 51520592
31944356 43911659
2491588 2426823
2410065 16252451
68372037 16389392
14096745 44063323
60968804 65843268
49904177 57376277
14434004 67746102
54532025 53311917
14097705 13860805
52953847 7964260
92893847 78682339
34930640 77862339
63841503 46556976
17084080 25695783
34965658 74155425
71204004 34247069
40001575 92080652
49876022 22341721
61272197 16599711
86061235 60331492
27537953 76544375
41003981 92440936
8202059 74681154
63911374 55020652
30542363 60706627
67124730 71650730
21812974 59954445
89996018 27572364
24943305 13185415
7814750 60987468
61877715 94320363
67504234 36961709
64292339 15929697
10138974 25480882
79019292 97296022
8128486 31049466
65669828 1966793
77126931 68965222
4830930 30661469
47161262 96667732
38050477 44403503
16872131 3439806
33736581 43919250
85166268 1319816
90819257 84574826
5843243 66975743
84647139 78165383
52943945 7547696
98604393 78074969
47784625 35442177
3879216 94407520
80960932 3093547
79380564 70964631
9782532 40137528
66273429 23905331
81701597 23630820
32248119 26685357
39475121 86609821
75050770 96003118
55573569 12786029
9275896 71652812
81054810 28789710
32410151 97301410
57050706 38986494
25224399 90434590
79742784 14859523
9863743 48191965
41359654 78860593
52865463 63732084
60665310 87230916
32696597 6995504
8565954 17208846
3514719 50605663
26071870 83739308
28738618 63297367
31757849 88468887
15090703 19363360
18322086 66420266
81989264 63950728
27095899 21682747
42793021 85409030
9648501 10539432
81420474 57783342
43956834 27614382
39423121 39762688
87052901 35093384
22715745 24169017
26908594 92348650
18457289 86675577
61214799 13180118
27368857 25171998
76009783 71576114
9378853 36130382
85181314 98694926
52897858 51657864
7991865 49597205
65536930 10980354
26313401 1148969
37347457 72930923
77137029 93493715
25099523 82500225
45811972 18866354
69552902 8405527
63868976 62565311
20849882 45351687
1784895 89184909
26183360 13772215
91137383 89039761
12370530 51182552
4428751 97857735
26001253 40278079
73761513 83635377
53615987 71190844
89723399 90359984
72873348 87318573
48736017 9328507
14001695 38705346
73873506 77072263
16465011 43312466
56523821 51667647
86460862 54101422
50460713 88337569
24055133 96809988
4931986 70324274
30765214 85439647
42314679 14116648
85162085 52288438
6818712 72832240
48696542 77808079
87953753 25182330
56451018 21210971
43650293 90648580
35988781 14893016
36810471 49671538
86678694 69072507
39523408 79827995
11901419 63924873
46927905 54737172
19387591 2816143
32178710 26165615
98924323 75400027
55374125 13803971
16457296 63247514
59706813 36657115
8247797 83385971
58983375 39793595
10455124 29701279
60322652 48807940
74886466 92947404
65593775 77797802
78461535 5502885
66738192 9415360
18838098 15156781
6672728 69151482
65806589 20559925
62791678 21645575
22092170 24841121
72853477 36822188
29900078 44215928
33992201 44859555
43132467 37418823
74241088 18350799
85822963 46061222
58321556 18083780
26262156 45606183
82737030 24121851
14223586 57103580
39296001 76602815
80571909 88158980
67489088 13497506
20439683 23734768
24393934 75097113
17654784 38627274
96895904 66523464
4169462 35857323
74471903 9168223
29099172 11784056
68089006 18385572
12641062 73623261
4719292 9187539
79848114 32676670
37520841 37880125
64094512 58343581
11179151 52016785
33243022 48813088
60529642 55489248
90765884 78578974
58784954 17042244
87967947 56997895
25119999 96766624
35361941 78190737
21432535 30078970
94420451 17913498
88318304 61199612
27039236 36619565
13004523 33000930
98200574 59343076
98225170 83836327
84961841 79185248
51786581 68241360
90718990 67287277
51109719 98876511
16461237 92552246
88062545 60727940
31801427 68133071
79616342 82041240
10204277 26567981
2005984 58534279
13792359 17039839
90990678 80328321
12881989 18062587
59814641 3427276
41612119 82990138
42793028 7083347
76592408 36300210
80765863 59277762
8018606 45288941
1541432 34255412
84116693 45097284
53915219 76692029
36050910 80599364
37106657 9666455
38771009 37382458
42245647 72945950
77143579 23574838
32671696 98849789
76098146 89591322
80895702 5115327
15316526 15550256
30463160 68935227
67809634 51511738
73377483 95100073
2192113 84706103
65969528 28309089
50736915 80810308
48682499 52077141
6232127 48939154
24721045 17579508
208292 4180653
95373893 12927396
16223254 68782106
65228693 979091
22281308 92447728
83706593 36175070
33509630 58086886
24512551 6518265
7379379 73692584
62920599 84184108
37079935 32660279
81404674 17969432
56214964 11301435
51513137 88836886
46180091 38152230
2915690 7190098
96339219 14381268
25453097 67585163
65840469 63915149
44900289 5332942
66480872 81627323
23210767 61912877
18911742 78320413
84683386 22299923
67409235 67894406
44717868 51065351
71972880 27613120
69210554 40571078
56848018 27336936
8146531 71490494
88580427 13676265
34485374 2156595
42019654 21703121
88545745 79991032
34507018 16155162
23575591 28276318
39089307 88638789
49488863 27399117
85617148 1259699
83404971 4852096
29432938 3262577
25702062 88543729
11619994 37276313
57623325 65324596
2829236 64384447
70931341 76241921
89421126 44846236
22167431 98386816
71477564 37423055
76737522 8323645
20903298 6123762
7336511 71941308
9326164 95469880
99683469 76832880
18961951 39223193
97053356 68269592
36517859 81560960
800970 13530845
336694 66767905
15735749 18371798
94246501 79395208
64536052 69542532
51573256 66486509
57723546 16057454
10806805 34055784
3411203 50942896
57061522 51429100
70254042 81174530
64381181 2412771
37285847 35766194
17389538 88619707
36355661 45198328
61588642 80378510
62761181 27005708
77325789 92762575
27332768 31837248
23351284 52479668
80541251 19945454
43130117 37528759
53437989 19642577
8540368 50765030
93846765 68385297
67455882 22015060
9838061 18907564
14090460 35088120
69645449 54389645
21749593 20114899
2987133 81841911
64447104 58493094
63386606 37010809
94062975 59456132
37191190 60493472
13988758 49143269
22684622 68287365
58835188 29257333
94652497 28864833
14238740 32550002
20501606 33597877
75157668 886601
54201974 33834304
82783604 69476156
55659213 91097902
94848863 2059846
78850487 40751889
25641794 79525648
33750473 11183232
69043527 61488912
76153956 67187749
20978780 17874966
63781758 35920936
98528020 87315598
87032237 30428710
55224286 28061687
91494815 70878909
34593808 39992264
31007019 30091845
93550530 53905915
30280190 69721040
44419813 36973613
26949860 49399169
47757305 41074360
99047818 75329232
11908082 26905080
8723677 59287146
66757407 96522407
11019172 25147308
62612535 60563519
69086345 51628210
51138385 19850000
98943631 47894343
80053336 98838657
38919153 46985659
59648041 16728913
55324045 18566613
42458273 10350136
80425717 37968008
94435134 22145748
48291126 41371630
31049479 48582046
24997333 69800939
42895651 90865056
8756986 60903913
77095461 3396167
59912054 66045633
36460031 56574908
21460768 68215869
7055549 18628504
89578840 11773533
43642676 50749589
76499008 30332963
59607092 88506979
36471393 4062149
97659671 35807848
33230165 26257419
92683516 93805053
51682666 42171517
50654013 23377072
85821279 58858306
50250741 50688756
78225386 67724796
27586232 6834007
63316841 69949666
25573703 85502611
39068231 97829713
84930755 5038670
93520660 17636586
64897341 97502132
54788966 46957226
34334001 98891423
54720294 87179185
23422335 47266824
37430090 56331328
50605028 94451191
98451417 38764352
71292092 26554550
68781154 66595796
74513148 23243121
66779419 62192853
17709339 32033511
93656877 67456159
34503017 4104701
24630977 88568129
4988792 89915152
89986241 28532490
83093536 68256034
92825766 26606430
44296232 2518078
40276341 49985325
78881921 82492964
55148524 44666215
20265157 52035431
70086434 46842084
52105643 58823707
94147677 53222401
51113579 95186727
1421668 15138980
87287278 50104574
44691788 6922534
79083879 4475521
56145270 337804
63839078 18720765
60457749 1515079
94793827 79619019
63730683 10805807
692292 69705043
42182405 43844734
25142725 53768665
47168260 12611903
61525548 41025106
98407038 11717591
6274640 83518198
66583804 39831683
40939032 95635304
54551876 35864850
97364610 20268407
42621968 59441120
28436114 72503340
55477741 92072207
19758073 46758721
28215073 86542260
82526448 16352221
53256841 94315491
86323191 31271729
79258879 69305801
42388800 91463615
85935940 93677727
51054073 25497231
36103259 54669564
17361145 6514985
14511243 91887068
95035251 4752562
54014905 86184659
2028377 88081227
62417639 96010103
14772147 40162605
73905074 40767364
25846332 89943382
63231841 2528596
72051623 20531159
53678153 50972933
11432835 26099637
45756795 14827309
40599722 9281827
70064355 52123316
14289736 22063549
85357630 33014972
84762844 12123403
75791561 28601191
54433211 76514436
40111962 18828604
69488471 89112897
75726011 63253010
74897098 23638313
25685782 76822742
98707766 70445153
97922110 9817593
92303763 43205124
60713478 38800215
75635167 42964284
47774374 55208655
11457458 54728894
5784198 24754300
56195738 13863705
7326415 50172116
91682674 1553987
39848905 51277723
76399466 13303389
74632073 92682327
95821532 79787729
71089261 99637007
7095285 76027389
34531125 2556880
17811513 45589545
79743155 69420839
76431909 77633201
32817690 26286453
82895385 90373047
5249463 84676935
8666203 43587045
4273724 96790049
22467010 31815703
26791265 71577458
26865688 19941324
9147358 63918397
307144 31933049
39043738 30876892
97087580 51054724
51597034 85527427
53970106 83870065
67388970 17285080
50356612 35928376
66363087 25173763
54012440 40497907
70814102 92023288
17538227 27355540
92556006 43063364
61650738 98902173
34876909 26412279
83779480 97377168
77042809 62114756
79048750 84141549
89242158 71337540
69151596 66415427
5979255 70750997
4965612 97566331
84207555 79199790
67330574 26475536
60399045 96641957
68438719 65645430
27047289 61330955
67714719 30707277
17904087 68629416
15067120 36685153
86642983 71021710
76140066 27339607
43010530 2338398
19504762 65620161
38794388 64524750
29795716 75336252
27330667 49031964
38073758 39122860
50847620 21557318
88355522 86375947
49377807 38370537
12707188 61079572
27203583 69823228
67884693 43458104
95108742 19301204
47777667 92807575
80727227 30836297
35071458 2595294
33978005 77758528
79780498 88883824
63304894 15142333
72787833 37270270
93263685 17363319
80414339 50077182
34781013 14597851
97040255 8085188
92957565 94862283
85234209 97361567
15755494 72027685
42926666 45479689
87253797 11414103
7246270 17588237
89116791 8139885
69785536 32144962
15424231 94757330
75501516 92208461
79172556 27920724
34505413 73520375
70067001 18683977
4359763 78393432
6464938 3541079
53858997 70883020
21378185 42400982
88211261 79751087
16390044 5560105
32962680 70039783
93820980 63916450
72555245 9406194
65498418 60930094
86679164 52798274
11564272 48384966
43923634 33021777
96320692 35320662
13571459 39728964
96634672 1809962
1545203 54527003
82124990 85453218
38010721 11632970
961915 91242621
42031410 34092788
56491537 98651560
48927713 24065722
93022266 21543908
20231160 43257587
17278810 77692796
89099787 6873299
63930894 53330106
22345249 14489945
37432648 21653158
98913031 98839825
28982708 96326974
93114957 57595806
89304405 80988366
20272566 54101849
78573973 68571786
82812469 7051894
18377924 26078272
33480591 45026202
73503247 97682548
52709414 66024209
37526628 24752027
36190155 17513750
81856315 28073490
18264494 40762682
14629357 63107537
30258146 67502941
98585045 341206
72732703 17219711
23448840 30288494
66637853 30562062
83018339 649149
90779538 20089791
73136667 92970371
9015377 13361073
72752400 65284944
46911635 57469901
18465310 11454133
